  0.1581E-10  0.7454E-10  0.1571E-15
  0.3972E-10  0.1872E-09  0.7689E-15
  0.9976E-10  0.4702E-09  0.3641E-14
  0.2506E-09  0.1181E-08  0.1666E-13
  0.6294E-09  0.2968E-08  0.7332E-13
  0.1581E-08  0.7454E-08  0.3085E-12
  0.3972E-08  0.1873E-07  0.1237E-11
  0.5000E-08  0.2358E-07  0.1663E-11
  0.9976E-08  0.4705E-07  0.4539E-11
  0.1990E-07  0.9387E-07  0.1212E-10
  0.3972E-07  0.1873E-06  0.3182E-10
  0.7924E-07  0.3738E-06  0.8236E-10
  0.1581E-06  0.7459E-06  0.2112E-09
  0.1990E-06  0.9392E-06  0.2764E-09
  0.3155E-06  0.1489E-05  0.5152E-09
  0.5000E-06  0.2360E-05  0.9581E-09
  0.6294E-06  0.2971E-05  0.1306E-08
  0.7924E-06  0.3741E-05  0.1593E-08
  0.9976E-06  0.4710E-05  0.2170E-08
  0.1581E-05  0.7465E-05  0.4023E-08
  0.2506E-05  0.1184E-04  0.7452E-08
  0.3972E-05  0.1877E-04  0.1380E-07
  0.5000E-05  0.2363E-04  0.1791E-07
  0.6294E-05  0.2973E-04  0.2436E-07
  0.7924E-05  0.3747E-04  0.3315E-07
  0.9976E-05  0.4716E-04  0.4507E-07
  0.1256E-04  0.5941E-04  0.6130E-07
  0.1581E-04  0.7479E-04  0.8002E-07
  0.1990E-04  0.9418E-04  0.1077E-06
  0.2506E-04  0.1186E-03  0.1464E-06
  0.3155E-04  0.1494E-03  0.1882E-06
  0.3972E-04  0.1881E-03  0.2559E-06
  0.5000E-04  0.2369E-03  0.3479E-06
  0.6294E-04  0.2982E-03  0.4729E-06
  0.7924E-04  0.3758E-03  0.6430E-06
  0.9976E-04  0.4730E-03  0.8214E-06
  0.1105E-03  0.5242E-03  0.9147E-06
  0.1256E-03  0.5958E-03  0.1041E-05
  0.1581E-03  0.7505E-03  0.1415E-05
  0.1990E-03  0.9452E-03  0.1840E-05
  0.2506E-03  0.1191E-02  0.2384E-05
  0.2572E-03  0.1222E-02  0.2469E-05
  3.00000014E-04   1.4259999025773406E-003   2.5299998001293060E-006
   3.99999990E-04   1.9029998712601971E-003   2.8899998777889927E-006
   5.00000024E-04   2.3790000204849632E-003   3.2400001089757357E-006
   6.00000028E-04   2.8550001697097292E-003   3.5999998916547005E-006
   6.99999975E-04   3.3319998363323263E-003   4.0000002401483272E-006
   7.99999980E-04   3.8090001070754421E-003   4.3600000228272920E-006
   8.99999985E-04   4.2849999542399486E-003   4.7599997813594750E-006
   1.00000005E-03   4.7619999229228053E-003   5.1699996813453231E-006
   1.50000001E-03   7.1460002489392559E-003   7.4500000748630977E-006
   2.00000009E-03   9.5310003944137963E-003   9.9800001699731268E-006
   2.49999994E-03   1.1915999331647300E-002   1.2720000580783633E-005
   3.00000003E-03   1.4303000324279058E-002   1.5709999513263505E-005
   3.50000011E-03   1.6688999685091171E-002   1.8799999270318588E-005
   4.00000019E-03   1.9076000677722929E-002   2.2039999084313605E-005
   4.49999981E-03   2.1464000885692256E-002   2.5440001161567265E-005
   4.99999989E-03   2.3851999885420552E-002   2.8989999755992195E-005
   5.49999997E-03   2.6240001301630917E-002   3.2639999174992334E-005
   6.00000005E-03   2.8628998308455743E-002   3.6389999418567687E-005
   6.50000013E-03   3.1016999724666112E-002   4.0240000486718251E-005
   7.00000022E-03   3.3406999571551618E-002   4.4290000844173463E-005
   7.49999983E-03   3.5795998994858517E-002   4.8399997920620557E-005
   8.00000038E-03   3.8185998841744027E-002   5.2700000339513797E-005
   8.50000046E-03   4.0576001105111614E-002   5.7059999477398926E-005
   8.99999961E-03   4.2965998535515047E-002   6.1569999852146870E-005
   9.49999969E-03   4.5357001222461245E-002   6.6179996331778478E-005
   9.99999978E-03   4.7747999076443289E-002   7.0949999794360272E-005
   1.20000001E-02   5.7313000581878368E-002   9.1620002213037283E-005
   1.40000004E-02   6.6882999372242347E-002   1.1488999775252050E-004
   1.60000008E-02   7.6454999009763533E-002   1.4067999708040945E-004
   1.79999992E-02   8.6032000765177780E-002   1.6967000391593896E-004
   1.99999996E-02   9.5611003367749234E-002   2.0174999280968026E-004
   2.19999999E-02  0.10519399799870682        2.3687001054626121E-004
   2.40000002E-02  0.11478099432397884        2.7537999393601338E-004
   2.60000005E-02  0.12437000116233639        3.1723999550965201E-004
   2.80000009E-02  0.13396300002908007        3.6218999802026865E-004
   2.99999993E-02  0.14356000059013818        4.1054002856644243E-004
   3.20000015E-02  0.15315900199835350        4.6202000751887896E-004
   3.40000018E-02  0.16276199543495498        5.1660003091191320E-004
   3.59999985E-02  0.17236799497525640        5.7416999778105160E-004
   3.79999988E-02  0.18197799620987229        6.3438000907349503E-004
   3.99999991E-02  0.19159099388225984        6.9757003361102011E-004
   4.19999994E-02  0.20120698799241907        7.6345005578722222E-004
   4.39999998E-02  0.21082599787220657        8.3187002716832311E-004
   4.60000001E-02  0.22044798485790917        9.0271002983140398E-004
   4.80000004E-02  0.23007399286978278        9.7589001780776555E-004
   5.00000007E-02  0.23970301665128466        1.0513999475937881E-003
   5.20000011E-02  0.24933399295030229        1.1289900908701435E-003
   5.40000014E-02  0.25896899027549092        1.2087600520073168E-003
   5.60000017E-02  0.26860700337030785        1.2905500411281691E-003
   5.79999983E-02  0.27824700764635368        1.3745199236249043E-003
   5.99999987E-02  0.28789101361671393        1.4601700163136713E-003
   6.19999990E-02  0.29753699143644657        1.5480401008777353E-003
   6.40000030E-02  0.30718700961420675        1.6334799596260702E-003
   6.59999996E-02  0.31683899964133933        1.7254100361346022E-003
   6.80000037E-02  0.32649398610624353        1.8190598927291270E-003
   7.00000003E-02  0.33615102174794648        1.9148400293019538E-003
   7.19999969E-02  0.34581200108839405        2.0122899549878692E-003
   7.40000010E-02  0.35547499094192714        2.1117200367032434E-003
   7.59999976E-02  0.36514099656508853        2.2012200384261757E-003
   7.80000016E-02  0.37480901270133538        2.3074399816789149E-003
   7.99999982E-02  0.38448000594349735        2.4154299980508106E-003
   8.20000023E-02  0.39415401495528757        2.5240300251162450E-003

5.0000000000000003E-002  0.23877093456031673  5.8787716042502808E-004
5.1899999999999995E-002  0.24786802779364589  6.7087013299741707E-004
5.3800000000000001E-002  0.25696827586056775  7.6071313505065110E-004
5.5700000000000006E-002  0.26607181141064223  8.5755228810996214E-004
5.7599999999999998E-002  0.27517876298182115  9.6152391604312768E-004
5.9499999999999997E-002  0.28428925487562967  1.0727553176656101E-003
6.1400000000000003E-002  0.29340340738042464  1.1913654822401497E-003
6.3300000000000009E-002  0.30252133695998462  1.3174657744196882E-003
6.5200000000000008E-002  0.31164315626227135  1.4511605938930599E-003
6.7099999999999993E-002  0.32076897432783985  1.5925479931245567E-003
6.9000000000000006E-002  0.32989889671055123  1.7417202685343575E-003
7.0900000000000005E-002  0.33903302561339405  1.8987645211834049E-003
7.2799999999999990E-002  0.34817146000477345  2.0637631893174807E-003
7.4700000000000003E-002  0.35731429584292629  2.2367945525417049E-003
7.6600000000000001E-002  0.36646162608363536  2.4179332125852764E-003
7.8500000000000000E-002  0.37561354089447191  2.6072505467458046E-003
8.0400000000000013E-002  0.38477012776694142  2.8048151390293089E-003
8.2300000000000012E-002  0.39393147164499764  3.0106931884691566E-003
8.4199999999999997E-002  0.40309765505110123  3.2249488959657465E-003
8.6099999999999996E-002  0.41226875820887526  3.4476448306428385E-003
8.7999999999999995E-002  0.42144485916382435  3.6788422767584060E-003
8.9899999999999994E-002  0.43062603389986803  3.9186015620085056E-003
9.1800000000000007E-002  0.43981235645329669  4.1669823681196429E-003
9.3700000000000006E-002  0.44900389902396859  4.4240440248327559E-003
9.5600000000000004E-002  0.45820073206290451  4.6898457875094932E-003
9.7500000000000017E-002  0.46740292445230031  4.9644471007351853E-003
9.9400000000000002E-002  0.47661054349541715  5.2479078455834197E-003
0.10130000000000000  0.48582365508766623  5.5402885751051857E-003
0.10320000000000000  0.49504232379358259  5.8416507359773107E-003
0.10510000000000000  0.50426661293890029  6.1520568781552208E-003
0.10700000000000000  0.51349658469938064  6.4715708528891146E-003
0.10890000000000001  0.52273230018704098  6.8002579998155885E-003
0.11080000000000001  0.53197381953339828  7.1381853237323708E-003
0.11270000000000001  0.54122120196983659  7.4854216615568916E-003
0.11460000000000002  0.55047450590560820  7.8420378400936956E-003
0.11649999999999999  0.55973378900283355  8.2081068251425807E-003
0.11840000000000001  0.56899910824933375  8.5837038623420344E-003
0.12030000000000000  0.57827052002864077  8.9689066103882057E-003
0.12220000000000000  0.58754808018795324  9.3637952669445215E-003
0.12410000000000000  0.59683184410345336  9.7684526877353430E-003
0.12600000000000000  0.60612186674379631  1.0182964499256425E-002
0.12790000000000001  0.61541820273103398  1.0607419205403871E-002
0.12980000000000003  0.62472090639958122  1.1041908288503656E-002
0.13169999999999998  0.63403002297953681  1.1483953899636469E-002
0.13360000000000000  0.64334552906819442  1.1930113207829121E-002
0.13550000000000001  0.65266741630232261  1.2383302698233678E-002
0.13739999999999999  0.66199570054764734  1.2844416081990245E-002
0.13930000000000001  0.67133040640739672  1.3313961120275920E-002
0.14120000000000002  0.68067156363265746  1.3792301873278730E-002
0.14310000000000000  0.69001920554456742  1.4279731112603755E-002
0.14500000000000002  0.69937336817427054  1.4776501052238227E-002
0.14690000000000000  0.70873408973707475  1.5282838965900256E-002
0.14879999999999999  0.71810141028804308  1.5798956085501130E-002
0.15070000000000000  0.72747537148390495  1.6325053095256201E-002
0.15260000000000001  0.73685601641400134  1.6861323733966340E-002
0.15450000000000000  0.74624338947641922  1.7407957270253398E-002
0.15640000000000001  0.75563753628645813  1.7965140269336554E-002
0.15830000000000002  0.76503850360764514  1.8533057894440503E-002
0.16020000000000001  0.77444633929980544  1.9111894891418527E-002
0.16210000000000002  0.78386109227981027  1.9701836351169476E-002
0.16400000000000001  0.79328281249249044  2.0303068312093379E-002
0.16589999999999999  0.80271155088846824  2.0915778244805370E-002
0.16780000000000000  0.81214735940869853  2.1540155448445199E-002
0.16970000000000002  0.82159029097351799  2.2176391379565105E-002
0.17160000000000000  0.83104039947545838  2.2824679928522024E-002
0.17350000000000002  0.84049773977544895  2.3485217654695183E-002
0.17540000000000003  0.84996236770145017  2.4158203988798060E-002
0.17730000000000001  0.85943434004916908  2.4843841408563803E-002
0.17920000000000003  0.86891371458450906  2.5542335592640065E-002
0.18110000000000001  0.87840055004767326  2.6253895556432524E-002
0.18300000000000000  0.88789490615801425  2.6978733772880722E-002
0.18490000000000001  0.89739684362029282  2.7717066280273608E-002
0.18680000000000002  0.90690642413158551  2.8469112779098697E-002
0.18870000000000001  0.91642371038853698  2.9235096719130806E-002
0.19060000000000002  0.92594876609588606  3.0015245378166945E-002
0.19250000000000003  0.93548165597459476  3.0809789932953299E-002
0.19439999999999999  0.94502244577081462  3.1618965523277143E-002
0.19630000000000000  0.95457120226497261  3.2443011309613475E-002
0.19820000000000002  0.96412799327208298  3.3282170524698070E-002
0.20010000000000000  0.97369288768713491  3.4136690520021336E-002
0.20200000000000001  0.98326595544042417  3.5006822805667651E-002
0.20390000000000003  0.99284726754305697  3.5892823086071106E-002
0.20580000000000001  1.0024368960874281  3.6794951289992925E-002
0.20770000000000002  1.0120349142563978  3.7713471595456856E-002
0.20960000000000004  1.0216413963326054  3.8648652449527532E-002
0.21149999999999999  1.0312564177073884  3.9600766582920659E-002
0.21340000000000001  1.0408800548895607  4.0570091019327542E-002
0.21529999999999999  1.0505123855140444  4.1556907079426511E-002
0.21720000000000000  1.0601534883500461  4.2561500379376262E-002
0.21909999999999999  1.0698034433089960  4.3584160823721185E-002
0.22100000000000003  1.0794623314521230  4.4625182592522947E-002
0.22289999999999999  1.0891302349976482  4.5684864122542662E-002
0.22479999999999997  1.0988072373275111  4.6763508082286791E-002
0.22670000000000001  1.1084934229936620  4.7861421340777255E-002
0.22860000000000000  1.1181888777237925  4.8978914929740713E-002
0.23050000000000001  1.1278936884266797  5.0116303999131737E-002
0.23240000000000000  1.1376079431968178  5.1273907765696174E-002
0.23430000000000001  1.1473317313184470  5.2452049454394592E-002
0.23619999999999999  1.1570651432690855  5.3651056232494221E-002
0.23810000000000003  1.1668082707222753  5.4871259136092143E-002
0.23999999999999999  1.1765612065495969  5.6112992988898519E-002
0.24189999999999998  1.1863240448220800  5.7376596313037091E-002
0.24380000000000002  1.1960968808106729  5.8662411231773674E-002
0.24570000000000000  1.2058798109860318  5.9970783363859387E-002
0.24760000000000001  1.2156729330174263  6.1302061709446652E-002
0.24950000000000000  1.2254763457707338  6.2656598527367088E-002
0.25140000000000001  1.2352901493055573  6.4034749203630045E-002
0.25330000000000003  1.2451144448714171  6.5436872111089936E-002
0.25519999999999998  1.2549493349029284  6.6863328460071550E-002
0.25710000000000000  1.2647949230139834  6.8314482140014024E-002
0.25900000000000001  1.2746513139909588  6.9790699551972063E-002
0.26090000000000002  1.2845186137847246  7.1292349431989435E-002
0.26279999999999998  1.2943969295017024  7.2819802665378519E-002
0.26469999999999999  1.3042863693937199  7.4373432091836569E-002
0.26660000000000000  1.3141870428467552  7.5953612301586981E-002
0.26849999999999996  1.3240990603684755  7.7560719422521684E-002
0.27040000000000003  1.3340225335746370  7.9195130898516181E-002
0.27229999999999999  1.3439575751742270  8.0857225259101995E-002
0.27420000000000000  1.3539042989593555  8.2547381880874265E-002
0.27610000000000001  1.3638628197639509  8.4265980739349891E-002
0.27799999999999997  1.3738332534813871  8.6013402155477703E-002
0.27989999999999998  1.3838157170204799  8.7790026531781584E-002
0.28179999999999999  1.3938103282902450  8.9596234082556389E-002
0.28370000000000001  1.4038172061777188  9.1432404556695906E-002
0.28559999999999997  1.4138364705241033  9.3298916954093314E-002
0.28750000000000003  1.4238682420999282  9.5196149235852873E-002
0.28939999999999999  1.4339126425787128  9.7124478028893554E-002
0.29130000000000000  1.4439697945094458  9.9084278325527853E-002
0.29320000000000002  1.4540398212878531  0.10107592317837384
0.29509999999999997  1.4641228471262908  0.10309978339148851
0.29699999999999999  1.4742189970224719  0.10515622720808723
0.29890000000000000  1.4843283967269727  0.10724561999560353
0.30080000000000001  1.4944511727096199  0.10936832392884333
0.30269999999999997  1.5045874521245295  0.11152469767182523
0.30460000000000004  1.5147373627742318  0.11371509605909598
0.30649999999999999  1.5249010330725050  0.11593986977726382
0.30840000000000001  1.5350785920062238  0.11819936504755253
0.31030000000000002  1.5452701690962924  0.12049392331010715
0.31219999999999998  1.5554758943574896  0.12282388091084555
0.31409999999999999  1.5656958982572828  0.12518956879169210
0.31600000000000000  1.5759303116740622  0.12759131218500552
0.31790000000000002  1.5861792658542830  0.13002943031292971
0.31979999999999997  1.5964428923689555  0.13250423609249656
0.32170000000000004  1.6067213230694217  0.13501603584735145
0.32360000000000000  1.6170146900424853  0.13756512902670806
0.32549999999999996  1.6273231255649605  0.14015180793243806
0.32740000000000002  1.6376467620576947  0.14277635745496453
0.32929999999999998  1.6479857320391511  0.14543905481863556
0.33119999999999999  1.6583401680786731  0.14814016933736840
0.33310000000000001  1.6687102027493208  0.15087996218107105
0.33500000000000002  1.6790959685855977  0.15365868615443026
0.33689999999999998  1.6894975980155313  0.15647658548340340
0.33879999999999999  1.6999152233445449  0.15933389562301689
0.34070000000000000  1.7103489766863276  0.16223084306938187
0.34259999999999996  1.7207989899210234  0.16516764518967778
0.34450000000000003  1.7312653946478225  0.16814451006516551
0.34639999999999999  1.7417483221376839  0.17116163634832207
0.34830000000000000  1.7522479032866218  0.17421921313462108
0.35020000000000001  1.7627642685691487  0.17731741984898916
0.35210000000000002  1.7732975479922641  0.18045642614723917
0.35399999999999998  1.7838478710498815  0.18363639183256131
0.35589999999999999  1.7944153666778702  0.18685746678713544
0.35780000000000001  1.8050001632096884  0.19011979091892328
0.35969999999999996  1.8156023883327601  0.19342349412357371
0.36160000000000003  1.8262221690455434  0.19676869626135082
0.36349999999999999  1.8368596316208445  0.20015550715041217
0.36540000000000000  1.8475149015426544  0.20358402656747393
0.36730000000000002  1.8581881034998522  0.20705434427783018
0.36920000000000003  1.8688793613237655  0.21056654006445916
0.37109999999999999  1.8795887979557198  0.21412068377860990
0.37300000000000000  1.8903165354098990  0.21771683540234282
0.37490000000000001  1.9010626947372891  0.22135504512422474
0.37679999999999997  1.9118273959908632  0.22503535342762218
0.37870000000000004  1.9226107581917720  0.22875779119119199
0.38059999999999999  1.9334128992968840  0.23252237980105264
0.38250000000000001  1.9442339361675036  0.23632913127411417
0.38440000000000002  1.9550739845393921  0.24017804839201218
0.38629999999999998  1.9659331589993165  0.24406912484700405
0.38819999999999999  1.9768115729354625  0.24800234538736388
0.39010000000000000  1.9877093385462639  0.25197768599220266
0.39200000000000002  1.9986265667912402  0.25599511403332204
0.39389999999999997  2.0095633673738504  0.26005458845559959
0.39580000000000004  2.0205198487194269  0.26415605996219071
0.39770000000000000  2.0314961179544255  0.26829947120611963
0.39959999999999996  2.0424922808869792  0.27248475698764879
0.40150000000000002  2.0535084419887593  0.27671184445681435
0.40339999999999998  2.0645447043781879  0.28098065332054556
0.40529999999999999  2.0756011698104153  0.28529109605626091
0.40720000000000001  2.0866779386399741  0.28964307811579215
0.40910000000000002  2.0977751098446520  0.29403649815930349
0.41099999999999998  2.1088927809877607  0.29847124826320459
0.41290000000000004  2.1200310482146700  0.30294721414449255
0.41480000000000000  2.1311900062435334  0.30746427538325066
0.41669999999999996  2.1423697483573707  0.31202230564584410
0.41860000000000003  2.1535703663971373  0.31662117290833269
0.42049999999999998  2.1647919507560967  0.32126073967969282
0.42240000000000005  2.1760345903807572  0.32594086322748922
0.42430000000000007  2.1872983727436339  0.33066139578592718
0.42620000000000002  2.1985833838787432  0.33542218479697306
0.42809999999999998  2.2098897083531868  0.34022307311361949
0.43000000000000005  2.2212174292738944  0.34506389921967784
0.43190000000000006  2.2325666282882368  0.34994449744325756
0.43380000000000002  2.2439373855853804  0.35486469816733895
0.43570000000000003  2.2553297798986929  0.35982432803733200
0.43759999999999999  2.2667438885089375  0.36482321016525959
0.43950000000000006  2.2781797872532685  0.36986116433401894
0.44140000000000007  2.2896375505090503  0.37493800717908993
0.44330000000000003  2.3011172512327231  0.38005355240523031
0.44519999999999998  2.3126189609426238  0.38520761095866302
0.44710000000000000  2.3241427497322400  0.39039999121593932
0.44900000000000007  2.3356886862777855  0.39563049916404525
0.45090000000000002  2.3472568378465328  0.40089893857601766
0.45280000000000004  2.3588472703056427  0.40620511118199837
0.45469999999999999  2.3704600481316755  0.41154881683556832
0.45660000000000006  2.3820952344204600  0.41692985367535645
0.45850000000000007  2.3937528908975798  0.42234801828193902
0.46040000000000003  2.4054330779331243  0.42780310583397912
0.46229999999999999  2.4171358545370381  0.43329491023847300
0.46420000000000000  2.4288612783961816  0.43882322429970128
0.46610000000000007  2.4406094058685968  0.44438783983846408
0.46800000000000003  2.4523802920008486  0.44998854782971409
0.46990000000000004  2.4641739905408744  0.45562513853071840
0.47180000000000011  2.4759905539509570  0.46129740160429428
0.47370000000000007  2.4878300334213086  0.46700512623769969
0.47560000000000008  2.4996924788835839  0.47274810125655747
0.47750000000000004  2.5115779390249071  0.47852611523454119
0.47939999999999999  2.5234864613019097  0.48433895659840409
0.48130000000000006  2.5354180919549618  0.49018641372862243
0.48320000000000007  2.5473728760227203  0.49606827505580148
0.48510000000000003  2.5593508573583854  0.50198432915804658
0.48700000000000004  2.5713520786369655  0.50793436482715415
0.48890000000000011  2.5833765813820770  0.51391817118611771
0.49080000000000007  2.5954244059723273  0.51993553774602419
0.49270000000000008  2.6074955916584721  0.52598625448805414
0.49460000000000004  2.6195901765786047  0.53207011193583509
0.49650000000000000  2.6317081977731651  0.53818690122402524
0.49840000000000007  2.6438496911999239  0.54433641416344503
0.50030000000000008  2.6560146917492995  0.55051844330271149
0.50220000000000009  2.6682032332592698  0.55673278198643839
0.50409999999999999  2.6804153485305968  0.56297922441035342
0.50600000000000001  2.6926510693418040  0.56925756567308095
0.50790000000000013  2.7049104264642461  0.57556760182498323
0.50980000000000003  2.7171934496770556  0.58190912991408483
0.51170000000000004  2.7295001677820800  0.58828194802899425
0.51360000000000006  2.7418306086187441  0.59468585533926299
0.51550000000000007  2.7541847990787907  0.60112065213301891
0.51740000000000008  2.7665627651210154  0.60758613985203624
0.51930000000000009  2.7789645317858835  0.61408212112437144
0.52120000000000000  2.7913901232040068  0.62060839980072458
0.52310000000000001  2.8038395626342569  0.62716478095765382
0.52500000000000013  2.8163128724426660  0.63375107096134575
0.52690000000000003  2.8288100741401108  0.64036707746555555
0.52880000000000005  2.8413311883904506  0.64701260943995798
0.53070000000000006  2.8538762350244693  0.65368747718996123
0.53260000000000007  2.8664452330536911  0.66039149237465533
0.53450000000000009  2.8790382006839281  0.66712446802313385
0.53640000000000010  2.8916551553290897  0.67388621854911468
0.53830000000000000  2.9042961136239236  0.68067655976361652
0.54020000000000001  2.9169610914379778  0.68749530888672339
0.54210000000000014  2.9296501038881781  0.69434228455743019
0.54400000000000004  2.9423631653518503  0.70121730684219086
0.54590000000000005  2.9551002894795495  0.70812019724219477
0.54780000000000006  2.9678614892077082  0.71505077869951550
0.54970000000000008  2.9806467767708478  0.72200887560173099
0.55160000000000009  2.9934561637142338  0.72899431378575608
0.55350000000000010  3.0062896609056655  0.73600692054037220
0.55540000000000000  3.0191472785477727  0.74304652460790777
0.55730000000000002  3.0320290261894982  0.75011295618470586
0.55920000000000014  3.0449349127380638  0.75720604692101445
0.56110000000000004  3.0578649464701582  0.76432562991968822
0.56300000000000006  3.0708191350435992  0.77147153973433924
0.56490000000000007  3.0837974855082955  0.77864361236650892
0.56680000000000008  3.0968000043172017  0.78584168526223330
0.56870000000000009  3.1098266973373128  0.79306559730789516
0.57060000000000011  3.1228775698603610  0.80031518882548003
0.57250000000000001  3.1359526266132765  0.80759030156717149
0.57440000000000002  3.1490518717684637  0.81489077870929960
0.57630000000000015  3.1621753089542213  0.82221646484603605
0.57820000000000005  3.1753229412646782  0.82956720598227685
0.58010000000000006  3.1884947712304372  0.83694284953084785
0.58200000000000007  3.2016908009856273  0.84434324428602492
0.58389999999999997  3.2149110320411127  0.85176824044358412
0.58580000000000010  3.2281554654518079  0.85921768957304823
0.58770000000000011  3.2414241017865262  0.86669144461359360
0.58960000000000001  3.2547169411369010  0.87418935986450719
0.59150000000000003  3.2680339831265397  0.88171129097595669
0.59340000000000015  3.2813752269196228  0.88925709493882332
0.59530000000000005  3.2947406712302696  0.89682663007492558
0.59720000000000006  3.3081303143299330  0.90441975602616353
0.59910000000000008  3.3215441540570971  0.91203633374468085
0.60099999999999998  3.3349821878247159  0.91967622548161354
0.60290000000000010  3.3484444126284503  0.92733929477634436
0.60480000000000012  3.3619308250548867  0.93502540644561349
0.60670000000000002  3.3754414212891555  0.94273442657204554
0.60860000000000003  3.3889761971230237  0.95046622249327173
0.61050000000000015  3.4025351479619563  0.95822066279021090
0.61240000000000006  3.4161182688329781  0.96599761727574784
0.61430000000000007  3.4297255543920433  0.97379695698324986
0.61620000000000008  3.4433569989307773  0.98161855415475474
0.61809999999999998  3.4570125963842719  0.98946228222950972
0.62000000000000011  3.4706923403370982  0.99732801583214969
0.62190000000000012  3.4843962240311064  1.0052156307610016
0.62380000000000002  3.4981242403717134  1.0131250039765118
0.62570000000000003  3.5118763819340790  1.0210560135891036
0.62760000000000005  3.5256526409706264  1.0290085388480394
0.62950000000000006  3.5394530094163454  1.0369824601290671
0.63140000000000007  3.5532774788957036  1.0449776589229953
0.63330000000000009  3.5671260407285272  1.0529940178240671
0.63519999999999999  3.5809986859361365  1.0610314205181226
0.63710000000000011  3.5948954052472604  1.0690897517710898
0.63900000000000012  3.6088161891036554  1.0771688974172615
0.64090000000000003  3.6227610276663311  1.0852687443480318
0.64280000000000004  3.6367299108206734  1.0933891805001239
0.64470000000000005  3.6507228281821238  1.1015300948443567
0.64660000000000006  3.6647397691015660  1.1096913773741133
0.64850000000000008  3.6787807226710023  1.1178729190944847
0.65040000000000009  3.6928456777281662  1.1260746120104188
0.65229999999999999  3.7069346228619269  1.1342963491160352
0.65420000000000011  3.7210475464175961  1.1425380243835350
0.65610000000000013  3.7351844365016764  1.1507995327521081
0.65800000000000003  3.7493452809864829  1.1590807701170009
0.65990000000000004  3.7635300675152799  1.1673816333189786
0.66180000000000005  3.7777387835066389  1.1757020201331467
0.66370000000000007  3.7919714161595777  1.1840418292589772
0.66560000000000008  3.8062279524572924  1.1924009603091388
0.66750000000000009  3.8205083791723302  1.2007793137995386
0.66940000000000000  3.8348126828706195  1.2091767911387745
0.67130000000000012  3.8491408499157269  1.2175932946179779
0.67320000000000013  3.8634928664729928  1.2260287274005524
0.67510000000000003  3.8778687185139393  1.2344829935123875
0.67700000000000005  3.8922683918201462  1.2429559978317195
0.67890000000000006  3.9066918719871562  1.2514476460794248
0.68080000000000007  3.9211391444287838  1.2599578448093969
0.68270000000000008  3.9356101943799229  1.2684865013983677
0.68460000000000010  3.9501050069018717  1.2770335240374298
0.68650000000000000  3.9646235668845629  1.2855988217214904
0.68840000000000012  3.9791658590510832  1.2941823042409017
0.69030000000000014  3.9937318679610350  1.3027838821716888
0.69220000000000004  4.0083215780137671  1.3114034668666825
0.69410000000000005  4.0229349734522177  1.3200409704465024
0.69600000000000006  4.0375720383661076  1.3286963057908114
0.69790000000000008  4.0522327566948340  1.3373693865290583
0.69980000000000009  4.0669171122318817  1.3460601270326353
0.70170000000000010  4.0816250886266472  1.3547684424055251
0.70360000000000000  4.0963566693882365  1.3634942484761063
0.70550000000000002  4.1111118378890703  1.3722374617892001
0.70740000000000014  4.1258905773666363  1.3809979995969623
0.70930000000000004  4.1406928709275501  1.3897757798515886
0.71120000000000005  4.1555187015503865  1.3985707211968581
0.71310000000000007  4.1703680520875155  1.4073827429600043
0.71500000000000008  4.1852409052695601  1.4162117651443871
0.71690000000000009  4.2001372437065108  1.4250577084211880
0.71880000000000011  4.2150570498914295  1.4339204941220014
0.72070000000000001  4.2300003062031299  1.4428000442315039
0.72260000000000002  4.2449669949083031  1.4516962813796224
0.72450000000000014  4.2599570981642785  1.4606091288343246
0.72640000000000005  4.2749705980218859  1.4695385104944085
0.72830000000000006  4.2900074764272516  1.4784843508821701
0.73020000000000007  4.3050677152249301  1.4874465751365864
0.73210000000000008  4.3201512961599304  1.4964251090060645
0.73400000000000010  4.3352582008798812  1.5054198788415971
0.73590000000000011  4.3503884109379456  1.5144308115901670
0.73780000000000001  4.3655419077945581  1.5234578347878558
0.73970000000000002  4.3807186728197482  1.5325008765531207
0.74160000000000015  4.3959186872955218  1.5415598655805387
0.74350000000000005  4.4111419324176220  1.5506347311340525
0.74540000000000006  4.4263883892982010  1.5597254030408558
0.74730000000000008  4.4416580389674163  1.5688318116849855
0.74919999999999998  4.4569508623755141  1.5779538880011050
0.75110000000000010  4.4722668403951182  1.5870915634684588
0.75300000000000011  4.4876059538229711  1.5962447701049132
0.75490000000000002  4.5029681833818653  1.6054134404607674
0.75680000000000003  4.5183535097222940  1.6145975076129528
0.75870000000000015  4.5337619134251730  1.6237969051595906
0.76060000000000005  4.5491933750023659  1.6330115672136660
0.76250000000000007  4.5646478748998485  1.6422414283980296
0.76440000000000008  4.5801253934982586  1.6514864238392268
0.76629999999999998  4.5956259111155049  1.6607464891625248
0.76820000000000010  4.6111494080078099  1.6700215604861390
0.77010000000000012  4.6266958643720946  1.6793115744160820
0.77200000000000002  4.6422652603468340  1.6886164680408082
0.77390000000000003  4.6578575760144290  1.6979361789261533
0.77580000000000016  4.6734727914019594  1.7072706451099451
0.77770000000000006  4.6891108864835322  1.7166198050971599
0.77960000000000007  4.7047718411813886  1.7259835978549083
0.78150000000000008  4.7204556353672888  1.7353619628073524
0.78339999999999999  4.7361622488644937  1.7447548398311008
0.78530000000000011  4.7518916614486395  1.7541621692501621
0.78720000000000012  4.7676438528493987  1.7635838918312896
0.78910000000000002  4.7834188027519602  1.7730199487794323
0.79100000000000004  4.7992164907984440  1.7824702817330469
0.79290000000000016  4.8150368965888815  1.7919348327594797
0.79480000000000006  4.8308799996829075  1.8014135443505837
0.79670000000000007  4.8467457796010605  1.8109063594183106
0.79860000000000009  4.8626342158256621  1.8204132212902158
0.80049999999999999  4.8785452878026092  1.8299340737052903
0.80240000000000011  4.8944789749421922  1.8394688608096439
0.80430000000000013  4.9104352566203398  1.8490175271522455
0.80620000000000003  4.9264141121803382  1.8585800176810661
0.80810000000000004  4.9424155209331460  1.8681562777385461
0.81000000000000016  4.9584394621592933  1.8777462530580435
0.81190000000000007  4.9744859151094358  1.8873498897594081
0.81380000000000008  4.9905548590058340  1.8969671343453824
0.81570000000000009  5.0066462730435823  1.9065979336977070
0.81759999999999999  5.0227601363910503  1.9162422350730632
0.81950000000000012  5.0388964281914319  1.9258999860995298
0.82140000000000013  5.0550551275639011  1.9355711347728410
0.82330000000000003  5.0712362136039344  1.9452556294524608
0.82520000000000004  5.0874396653852347  1.9549534188584017
0.82710000000000006  5.1036654619599409  1.9646644520672150
0.82900000000000007  5.1199135823597741  1.9743886785086404
0.83090000000000008  5.1361840055974319  1.9841260479622349
0.83280000000000010  5.1524767106671359  1.9938765105538561
0.83470000000000000  5.1687916765452320  2.0036400167519504
0.83660000000000012  5.1851288821916359  2.0134165173646434
0.83850000000000013  5.2014883065508215  2.0232059635364203
0.84040000000000004  5.2178699285519095  2.0330083067443807
0.84230000000000005  5.2342737271101694  2.0428234987955483
0.84420000000000006  5.2506996811277524  2.0526514918233443
0.84609999999999996  5.2671477694942865  2.0624922382845878
0.84799999999999998  5.2836179710880105  2.0723456909564577
0.84989999999999999  5.3001102647761940  2.0822118029331986
0.85180000000000000  5.3166246294162773  2.0920905276233390
0.85370000000000013  5.3331610438564141  2.1019818187465420
0.85560000000000014  5.3497194869360634  2.1118856303306446
0.85750000000000004  5.3662999374872227  2.1218019167089213
0.85940000000000005  5.3829023743347824  2.1317306325170033
0.86130000000000007  5.3995267762971588  2.1416717326901504
0.86319999999999997  5.4161731221873541  2.1516251724604105
0.86509999999999998  5.4328413908134285  2.1615909073538604
0.86699999999999999  5.4495315609791071  2.1715688931878976
0.86890000000000001  5.4662436114844901  2.1815590860684120
0.87079999999999991  5.4829775211269869  2.1915614423873144
0.87270000000000014  5.4997332687012657  2.2015759188196373
0.87460000000000004  5.5165108330009440  2.2116024723213203
0.87650000000000006  5.5333101928179484  2.2216410601261156
0.87840000000000007  5.5501313269441095  2.2316916397434836
0.88029999999999997  5.5669742141715064  2.2417541689560005
0.88219999999999998  5.5838388332925959  2.2518286058165966
0.88410000000000000  5.6007251631015702  2.2619149086465598
0.88600000000000001  5.6176331823940968  2.2720130360325981
0.88789999999999991  5.6345628699686259  2.2821229468249999
0.88980000000000015  5.6515142046263858  2.2922446001347718
0.89170000000000005  5.6684871651722002  2.3023779553316910
0.89360000000000006  5.6854817304147574  2.3125229720416112
0.89550000000000007  5.7024978791676473  2.3226796101447000
0.89739999999999998  5.7195355902491576  2.3328478297725637
0.89929999999999999  5.7365948424834672  2.3430275913066896
0.90120000000000000  5.7536756147004677  2.3532188553755264
0.90309999999999990  5.7707778857368304  2.3634215828530118
0.90499999999999992  5.7879016344363006  2.3736357348559642
0.90689999999999993  5.8050468396496822  2.3838612727420245
0.90879999999999994  5.8222134802362309  2.3940981581077976
0.91070000000000007  5.8394015350631818  2.4043463527865199
0.91260000000000008  5.8566109830067736  2.4146058188460882
0.91449999999999998  5.8738418029523558  2.4248765185870069
0.91639999999999999  5.8910939737950834  2.4351584145405449
0.91830000000000001  5.9083674744401291  2.4454514694665677
0.92019999999999991  5.9256622838031916  2.4557556463516690
0.92209999999999992  5.9429783808107377  2.4660709084071724
0.92399999999999993  5.9603157444006465  2.4763972190673136
0.92589999999999995  5.9776743535224801  2.4867345419872722
0.92780000000000007  5.9950541871377121  2.4970828410413164
0.92970000000000008  6.0124552242203269  2.5074420803209891
0.93159999999999998  6.0298774437572353  2.5178122241333378
0.93350000000000000  6.0473208247483612  2.5281932369989364
0.93540000000000001  6.0647853462069188  2.5385850836501107
0.93729999999999991  6.0822709871602925  2.5489877290294047
0.93919999999999992  6.0997777266500677  2.5594011382877087
0.94109999999999994  6.1173055437320381  2.5698252767823204
0.94299999999999995  6.1348544174771176  2.5802601100755820
0.94490000000000007  6.1524243269713947  2.5907056039330447
0.94680000000000009  6.1700152513162649  2.6011617243216358
0.94869999999999999  6.1876271696288665  2.6116284374081866
0.95060000000000000  6.2052600610427975  2.6221057095579647
0.95250000000000001  6.2229139047078021  2.6325935073326687
0.95439999999999992  6.2405886797901600  2.6430917974890180
0.95629999999999993  6.2582843654735312  2.6536005469773007
0.95819999999999994  6.2760009409584558  2.6641197229395308
0.96009999999999995  6.2937383854631745  2.6746492927081884
0.96199999999999986  6.3114966782237465  2.6851892238044570
0.96390000000000009  6.3292757984943515  2.6957394839369258
0.96579999999999999  6.3470757255473433  2.7063000409998228
0.96770000000000000  6.3648964386736049  2.7168708630716942
0.96960000000000002  6.3827379171831060  2.7274519184140082
0.97149999999999992  6.4006001404049080  2.7380431754696630
0.97339999999999993  6.4184830876870160  2.7486446028613156
0.97529999999999994  6.4363867383973847  2.7592561693903135
0.97719999999999996  6.4543110719236365  2.7698778440351250
0.97909999999999986  6.4722560676733467  2.7805095959498605
0.98100000000000009  6.4902217050744522  2.7911513944630739
0.98290000000000000  6.5082079635751757  2.8018032090762279
0.98480000000000001  6.5262148226445857  2.8124650094625241
0.98670000000000002  6.5442422617726210  2.8231367654654251
0.98859999999999992  6.5622902604702267  2.8338184470974062
0.99049999999999994  6.5803587982697369  2.8445100245386619
0.99239999999999995  6.5984478547248733  2.8552114681356993
0.99429999999999996  6.6165574094110955  2.8659227484001919
0.99619999999999986  6.6346874419257702  2.8766438360076645
0.99810000000000010  6.6528379318883957  2.8873747017962930
1.0000000000000000  6.6710088589404037  2.8981153167654048
