0.168736 13.0791 13.0791
0.179273608040201 12.861233677902955 13.172995501901012
0.189811216080402 12.575391337409897 13.365420236996599
0.200348824120603 13.009061781633626 13.3807196386654
0.21088643216080402 12.928088327342104 13.310377931966634
0.22142404020100503 12.801344288456328 13.243365334449818
0.23196164824120602 12.682041518038911 13.18720796887119
0.24249925628140703 12.574619482144666 13.138403494034021
0.25303686432160805 12.46611426784337 13.119935941766968
0.26357447236180903 12.363841898722635 13.097824939775444
0.27411208040201007 12.281397819928687 13.09248261588341
0.28464968844221106 12.201803042698604 13.086473196511252
0.29518729648241204 12.138011223317687 13.080572664059114
0.30572490452261303 12.081624456523121 13.073646064877892
0.31626251256281407 12.03299575919194 13.056072397039296
0.32680012060301505 11.989059384334794 13.03332695899479
0.3373377286432161 11.949558312041782 13.020500403738012
0.3478753366834171 11.914198872467466 12.993608088308758
0.35841294472361807 11.885033391224693 12.970575987769648
0.36895055276381905 11.856423705364419 12.95343727229861
0.3794881608040201 11.833576279806064 12.93392412358406
0.3900257688442211 11.814344860379983 12.92281846704463
0.4005633768844221 11.794101742267129 12.904991145184798
0.4111009849246231 11.77932794412836 12.89993135572791
0.4216385929648241 11.765168094079547 12.884032622012626
0.43217620100502513 11.755049009827493 12.875157656037583
0.4427138090452261 11.74715670476465 12.873323412026231
0.4532514170854271 11.739144647949258 12.8618375625431
0.46378902512562814 11.733515491902605 12.84896205180351
0.4743266331658291 11.728191432965636 12.834832114912885
0.4848642412060301 11.723064425619633 12.813399609011809
0.49540184924623115 11.720148883123242 12.792841373654039
0.5059394572864322 11.718673318662617 12.77276774815719
0.5164770653266331 11.717354166560618 12.752619091696262
0.5270146733668342 11.717134525739208 12.734160164233066
0.5375522814070351 11.716496676135677 12.71645488250593
0.5480898894472361 11.716302790451664 12.700410770294768
0.5586274974874372 11.719101273854246 12.685816057130824
0.5691651055276381 11.721470378872068 12.672060675670421
0.5797027135678392 11.723340196000649 12.659771645538159
0.5902403216080402 11.72691578556085 12.64901685808156
0.6007779296482412 11.730949761342197 12.638671197217178
0.6113155376884422 11.735851313611732 12.629139036869779
0.6218531457286431 11.741196347239544 12.622432128443254
0.6323907537688442 11.746779353960129 12.61589537564322
0.6429283618090451 11.751293450722855 12.60929007331122
0.6534659698492462 11.758069052638959 12.603245460893946
0.6640035778894472 11.763825017531003 12.597303373143179
0.6745411859296482 11.771339861290915 12.592399611293587
0.6850787939698492 11.779412241210935 12.588879501944147
0.6956164020100503 11.784223280189332 12.58433348228024
0.7061540100502512 11.791072972334687 12.58115714734108
0.7166916180904522 11.797933939914264 12.579283778393567
0.7272292261306532 11.805370651270263 12.577985655628115
0.7377668341708542 11.812477841064723 12.576644332397764
0.7483044422110552 11.820186714510184 12.574415413826209
0.7588420502512563 11.828630116094073 12.572167145539078
0.7693796582914573 11.8367038007299 12.570901805978618
0.7799172663316583 11.845949098204214 12.570769219531844
0.7904548743718592 11.854103918927919 12.569385195337464
0.8009924824120602 11.86173848082072 12.567949175832615
0.8115300904522612 11.870435346887637 12.567813344742742
0.8220676984924623 11.878291443121434 12.56810626839434
0.8326053065326633 11.886295801042825 12.569215213184869
0.8431429145728643 11.895333849712557 12.569861061919731
0.8536805226130653 11.90380099638616 12.571008794542466
0.8642181306532662 11.91265286033061 12.572196059607636
0.8747557386934673 11.920948060841829 12.572648793366131
0.8852933467336683 11.929126662597444 12.572370149399761
0.8958309547738693 11.937405878312825 12.574077321432796
0.9063685628140703 11.945968566285291 12.575835801201471
0.9169061708542713 11.954378384898801 12.57675484156772
0.9274437788944723 11.962280484504326 12.578972233671239
0.9379813869346734 11.970394303537107 12.580876442040825
0.9485189949748744 11.978573584624415 12.58245727787094
0.9590566030150753 11.98651335462822 12.58438810761518
0.9695942110552763 11.994744361358553 12.585802826100384
0.9801318190954773 12.00260078229368 12.587842948336235
0.9906694271356783 12.011650601590231 12.591066148719461
1.0012070351758795 12.01926623330726 12.593883991491433
1.0117446432160804 12.027855686065609 12.596923586169542
1.0222822512562812 12.035645888394667 12.599507791228845
1.0328198592964823 12.043522054919551 12.601375416445352
1.0433574673366834 12.050980905461058 12.602834353013847
1.0538950753768843 12.059391274786645 12.604548890510427
1.0644326834170854 12.066945475184879 12.607791290266299
1.0749702914572863 12.074394197803073 12.610325206596428
1.0855078994974874 12.081821018717228 12.61190782629247
1.0960455075376885 12.089386604677369 12.613790947515774
1.1065831155778894 12.097459511630127 12.615908050486583
1.1171207236180902 12.105156552273916 12.61840238665918
1.1276583316582913 12.112060389191537 12.621588560825556
1.1381959396984924 12.11846948086027 12.623570421768163
1.1487335477386935 12.126465357292169 12.6255672465678
1.1592711557788944 12.132927512854739 12.627795572963452
1.1698087638190955 12.139615888551019 12.628716529176163
1.1803463718592964 12.146261598290426 12.630371478441512
1.1908839798994975 12.152431090626157 12.632509265725322
1.2014215879396983 12.15876458137026 12.634786145299266
1.2119591959798994 12.16579253359809 12.635667698639473
1.2224968040201005 12.171940401587374 12.637754997129438
1.2330344120603014 12.177126960902866 12.639970121869087
1.2435720201005025 12.18227608909246 12.641849019729362
1.2541096281407034 12.188450520881046 12.643294478328697
1.2646472361809045 12.194227847440665 12.64448592966793
1.2751848442211056 12.199924714308027 12.645238799160845
1.2857224522613064 12.20583748865294 12.646133127496805
1.2962600603015075 12.211036318444183 12.648055338352943
1.3067976683417084 12.216127566904946 12.64913206110151
1.3173352763819095 12.220144039489526 12.649962615221114
1.3278728844221104 12.225458193088883 12.650901216387169
1.3384104924623115 12.229468065113528 12.652298615582227
1.3489481005025126 12.23373220797896 12.653791395450952
1.3594857085427134 12.238126473580289 12.653923950366952
1.3700233165829145 12.242443194073081 12.653311892951441
1.3805609246231154 12.245440116167504 12.652961360094174
1.3910985326633165 12.24990502267575 12.652714468911965
1.4016361407035176 12.254114551182932 12.65349161369595
1.4121737487437185 12.257626250672212 12.65312415302129
1.4227113567839196 12.261514871023238 12.654552892711514
1.4332489648241205 12.265520784622737 12.654107534859733
1.4437865728643215 12.268474137545004 12.652308912719247
1.4543241809045224 12.27081545220975 12.65175509683687
1.4648617889447235 12.273288827951548 12.650816643984468
1.4753993969849246 12.275884274978349 12.650303712142842
1.4859370050251255 12.279645399928969 12.649105055010857
1.4964746130653266 12.281424123828563 12.647560331776932
1.5070122211055275 12.284548644158317 12.64621619400999
1.5175498291457286 12.286763979121465 12.645017912676796
1.5280874371859297 12.288654618440557 12.643947618743786
1.5386250452261305 12.290655804400494 12.641941656774842
1.5491626532663316 12.292097216709323 12.640339829360961
1.5597002613065325 12.293112241400738 12.637963017069323
1.5702378693467336 12.294501588121555 12.63577737582469
1.5807754773869347 12.296143404426447 12.633686873360627
1.5913130854271356 12.295893436784473 12.630372731992098
1.6018506934673367 12.296945183792532 12.6285909128315
1.6123883015075375 12.298321460252778 12.62534250710708
1.6229259095477386 12.298502049689468 12.621700874044784
1.6334635175879395 12.29905237671296 12.618600560696539
1.6440011256281406 12.298481972648323 12.615454300922957
1.6545387336683417 12.29842282341907 12.611052695329459
1.6650763417085426 12.296623426774886 12.607431803544598
1.6756139497487437 12.295238509450359 12.603278076137656
1.6861515577889445 12.29539616981578 12.597363126173397
1.6966891658291456 12.294568882184155 12.593175367276194
1.7072267738693467 12.29178985701055 12.588186596023286
1.7177643819095476 12.289931170896065 12.582574566174584
1.7283019899497487 12.288597119741254 12.577512544229467
1.7388395979899496 12.286547560993956 12.572641704828127
1.7493772060301507 12.284215490440296 12.567008537446407
1.7599148140703516 12.280993103422396 12.560771092313662
1.7704524221105526 12.277930098942686 12.554040074862097
1.7809900301507537 12.274063229087865 12.547096802671842
1.7915276381909546 12.270214125523417 12.539744782646082
1.8020652462311557 12.266821090149854 12.532511957067271
1.8126028542713566 12.262006144443662 12.52470621792317
1.8231404623115577 12.256892124622823 12.516442292880203
1.8336780703517588 12.252296016261234 12.508121359791462
1.8442156783919597 12.247886724017041 12.499593698560131
1.8547532864321608 12.241330113088395 12.49114730686634
1.8652908944723616 12.235093977336849 12.481478000683774
1.8758285025125627 12.228558957836938 12.471891517514846
1.8863661105527638 12.222708186088711 12.461038516447138
1.8969037185929647 12.215259018389515 12.450421703818119
1.9074413266331658 12.207521779076043 12.440209819325748
1.9179789346733667 12.199811211449987 12.427579646860547
1.9285165427135678 12.19066773557196 12.416050504391295
1.9390541507537686 12.182258223331283 12.4032100962884
1.9495917587939697 12.171566923027823 12.391347332215531
1.9601293668341708 12.161092576736442 12.376533531595525
1.9706669748743717 12.150909197695897 12.361935859374805
1.9812045829145728 12.139238825089764 12.34685671613141
1.9917421909547737 12.127146361112077 12.330694516446382
2.0022797989949748 12.113652663533085 12.314619126880693
2.012817407035176 12.100861778322379 12.296700441493366
2.023355015075377 12.085268166987614 12.27893012111207
2.0338926231155776 12.070399928083908 12.259160451723671
2.0444302311557787 12.05395997121038 12.239308691687947
2.05496783919598 12.03658694672849 12.218607721056463
2.0655054472361805 12.019087072797978 12.196071968454234
2.076043055276382 11.99865675244532 12.172204600567635
2.0865806633165827 11.978813155662598 12.147859570653267
2.0971182713567837 11.95649825807119 12.121900310148298
2.107655879396985 11.932764500758179 12.09330490810077
2.1181934874371855 11.907109799323177 12.063195394208932
2.128731095477387 11.879035621310335 12.03112771139032
2.1392687035175877 11.848779486242806 11.995868882992148
2.149806311557789 11.815206925683547 11.957943883928468
2.16034391959799 11.778014574626981 11.915961859654637
2.170881527638191 11.736768055123461 11.869922206613507
2.1814191356783916 11.69032907678974 11.81711718202507
2.1919567437185927 11.638922179704371 11.7570891718683
2.202494351758794 11.57403858837413 11.686744150411469
2.213031959798995 11.487466417067225 11.601118486336363
2.223569567839196 11.354724778503975 11.499320872891284
2.2341071758793967 11.290163915816025 11.423034504354334
2.2446447839195978 11.211598286934686 11.337006678539758
2.255182391959799 11.108237368557072 11.220474286686768
2.26572 11.0766 11.0766
