0.500005 11.53 11.53
0.517840505050505 11.493277602897134 13.159161370286615
0.5356760101010102 11.478629707763481 13.089995305266942
0.5535115151515152 11.479468306469656 13.057660035062316
0.5713470202020202 11.48375272683511 13.028361141369636
0.5891825252525252 11.490695560315936 13.002215117932815
0.6070180303030304 11.500196939321874 12.977671840233528
0.6248535353535354 11.508700160853639 12.956380490457118
0.6426890404040404 11.517833190293791 12.93732135141356
0.6605245454545454 11.528463827702458 12.922669220643579
0.6783600505050505 11.541509152937314 12.906363799463003
0.6961955555555556 11.556016044756417 12.893385262858134
0.7140310606060607 11.569968156260058 12.88044730838304
0.7318665656565657 11.58262030736971 12.870516842566513
0.7497020707070707 11.597065275027756 12.86196045620038
0.7675375757575758 11.612429313765366 12.853541266385571
0.7853730808080808 11.627978186196 12.846943918377356
0.8032085858585859 11.643820698417946 12.840349016493548
0.8210440909090909 11.658719228242363 12.836177031064745
0.838879595959596 11.67273691455821 12.832939700905444
0.8567151010101011 11.686269489603568 12.828427781719066
0.8745506060606061 11.701194094050805 12.827066431585378
0.8923861111111111 11.71608892692944 12.824077893907646
0.9102216161616161 11.73000508385358 12.822913127006641
0.9280571212121212 11.746073550654474 12.822702582885759
0.9458926262626263 11.76254270646673 12.820823099723004
0.9637281313131314 11.777138008848995 12.820895223066602
0.9815636363636364 11.792770977664702 12.82117759414557
0.9993991414141414 11.80611760453327 12.820993562595804
1.0172346464646465 11.821046180144975 12.819934476288358
1.0350701515151515 11.834797227621253 12.81776677360237
1.0529056565656565 11.850107601323238 12.818248358607406
1.0707411616161617 11.86338757297845 12.818134659863993
1.0885766666666665 11.876084059132307 12.818943361978906
1.1064121717171718 11.89120718066314 12.821204598139435
1.1242476767676768 11.905798484171397 12.821200057206383
1.1420831818181818 11.918953159021918 12.822187829149021
1.1599186868686868 11.932418875181822 12.823737576018893
1.1777541919191918 11.9455411585774 12.822228242951468
1.195589696969697 11.957039063309583 12.822322895531192
1.2134252020202019 11.97026935616308 12.821815206782487
1.2312607070707071 11.982443243864578 12.820738933319548
1.2490962121212121 11.993557111796505 12.820307564510243
1.2669317171717172 12.003236497062414 12.818387428189904
1.2847672222222222 12.013958284362555 12.819272791236997
1.3026027272727272 12.024980154538643 12.817510723877053
1.3204382323232324 12.034943909987549 12.814884146498564
1.3382737373737372 12.042733702403199 12.812982597573512
1.3561092424242425 12.055497322372263 12.812319495380544
1.3739447474747475 12.062975933278345 12.810543090958511
1.3917802525252525 12.071540066135464 12.80663756805123
1.4096157575757575 12.079437945779878 12.804282264240898
1.4274512626262625 12.086082930888148 12.800615614419652
1.4452867676767678 12.095030552843204 12.796438269553931
1.4631222727272726 12.100589137210076 12.792654490482418
1.4809577777777778 12.107886752258201 12.788463648697428
1.4987932828282828 12.112572655179648 12.78397359070468
1.5166287878787879 12.118287164138362 12.780146483289283
1.5344642929292929 12.124113299344984 12.773458327132854
1.552299797979798 12.1287833242416 12.767776754131155
1.570135303030303 12.132641574848959 12.7614563294387
1.5879708080808081 12.137105509573262 12.755305085807851
1.6058063131313132 12.141153487059244 12.7484509809985
1.6236418181818182 12.143349206278826 12.741404579006
1.6414773232323232 12.1459784955285 12.733399637549029
1.6593128282828282 12.146931783898347 12.724400434114735
1.6771483333333332 12.146651738615295 12.714947246230754
1.6949838383838383 12.148176385725474 12.704890947163424
1.7128193434343435 12.147364354588028 12.69458264477939
1.7306548484848485 12.145733462301703 12.683246744811418
1.7484903535353535 12.144702490399144 12.670795984429834
1.7663258585858586 12.14244742967121 12.657381716354736
1.7841613636363636 12.138297561436808 12.645021250976978
1.8019968686868686 12.135583095214782 12.629380782225663
1.8198323737373736 12.129987766434082 12.614165890457226
1.8376678787878789 12.126882608889337 12.596355223358763
1.8555033838383839 12.118584424322275 12.579959076828155
1.8733388888888889 12.110101534339119 12.56027875412755
1.891174393939394 12.102292890415434 12.541235174435943
1.909009898989899 12.092284335786237 12.518388171457431
1.926845404040404 12.080290534667354 12.497155986473679
1.944680909090909 12.068781113132504 12.472778740290787
1.9625164141414142 12.055326946992631 12.446772691078136
1.9803519191919192 12.039714099178664 12.418531936199878
1.9981874242424242 12.022402930816897 12.390420755685762
2.0160229292929293 12.003533978418153 12.358599274722062
2.0338584343434345 11.981774678642013 12.323416620721739
2.0516939393939393 11.958170312354587 12.286353261317124
2.069529444444444 11.931830904846263 12.245779631842478
2.0873649494949493 11.902813151733735 12.202152624119947
2.1052004545454546 11.869294388454872 12.154319368886426
2.12303595959596 11.833122225773563 12.101105657269558
2.1408714646464646 11.788680113526436 12.038543628217438
2.1587069696969694 11.736570598372081 11.968971059087952
2.1765424747474746 11.673659194896633 11.886936149625562
2.19437797979798 11.587437180193541 11.785794233029268
2.212213484848485 11.453705265834818 11.655352207427656
2.23004898989899 11.275424672124208 11.502126787818362
2.2478844949494947 11.158025978437626 11.336295929803656
2.26572 11.0766 11.0766
