0.500002 11.8772 11.8772
0.5178490505050505 11.496645683576743 13.163732941246488
0.5356961010101009 11.48509400999804 13.093337236949981
0.5535431515151514 11.47892597642776 13.058934926557086
0.571390202020202 11.485352164942846 13.0266219825807
0.5892372525252525 11.490692694229786 12.999720991940356
0.607084303030303 11.502064246802357 12.976925751733699
0.6249313535353535 11.508693448288083 12.957398566057098
0.642778404040404 11.517677413895543 12.937999634684756
0.6606254545454545 11.529304343320772 12.919163180749464
0.6784725050505049 11.541651262272454 12.90695072349491
0.6963195555555555 11.555312766411983 12.890477271401023
0.714166606060606 11.568128582470962 12.877431321211438
0.7320136565656565 11.58305260222282 12.867344308971125
0.7498607070707071 11.597527730237356 12.859717271149455
0.7677077575757575 11.611709557764277 12.852259419157408
0.785554808080808 11.627833091863511 12.845896194677124
0.8034018585858586 11.643697357598262 12.839455999419302
0.821248909090909 11.659942861199324 12.836326039698768
0.8390959595959595 11.673306218254075 12.83234718994464
0.85694301010101 11.687577210782479 12.830008531885973
0.8747900606060606 11.701304732841354 12.827698792109336
0.8926371111111111 11.716434720357569 12.824294153083505
0.9104841616161615 11.72986595259904 12.824519279056188
0.9283312121212121 11.746087083247437 12.820176129397089
0.9461782626262626 11.762429982124651 12.820427034021284
0.964025313131313 11.778086121976239 12.82036107303718
0.9818723636363635 11.791243897005652 12.819876508734914
0.9997194141414141 11.806247330861686 12.819864499427593
1.0175664646464646 11.821255481075141 12.81937926447679
1.035413515151515 11.835998843509843 12.820129249033437
1.0532605656565655 11.849601641734179 12.819420232798201
1.071107616161616 11.863557312157067 12.818334330915626
1.0889546666666665 11.878169051117231 12.818486671071357
1.106801717171717 11.893735393138515 12.820310511380823
1.1246487676767676 11.906449262579473 12.82001745085007
1.1424958181818181 11.9205274868475 12.821208253219183
1.1603428686868686 11.934553078445713 12.821409247561709
1.1781899191919192 11.946167811628719 12.820821007870178
1.1960369696969697 11.958105604253848 12.820687224282132
1.2138840202020202 11.970973954158245 12.820798994310078
1.2317310707070708 11.98382886798899 12.820293736738941
1.2495781212121213 11.994413125210045 12.8194843851374
1.2674251717171716 12.005264682575676 12.81969713229365
1.2852722222222221 12.015246522628834 12.818419411885085
1.3031192727272727 12.026147110311534 12.818066332549051
1.320966323232323 12.036733026063422 12.815574067968079
1.3388133737373735 12.045298894524999 12.814069143096692
1.356660424242424 12.054844112095623 12.81279423985035
1.3745074747474746 12.063414900633674 12.809183946754532
1.3923545252525251 12.071374190616291 12.806400720771574
1.4102015757575757 12.079060312778719 12.803735818284839
1.4280486262626262 12.085397946329538 12.798208072774578
1.4458956767676767 12.093194894601302 12.795977476609528
1.4637427272727273 12.101231776171527 12.7931610220895
1.4815897777777778 12.106791303537145 12.789168223033073
1.4994368282828283 12.113995108635212 12.783823349546283
1.5172838787878788 12.119888187447444 12.7789843942536
1.5351309292929294 12.124845510043071 12.773299037353189
1.55297797979798 12.130580281210252 12.768268090479104
1.57082503030303 12.134956891581012 12.762270125384127
1.5886720808080805 12.13827538864134 12.755763930939743
1.606519131313131 12.141818533251172 12.748537962495114
1.6243661818181816 12.142198579639823 12.740989519679596
1.6422132323232321 12.145618375942853 12.732540471727537
1.6600602828282827 12.147438305638566 12.723967121065565
1.6779073333333332 12.147550627625511 12.71429261532297
1.6957543838383837 12.147655366192007 12.70380342955724
1.7136014343434343 12.146085241748523 12.693424023358682
1.7314484848484848 12.146039949266148 12.68251363130004
1.7492955353535353 12.143809971599564 12.669388245269454
1.7671425858585859 12.142683652614938 12.658229072129586
1.7849896363636364 12.139182788391915 12.642717535460646
1.802836686868687 12.134448032325988 12.62845722282713
1.8206837373737375 12.129658353702363 12.612314427806703
1.838530787878788 12.124297200311311 12.59579243462367
1.856377838383838 12.1177425880796 12.578535307479234
1.8742248888888886 12.109592767221974 12.558759380396378
1.8920719393939391 12.101623332036736 12.538834665950388
1.9099189898989897 12.092407760265818 12.517903920755252
1.9277660404040402 12.081401492150396 12.494887440123719
1.9456130909090907 12.067564214094507 12.471240136964404
1.9634601414141413 12.054530539339853 12.44482335870491
1.9813071919191918 12.038665782129305 12.41842478027387
1.9991542424242423 12.021553593943224 12.38927154396631
2.017001292929293 12.003949307260383 12.356733345663912
2.0348483434343434 11.980495164174327 12.321527941345341
2.052695393939394 11.956371487995535 12.284413864753768
2.0705424444444445 11.930164128681392 12.243965565737447
2.088389494949495 11.901735311139678 12.199547290049601
2.1062365454545455 11.867806506324845 12.151461230990794
2.124083595959596 11.830847920938591 12.097089412246495
2.141930646464646 11.785916334091347 12.035477562757432
2.1597776969696967 11.733580762813395 11.964521236074077
2.177624747474747 11.66866586650951 11.881594846946834
2.1954717979797977 11.580486307092354 11.778954548372617
2.2133188484848483 11.440476331679545 11.645146022765806
2.231165898989899 11.221544397306403 11.48779860443307
2.2490129494949493 11.108227824046988 11.314437285353536
2.26686 10.9945 10.9945
