1      0  0.1998D+02 0.1038D+02 0.8729D-02 0.1550D+00 0.7102D+00 -.1598D+02 0.2790D+03 -.3442D+03 0.2595D+02 -.2676D+02 -.3642D+03 0.3704D+04

2      0  0.1592D+02 0.4606D+01 0.3258D-01 0.1550D+00 0.7102D+00 -.1598D+02 0.2790D+03 -.3442D+03 0.3350D+02 0.6736D+01 -.1648D+03 0.2668D+04

3      0  0.1297D+02 0.6796D+01 0.8123D-02 0.1550D+00 0.7102D+00 -.1598D+02 0.2790D+03 -.3442D+03 0.2687D+02 0.5454D+02 -.1259D+03 0.4127D+03

4      0  0.1103D+02 0.7662D+00 0.8924D-01 0.1550D+00 0.7102D+00 -.1598D+02 0.2790D+03 -.3442D+03 0.2736D+02 0.3412D+02 -.5290D+02 0.1096D+04

5      0  0.1252D+02 0.4853D+00 0.4177D-01 0.1550D+00 0.7102D+00 -.1598D+02 0.2790D+03 -.3442D+03 0.3598D+02 0.4385D+02 -.1677D+03 0.1660D+04

6      0  0.1085D+02 0.4249D+01 0.2460D-01 0.1550D+00 0.7102D+00 -.1598D+02 0.2790D+03 -.3442D+03 0.2713D+02 0.4464D+02 -.1477D+03 0.8274D+03

7      0  0.1354D+02 0.5512D+00 0.4610D-01 0.1550D+00 0.7102D+00 -.1598D+02 0.2790D+03 -.3442D+03 0.3640D+02 0.3589D+02 -.1434D+03 0.1859D+04

8      0  0.1189D+02 0.9508D+00 0.8803D-01 0.1550D+00 0.7102D+00 -.1598D+02 0.2790D+03 -.3442D+03 0.2798D+02 0.3074D+02 -.4187D+02 0.1134D+04

9      0  0.1352D+02 0.3303D+01 0.5314D-01 0.1550D+00 0.7102D+00 -.1598D+02 0.2790D+03 -.3442D+03 0.2905D+02 0.1854D+02 -.8915D+02 0.1788D+04

10      0  0.1507D+02 0.7084D+01 0.1559D-01 0.1550D+00 0.7102D+00 -.1598D+02 0.2790D+03 -.3442D+03 0.2703D+02 0.1406D+02 -.2441D+03 0.2023D+04

11      0  0.1964D+02 0.1012D+02 0.8943D-02 0.1550D+00 0.7102D+00 -.1598D+02 0.2790D+03 -.3442D+03 0.2673D+02 -.2158D+02 -.3607D+03 0.3534D+04

12      0  0.1648D+02 0.4038D+00 0.5475D-01 0.1550D+00 0.7102D+00 -.1598D+02 0.2790D+03 -.3442D+03 0.3733D+02 0.1877D+02 -.4934D+02 0.1757D+04

13      0  0.1684D+02 0.8263D+01 0.7857D-02 0.1550D+00 0.7102D+00 -.1598D+02 0.2790D+03 -.3442D+03 0.3387D+02 0.3833D+02 -.2995D+03 0.1528D+04

14      0  0.1561D+02 0.2255D+01 0.5341D-01 0.1550D+00 0.7102D+00 -.1598D+02 0.2790D+03 -.3442D+03 0.3429D+02 0.1638D+02 -.6401D+02 0.1858D+04

15      0  0.1009D+02 0.7122D+00 0.7817D-01 0.1550D+00 0.7102D+00 -.1598D+02 0.2790D+03 -.3442D+03 0.2743D+02 0.3958D+02 -.7956D+02 0.1071D+04

16      0  0.1447D+02 0.8626D+00 0.6885D-01 0.1550D+00 0.7102D+00 -.1598D+02 0.2790D+03 -.3442D+03 0.3242D+02 0.2378D+02 -.3923D+02 0.1419D+04

17      0  0.1236D+02 0.6739D+00 0.8776D-01 0.1550D+00 0.7102D+00 -.1598D+02 0.2790D+03 -.3442D+03 0.2859D+02 0.2971D+02 -.3572D+02 0.1134D+04

18      0  0.1051D+02 0.3002D+01 0.4280D-01 0.1550D+00 0.7102D+00 -.1598D+02 0.2790D+03 -.3442D+03 0.2753D+02 0.4003D+02 -.1300D+03 0.1120D+04

19      0  0.1449D+02 0.5803D+01 0.2608D-01 0.1550D+00 0.7102D+00 -.1598D+02 0.2790D+03 -.3442D+03 0.2734D+02 0.8645D+01 -.1926D+03 0.2304D+04

20      0  0.1117D+02 0.4953D+01 0.1484D-01 0.1550D+00 0.7102D+00 -.1598D+02 0.2790D+03 -.3442D+03 0.2765D+02 0.5374D+02 -.1354D+03 0.4739D+03

21      0  0.1196D+02 0.4135D+01 0.3545D-01 0.1550D+00 0.7102D+00 -.1598D+02 0.2790D+03 -.3442D+03 0.2745D+02 0.2961D+02 -.1517D+03 0.1508D+04

22      0  0.1387D+02 0.1715D+01 0.6794D-01 0.1550D+00 0.7102D+00 -.1598D+02 0.2790D+03 -.3442D+03 0.3092D+02 0.2337D+02 -.4881D+02 0.1465D+04

23      0  0.1076D+02 0.4395D+00 0.8515D-01 0.1550D+00 0.7102D+00 -.1598D+02 0.2790D+03 -.3442D+03 0.2769D+02 0.3620D+02 -.6342D+02 0.1110D+04

24      0  0.1023D+02 0.1802D+01 0.6248D-01 0.1550D+00 0.7102D+00 -.1598D+02 0.2790D+03 -.3442D+03 0.2761D+02 0.3952D+02 -.1005D+03 0.1135D+04

25      0  0.1440D+02 0.6126D+01 0.2182D-01 0.1550D+00 0.7102D+00 -.1598D+02 0.2790D+03 -.3442D+03 0.2740D+02 0.1324D+02 -.2139D+03 0.2130D+04

26      0  0.1311D+02 0.2155D+01 0.3825D-01 0.1550D+00 0.7102D+00 -.1598D+02 0.2790D+03 -.3442D+03 0.3552D+02 0.3798D+02 -.1752D+03 0.1833D+04

27      0  0.1215D+02 0.1544D+01 0.8011D-01 0.1550D+00 0.7102D+00 -.1598D+02 0.2790D+03 -.3442D+03 0.2819D+02 0.2884D+02 -.4949D+02 0.1243D+04

28      0  0.1567D+02 0.2321D+01 0.5233D-01 0.1550D+00 0.7102D+00 -.1598D+02 0.2790D+03 -.3442D+03 0.3447D+02 0.1604D+02 -.6741D+02 0.1897D+04

29      0  0.1547D+02 0.7088D+01 0.1007D-01 0.1550D+00 0.7102D+00 -.1598D+02 0.2790D+03 -.3442D+03 0.3402D+02 0.4240D+02 -.2772D+03 0.1384D+04

30      0  0.1569D+02 0.4527D+00 0.5227D-01 0.1550D+00 0.7102D+00 -.1598D+02 0.2790D+03 -.3442D+03 0.3729D+02 0.2284D+02 -.7842D+02 0.1878D+04

31      0  0.1267D+02 0.4044D+01 0.4154D-01 0.1550D+00 0.7102D+00 -.1598D+02 0.2790D+03 -.3442D+03 0.2763D+02 0.2206D+02 -.1332D+03 0.1771D+04

32      0  0.8333D+01 0.1161D+01 0.3642D-01 0.1550D+00 0.7102D+00 -.1598D+02 0.2790D+03 -.3442D+03 0.2796D+02 0.5897D+02 -.1018D+03 0.3865D+03

33      0  0.1503D+02 0.5510D+01 0.2794D-01 0.1550D+00 0.7102D+00 -.1598D+02 0.2790D+03 -.3442D+03 0.2932D+02 0.6646D+01 -.1890D+03 0.2509D+04

34      0  0.1029D+02 0.2852D+01 0.4123D-01 0.1550D+00 0.7102D+00 -.1598D+02 0.2790D+03 -.3442D+03 0.2782D+02 0.4300D+02 -.1314D+03 0.1026D+04

35      0  0.1125D+02 0.3323D+01 0.4300D-01 0.1550D+00 0.7102D+00 -.1598D+02 0.2790D+03 -.3442D+03 0.2774D+02 0.3437D+02 -.1335D+03 0.1353D+04

36      0  0.1459D+02 0.2637D+01 0.5535D-01 0.1550D+00 0.7102D+00 -.1598D+02 0.2790D+03 -.3442D+03 0.3183D+02 0.1798D+02 -.7142D+02 0.1795D+04

37      0  0.1169D+02 0.5612D+01 0.9212D-02 0.1550D+00 0.7102D+00 -.1598D+02 0.2790D+03 -.3442D+03 0.2836D+02 0.6258D+02 -.1089D+03 0.2510D+03

38      0  0.1143D+02 0.2155D+01 0.6681D-01 0.1550D+00 0.7102D+00 -.1598D+02 0.2790D+03 -.3442D+03 0.2782D+02 0.3150D+02 -.8326D+02 0.1339D+04

39      0  0.9098D+01 0.9876D+00 0.5421D-01 0.1550D+00 0.7102D+00 -.1598D+02 0.2790D+03 -.3442D+03 0.2795D+02 0.4954D+02 -.1095D+03 0.8022D+03

40      0  0.1098D+02 0.1002D+01 0.7982D-01 0.1550D+00 0.7102D+00 -.1598D+02 0.2790D+03 -.3442D+03 0.2792D+02 0.3521D+02 -.6850D+02 0.1172D+04

41      0  0.1041D+02 0.1742D+01 0.6301D-01 0.1550D+00 0.7102D+00 -.1598D+02 0.2790D+03 -.3442D+03 0.2789D+02 0.3895D+02 -.9994D+02 0.1170D+04

42      0  0.1093D+02 0.6174D+00 0.3289D-01 0.1550D+00 0.7102D+00 -.1598D+02 0.2790D+03 -.3442D+03 0.3486D+02 0.5798D+02 -.1774D+03 0.1037D+04

43      0  0.8171D+01 0.1455D+00 0.3876D-01 0.1550D+00 0.7102D+00 -.1598D+02 0.2790D+03 -.3442D+03 0.2809D+02 0.5960D+02 -.1001D+03 0.3804D+03

44      0  0.1612D+02 0.3672D+01 0.3752D-01 0.1550D+00 0.7102D+00 -.1598D+02 0.2790D+03 -.3442D+03 0.3567D+02 0.1077D+02 -.1362D+03 0.2512D+04

45      0  0.1017D+02 0.1953D+01 0.5599D-01 0.1550D+00 0.7102D+00 -.1598D+02 0.2790D+03 -.3442D+03 0.2795D+02 0.4138D+02 -.1114D+03 0.1108D+04

46      0  0.1566D+02 0.1402D+01 0.4989D-01 0.1550D+00 0.7102D+00 -.1598D+02 0.2790D+03 -.3442D+03 0.3698D+02 0.2143D+02 -.8742D+02 0.1970D+04

47      0  0.8715D+01 0.8572D+00 0.4665D-01 0.1550D+00 0.7102D+00 -.1598D+02 0.2790D+03 -.3442D+03 0.2810D+02 0.5407D+02 -.1100D+03 0.6199D+03

48      0  0.1004D+02 0.1864D+01 0.5521D-01 0.1550D+00 0.7102D+00 -.1598D+02 0.2790D+03 -.3442D+03 0.2801D+02 0.4266D+02 -.1127D+03 0.1068D+04

49      0  0.1083D+02 0.1938D+01 0.6362D-01 0.1550D+00 0.7102D+00 -.1598D+02 0.2790D+03 -.3442D+03 0.2798D+02 0.3610D+02 -.9623D+02 0.1256D+04

50      0  0.8857D+01 0.1401D+00 0.3166D-01 0.1550D+00 0.7102D+00 -.1598D+02 0.2790D+03 -.3442D+03 0.3042D+02 0.6343D+02 -.1201D+03 0.4139D+03

51      0  0.9757D+01 0.1552D+01 0.5573D-01 0.1550D+00 0.7102D+00 -.1598D+02 0.2790D+03 -.3442D+03 0.2809D+02 0.4488D+02 -.1119D+03 0.9939D+03

52      0  0.9091D+01 0.2630D+00 0.5700D-01 0.1550D+00 0.7102D+00 -.1598D+02 0.2790D+03 -.3442D+03 0.2817D+02 0.4971D+02 -.1081D+03 0.8185D+03

53      0  0.1626D+02 0.1659D+01 0.5016D-01 0.1550D+00 0.7102D+00 -.1598D+02 0.2790D+03 -.3442D+03 0.3706D+02 0.1749D+02 -.7168D+02 0.1962D+04

54      0  0.1429D+02 0.7064D+01 0.1125D-01 0.1550D+00 0.7102D+00 -.1598D+02 0.2790D+03 -.3442D+03 0.2807D+02 0.3625D+02 -.2160D+03 0.1145D+04

55      0  0.1997D+02 0.1096D+02 0.4594D-02 0.1550D+00 0.7102D+00 -.1598D+02 0.2790D+03 -.3442D+03 0.3240D+02 0.3210D+02 -.3106D+03 0.1830D+04

56      0  0.1174D+02 0.2198D+01 0.6655D-01 0.1550D+00 0.7102D+00 -.1598D+02 0.2790D+03 -.3442D+03 0.2810D+02 0.3000D+02 -.8048D+02 0.1382D+04

57      0  0.8293D+01 0.9833D+00 0.3312D-01 0.1550D+00 0.7102D+00 -.1598D+02 0.2790D+03 -.3442D+03 0.2839D+02 0.6138D+02 -.1006D+03 0.3249D+03

58      0  0.1277D+02 0.1431D+00 0.8515D-01 0.1550D+00 0.7102D+00 -.1598D+02 0.2790D+03 -.3442D+03 0.2938D+02 0.2910D+02 -.3436D+02 0.1161D+04

59      0  0.1548D+02 0.3531D+01 0.3685D-01 0.1550D+00 0.7102D+00 -.1598D+02 0.2790D+03 -.3442D+03 0.3560D+02 0.1625D+02 -.1530D+03 0.2431D+04

60      0  0.1106D+02 0.1287D+01 0.3163D-01 0.1550D+00 0.7102D+00 -.1598D+02 0.2790D+03 -.3442D+03 0.3476D+02 0.5714D+02 -.1804D+03 0.1054D+04

61      0  0.1466D+02 0.3338D+01 0.4848D-01 0.1550D+00 0.7102D+00 -.1598D+02 0.2790D+03 -.3442D+03 0.3136D+02 0.1477D+02 -.9328D+02 0.2003D+04

62      0  0.2101D+02 0.1121D+02 0.5965D-02 0.1550D+00 0.7102D+00 -.1598D+02 0.2790D+03 -.3442D+03 0.3056D+02 -.5066D+01 -.3994D+03 0.3192D+04

63      0  0.1613D+02 0.2581D+01 0.4500D-01 0.1550D+00 0.7102D+00 -.1598D+02 0.2790D+03 -.3442D+03 0.3649D+02 0.1495D+02 -.9640D+02 0.2189D+04

64      0  0.1158D+02 0.2597D+01 0.5691D-01 0.1550D+00 0.7102D+00 -.1598D+02 0.2790D+03 -.3442D+03 0.2822D+02 0.3136D+02 -.1033D+03 0.1435D+04

65      0  0.1473D+02 0.1681D+01 0.6155D-01 0.1550D+00 0.7102D+00 -.1598D+02 0.2790D+03 -.3442D+03 0.3285D+02 0.2124D+02 -.5334D+02 0.1609D+04

66      0  0.1441D+02 0.9866D+00 0.6781D-01 0.1550D+00 0.7102D+00 -.1598D+02 0.2790D+03 -.3442D+03 0.3243D+02 0.2389D+02 -.4316D+02 0.1447D+04

67      0  0.1481D+02 0.5483D+01 0.2836D-01 0.1550D+00 0.7102D+00 -.1598D+02 0.2790D+03 -.3442D+03 0.2882D+02 0.7580D+01 -.1853D+03 0.2438D+04

68      0  0.1125D+02 0.5302D+00 0.8210D-01 0.1550D+00 0.7102D+00 -.1598D+02 0.2790D+03 -.3442D+03 0.2835D+02 0.3473D+02 -.6274D+02 0.1172D+04

69      0  0.1203D+02 0.2682D+01 0.5884D-01 0.1550D+00 0.7102D+00 -.1598D+02 0.2790D+03 -.3442D+03 0.2826D+02 0.2803D+02 -.9365D+02 0.1503D+04

70      0  0.1219D+02 0.2356D+01 0.6581D-01 0.1550D+00 0.7102D+00 -.1598D+02 0.2790D+03 -.3442D+03 0.2829D+02 0.2736D+02 -.7578D+02 0.1442D+04

71      0  0.1259D+02 0.1944D+01 0.3803D-01 0.1550D+00 0.7102D+00 -.1598D+02 0.2790D+03 -.3442D+03 0.3512D+02 0.4186D+02 -.1765D+03 0.1678D+04

72      0  0.9206D+01 0.9753D+00 0.5093D-01 0.1550D+00 0.7102D+00 -.1598D+02 0.2790D+03 -.3442D+03 0.2847D+02 0.5062D+02 -.1150D+03 0.8011D+03

73      0  0.1177D+02 0.6575D-01 0.8631D-01 0.1550D+00 0.7102D+00 -.1598D+02 0.2790D+03 -.3442D+03 0.2853D+02 0.3257D+02 -.4862D+02 0.1150D+04

74      0  0.1447D+02 0.1841D+01 0.6203D-01 0.1550D+00 0.7102D+00 -.1598D+02 0.2790D+03 -.3442D+03 0.3223D+02 0.2147D+02 -.5550D+02 0.1601D+04

75      0  0.9484D+01 0.1864D+01 0.4328D-01 0.1550D+00 0.7102D+00 -.1598D+02 0.2790D+03 -.3442D+03 0.2848D+02 0.5029D+02 -.1235D+03 0.7983D+03

76      0  0.1381D+02 0.5284D+00 0.7459D-01 0.1550D+00 0.7102D+00 -.1598D+02 0.2790D+03 -.3442D+03 0.3129D+02 0.2615D+02 -.3767D+02 0.1314D+04

77      0  0.1097D+02 0.1031D+01 0.7482D-01 0.1550D+00 0.7102D+00 -.1598D+02 0.2790D+03 -.3442D+03 0.2837D+02 0.3615D+02 -.7783D+02 0.1209D+04

78      0  0.1272D+02 0.1830D+01 0.7337D-01 0.1550D+00 0.7102D+00 -.1598D+02 0.2790D+03 -.3442D+03 0.2894D+02 0.2647D+02 -.5354D+02 0.1357D+04

79      0  0.1596D+02 0.2178D+00 0.5456D-01 0.1550D+00 0.7102D+00 -.1598D+02 0.2790D+03 -.3442D+03 0.3701D+02 0.2119D+02 -.6192D+02 0.1788D+04

80      0  0.8645D+01 0.4753D+00 0.3179D-01 0.1550D+00 0.7102D+00 -.1598D+02 0.2790D+03 -.3442D+03 0.2978D+02 0.6315D+02 -.1129D+03 0.3706D+03

81      0  0.1342D+02 0.5119D+01 0.1564D-01 0.1550D+00 0.7102D+00 -.1598D+02 0.2790D+03 -.3442D+03 0.3419D+02 0.4892D+02 -.2364D+03 0.1202D+04

82      0  0.1105D+02 0.4805D+00 0.8002D-01 0.1550D+00 0.7102D+00 -.1598D+02 0.2790D+03 -.3442D+03 0.2839D+02 0.3591D+02 -.6896D+02 0.1175D+04

83      0  0.1401D+02 0.3464D+01 0.4902D-01 0.1550D+00 0.7102D+00 -.1598D+02 0.2790D+03 -.3442D+03 0.3000D+02 0.1656D+02 -.9833D+02 0.1929D+04

84      0  0.1201D+02 0.5007D+01 0.1925D-01 0.1550D+00 0.7102D+00 -.1598D+02 0.2790D+03 -.3442D+03 0.2845D+02 0.4302D+02 -.1773D+03 0.9713D+03

85      0  0.1205D+02 0.5450D+01 0.1363D-01 0.1550D+00 0.7102D+00 -.1598D+02 0.2790D+03 -.3442D+03 0.2855D+02 0.5138D+02 -.1602D+03 0.6203D+03

86      0  0.1098D+02 0.3088D+01 0.4090D-01 0.1550D+00 0.7102D+00 -.1598D+02 0.2790D+03 -.3442D+03 0.2844D+02 0.3892D+02 -.1396D+03 0.1240D+04

87      0  0.1110D+02 0.2367D+01 0.5528D-01 0.1550D+00 0.7102D+00 -.1598D+02 0.2790D+03 -.3442D+03 0.2842D+02 0.3558D+02 -.1114D+03 0.1335D+04

88      0  0.1168D+02 0.2454D+01 0.5920D-01 0.1550D+00 0.7102D+00 -.1598D+02 0.2790D+03 -.3442D+03 0.2839D+02 0.3101D+02 -.9787D+02 0.1437D+04

89      0  0.2144D+02 0.1178D+02 0.5515D-02 0.1550D+00 0.7102D+00 -.1598D+02 0.2790D+03 -.3442D+03 0.2803D+02 -.1035D+02 -.3849D+03 0.3261D+04

90      0  0.1475D+02 0.7835D+01 0.6870D-02 0.1550D+00 0.7102D+00 -.1598D+02 0.2790D+03 -.3442D+03 0.2857D+02 0.5148D+02 -.1699D+03 0.6492D+03

91      0  0.1901D+02 0.9472D+01 0.1013D-01 0.1550D+00 0.7102D+00 -.1598D+02 0.2790D+03 -.3442D+03 0.2797D+02 -.1656D+02 -.3499D+03 0.3409D+04

92      0  0.1392D+02 0.5473D+01 0.1540D-01 0.1550D+00 0.7102D+00 -.1598D+02 0.2790D+03 -.3442D+03 0.3405D+02 0.4392D+02 -.2495D+03 0.1391D+04

93      0  0.1409D+02 0.5900D+01 0.2132D-01 0.1550D+00 0.7102D+00 -.1598D+02 0.2790D+03 -.3442D+03 0.2830D+02 0.1932D+02 -.2167D+03 0.1958D+04

94      0  0.1507D+02 0.1310D+01 0.6112D-01 0.1550D+00 0.7102D+00 -.1598D+02 0.2790D+03 -.3442D+03 0.3382D+02 0.2135D+02 -.5025D+02 0.1607D+04

95      0  0.1127D+02 0.4311D+01 0.1431D-01 0.1550D+00 0.7102D+00 -.1598D+02 0.2790D+03 -.3442D+03 0.3138D+02 0.6287D+02 -.1521D+03 0.4336D+03

96      0  0.1054D+02 0.2838D+01 0.4026D-01 0.1550D+00 0.7102D+00 -.1598D+02 0.2790D+03 -.3442D+03 0.2852D+02 0.4292D+02 -.1378D+03 0.1089D+04

97      0  0.1587D+02 0.2094D+01 0.4766D-01 0.1550D+00 0.7102D+00 -.1598D+02 0.2790D+03 -.3442D+03 0.3656D+02 0.1809D+02 -.9044D+02 0.2067D+04

98      0  0.1689D+02 0.8485D+01 0.1028D-01 0.1550D+00 0.7102D+00 -.1598D+02 0.2790D+03 -.3442D+03 0.2828D+02 0.1160D+02 -.2959D+03 0.2190D+04

99      0  0.2211D+02 0.1205D+02 0.5476D-02 0.1550D+00 0.7102D+00 -.1598D+02 0.2790D+03 -.3442D+03 0.2870D+02 -.1810D+02 -.4130D+03 0.3685D+04

100      0  0.1084D+02 0.1975D+01 0.2698D-01 0.1550D+00 0.7102D+00 -.1598D+02 0.2790D+03 -.3442D+03 0.3410D+02 0.6012D+02 -.1769D+03 0.8462D+03

101      0  0.1354D+02 0.2370D+01 0.3959D-01 0.1550D+00 0.7102D+00 -.1598D+02 0.2790D+03 -.3442D+03 0.3532D+02 0.3336D+02 -.1654D+03 0.1948D+04

102      0  0.1919D+02 0.8953D+01 0.1169D-01 0.1550D+00 0.7102D+00 -.1598D+02 0.2790D+03 -.3442D+03 0.3061D+02 -.2022D+02 -.3559D+03 0.3792D+04

103      0  0.9386D+01 0.7455D+00 0.5434D-01 0.1550D+00 0.7102D+00 -.1598D+02 0.2790D+03 -.3442D+03 0.2864D+02 0.4915D+02 -.1141D+03 0.8785D+03

104      0  0.1015D+02 0.3631D+01 0.1677D-01 0.1550D+00 0.7102D+00 -.1598D+02 0.2790D+03 -.3442D+03 0.2967D+02 0.6301D+02 -.1228D+03 0.3156D+03

105      0  0.1510D+02 0.4304D+01 0.3747D-01 0.1550D+00 0.7102D+00 -.1598D+02 0.2790D+03 -.3442D+03 0.3153D+02 0.9916D+01 -.1388D+03 0.2375D+04

106      0  0.1231D+02 0.3850D+00 0.4355D-01 0.1550D+00 0.7102D+00 -.1598D+02 0.2790D+03 -.3442D+03 0.3526D+02 0.4373D+02 -.1604D+03 0.1604D+04

107      0  0.1038D+02 0.2492D+01 0.4393D-01 0.1550D+00 0.7102D+00 -.1598D+02 0.2790D+03 -.3442D+03 0.2861D+02 0.4350D+02 -.1319D+03 0.1081D+04

108      0  0.1050D+02 0.2226D+01 0.5019D-01 0.1550D+00 0.7102D+00 -.1598D+02 0.2790D+03 -.3442D+03 0.2859D+02 0.4122D+02 -.1229D+03 0.1169D+04

109      0  0.1336D+02 0.1651D+00 0.4813D-01 0.1550D+00 0.7102D+00 -.1598D+02 0.2790D+03 -.3442D+03 0.3581D+02 0.3604D+02 -.1363D+03 0.1799D+04

110      0  0.9844D+01 0.3100D+01 0.1950D-01 0.1550D+00 0.7102D+00 -.1598D+02 0.2790D+03 -.3442D+03 0.2996D+02 0.6309D+02 -.1245D+03 0.3432D+03

111      0  0.2231D+02 0.1253D+02 0.4580D-02 0.1550D+00 0.7102D+00 -.1598D+02 0.2790D+03 -.3442D+03 0.2826D+02 -.5906D+01 -.3781D+03 0.3207D+04

112      0  0.1737D+02 0.8273D+01 0.1291D-01 0.1550D+00 0.7102D+00 -.1598D+02 0.2790D+03 -.3442D+03 0.2819D+02 -.4770D+01 -.3046D+03 0.2917D+04

113      0  0.9119D+01 0.2077D+01 0.3157D-01 0.1550D+00 0.7102D+00 -.1598D+02 0.2790D+03 -.3442D+03 0.2875D+02 0.5762D+02 -.1193D+03 0.4910D+03

114      0  0.1536D+02 0.1647D-01 0.6203D-01 0.1550D+00 0.7102D+00 -.1598D+02 0.2790D+03 -.3442D+03 0.3479D+02 0.2230D+02 -.4462D+02 0.1561D+04

115      0  0.2053D+02 0.1116D+02 0.5199D-02 0.1550D+00 0.7102D+00 -.1598D+02 0.2790D+03 -.3442D+03 0.3134D+02 0.1384D+02 -.3589D+03 0.2464D+04

116      0  0.1112D+02 0.3880D+01 0.2776D-01 0.1550D+00 0.7102D+00 -.1598D+02 0.2790D+03 -.3442D+03 0.2864D+02 0.4381D+02 -.1597D+03 0.1015D+04

117      0  0.8987D+01 0.1007D+01 0.4404D-01 0.1550D+00 0.7102D+00 -.1598D+02 0.2790D+03 -.3442D+03 0.2874D+02 0.5437D+02 -.1173D+03 0.6600D+03

118      0  0.1245D+02 0.4642D+01 0.2738D-01 0.1550D+00 0.7102D+00 -.1598D+02 0.2790D+03 -.3442D+03 0.2854D+02 0.3154D+02 -.1803D+03 0.1507D+04

119      0  0.1241D+02 0.2745D+01 0.3134D-01 0.1550D+00 0.7102D+00 -.1598D+02 0.2790D+03 -.3442D+03 0.3467D+02 0.4468D+02 -.1955D+03 0.1539D+04

120      0  0.1208D+02 0.4550D+01 0.2580D-01 0.1550D+00 0.7102D+00 -.1598D+02 0.2790D+03 -.3442D+03 0.2860D+02 0.3639D+02 -.1782D+03 0.1306D+04

121      0  0.1002D+02 0.9921D+00 0.2962D-01 0.1550D+00 0.7102D+00 -.1598D+02 0.2790D+03 -.3442D+03 0.3306D+02 0.6260D+02 -.1554D+03 0.6688D+03

122      0  0.1098D+02 0.3643D+01 0.1742D-01 0.1550D+00 0.7102D+00 -.1598D+02 0.2790D+03 -.3442D+03 0.3213D+02 0.6269D+02 -.1597D+03 0.5138D+03

123      0  0.8913D+01 0.1475D+01 0.3645D-01 0.1550D+00 0.7102D+00 -.1598D+02 0.2790D+03 -.3442D+03 0.2881D+02 0.5729D+02 -.1171D+03 0.5259D+03

124      0  0.1137D+02 0.2600D+01 0.5251D-01 0.1550D+00 0.7102D+00 -.1598D+02 0.2790D+03 -.3442D+03 0.2860D+02 0.3414D+02 -.1162D+03 0.1403D+04

125      0  0.1888D+02 0.1010D+02 0.5391D-02 0.1550D+00 0.7102D+00 -.1598D+02 0.2790D+03 -.3442D+03 0.3258D+02 0.3381D+02 -.3068D+03 0.1687D+04

126      0  0.1175D+02 0.2748D+01 0.5329D-01 0.1550D+00 0.7102D+00 -.1598D+02 0.2790D+03 -.3442D+03 0.2858D+02 0.3107D+02 -.1114D+03 0.1488D+04

127      0  0.9146D+01 0.4468D+00 0.5082D-01 0.1550D+00 0.7102D+00 -.1598D+02 0.2790D+03 -.3442D+03 0.2878D+02 0.5183D+02 -.1157D+03 0.7807D+03

128      0  0.8713D+01 0.1223D+01 0.3537D-01 0.1550D+00 0.7102D+00 -.1598D+02 0.2790D+03 -.3442D+03 0.2885D+02 0.5909D+02 -.1128D+03 0.4556D+03

129      0  0.1140D+02 0.3424D+01 0.3798D-01 0.1550D+00 0.7102D+00 -.1598D+02 0.2790D+03 -.3442D+03 0.2864D+02 0.3668D+02 -.1482D+03 0.1340D+04

130      0  0.1511D+02 0.1526D+01 0.4924D-01 0.1550D+00 0.7102D+00 -.1598D+02 0.2790D+03 -.3442D+03 0.3640D+02 0.2384D+02 -.1008D+03 0.1975D+04

131      0  0.1208D+02 0.9320D-01 0.4283D-01 0.1550D+00 0.7102D+00 -.1598D+02 0.2790D+03 -.3442D+03 0.3513D+02 0.4544D+02 -.1631D+03 0.1542D+04

132      0  0.1096D+02 0.2544D+00 0.7716D-01 0.1550D+00 0.7102D+00 -.1598D+02 0.2790D+03 -.3442D+03 0.2866D+02 0.3704D+02 -.7558D+02 0.1187D+04

133      0  0.9080D+01 0.4140D+00 0.4959D-01 0.1550D+00 0.7102D+00 -.1598D+02 0.2790D+03 -.3442D+03 0.2880D+02 0.5260D+02 -.1160D+03 0.7498D+03

134      0  0.1621D+02 0.7621D+01 0.1385D-01 0.1550D+00 0.7102D+00 -.1598D+02 0.2790D+03 -.3442D+03 0.2839D+02 0.7804D+01 -.2791D+03 0.2397D+04

135      0  0.1203D+02 0.2911D+01 0.5259D-01 0.1550D+00 0.7102D+00 -.1598D+02 0.2790D+03 -.3442D+03 0.2859D+02 0.2891D+02 -.1105D+03 0.1552D+04

136      0  0.1810D+02 0.9883D+01 0.6103D-02 0.1550D+00 0.7102D+00 -.1598D+02 0.2790D+03 -.3442D+03 0.2856D+02 0.2580D+02 -.2772D+03 0.1661D+04

137      0  0.1083D+02 0.1822D+01 0.5982D-01 0.1550D+00 0.7102D+00 -.1598D+02 0.2790D+03 -.3442D+03 0.2868D+02 0.3794D+02 -.1057D+03 0.1264D+04

138      0  0.1629D+02 0.6941D+01 0.1449D-01 0.1550D+00 0.7102D+00 -.1598D+02 0.2790D+03 -.3442D+03 0.3322D+02 0.1654D+02 -.3028D+03 0.2458D+04

139      0  0.1396D+02 0.5967D+01 0.1954D-01 0.1550D+00 0.7102D+00 -.1598D+02 0.2790D+03 -.3442D+03 0.2855D+02 0.2347D+02 -.2213D+03 0.1795D+04

140      0  0.1180D+02 0.4344D+01 0.2634D-01 0.1550D+00 0.7102D+00 -.1598D+02 0.2790D+03 -.3442D+03 0.2869D+02 0.3886D+02 -.1732D+03 0.1215D+04

141      0  0.1289D+02 0.5549D+01 0.1806D-01 0.1550D+00 0.7102D+00 -.1598D+02 0.2790D+03 -.3442D+03 0.2868D+02 0.3687D+02 -.2000D+03 0.1233D+04

142      0  0.9835D+01 0.2216D+01 0.4028D-01 0.1550D+00 0.7102D+00 -.1598D+02 0.2790D+03 -.3442D+03 0.2880D+02 0.4926D+02 -.1313D+03 0.8608D+03

143      0  0.1193D+02 0.4574D+01 0.2392D-01 0.1550D+00 0.7102D+00 -.1598D+02 0.2790D+03 -.3442D+03 0.2871D+02 0.3962D+02 -.1778D+03 0.1170D+04

144      0  0.1098D+02 0.1348D+01 0.6805D-01 0.1550D+00 0.7102D+00 -.1598D+02 0.2790D+03 -.3442D+03 0.2869D+02 0.3676D+02 -.9000D+02 0.1255D+04

145      0  0.1577D+02 0.3049D+01 0.4148D-01 0.1550D+00 0.7102D+00 -.1598D+02 0.2790D+03 -.3442D+03 0.3589D+02 0.1533D+02 -.1212D+03 0.2310D+04

146      0  0.1164D+02 0.1506D+01 0.7214D-01 0.1550D+00 0.7102D+00 -.1598D+02 0.2790D+03 -.3442D+03 0.2869D+02 0.3245D+02 -.7386D+02 0.1307D+04

147      0  0.1827D+02 0.1007D+02 0.5655D-02 0.1550D+00 0.7102D+00 -.1598D+02 0.2790D+03 -.3442D+03 0.2865D+02 0.2870D+02 -.2684D+03 0.1575D+04

148      0  0.1400D+02 0.7156D+01 0.8233D-02 0.1550D+00 0.7102D+00 -.1598D+02 0.2790D+03 -.3442D+03 0.2887D+02 0.5158D+02 -.1727D+03 0.6402D+03

149      0  0.1859D+02 0.9250D+01 0.1019D-01 0.1550D+00 0.7102D+00 -.1598D+02 0.2790D+03 -.3442D+03 0.2831D+02 -.1017D+02 -.3422D+03 0.3154D+04

150      0  0.8950D+01 0.9460D-01 0.4710D-01 0.1550D+00 0.7102D+00 -.1598D+02 0.2790D+03 -.3442D+03 0.2889D+02 0.5429D+02 -.1162D+03 0.6851D+03

151      0  0.1037D+02 0.1085D+01 0.6355D-01 0.1550D+00 0.7102D+00 -.1598D+02 0.2790D+03 -.3442D+03 0.2879D+02 0.4138D+02 -.1029D+03 0.1155D+04

152      0  0.1209D+02 0.2288D+01 0.6343D-01 0.1550D+00 0.7102D+00 -.1598D+02 0.2790D+03 -.3442D+03 0.2869D+02 0.2887D+02 -.8414D+02 0.1457D+04

153      0  0.9831D+01 0.7794D+00 0.5895D-01 0.1550D+00 0.7102D+00 -.1598D+02 0.2790D+03 -.3442D+03 0.2883D+02 0.4577D+02 -.1110D+03 0.1022D+04

154      0  0.1257D+02 0.3233D+01 0.5051D-01 0.1550D+00 0.7102D+00 -.1598D+02 0.2790D+03 -.3442D+03 0.2865D+02 0.2480D+02 -.1103D+03 0.1679D+04

155      0  0.1285D+02 0.3791D+00 0.4634D-01 0.1550D+00 0.7102D+00 -.1598D+02 0.2790D+03 -.3442D+03 0.3546D+02 0.3937D+02 -.1477D+03 0.1723D+04

156      0  0.1332D+02 0.5307D+00 0.4784D-01 0.1550D+00 0.7102D+00 -.1598D+02 0.2790D+03 -.3442D+03 0.3569D+02 0.3605D+02 -.1374D+03 0.1798D+04

157      0  0.1116D+02 0.4704D+01 0.1468D-01 0.1550D+00 0.7102D+00 -.1598D+02 0.2790D+03 -.3442D+03 0.2897D+02 0.5722D+02 -.1402D+03 0.4508D+03

158      0  0.9436D+01 0.1857D+01 0.3906D-01 0.1550D+00 0.7102D+00 -.1598D+02 0.2790D+03 -.3442D+03 0.2893D+02 0.5300D+02 -.1267D+03 0.7178D+03

159      0  0.1047D+02 0.5929D+00 0.6854D-01 0.1550D+00 0.7102D+00 -.1598D+02 0.2790D+03 -.3442D+03 0.2883D+02 0.4063D+02 -.9480D+02 0.1162D+04

160      0  0.9445D+01 0.2831D+01 0.2263D-01 0.1550D+00 0.7102D+00 -.1598D+02 0.2790D+03 -.3442D+03 0.2901D+02 0.6093D+02 -.1175D+03 0.3570D+03

161      0  0.1595D+02 0.2117D+00 0.5658D-01 0.1550D+00 0.7102D+00 -.1598D+02 0.2790D+03 -.3442D+03 0.3648D+02 0.2080D+02 -.5320D+02 0.1714D+04

162      0  0.1754D+02 0.7779D+01 0.1326D-01 0.1550D+00 0.7102D+00 -.1598D+02 0.2790D+03 -.3442D+03 0.3249D+02 0.1867D+01 -.3282D+03 0.3009D+04

163      0  0.1057D+02 0.2452D+01 0.4517D-01 0.1550D+00 0.7102D+00 -.1598D+02 0.2790D+03 -.3442D+03 0.2887D+02 0.4232D+02 -.1322D+03 0.1151D+04

164      0  0.1171D+02 0.2563D+01 0.5501D-01 0.1550D+00 0.7102D+00 -.1598D+02 0.2790D+03 -.3442D+03 0.2878D+02 0.3179D+02 -.1086D+03 0.1468D+04

165      0  0.1497D+02 0.5538D+01 0.2758D-01 0.1550D+00 0.7102D+00 -.1598D+02 0.2790D+03 -.3442D+03 0.2922D+02 0.7208D+01 -.1912D+03 0.2487D+04

166      0  0.1242D+02 0.2628D+01 0.3264D-01 0.1550D+00 0.7102D+00 -.1598D+02 0.2790D+03 -.3442D+03 0.3463D+02 0.4395D+02 -.1916D+03 0.1566D+04

167      0  0.1196D+02 0.5018D+01 0.1750D-01 0.1550D+00 0.7102D+00 -.1598D+02 0.2790D+03 -.3442D+03 0.2892D+02 0.4689D+02 -.1748D+03 0.8450D+03

168      0  0.9706D+01 0.2577D+01 0.3107D-01 0.1550D+00 0.7102D+00 -.1598D+02 0.2790D+03 -.3442D+03 0.2899D+02 0.5426D+02 -.1327D+03 0.6417D+03

169      0  0.1343D+02 0.5783D+01 0.1836D-01 0.1550D+00 0.7102D+00 -.1598D+02 0.2790D+03 -.3442D+03 0.2879D+02 0.3130D+02 -.2135D+03 0.1477D+04

170      0  0.1285D+02 0.3551D+01 0.4658D-01 0.1550D+00 0.7102D+00 -.1598D+02 0.2790D+03 -.3442D+03 0.2871D+02 0.2274D+02 -.1194D+03 0.1776D+04

171      0  0.1593D+02 0.6405D+01 0.1700D-01 0.1550D+00 0.7102D+00 -.1598D+02 0.2790D+03 -.3442D+03 0.3338D+02 0.1612D+02 -.2847D+03 0.2511D+04

172      0  0.1532D+02 0.8174D+00 0.6090D-01 0.1550D+00 0.7102D+00 -.1598D+02 0.2790D+03 -.3442D+03 0.3463D+02 0.2178D+02 -.4821D+02 0.1601D+04

173      0  0.1609D+02 0.1932D+01 0.4995D-01 0.1550D+00 0.7102D+00 -.1598D+02 0.2790D+03 -.3442D+03 0.3644D+02 0.1704D+02 -.7436D+02 0.1977D+04

174      0  0.2029D+02 0.1080D+02 0.6795D-02 0.1550D+00 0.7102D+00 -.1598D+02 0.2790D+03 -.3442D+03 0.2844D+02 -.9196D+01 -.3772D+03 0.3159D+04

175      0  0.1551D+02 0.8113D+01 0.7748D-02 0.1550D+00 0.7102D+00 -.1598D+02 0.2790D+03 -.3442D+03 0.2889D+02 0.4096D+02 -.2197D+03 0.1034D+04

176      0  0.1416D+02 0.2812D+01 0.3899D-01 0.1550D+00 0.7102D+00 -.1598D+02 0.2790D+03 -.3442D+03 0.3526D+02 0.2759D+02 -.1607D+03 0.2108D+04

177      0  0.1253D+02 0.1247D+01 0.4242D-01 0.1550D+00 0.7102D+00 -.1598D+02 0.2790D+03 -.3442D+03 0.3511D+02 0.4161D+02 -.1622D+03 0.1666D+04

178      0  0.1248D+02 0.4933D+01 0.2265D-01 0.1550D+00 0.7102D+00 -.1598D+02 0.2790D+03 -.3442D+03 0.2886D+02 0.3590D+02 -.1903D+03 0.1328D+04

179      0  0.1399D+02 0.4663D+01 0.2299D-01 0.1550D+00 0.7102D+00 -.1598D+02 0.2790D+03 -.3442D+03 0.3411D+02 0.3274D+02 -.2355D+03 0.1931D+04

180      0  0.9058D+01 0.2215D+01 0.2576D-01 0.1550D+00 0.7102D+00 -.1598D+02 0.2790D+03 -.3442D+03 0.2910D+02 0.6169D+02 -.1134D+03 0.3485D+03

181      0  0.1011D+02 0.1921D+01 0.4755D-01 0.1550D+00 0.7102D+00 -.1598D+02 0.2790D+03 -.3442D+03 0.2896D+02 0.4571D+02 -.1269D+03 0.1032D+04

182      0  0.1414D+02 0.4796D+01 0.3439D-01 0.1550D+00 0.7102D+00 -.1598D+02 0.2790D+03 -.3442D+03 0.2873D+02 0.1243D+02 -.1560D+03 0.2207D+04

183      0  0.2142D+02 0.1159D+02 0.5904D-02 0.1550D+00 0.7102D+00 -.1598D+02 0.2790D+03 -.3442D+03 0.2856D+02 -.1456D+02 -.3995D+03 0.3467D+04

184      0  0.9879D+01 0.3404D+00 0.3106D-01 0.1550D+00 0.7102D+00 -.1598D+02 0.2790D+03 -.3442D+03 0.3292D+02 0.6264D+02 -.1520D+03 0.6622D+03

185      0  0.1438D+02 0.3080D+01 0.3771D-01 0.1550D+00 0.7102D+00 -.1598D+02 0.2790D+03 -.3442D+03 0.3518D+02 0.2547D+02 -.1640D+03 0.2179D+04

186      0  0.1477D+02 0.4833D+00 0.5235D-01 0.1550D+00 0.7102D+00 -.1598D+02 0.2790D+03 -.3442D+03 0.3634D+02 0.2706D+02 -.9605D+02 0.1857D+04

187      0  0.1155D+02 0.2848D+01 0.4809D-01 0.1550D+00 0.7102D+00 -.1598D+02 0.2790D+03 -.3442D+03 0.2888D+02 0.3383D+02 -.1264D+03 0.1449D+04

188      0  0.1204D+02 0.3434D+01 0.4229D-01 0.1550D+00 0.7102D+00 -.1598D+02 0.2790D+03 -.3442D+03 0.2885D+02 0.3046D+02 -.1392D+03 0.1579D+04

189      0  0.1434D+02 0.1143D+01 0.4937D-01 0.1550D+00 0.7102D+00 -.1598D+02 0.2790D+03 -.3442D+03 0.3605D+02 0.2889D+02 -.1153D+03 0.1910D+04

190      0  0.1004D+02 0.9395D+00 0.5911D-01 0.1550D+00 0.7102D+00 -.1598D+02 0.2790D+03 -.3442D+03 0.2898D+02 0.4456D+02 -.1113D+03 0.1075D+04

191      0  0.1593D+02 0.3114D+01 0.4304D-01 0.1550D+00 0.7102D+00 -.1598D+02 0.2790D+03 -.3442D+03 0.3531D+02 0.1300D+02 -.1066D+03 0.2269D+04

192      0  0.1336D+02 0.3820D+01 0.2742D-01 0.1550D+00 0.7102D+00 -.1598D+02 0.2790D+03 -.3442D+03 0.3436D+02 0.3667D+02 -.2137D+03 0.1814D+04

193      0  0.1155D+02 0.1655D+01 0.6752D-01 0.1550D+00 0.7102D+00 -.1598D+02 0.2790D+03 -.3442D+03 0.2889D+02 0.3332D+02 -.8453D+02 0.1342D+04

194      0  0.1428D+02 0.3512D+01 0.3396D-01 0.1550D+00 0.7102D+00 -.1598D+02 0.2790D+03 -.3442D+03 0.3485D+02 0.2604D+02 -.1834D+03 0.2196D+04

195      0  0.8677D+01 0.7199D+00 0.3676D-01 0.1550D+00 0.7102D+00 -.1598D+02 0.2790D+03 -.3442D+03 0.2914D+02 0.5958D+02 -.1137D+03 0.4668D+03

196      0  0.9152D+01 0.1086D+01 0.4286D-01 0.1550D+00 0.7102D+00 -.1598D+02 0.2790D+03 -.3442D+03 0.2911D+02 0.5440D+02 -.1216D+03 0.6890D+03

197      0  0.1227D+02 0.6990D+00 0.8248D-01 0.1550D+00 0.7102D+00 -.1598D+02 0.2790D+03 -.3442D+03 0.2905D+02 0.3059D+02 -.4694D+02 0.1206D+04

198      0  0.1623D+02 0.6662D+01 0.1967D-01 0.1550D+00 0.7102D+00 -.1598D+02 0.2790D+03 -.3442D+03 0.3012D+02 0.8119D+00 -.2520D+03 0.2854D+04

199      0  0.1148D+02 0.2085D+01 0.6002D-01 0.1550D+00 0.7102D+00 -.1598D+02 0.2790D+03 -.3442D+03 0.2893D+02 0.3378D+02 -.1005D+03 0.1391D+04

200      0  0.1602D+02 0.4424D+01 0.3270D-01 0.1550D+00 0.7102D+00 -.1598D+02 0.2790D+03 -.3442D+03 0.3449D+02 0.8118D+01 -.1664D+03 0.2679D+04

201      0  0.1018D+02 0.8690D+00 0.6105D-01 0.1550D+00 0.7102D+00 -.1598D+02 0.2790D+03 -.3442D+03 0.2904D+02 0.4350D+02 -.1084D+03 0.1112D+04

202      0  0.1228D+02 0.1300D+01 0.7728D-01 0.1550D+00 0.7102D+00 -.1598D+02 0.2790D+03 -.3442D+03 0.2899D+02 0.2970D+02 -.5494D+02 0.1282D+04

203      0  0.1508D+02 0.3179D+00 0.5367D-01 0.1550D+00 0.7102D+00 -.1598D+02 0.2790D+03 -.3442D+03 0.3639D+02 0.2536D+02 -.8437D+02 0.1827D+04

204      0  0.2030D+02 0.1085D+02 0.6595D-02 0.1550D+00 0.7102D+00 -.1598D+02 0.2790D+03 -.3442D+03 0.2860D+02 -.6865D+01 -.3751D+03 0.3074D+04

205      0  0.1104D+02 0.2031D+01 0.5630D-01 0.1550D+00 0.7102D+00 -.1598D+02 0.2790D+03 -.3442D+03 0.2899D+02 0.3735D+02 -.1121D+03 0.1316D+04

206      0  0.1211D+02 0.2103D+01 0.6488D-01 0.1550D+00 0.7102D+00 -.1598D+02 0.2790D+03 -.3442D+03 0.2893D+02 0.2946D+02 -.8173D+02 0.1439D+04

207      0  0.1277D+02 0.1266D+00 0.4662D-01 0.1550D+00 0.7102D+00 -.1598D+02 0.2790D+03 -.3442D+03 0.3535D+02 0.3976D+02 -.1472D+03 0.1703D+04

208      0  0.1175D+02 0.4255D+00 0.8045D-01 0.1550D+00 0.7102D+00 -.1598D+02 0.2790D+03 -.3442D+03 0.2900D+02 0.3325D+02 -.5947D+02 0.1216D+04

209      0  0.1458D+02 0.6582D+00 0.6690D-01 0.1550D+00 0.7102D+00 -.1598D+02 0.2790D+03 -.3442D+03 0.3301D+02 0.2406D+02 -.4361D+02 0.1462D+04

210      0  0.1078D+02 0.6807D+00 0.6939D-01 0.1550D+00 0.7102D+00 -.1598D+02 0.2790D+03 -.3442D+03 0.2904D+02 0.3901D+02 -.9138D+02 0.1211D+04

211      0  0.1521D+02 0.6324D+01 0.2095D-01 0.1550D+00 0.7102D+00 -.1598D+02 0.2790D+03 -.3442D+03 0.2877D+02 0.8293D+01 -.2315D+03 0.2445D+04

212      0  0.1439D+02 0.3296D+00 0.5178D-01 0.1550D+00 0.7102D+00 -.1598D+02 0.2790D+03 -.3442D+03 0.3614D+02 0.2925D+02 -.1056D+03 0.1850D+04

213      0  0.1674D+02 0.8419D+01 0.9846D-02 0.1550D+00 0.7102D+00 -.1598D+02 0.2790D+03 -.3442D+03 0.2885D+02 0.1685D+02 -.2916D+03 0.2010D+04

214      0  0.1124D+02 0.3030D+00 0.7607D-01 0.1550D+00 0.7102D+00 -.1598D+02 0.2790D+03 -.3442D+03 0.2903D+02 0.3614D+02 -.7477D+02 0.1224D+04

215      0  0.1935D+02 0.1028D+02 0.7005D-02 0.1550D+00 0.7102D+00 -.1598D+02 0.2790D+03 -.3442D+03 0.2872D+02 0.2260D+01 -.3496D+03 0.2657D+04

216      0  0.1315D+02 0.6073D+01 0.1316D-01 0.1550D+00 0.7102D+00 -.1598D+02 0.2790D+03 -.3442D+03 0.2910D+02 0.4435D+02 -.1957D+03 0.9252D+03

217      0  0.9603D+01 0.8656D-02 0.5572D-01 0.1550D+00 0.7102D+00 -.1598D+02 0.2790D+03 -.3442D+03 0.2915D+02 0.4862D+02 -.1157D+03 0.9439D+03

218      0  0.1129D+02 0.2669D+01 0.4796D-01 0.1550D+00 0.7102D+00 -.1598D+02 0.2790D+03 -.3442D+03 0.2904D+02 0.3631D+02 -.1283D+03 0.1379D+04

219      0  0.9545D+01 0.1297D+01 0.4647D-01 0.1550D+00 0.7102D+00 -.1598D+02 0.2790D+03 -.3442D+03 0.2917D+02 0.5077D+02 -.1245D+03 0.8503D+03

220      0  0.1238D+02 0.3741D+01 0.3919D-01 0.1550D+00 0.7102D+00 -.1598D+02 0.2790D+03 -.3442D+03 0.2897D+02 0.2841D+02 -.1479D+03 0.1669D+04

221      0  0.1048D+02 0.1654D+01 0.5502D-01 0.1550D+00 0.7102D+00 -.1598D+02 0.2790D+03 -.3442D+03 0.2910D+02 0.4203D+02 -.1171D+03 0.1176D+04

222      0  0.8566D+01 0.2980D+00 0.3527D-01 0.1550D+00 0.7102D+00 -.1598D+02 0.2790D+03 -.3442D+03 0.2928D+02 0.6114D+02 -.1114D+03 0.4143D+03

223      0  0.1137D+02 0.1172D+01 0.7079D-01 0.1550D+00 0.7102D+00 -.1598D+02 0.2790D+03 -.3442D+03 0.2905D+02 0.3506D+02 -.8173D+02 0.1287D+04

224      0  0.1170D+02 0.6994D+00 0.7799D-01 0.1550D+00 0.7102D+00 -.1598D+02 0.2790D+03 -.3442D+03 0.2905D+02 0.3343D+02 -.6439D+02 0.1243D+04

225      0  0.1225D+02 0.8877D+00 0.8035D-01 0.1550D+00 0.7102D+00 -.1598D+02 0.2790D+03 -.3442D+03 0.2910D+02 0.3057D+02 -.5094D+02 0.1236D+04

226      0  0.1037D+02 0.4379D+00 0.6538D-01 0.1550D+00 0.7102D+00 -.1598D+02 0.2790D+03 -.3442D+03 0.2912D+02 0.4214D+02 -.1014D+03 0.1149D+04

227      0  0.1851D+02 0.8394D+01 0.1257D-01 0.1550D+00 0.7102D+00 -.1598D+02 0.2790D+03 -.3442D+03 0.3167D+02 -.1112D+02 -.3436D+03 0.3490D+04

228      0  0.1135D+02 0.3553D+01 0.3333D-01 0.1550D+00 0.7102D+00 -.1598D+02 0.2790D+03 -.3442D+03 0.2910D+02 0.3997D+02 -.1585D+03 0.1239D+04

229      0  0.1155D+02 0.1352D+01 0.7025D-01 0.1550D+00 0.7102D+00 -.1598D+02 0.2790D+03 -.3442D+03 0.2905D+02 0.3386D+02 -.8014D+02 0.1313D+04

230      0  0.1449D+02 0.3641D+01 0.3376D-01 0.1550D+00 0.7102D+00 -.1598D+02 0.2790D+03 -.3442D+03 0.3480D+02 0.2391D+02 -.1823D+03 0.2259D+04

231      0  0.1162D+02 0.8713D+00 0.7581D-01 0.1550D+00 0.7102D+00 -.1598D+02 0.2790D+03 -.3442D+03 0.2906D+02 0.3380D+02 -.6943D+02 0.1261D+04

232      0  0.1965D+02 0.1072D+02 0.5866D-02 0.1550D+00 0.7102D+00 -.1598D+02 0.2790D+03 -.3442D+03 0.2884D+02 0.1067D+02 -.3331D+03 0.2345D+04

233      0  0.9683D+01 0.1793D+01 0.4170D-01 0.1550D+00 0.7102D+00 -.1598D+02 0.2790D+03 -.3442D+03 0.2921D+02 0.5103D+02 -.1300D+03 0.8314D+03

234      0  0.1340D+02 0.5719D+01 0.1842D-01 0.1550D+00 0.7102D+00 -.1598D+02 0.2790D+03 -.3442D+03 0.2904D+02 0.3219D+02 -.2139D+03 0.1464D+04

235      0  0.1104D+02 0.3176D+01 0.3651D-01 0.1550D+00 0.7102D+00 -.1598D+02 0.2790D+03 -.3442D+03 0.2913D+02 0.4141D+02 -.1504D+03 0.1195D+04

236      0  0.1457D+02 0.3078D+01 0.5062D-01 0.1550D+00 0.7102D+00 -.1598D+02 0.2790D+03 -.3442D+03 0.3160D+02 0.1645D+02 -.8775D+02 0.1933D+04

237      0  0.1399D+02 0.4202D+01 0.4068D-01 0.1550D+00 0.7102D+00 -.1598D+02 0.2790D+03 -.3442D+03 0.2923D+02 0.1436D+02 -.1298D+03 0.2095D+04

238      0  0.1178D+02 0.3281D+01 0.4172D-01 0.1550D+00 0.7102D+00 -.1598D+02 0.2790D+03 -.3442D+03 0.2907D+02 0.3339D+02 -.1422D+03 0.1496D+04

239      0  0.1198D+02 0.1269D+01 0.3973D-01 0.1550D+00 0.7102D+00 -.1598D+02 0.2790D+03 -.3442D+03 0.3478D+02 0.4611D+02 -.1706D+03 0.1500D+04

240      0  0.1324D+02 0.1167D+01 0.7516D-01 0.1550D+00 0.7102D+00 -.1598D+02 0.2790D+03 -.3442D+03 0.3020D+02 0.2679D+02 -.4456D+02 0.1322D+04

241      0  0.1248D+02 0.2739D+01 0.5646D-01 0.1550D+00 0.7102D+00 -.1598D+02 0.2790D+03 -.3442D+03 0.2901D+02 0.2650D+02 -.9642D+02 0.1593D+04

242      0  0.9359D+01 0.2374D+01 0.2703D-01 0.1550D+00 0.7102D+00 -.1598D+02 0.2790D+03 -.3442D+03 0.2932D+02 0.5957D+02 -.1234D+03 0.4474D+03

243      0  0.1155D+02 0.7252D+00 0.3920D-01 0.1550D+00 0.7102D+00 -.1598D+02 0.2790D+03 -.3442D+03 0.3469D+02 0.4984D+02 -.1708D+03 0.1357D+04

244      0  0.2067D+02 0.1041D+02 0.8619D-02 0.1550D+00 0.7102D+00 -.1598D+02 0.2790D+03 -.3442D+03 0.2902D+02 -.2945D+02 -.3993D+03 0.4093D+04

245      0  0.1238D+02 0.9397D+00 0.8018D-01 0.1550D+00 0.7102D+00 -.1598D+02 0.2790D+03 -.3442D+03 0.2917D+02 0.2996D+02 -.4892D+02 0.1240D+04

246      0  0.1219D+02 0.2210D+01 0.6286D-01 0.1550D+00 0.7102D+00 -.1598D+02 0.2790D+03 -.3442D+03 0.2906D+02 0.2909D+02 -.8546D+02 0.1472D+04

247      0  0.1646D+02 0.7954D+01 0.1188D-01 0.1550D+00 0.7102D+00 -.1598D+02 0.2790D+03 -.3442D+03 0.2891D+02 0.1200D+02 -.2904D+03 0.2242D+04

248      0  0.1343D+02 0.6783D+01 0.7826D-02 0.1550D+00 0.7102D+00 -.1598D+02 0.2790D+03 -.3442D+03 0.2933D+02 0.5842D+02 -.1480D+03 0.4502D+03

249      0  0.1184D+02 0.7858D+00 0.7788D-01 0.1550D+00 0.7102D+00 -.1598D+02 0.2790D+03 -.3442D+03 0.2912D+02 0.3272D+02 -.6239D+02 0.1252D+04

250      0  0.1574D+02 0.9175D+00 0.5495D-01 0.1550D+00 0.7102D+00 -.1598D+02 0.2790D+03 -.3442D+03 0.3628D+02 0.2104D+02 -.6334D+02 0.1784D+04

251      0  0.1544D+02 0.9642D+00 0.5376D-01 0.1550D+00 0.7102D+00 -.1598D+02 0.2790D+03 -.3442D+03 0.3627D+02 0.2256D+02 -.7482D+02 0.1830D+04

252      0  0.1377D+02 0.9627D+00 0.4875D-01 0.1550D+00 0.7102D+00 -.1598D+02 0.2790D+03 -.3442D+03 0.3571D+02 0.3250D+02 -.1270D+03 0.1855D+04

253      0  0.1072D+02 0.3236D+01 0.3160D-01 0.1550D+00 0.7102D+00 -.1598D+02 0.2790D+03 -.3442D+03 0.2924D+02 0.4653D+02 -.1527D+03 0.9789D+03

254      0  0.1177D+02 0.9981D+00 0.7536D-01 0.1550D+00 0.7102D+00 -.1598D+02 0.2790D+03 -.3442D+03 0.2913D+02 0.3296D+02 -.6788D+02 0.1278D+04

255      0  0.1036D+02 0.1649D+01 0.2754D-01 0.1550D+00 0.7102D+00 -.1598D+02 0.2790D+03 -.3442D+03 0.3337D+02 0.6193D+02 -.1635D+03 0.7123D+03

256      0  0.1442D+02 0.3426D+01 0.4781D-01 0.1550D+00 0.7102D+00 -.1598D+02 0.2790D+03 -.3442D+03 0.3095D+02 0.1547D+02 -.9910D+02 0.2001D+04

257      0  0.1567D+02 0.6507D+01 0.1550D-01 0.1550D+00 0.7102D+00 -.1598D+02 0.2790D+03 -.3442D+03 0.3325D+02 0.2190D+02 -.2872D+03 0.2244D+04

258      0  0.8657D+01 0.1251D+00 0.3650D-01 0.1550D+00 0.7102D+00 -.1598D+02 0.2790D+03 -.3442D+03 0.2939D+02 0.6043D+02 -.1142D+03 0.4556D+03

259      0  0.1249D+02 0.2974D+01 0.5214D-01 0.1550D+00 0.7102D+00 -.1598D+02 0.2790D+03 -.3442D+03 0.2909D+02 0.2652D+02 -.1084D+03 0.1643D+04

260      0  0.1162D+02 0.2491D+00 0.7835D-01 0.1550D+00 0.7102D+00 -.1598D+02 0.2790D+03 -.3442D+03 0.2917D+02 0.3426D+02 -.6570D+02 0.1232D+04

261      0  0.9604D+01 0.2537D+01 0.2288D-01 0.1550D+00 0.7102D+00 -.1598D+02 0.2790D+03 -.3442D+03 0.3027D+02 0.6282D+02 -.1273D+03 0.3896D+03

262      0  0.9791D+01 0.2559D+01 0.3041D-01 0.1550D+00 0.7102D+00 -.1598D+02 0.2790D+03 -.3442D+03 0.2936D+02 0.5485D+02 -.1358D+03 0.6479D+03

263      0  0.1467D+02 0.4936D+01 0.3292D-01 0.1550D+00 0.7102D+00 -.1598D+02 0.2790D+03 -.3442D+03 0.2953D+02 0.9412D+01 -.1623D+03 0.2369D+04

264      0  0.1268D+02 0.1975D+01 0.3946D-01 0.1550D+00 0.7102D+00 -.1598D+02 0.2790D+03 -.3442D+03 0.3485D+02 0.4003D+02 -.1703D+03 0.1713D+04

265      0  0.1400D+02 0.6419D+01 0.1425D-01 0.1550D+00 0.7102D+00 -.1598D+02 0.2790D+03 -.3442D+03 0.2918D+02 0.3379D+02 -.2270D+03 0.1366D+04

266      0  0.1457D+02 0.2620D+01 0.5457D-01 0.1550D+00 0.7102D+00 -.1598D+02 0.2790D+03 -.3442D+03 0.3204D+02 0.1843D+02 -.7530D+02 0.1816D+04

267      0  0.1179D+02 0.1035D+01 0.7468D-01 0.1550D+00 0.7102D+00 -.1598D+02 0.2790D+03 -.3442D+03 0.2918D+02 0.3293D+02 -.6900D+02 0.1287D+04

268      0  0.1208D+02 0.4873D+00 0.8077D-01 0.1550D+00 0.7102D+00 -.1598D+02 0.2790D+03 -.3442D+03 0.2921D+02 0.3188D+02 -.5390D+02 0.1224D+04

269      0  0.1140D+02 0.2327D+00 0.7614D-01 0.1550D+00 0.7102D+00 -.1598D+02 0.2790D+03 -.3442D+03 0.2921D+02 0.3551D+02 -.7282D+02 0.1238D+04

270      0  0.1343D+02 0.4900D+01 0.1830D-01 0.1550D+00 0.7102D+00 -.1598D+02 0.2790D+03 -.3442D+03 0.3386D+02 0.4358D+02 -.2367D+03 0.1423D+04

271      0  0.1183D+02 0.2448D+00 0.7980D-01 0.1550D+00 0.7102D+00 -.1598D+02 0.2790D+03 -.3442D+03 0.2920D+02 0.3320D+02 -.5986D+02 0.1227D+04

272      0  0.1561D+02 0.3643D+01 0.3722D-01 0.1550D+00 0.7102D+00 -.1598D+02 0.2790D+03 -.3442D+03 0.3520D+02 0.1412D+02 -.1465D+03 0.2447D+04

273      0  0.1425D+02 0.6987D+01 0.1035D-01 0.1550D+00 0.7102D+00 -.1598D+02 0.2790D+03 -.3442D+03 0.2927D+02 0.4247D+02 -.2125D+03 0.9954D+03

274      0  0.1159D+02 0.3394D+01 0.3755D-01 0.1550D+00 0.7102D+00 -.1598D+02 0.2790D+03 -.3442D+03 0.2922D+02 0.3653D+02 -.1525D+03 0.1395D+04

275      0  0.1299D+02 0.5752D+00 0.8039D-01 0.1550D+00 0.7102D+00 -.1598D+02 0.2790D+03 -.3442D+03 0.2991D+02 0.2842D+02 -.3940D+02 0.1232D+04

276      0  0.1274D+02 0.5398D+01 0.1768D-01 0.1550D+00 0.7102D+00 -.1598D+02 0.2790D+03 -.3442D+03 0.2926D+02 0.4032D+02 -.1983D+03 0.1139D+04

277      0  0.1248D+02 0.7822D+00 0.8103D-01 0.1550D+00 0.7102D+00 -.1598D+02 0.2790D+03 -.3442D+03 0.2930D+02 0.2986D+02 -.4624D+02 0.1228D+04

278      0  0.1536D+02 0.7672D+01 0.6984D-02 0.1550D+00 0.7102D+00 -.1598D+02 0.2790D+03 -.3442D+03 0.3284D+02 0.5591D+02 -.2176D+03 0.7861D+03

279      0  0.1523D+02 0.4774D+00 0.6201D-01 0.1550D+00 0.7102D+00 -.1598D+02 0.2790D+03 -.3442D+03 0.3456D+02 0.2254D+02 -.4703D+02 0.1569D+04

280      0  0.1272D+02 0.3336D+00 0.8284D-01 0.1550D+00 0.7102D+00 -.1598D+02 0.2790D+03 -.3442D+03 0.2955D+02 0.2940D+02 -.3951D+02 0.1197D+04

281      0  0.1584D+02 0.1642D+01 0.5385D-01 0.1550D+00 0.7102D+00 -.1598D+02 0.2790D+03 -.3442D+03 0.3566D+02 0.1841D+02 -.6231D+02 0.1828D+04

282      0  0.1229D+02 0.9159D-01 0.8287D-01 0.1550D+00 0.7102D+00 -.1598D+02 0.2790D+03 -.3442D+03 0.2928D+02 0.3112D+02 -.4696D+02 0.1199D+04

283      0  0.1352D+02 0.4548D+01 0.3371D-01 0.1550D+00 0.7102D+00 -.1598D+02 0.2790D+03 -.3442D+03 0.2908D+02 0.1944D+02 -.1648D+03 0.2010D+04

284      0  0.1045D+02 0.2845D+00 0.6533D-01 0.1550D+00 0.7102D+00 -.1598D+02 0.2790D+03 -.3442D+03 0.2929D+02 0.4197D+02 -.1016D+03 0.1165D+04

285      0  0.1122D+02 0.3001D+01 0.4046D-01 0.1550D+00 0.7102D+00 -.1598D+02 0.2790D+03 -.3442D+03 0.2926D+02 0.3897D+02 -.1450D+03 0.1308D+04

286      0  0.1111D+02 0.2209D+00 0.7296D-01 0.1550D+00 0.7102D+00 -.1598D+02 0.2790D+03 -.3442D+03 0.2925D+02 0.3737D+02 -.8244D+02 0.1234D+04

287      0  0.1202D+02 0.9855D+00 0.7670D-01 0.1550D+00 0.7102D+00 -.1598D+02 0.2790D+03 -.3442D+03 0.2922D+02 0.3177D+02 -.6164D+02 0.1277D+04

288      0  0.1007D+02 0.2137D+01 0.4095D-01 0.1550D+00 0.7102D+00 -.1598D+02 0.2790D+03 -.3442D+03 0.2935D+02 0.4859D+02 -.1358D+03 0.9402D+03

289      0  0.8843D+01 0.1413D+01 0.2985D-01 0.1550D+00 0.7102D+00 -.1598D+02 0.2790D+03 -.3442D+03 0.2955D+02 0.6214D+02 -.1149D+03 0.3823D+03

290      0  0.1112D+02 0.1871D+01 0.2993D-01 0.1550D+00 0.7102D+00 -.1598D+02 0.2790D+03 -.3442D+03 0.3431D+02 0.5639D+02 -.1815D+03 0.1034D+04

291      0  0.1586D+02 0.3698D+01 0.3747D-01 0.1550D+00 0.7102D+00 -.1598D+02 0.2790D+03 -.3442D+03 0.3524D+02 0.1199D+02 -.1401D+03 0.2479D+04

292      0  0.1162D+02 0.4882D+01 0.1528D-01 0.1550D+00 0.7102D+00 -.1598D+02 0.2790D+03 -.3442D+03 0.2942D+02 0.5407D+02 -.1591D+03 0.5987D+03

293      0  0.1189D+02 0.4008D+00 0.4239D-01 0.1550D+00 0.7102D+00 -.1598D+02 0.2790D+03 -.3442D+03 0.3481D+02 0.4643D+02 -.1635D+03 0.1487D+04

294      0  0.1145D+02 0.3534D+01 0.3383D-01 0.1550D+00 0.7102D+00 -.1598D+02 0.2790D+03 -.3442D+03 0.2929D+02 0.3925D+02 -.1595D+03 0.1287D+04

295      0  0.1178D+02 0.6516D+00 0.7716D-01 0.1550D+00 0.7102D+00 -.1598D+02 0.2790D+03 -.3442D+03 0.2925D+02 0.3335D+02 -.6516D+02 0.1256D+04

296      0  0.9663D+01 0.1211D+00 0.5438D-01 0.1550D+00 0.7102D+00 -.1598D+02 0.2790D+03 -.3442D+03 0.2938D+02 0.4894D+02 -.1183D+03 0.9508D+03

297      0  0.1714D+02 0.9120D+01 0.6951D-02 0.1550D+00 0.7102D+00 -.1598D+02 0.2790D+03 -.3442D+03 0.2921D+02 0.3047D+02 -.2670D+03 0.1488D+04

298      0  0.9230D+01 0.3446D-01 0.4704D-01 0.1550D+00 0.7102D+00 -.1598D+02 0.2790D+03 -.3442D+03 0.2943D+02 0.5361D+02 -.1217D+03 0.7614D+03

299      0  0.1530D+02 0.2518D+01 0.4483D-01 0.1550D+00 0.7102D+00 -.1598D+02 0.2790D+03 -.3442D+03 0.3577D+02 0.1968D+02 -.1137D+03 0.2143D+04

300      0  0.1485D+02 0.5207D+01 0.2237D-01 0.1550D+00 0.7102D+00 -.1598D+02 0.2790D+03 -.3442D+03 0.3380D+02 0.2299D+02 -.2444D+03 0.2289D+04

301      0  0.1085D+02 0.8423D+00 0.6649D-01 0.1550D+00 0.7102D+00 -.1598D+02 0.2790D+03 -.3442D+03 0.2931D+02 0.3918D+02 -.9644D+02 0.1237D+04

302      0  0.1026D+02 0.1049D+01 0.5755D-01 0.1550D+00 0.7102D+00 -.1598D+02 0.2790D+03 -.3442D+03 0.2936D+02 0.4401D+02 -.1146D+03 0.1125D+04

303      0  0.1598D+02 0.2477D+01 0.4708D-01 0.1550D+00 0.7102D+00 -.1598D+02 0.2790D+03 -.3442D+03 0.3592D+02 0.1548D+02 -.8780D+02 0.2099D+04

304      0  0.1420D+02 0.5682D+01 0.2279D-01 0.1550D+00 0.7102D+00 -.1598D+02 0.2790D+03 -.3442D+03 0.2913D+02 0.1857D+02 -.2160D+03 0.2067D+04

305      0  0.1204D+02 0.3566D+00 0.8030D-01 0.1550D+00 0.7102D+00 -.1598D+02 0.2790D+03 -.3442D+03 0.2929D+02 0.3222D+02 -.5557D+02 0.1229D+04

306      0  0.1222D+02 0.3331D+01 0.4353D-01 0.1550D+00 0.7102D+00 -.1598D+02 0.2790D+03 -.3442D+03 0.2924D+02 0.2967D+02 -.1366D+03 0.1629D+04

307      0  0.1133D+02 0.2987D+01 0.4145D-01 0.1550D+00 0.7102D+00 -.1598D+02 0.2790D+03 -.3442D+03 0.2932D+02 0.3792D+02 -.1435D+03 0.1352D+04

308      0  0.9676D+01 0.4550D-02 0.5424D-01 0.1550D+00 0.7102D+00 -.1598D+02 0.2790D+03 -.3442D+03 0.2942D+02 0.4897D+02 -.1186D+03 0.9532D+03

309      0  0.1211D+02 0.1141D+01 0.7529D-01 0.1550D+00 0.7102D+00 -.1598D+02 0.2790D+03 -.3442D+03 0.2928D+02 0.3124D+02 -.6277D+02 0.1300D+04

310      0  0.1401D+02 0.5603D+01 0.2268D-01 0.1550D+00 0.7102D+00 -.1598D+02 0.2790D+03 -.3442D+03 0.2917D+02 0.2089D+02 -.2147D+03 0.1976D+04

311      0  0.1113D+02 0.1602D+01 0.6105D-01 0.1550D+00 0.7102D+00 -.1598D+02 0.2790D+03 -.3442D+03 0.2932D+02 0.3725D+02 -.1035D+03 0.1317D+04

312      0  0.1303D+02 0.3861D+01 0.2568D-01 0.1550D+00 0.7102D+00 -.1598D+02 0.2790D+03 -.3442D+03 0.3412D+02 0.4060D+02 -.2156D+03 0.1630D+04

313      0  0.1194D+02 0.2779D+00 0.7969D-01 0.1550D+00 0.7102D+00 -.1598D+02 0.2790D+03 -.3442D+03 0.2930D+02 0.3276D+02 -.5841D+02 0.1233D+04

314      0  0.1277D+02 0.4602D+01 0.1706D-01 0.1550D+00 0.7102D+00 -.1598D+02 0.2790D+03 -.3442D+03 0.3391D+02 0.5224D+02 -.2189D+03 0.1060D+04

315      0  0.9891D+01 0.2798D+01 0.2717D-01 0.1550D+00 0.7102D+00 -.1598D+02 0.2790D+03 -.3442D+03 0.2950D+02 0.5619D+02 -.1370D+03 0.5923D+03

316      0  0.1233D+02 0.1346D+01 0.7454D-01 0.1550D+00 0.7102D+00 -.1598D+02 0.2790D+03 -.3442D+03 0.2929D+02 0.2984D+02 -.6015D+02 0.1321D+04

317      0  0.1461D+02 0.2824D+01 0.4081D-01 0.1550D+00 0.7102D+00 -.1598D+02 0.2790D+03 -.3442D+03 0.3529D+02 0.2368D+02 -.1451D+03 0.2167D+04

318      0  0.1290D+02 0.2368D+01 0.6360D-01 0.1550D+00 0.7102D+00 -.1598D+02 0.2790D+03 -.3442D+03 0.2930D+02 0.2486D+02 -.7254D+02 0.1531D+04

319      0  0.1775D+02 0.8833D+01 0.1006D-01 0.1550D+00 0.7102D+00 -.1598D+02 0.2790D+03 -.3442D+03 0.2904D+02 0.3458D+01 -.3246D+03 0.2612D+04

320      0  0.9506D+01 0.1764D+01 0.3731D-01 0.1550D+00 0.7102D+00 -.1598D+02 0.2790D+03 -.3442D+03 0.2950D+02 0.5445D+02 -.1307D+03 0.7049D+03

321      0  0.1223D+02 0.4795D+01 0.2136D-01 0.1550D+00 0.7102D+00 -.1598D+02 0.2790D+03 -.3442D+03 0.2938D+02 0.4085D+02 -.1881D+03 0.1160D+04

322      0  0.1298D+02 0.4520D+01 0.3052D-01 0.1550D+00 0.7102D+00 -.1598D+02 0.2790D+03 -.3442D+03 0.2925D+02 0.2629D+02 -.1783D+03 0.1784D+04

323      0  0.1024D+02 0.1009D+01 0.5719D-01 0.1550D+00 0.7102D+00 -.1598D+02 0.2790D+03 -.3442D+03 0.2941D+02 0.4435D+02 -.1154D+03 0.1118D+04

324      0  0.1585D+02 0.5285D+01 0.2768D-01 0.1550D+00 0.7102D+00 -.1598D+02 0.2790D+03 -.3442D+03 0.3241D+02 0.5364D+01 -.1980D+03 0.2762D+04

325      0  0.1397D+02 0.5462D+01 0.2405D-01 0.1550D+00 0.7102D+00 -.1598D+02 0.2790D+03 -.3442D+03 0.2920D+02 0.2011D+02 -.2089D+03 0.2015D+04

326      0  0.1742D+02 0.8503D+01 0.1107D-01 0.1550D+00 0.7102D+00 -.1598D+02 0.2790D+03 -.3442D+03 0.2905D+02 0.3225D+01 -.3163D+03 0.2630D+04

327      0  0.9576D+01 0.2345D+01 0.2951D-01 0.1550D+00 0.7102D+00 -.1598D+02 0.2790D+03 -.3442D+03 0.2954D+02 0.5732D+02 -.1315D+03 0.5629D+03

328      0  0.1841D+02 0.9258D+01 0.9423D-02 0.1550D+00 0.7102D+00 -.1598D+02 0.2790D+03 -.3442D+03 0.2901D+02 -.2016D+01 -.3418D+03 0.2850D+04

329      0  0.1381D+02 0.3568D+01 0.4760D-01 0.1550D+00 0.7102D+00 -.1598D+02 0.2790D+03 -.3442D+03 0.2971D+02 0.1730D+02 -.1061D+03 0.1933D+04

330      0  0.1154D+02 0.1439D+01 0.6664D-01 0.1550D+00 0.7102D+00 -.1598D+02 0.2790D+03 -.3442D+03 0.2935D+02 0.3450D+02 -.8822D+02 0.1345D+04

331      0  0.1429D+02 0.5277D+01 0.1946D-01 0.1550D+00 0.7102D+00 -.1598D+02 0.2790D+03 -.3442D+03 0.3368D+02 0.3232D+02 -.2508D+03 0.1886D+04

332      0  0.1534D+02 0.1128D+01 0.5349D-01 0.1550D+00 0.7102D+00 -.1598D+02 0.2790D+03 -.3442D+03 0.3606D+02 0.2266D+02 -.7749D+02 0.1840D+04

333      0  0.1238D+02 0.1581D+01 0.7167D-01 0.1550D+00 0.7102D+00 -.1598D+02 0.2790D+03 -.3442D+03 0.2932D+02 0.2927D+02 -.6476D+02 0.1366D+04

334      0  0.1273D+02 0.3295D+01 0.4750D-01 0.1550D+00 0.7102D+00 -.1598D+02 0.2790D+03 -.3442D+03 0.2927D+02 0.2511D+02 -.1202D+03 0.1736D+04

335      0  0.1378D+02 0.7675D+00 0.4978D-01 0.1550D+00 0.7102D+00 -.1598D+02 0.2790D+03 -.3442D+03 0.3566D+02 0.3240D+02 -.1228D+03 0.1836D+04

336      0  0.1199D+02 0.2082D+01 0.6155D-01 0.1550D+00 0.7102D+00 -.1598D+02 0.2790D+03 -.3442D+03 0.2933D+02 0.3108D+02 -.9240D+02 0.1459D+04

337      0  0.1285D+02 0.3726D+01 0.4132D-01 0.1550D+00 0.7102D+00 -.1598D+02 0.2790D+03 -.3442D+03 0.2928D+02 0.2463D+02 -.1398D+03 0.1804D+04

338      0  0.1091D+02 0.6955D-01 0.6962D-01 0.1550D+00 0.7102D+00 -.1598D+02 0.2790D+03 -.3442D+03 0.2942D+02 0.3902D+02 -.9101D+02 0.1229D+04

339      0  0.1396D+02 0.3455D+01 0.3367D-01 0.1550D+00 0.7102D+00 -.1598D+02 0.2790D+03 -.3442D+03 0.3460D+02 0.2860D+02 -.1863D+03 0.2102D+04

340      0  0.1471D+02 0.6298D+01 0.1320D-01 0.1550D+00 0.7102D+00 -.1598D+02 0.2790D+03 -.3442D+03 0.3342D+02 0.3891D+02 -.2657D+03 0.1513D+04

341      0  0.1036D+02 0.8511D-01 0.6309D-01 0.1550D+00 0.7102D+00 -.1598D+02 0.2790D+03 -.3442D+03 0.2946D+02 0.4312D+02 -.1063D+03 0.1149D+04

342      0  0.9574D+01 0.1738D+01 0.3832D-01 0.1550D+00 0.7102D+00 -.1598D+02 0.2790D+03 -.3442D+03 0.2955D+02 0.5373D+02 -.1317D+03 0.7426D+03

343      0  0.1164D+02 0.5085D-01 0.7681D-01 0.1550D+00 0.7102D+00 -.1598D+02 0.2790D+03 -.3442D+03 0.2938D+02 0.3453D+02 -.6865D+02 0.1249D+04

344      0  0.1591D+02 0.2053D+01 0.5015D-01 0.1550D+00 0.7102D+00 -.1598D+02 0.2790D+03 -.3442D+03 0.3595D+02 0.1716D+02 -.7600D+02 0.1972D+04

345      0  0.1143D+02 0.1427D+01 0.6547D-01 0.1550D+00 0.7102D+00 -.1598D+02 0.2790D+03 -.3442D+03 0.2939D+02 0.3534D+02 -.9209D+02 0.1338D+04

346      0  0.1222D+02 0.1407D+01 0.7248D-01 0.1550D+00 0.7102D+00 -.1598D+02 0.2790D+03 -.3442D+03 0.2936D+02 0.3043D+02 -.6618D+02 0.1345D+04

347      0  0.1429D+02 0.4392D+01 0.3838D-01 0.1550D+00 0.7102D+00 -.1598D+02 0.2790D+03 -.3442D+03 0.2955D+02 0.1254D+02 -.1379D+03 0.2196D+04

348      0  0.1550D+02 0.7290D-02 0.5994D-01 0.1550D+00 0.7102D+00 -.1598D+02 0.2790D+03 -.3442D+03 0.3535D+02 0.2207D+02 -.4927D+02 0.1620D+04

349      0  0.1290D+02 0.3699D+01 0.4203D-01 0.1550D+00 0.7102D+00 -.1598D+02 0.2790D+03 -.3442D+03 0.2930D+02 0.2410D+02 -.1370D+03 0.1815D+04

350      0  0.1699D+02 0.8528D+01 0.7562D-02 0.1550D+00 0.7102D+00 -.1598D+02 0.2790D+03 -.3442D+03 0.3281D+02 0.3606D+02 -.2944D+03 0.1536D+04

351      0  0.1567D+02 0.3993D+00 0.5787D-01 0.1550D+00 0.7102D+00 -.1598D+02 0.2790D+03 -.3442D+03 0.3587D+02 0.2159D+02 -.5373D+02 0.1682D+04

352      0  0.1066D+02 0.1114D+01 0.3125D-01 0.1550D+00 0.7102D+00 -.1598D+02 0.2790D+03 -.3442D+03 0.3413D+02 0.5926D+02 -.1717D+03 0.9093D+03

353      0  0.1138D+02 0.3655D-01 0.7426D-01 0.1550D+00 0.7102D+00 -.1598D+02 0.2790D+03 -.3442D+03 0.2941D+02 0.3606D+02 -.7706D+02 0.1253D+04

354      0  0.1097D+02 0.7917D-01 0.3645D-01 0.1550D+00 0.7102D+00 -.1598D+02 0.2790D+03 -.3442D+03 0.3441D+02 0.5504D+02 -.1712D+03 0.1128D+04

355      0  0.1275D+02 0.2331D+01 0.3754D-01 0.1550D+00 0.7102D+00 -.1598D+02 0.2790D+03 -.3442D+03 0.3466D+02 0.3934D+02 -.1760D+03 0.1731D+04

356      0  0.1032D+02 0.3304D+00 0.6177D-01 0.1550D+00 0.7102D+00 -.1598D+02 0.2790D+03 -.3442D+03 0.2949D+02 0.4358D+02 -.1086D+03 0.1141D+04

357      0  0.1943D+02 0.9732D+01 0.8520D-02 0.1550D+00 0.7102D+00 -.1598D+02 0.2790D+03 -.3442D+03 0.3083D+02 -.6320D+01 -.3792D+03 0.3202D+04

358      0  0.1040D+02 0.7846D+00 0.6029D-01 0.1550D+00 0.7102D+00 -.1598D+02 0.2790D+03 -.3442D+03 0.2949D+02 0.4311D+02 -.1105D+03 0.1159D+04

359      0  0.9547D+01 0.9708D+00 0.4648D-01 0.1550D+00 0.7102D+00 -.1598D+02 0.2790D+03 -.3442D+03 0.2957D+02 0.5174D+02 -.1261D+03 0.8479D+03

360      0  0.1532D+02 0.2066D+00 0.5624D-01 0.1550D+00 0.7102D+00 -.1598D+02 0.2790D+03 -.3442D+03 0.3602D+02 0.2363D+02 -.6820D+02 0.1745D+04

361      0  0.1032D+02 0.9984D+00 0.5741D-01 0.1550D+00 0.7102D+00 -.1598D+02 0.2790D+03 -.3442D+03 0.2951D+02 0.4400D+02 -.1153D+03 0.1137D+04

362      0  0.1124D+02 0.3759D+01 0.2743D-01 0.1550D+00 0.7102D+00 -.1598D+02 0.2790D+03 -.3442D+03 0.2952D+02 0.4513D+02 -.1658D+03 0.1039D+04

363      0  0.1270D+02 0.3637D+01 0.4152D-01 0.1550D+00 0.7102D+00 -.1598D+02 0.2790D+03 -.3442D+03 0.2935D+02 0.2605D+02 -.1405D+03 0.1762D+04

364      0  0.1200D+02 0.1336D+01 0.7132D-01 0.1550D+00 0.7102D+00 -.1598D+02 0.2790D+03 -.3442D+03 0.2940D+02 0.3181D+02 -.7232D+02 0.1344D+04

365      0  0.1107D+02 0.9796D+00 0.6629D-01 0.1550D+00 0.7102D+00 -.1598D+02 0.2790D+03 -.3442D+03 0.2945D+02 0.3803D+02 -.9511D+02 0.1274D+04

366      0  0.1233D+02 0.3899D+01 0.3472D-01 0.1550D+00 0.7102D+00 -.1598D+02 0.2790D+03 -.3442D+03 0.2940D+02 0.3121D+02 -.1633D+03 0.1610D+04

367      0  0.9320D+01 0.4695D+00 0.4592D-01 0.1550D+00 0.7102D+00 -.1598D+02 0.2790D+03 -.3442D+03 0.2960D+02 0.5363D+02 -.1242D+03 0.7738D+03

368      0  0.9400D+01 0.1107D+01 0.4260D-01 0.1550D+00 0.7102D+00 -.1598D+02 0.2790D+03 -.3442D+03 0.2961D+02 0.5388D+02 -.1272D+03 0.7551D+03

369      0  0.1267D+02 0.3192D+01 0.2993D-01 0.1550D+00 0.7102D+00 -.1598D+02 0.2790D+03 -.3442D+03 0.3426D+02 0.4185D+02 -.1999D+03 0.1610D+04

370      0  0.1633D+02 0.7601D+01 0.1366D-01 0.1550D+00 0.7102D+00 -.1598D+02 0.2790D+03 -.3442D+03 0.2920D+02 0.8724D+01 -.2864D+03 0.2428D+04

371      0  0.1253D+02 0.4686D+01 0.2481D-01 0.1550D+00 0.7102D+00 -.1598D+02 0.2790D+03 -.3442D+03 0.2944D+02 0.3483D+02 -.1907D+03 0.1440D+04

372      0  0.1275D+02 0.4681D+01 0.2638D-01 0.1550D+00 0.7102D+00 -.1598D+02 0.2790D+03 -.3442D+03 0.2941D+02 0.3146D+02 -.1900D+03 0.1584D+04

373      0  0.9557D+01 0.1721D+01 0.2725D-01 0.1550D+00 0.7102D+00 -.1598D+02 0.2790D+03 -.3442D+03 0.3123D+02 0.6282D+02 -.1361D+03 0.4885D+03

374      0  0.1249D+02 0.9201D+00 0.7865D-01 0.1550D+00 0.7102D+00 -.1598D+02 0.2790D+03 -.3442D+03 0.2945D+02 0.2982D+02 -.5049D+02 0.1263D+04

375      0  0.9533D+01 0.1795D+00 0.5036D-01 0.1550D+00 0.7102D+00 -.1598D+02 0.2790D+03 -.3442D+03 0.2959D+02 0.5110D+02 -.1225D+03 0.8820D+03

376      0  0.1290D+02 0.2315D+00 0.4784D-01 0.1550D+00 0.7102D+00 -.1598D+02 0.2790D+03 -.3442D+03 0.3525D+02 0.3835D+02 -.1412D+03 0.1722D+04

377      0  0.1620D+02 0.5835D+01 0.2226D-01 0.1550D+00 0.7102D+00 -.1598D+02 0.2790D+03 -.3442D+03 0.3347D+02 0.6737D+01 -.2459D+03 0.2875D+04

378      0  0.1473D+02 0.2739D+01 0.4192D-01 0.1550D+00 0.7102D+00 -.1598D+02 0.2790D+03 -.3442D+03 0.3534D+02 0.2292D+02 -.1378D+03 0.2159D+04

379      0  0.1561D+02 0.6630D+01 0.1898D-01 0.1550D+00 0.7102D+00 -.1598D+02 0.2790D+03 -.3442D+03 0.2920D+02 0.7058D+01 -.2488D+03 0.2529D+04

380      0  0.1578D+02 0.1738D+01 0.5203D-01 0.1550D+00 0.7102D+00 -.1598D+02 0.2790D+03 -.3442D+03 0.3592D+02 0.1878D+02 -.7176D+02 0.1897D+04

381      0  0.1212D+02 0.2098D-01 0.8008D-01 0.1550D+00 0.7102D+00 -.1598D+02 0.2790D+03 -.3442D+03 0.2945D+02 0.3212D+02 -.5510D+02 0.1233D+04

382      0  0.1619D+02 0.7373D+01 0.1487D-01 0.1550D+00 0.7102D+00 -.1598D+02 0.2790D+03 -.3442D+03 0.2921D+02 0.7400D+01 -.2792D+03 0.2495D+04

383      0  0.1331D+02 0.1022D+01 0.4751D-01 0.1550D+00 0.7102D+00 -.1598D+02 0.2790D+03 -.3442D+03 0.3535D+02 0.3525D+02 -.1373D+03 0.1804D+04

384      0  0.9321D+01 0.8393D-01 0.4677D-01 0.1550D+00 0.7102D+00 -.1598D+02 0.2790D+03 -.3442D+03 0.2963D+02 0.5349D+02 -.1237D+03 0.7837D+03

385      0  0.9104D+01 0.7162D+00 0.4032D-01 0.1550D+00 0.7102D+00 -.1598D+02 0.2790D+03 -.3442D+03 0.2966D+02 0.5682D+02 -.1239D+03 0.6347D+03

386      0  0.1184D+02 0.4208D+01 0.2604D-01 0.1550D+00 0.7102D+00 -.1598D+02 0.2790D+03 -.3442D+03 0.2952D+02 0.4068D+02 -.1778D+03 0.1214D+04

387      0  0.1245D+02 0.2694D+01 0.5483D-01 0.1550D+00 0.7102D+00 -.1598D+02 0.2790D+03 -.3442D+03 0.2940D+02 0.2760D+02 -.1027D+03 0.1605D+04

388      0  0.1056D+02 0.2435D+01 0.4102D-01 0.1550D+00 0.7102D+00 -.1598D+02 0.2790D+03 -.3442D+03 0.2956D+02 0.4513D+02 -.1412D+03 0.1096D+04

389      0  0.1173D+02 0.4242D+00 0.7596D-01 0.1550D+00 0.7102D+00 -.1598D+02 0.2790D+03 -.3442D+03 0.2946D+02 0.3411D+02 -.6893D+02 0.1265D+04

390      0  0.1561D+02 0.1329D+01 0.5391D-01 0.1550D+00 0.7102D+00 -.1598D+02 0.2790D+03 -.3442D+03 0.3595D+02 0.2063D+02 -.6879D+02 0.1827D+04

391      0  0.1555D+02 0.9281D+00 0.5553D-01 0.1550D+00 0.7102D+00 -.1598D+02 0.2790D+03 -.3442D+03 0.3596D+02 0.2170D+02 -.6477D+02 0.1768D+04

392      0  0.1233D+02 0.2745D+01 0.5307D-01 0.1550D+00 0.7102D+00 -.1598D+02 0.2790D+03 -.3442D+03 0.2941D+02 0.2855D+02 -.1091D+03 0.1602D+04

393      0  0.1149D+02 0.2673D+01 0.2656D-01 0.1550D+00 0.7102D+00 -.1598D+02 0.2790D+03 -.3442D+03 0.3414D+02 0.5480D+02 -.1904D+03 0.1062D+04

394      0  0.1840D+02 0.9338D+01 0.7702D-02 0.1550D+00 0.7102D+00 -.1598D+02 0.2790D+03 -.3442D+03 0.3188D+02 0.1598D+02 -.3451D+03 0.2307D+04

395      0  0.1089D+02 0.1254D+01 0.6132D-01 0.1550D+00 0.7102D+00 -.1598D+02 0.2790D+03 -.3442D+03 0.2951D+02 0.3949D+02 -.1059D+03 0.1266D+04

396      0  0.1424D+02 0.6790D+01 0.1166D-01 0.1550D+00 0.7102D+00 -.1598D+02 0.2790D+03 -.3442D+03 0.2951D+02 0.3891D+02 -.2244D+03 0.1161D+04

397      0  0.1875D+02 0.1008D+02 0.5302D-02 0.1550D+00 0.7102D+00 -.1598D+02 0.2790D+03 -.3442D+03 0.3228D+02 0.3567D+02 -.2954D+03 0.1594D+04

398      0  0.1452D+02 0.4606D+00 0.5312D-01 0.1550D+00 0.7102D+00 -.1598D+02 0.2790D+03 -.3442D+03 0.3590D+02 0.2799D+02 -.9702D+02 0.1824D+04

399      0  0.9976D+01 0.1807D+01 0.4279D-01 0.1550D+00 0.7102D+00 -.1598D+02 0.2790D+03 -.3442D+03 0.2961D+02 0.4943D+02 -.1340D+03 0.9342D+03

400      0  0.1346D+02 0.5999D-01 0.5002D-01 0.1550D+00 0.7102D+00 -.1598D+02 0.2790D+03 -.3442D+03 0.3552D+02 0.3463D+02 -.1269D+03 0.1787D+04

401      0  0.1230D+02 0.4742D+00 0.8001D-01 0.1550D+00 0.7102D+00 -.1598D+02 0.2790D+03 -.3442D+03 0.2948D+02 0.3117D+02 -.5201D+02 0.1239D+04

402      0  0.1178D+02 0.2263D+01 0.5625D-01 0.1550D+00 0.7102D+00 -.1598D+02 0.2790D+03 -.3442D+03 0.2946D+02 0.3285D+02 -.1076D+03 0.1470D+04

403      0  0.1442D+02 0.3340D+00 0.6847D-01 0.1550D+00 0.7102D+00 -.1598D+02 0.2790D+03 -.3442D+03 0.3279D+02 0.2487D+02 -.4269D+02 0.1427D+04

404      0  0.1357D+02 0.8563D+00 0.4905D-01 0.1550D+00 0.7102D+00 -.1598D+02 0.2790D+03 -.3442D+03 0.3550D+02 0.3357D+02 -.1283D+03 0.1822D+04

405      0  0.1463D+02 0.3561D+01 0.4581D-01 0.1550D+00 0.7102D+00 -.1598D+02 0.2790D+03 -.3442D+03 0.3125D+02 0.1421D+02 -.1046D+03 0.2077D+04

406      0  0.1296D+02 0.1705D+00 0.4817D-01 0.1550D+00 0.7102D+00 -.1598D+02 0.2790D+03 -.3442D+03 0.3527D+02 0.3794D+02 -.1395D+03 0.1729D+04

407      0  0.1211D+02 0.4817D+00 0.7858D-01 0.1550D+00 0.7102D+00 -.1598D+02 0.2790D+03 -.3442D+03 0.2948D+02 0.3210D+02 -.5791D+02 0.1253D+04

408      0  0.1444D+02 0.1308D+01 0.6469D-01 0.1550D+00 0.7102D+00 -.1598D+02 0.2790D+03 -.3442D+03 0.3261D+02 0.2329D+02 -.5062D+02 0.1527D+04

409      0  0.1383D+02 0.6138D+00 0.5060D-01 0.1550D+00 0.7102D+00 -.1598D+02 0.2790D+03 -.3442D+03 0.3564D+02 0.3205D+02 -.1188D+03 0.1826D+04

410      0  0.2016D+02 0.1023D+02 0.8213D-02 0.1550D+00 0.7102D+00 -.1598D+02 0.2790D+03 -.3442D+03 0.2978D+02 -.1714D+02 -.3928D+03 0.3604D+04

411      0  0.1320D+02 0.1099D+01 0.4688D-01 0.1550D+00 0.7102D+00 -.1598D+02 0.2790D+03 -.3442D+03 0.3526D+02 0.3591D+02 -.1407D+03 0.1792D+04

412      0  0.1226D+02 0.2697D+01 0.5315D-01 0.1550D+00 0.7102D+00 -.1598D+02 0.2790D+03 -.3442D+03 0.2945D+02 0.2916D+02 -.1099D+03 0.1588D+04

413      0  0.1145D+02 0.2791D+01 0.4467D-01 0.1550D+00 0.7102D+00 -.1598D+02 0.2790D+03 -.3442D+03 0.2952D+02 0.3671D+02 -.1373D+03 0.1409D+04

414      0  0.1325D+02 0.6236D+01 0.1131D-01 0.1550D+00 0.7102D+00 -.1598D+02 0.2790D+03 -.3442D+03 0.2964D+02 0.4934D+02 -.1885D+03 0.7683D+03

415      0  0.1185D+02 0.2285D+01 0.5629D-01 0.1550D+00 0.7102D+00 -.1598D+02 0.2790D+03 -.3442D+03 0.2949D+02 0.3241D+02 -.1069D+03 0.1483D+04

416      0  0.1296D+02 0.2704D+01 0.5783D-01 0.1550D+00 0.7102D+00 -.1598D+02 0.2790D+03 -.3442D+03 0.2943D+02 0.2409D+02 -.8675D+02 0.1634D+04

417      0  0.1499D+02 0.4985D+00 0.5492D-01 0.1550D+00 0.7102D+00 -.1598D+02 0.2790D+03 -.3442D+03 0.3592D+02 0.2519D+02 -.8016D+02 0.1788D+04

418      0  0.1092D+02 0.4608D+00 0.6734D-01 0.1550D+00 0.7102D+00 -.1598D+02 0.2790D+03 -.3442D+03 0.2956D+02 0.3934D+02 -.9532D+02 0.1242D+04

419      0  0.1531D+02 0.1535D+01 0.5185D-01 0.1550D+00 0.7102D+00 -.1598D+02 0.2790D+03 -.3442D+03 0.3587D+02 0.2189D+02 -.8367D+02 0.1898D+04

420      0  0.2005D+02 0.1035D+02 0.7778D-02 0.1550D+00 0.7102D+00 -.1598D+02 0.2790D+03 -.3442D+03 0.2919D+02 -.1329D+02 -.3845D+03 0.3384D+04

421      0  0.1076D+02 0.2602D+01 0.4042D-01 0.1550D+00 0.7102D+00 -.1598D+02 0.2790D+03 -.3442D+03 0.2961D+02 0.4371D+02 -.1438D+03 0.1155D+04

422      0  0.1197D+02 0.2173D+01 0.5891D-01 0.1550D+00 0.7102D+00 -.1598D+02 0.2790D+03 -.3442D+03 0.2950D+02 0.3153D+02 -.9932D+02 0.1482D+04

423      0  0.1245D+02 0.8342D+00 0.7843D-01 0.1550D+00 0.7102D+00 -.1598D+02 0.2790D+03 -.3442D+03 0.2953D+02 0.3021D+02 -.5198D+02 0.1265D+04

424      0  0.1235D+02 0.3975D+01 0.3342D-01 0.1550D+00 0.7102D+00 -.1598D+02 0.2790D+03 -.3442D+03 0.2950D+02 0.3169D+02 -.1676D+03 0.1600D+04

425      0  0.1152D+02 0.7326D+00 0.7179D-01 0.1550D+00 0.7102D+00 -.1598D+02 0.2790D+03 -.3442D+03 0.2954D+02 0.3533D+02 -.7972D+02 0.1291D+04

426      0  0.1177D+02 0.2443D+01 0.5300D-01 0.1550D+00 0.7102D+00 -.1598D+02 0.2790D+03 -.3442D+03 0.2952D+02 0.3317D+02 -.1157D+03 0.1487D+04

427      0  0.1465D+02 0.6335D-01 0.5423D-01 0.1550D+00 0.7102D+00 -.1598D+02 0.2790D+03 -.3442D+03 0.3589D+02 0.2725D+02 -.9005D+02 0.1799D+04

428      0  0.1200D+02 0.2639D+01 0.3078D-01 0.1550D+00 0.7102D+00 -.1598D+02 0.2790D+03 -.3442D+03 0.3423D+02 0.4780D+02 -.1916D+03 0.1377D+04

429      0  0.1790D+02 0.9253D+01 0.8139D-02 0.1550D+00 0.7102D+00 -.1598D+02 0.2790D+03 -.3442D+03 0.2934D+02 0.1340D+02 -.3183D+03 0.2200D+04

430      0  0.1187D+02 0.1276D+01 0.6997D-01 0.1550D+00 0.7102D+00 -.1598D+02 0.2790D+03 -.3442D+03 0.2952D+02 0.3287D+02 -.7755D+02 0.1347D+04

431      0  0.1017D+02 0.1920D+01 0.4347D-01 0.1550D+00 0.7102D+00 -.1598D+02 0.2790D+03 -.3442D+03 0.2966D+02 0.4781D+02 -.1352D+03 0.1005D+04

432      0  0.1321D+02 0.3871D+01 0.2678D-01 0.1550D+00 0.7102D+00 -.1598D+02 0.2790D+03 -.3442D+03 0.3407D+02 0.3786D+02 -.2137D+03 0.1740D+04

433      0  0.1484D+02 0.2027D+01 0.4736D-01 0.1550D+00 0.7102D+00 -.1598D+02 0.2790D+03 -.3442D+03 0.3566D+02 0.2366D+02 -.1117D+03 0.2019D+04

434      0  0.2000D+02 0.9761D+01 0.9974D-02 0.1550D+00 0.7102D+00 -.1598D+02 0.2790D+03 -.3442D+03 0.2943D+02 -.2688D+02 -.3787D+03 0.3994D+04

435      0  0.1224D+02 0.5393D-01 0.8009D-01 0.1550D+00 0.7102D+00 -.1598D+02 0.2790D+03 -.3442D+03 0.2954D+02 0.3168D+02 -.5328D+02 0.1236D+04

436      0  0.1171D+02 0.1792D+01 0.6213D-01 0.1550D+00 0.7102D+00 -.1598D+02 0.2790D+03 -.3442D+03 0.2953D+02 0.3357D+02 -.9568D+02 0.1410D+04

437      0  0.1551D+02 0.9980D+00 0.5542D-01 0.1550D+00 0.7102D+00 -.1598D+02 0.2790D+03 -.3442D+03 0.3588D+02 0.2172D+02 -.6577D+02 0.1773D+04

438      0  0.1137D+02 0.2077D+01 0.5482D-01 0.1550D+00 0.7102D+00 -.1598D+02 0.2790D+03 -.3442D+03 0.2956D+02 0.3632D+02 -.1151D+03 0.1390D+04

439      0  0.1584D+02 0.1955D+01 0.5187D-01 0.1550D+00 0.7102D+00 -.1598D+02 0.2790D+03 -.3442D+03 0.3560D+02 0.1748D+02 -.6950D+02 0.1906D+04

440      0  0.1116D+02 0.3015D+01 0.3797D-01 0.1550D+00 0.7102D+00 -.1598D+02 0.2790D+03 -.3442D+03 0.2960D+02 0.4105D+02 -.1508D+03 0.1254D+04

441      0  0.1168D+02 0.3643D+01 0.1938D-01 0.1550D+00 0.7102D+00 -.1598D+02 0.2790D+03 -.3442D+03 0.3368D+02 0.5852D+02 -.1914D+03 0.8141D+03

442      0  0.1214D+02 0.5104D+01 0.1609D-01 0.1550D+00 0.7102D+00 -.1598D+02 0.2790D+03 -.3442D+03 0.2968D+02 0.4920D+02 -.1795D+03 0.8082D+03

443      0  0.1347D+02 0.2007D+01 0.6558D-01 0.1550D+00 0.7102D+00 -.1598D+02 0.2790D+03 -.3442D+03 0.3037D+02 0.2406D+02 -.6081D+02 0.1515D+04

444      0  0.1219D+02 0.2588D+00 0.4478D-01 0.1550D+00 0.7102D+00 -.1598D+02 0.2790D+03 -.3442D+03 0.3486D+02 0.4354D+02 -.1558D+03 0.1576D+04

445      0  0.9545D+01 0.1204D+01 0.4298D-01 0.1550D+00 0.7102D+00 -.1598D+02 0.2790D+03 -.3442D+03 0.2972D+02 0.5299D+02 -.1294D+03 0.8031D+03

446      0  0.1398D+02 0.6762D+00 0.7118D-01 0.1550D+00 0.7102D+00 -.1598D+02 0.2790D+03 -.3442D+03 0.3183D+02 0.2571D+02 -.4283D+02 0.1381D+04

447      0  0.1834D+02 0.9330D+01 0.8805D-02 0.1550D+00 0.7102D+00 -.1598D+02 0.2790D+03 -.3442D+03 0.2928D+02 0.3181D+01 -.3389D+03 0.2642D+04

448      0  0.1065D+02 0.1147D+00 0.6492D-01 0.1550D+00 0.7102D+00 -.1598D+02 0.2790D+03 -.3442D+03 0.2962D+02 0.4137D+02 -.1021D+03 0.1205D+04

449      0  0.1057D+02 0.3180D+01 0.2865D-01 0.1550D+00 0.7102D+00 -.1598D+02 0.2790D+03 -.3442D+03 0.2971D+02 0.5053D+02 -.1532D+03 0.8438D+03

450      0  0.1016D+02 0.1790D+00 0.5864D-01 0.1550D+00 0.7102D+00 -.1598D+02 0.2790D+03 -.3442D+03 0.2966D+02 0.4541D+02 -.1144D+03 0.1099D+04

451      0  0.9585D+01 0.6454D+00 0.4824D-01 0.1550D+00 0.7102D+00 -.1598D+02 0.2790D+03 -.3442D+03 0.2972D+02 0.5143D+02 -.1255D+03 0.8767D+03

452      0  0.9324D+01 0.1568D+01 0.3492D-01 0.1550D+00 0.7102D+00 -.1598D+02 0.2790D+03 -.3442D+03 0.2977D+02 0.5734D+02 -.1287D+03 0.6052D+03

453      0  0.1128D+02 0.5963D-01 0.3921D-01 0.1550D+00 0.7102D+00 -.1598D+02 0.2790D+03 -.3442D+03 0.3446D+02 0.5162D+02 -.1687D+03 0.1271D+04

454      0  0.1513D+02 0.6205D+00 0.6211D-01 0.1550D+00 0.7102D+00 -.1598D+02 0.2790D+03 -.3442D+03 0.3438D+02 0.2270D+02 -.4831D+02 0.1571D+04

455      0  0.1346D+02 0.4204D+01 0.3720D-01 0.1550D+00 0.7102D+00 -.1598D+02 0.2790D+03 -.3442D+03 0.2944D+02 0.2007D+02 -.1517D+03 0.1989D+04

456      0  0.9451D+01 0.1998D+01 0.3117D-01 0.1550D+00 0.7102D+00 -.1598D+02 0.2790D+03 -.3442D+03 0.2978D+02 0.5802D+02 -.1305D+03 0.5642D+03

457      0  0.1425D+02 0.5992D+00 0.5222D-01 0.1550D+00 0.7102D+00 -.1598D+02 0.2790D+03 -.3442D+03 0.3575D+02 0.2937D+02 -.1052D+03 0.1830D+04

458      0  0.1345D+02 0.1237D+00 0.7710D-01 0.1550D+00 0.7102D+00 -.1598D+02 0.2790D+03 -.3442D+03 0.3082D+02 0.2755D+02 -.3908D+02 0.1277D+04

459      0  0.1293D+02 0.1604D+01 0.7212D-01 0.1550D+00 0.7102D+00 -.1598D+02 0.2790D+03 -.3442D+03 0.2971D+02 0.2688D+02 -.5481D+02 0.1379D+04

460      0  0.1551D+02 0.2594D+00 0.5766D-01 0.1550D+00 0.7102D+00 -.1598D+02 0.2790D+03 -.3442D+03 0.3584D+02 0.2242D+02 -.5813D+02 0.1695D+04

461      0  0.1236D+02 0.5628D+00 0.7912D-01 0.1550D+00 0.7102D+00 -.1598D+02 0.2790D+03 -.3442D+03 0.2958D+02 0.3096D+02 -.5278D+02 0.1253D+04

462      0  0.1658D+02 0.7596D+01 0.1437D-01 0.1550D+00 0.7102D+00 -.1598D+02 0.2790D+03 -.3442D+03 0.2931D+02 0.3908D+01 -.2889D+03 0.2649D+04

463      0  0.1178D+02 0.1085D+01 0.7075D-01 0.1550D+00 0.7102D+00 -.1598D+02 0.2790D+03 -.3442D+03 0.2957D+02 0.3367D+02 -.7780D+02 0.1329D+04

464      0  0.1183D+02 0.1311D+00 0.7649D-01 0.1550D+00 0.7102D+00 -.1598D+02 0.2790D+03 -.3442D+03 0.2958D+02 0.3384D+02 -.6684D+02 0.1265D+04

465      0  0.1018D+02 0.3128D+00 0.5834D-01 0.1550D+00 0.7102D+00 -.1598D+02 0.2790D+03 -.3442D+03 0.2968D+02 0.4538D+02 -.1149D+03 0.1102D+04

466      0  0.1173D+02 0.4737D+01 0.1730D-01 0.1550D+00 0.7102D+00 -.1598D+02 0.2790D+03 -.3442D+03 0.2973D+02 0.5104D+02 -.1713D+03 0.7504D+03

467      0  0.1325D+02 0.2793D+01 0.5722D-01 0.1550D+00 0.7102D+00 -.1598D+02 0.2790D+03 -.3442D+03 0.2960D+02 0.2233D+02 -.8392D+02 0.1676D+04

468      0  0.1357D+02 0.4725D+01 0.2090D-01 0.1550D+00 0.7102D+00 -.1598D+02 0.2790D+03 -.3442D+03 0.3376D+02 0.3855D+02 -.2349D+03 0.1648D+04

469      0  0.1336D+02 0.3806D+01 0.4249D-01 0.1550D+00 0.7102D+00 -.1598D+02 0.2790D+03 -.3442D+03 0.2946D+02 0.2042D+02 -.1313D+03 0.1925D+04

470      0  0.1049D+02 0.2101D+01 0.4458D-01 0.1550D+00 0.7102D+00 -.1598D+02 0.2790D+03 -.3442D+03 0.2968D+02 0.4506D+02 -.1361D+03 0.1116D+04

471      0  0.1158D+02 0.2107D+01 0.5605D-01 0.1550D+00 0.7102D+00 -.1598D+02 0.2790D+03 -.3442D+03 0.2959D+02 0.3472D+02 -.1107D+03 0.1430D+04

472      0  0.1398D+02 0.5507D+01 0.1615D-01 0.1550D+00 0.7102D+00 -.1598D+02 0.2790D+03 -.3442D+03 0.3354D+02 0.4066D+02 -.2491D+03 0.1490D+04

473      0  0.1034D+02 0.1613D+00 0.3214D-01 0.1550D+00 0.7102D+00 -.1598D+02 0.2790D+03 -.3442D+03 0.3385D+02 0.6082D+02 -.1644D+03 0.8258D+03

474      0  0.9686D+01 0.1295D+01 0.4392D-01 0.1550D+00 0.7102D+00 -.1598D+02 0.2790D+03 -.3442D+03 0.2975D+02 0.5175D+02 -.1304D+03 0.8579D+03

475      0  0.1424D+02 0.4351D+01 0.2731D-01 0.1550D+00 0.7102D+00 -.1598D+02 0.2790D+03 -.3442D+03 0.3406D+02 0.2683D+02 -.2161D+03 0.2160D+04

476      0  0.1564D+02 0.1448D+01 0.5390D-01 0.1550D+00 0.7102D+00 -.1598D+02 0.2790D+03 -.3442D+03 0.3579D+02 0.2008D+02 -.6756D+02 0.1828D+04

477      0  0.1237D+02 0.2834D+01 0.5115D-01 0.1550D+00 0.7102D+00 -.1598D+02 0.2790D+03 -.3442D+03 0.2955D+02 0.2861D+02 -.1145D+03 0.1625D+04

478      0  0.1609D+02 0.6320D+01 0.1849D-01 0.1550D+00 0.7102D+00 -.1598D+02 0.2790D+03 -.3442D+03 0.3309D+02 0.1121D+02 -.2749D+03 0.2692D+04

479      0  0.1085D+02 0.1964D+01 0.5067D-01 0.1550D+00 0.7102D+00 -.1598D+02 0.2790D+03 -.3442D+03 0.2966D+02 0.4104D+02 -.1263D+03 0.1260D+04

480      0  0.1187D+02 0.1439D+00 0.7668D-01 0.1550D+00 0.7102D+00 -.1598D+02 0.2790D+03 -.3442D+03 0.2960D+02 0.3361D+02 -.6576D+02 0.1265D+04

481      0  0.1213D+02 0.1060D+01 0.7368D-01 0.1550D+00 0.7102D+00 -.1598D+02 0.2790D+03 -.3442D+03 0.2958D+02 0.3170D+02 -.6652D+02 0.1321D+04

482      0  0.1401D+02 0.3561D+01 0.4713D-01 0.1550D+00 0.7102D+00 -.1598D+02 0.2790D+03 -.3442D+03 0.3010D+02 0.1665D+02 -.1061D+03 0.1969D+04

483      0  0.1104D+02 0.1628D+01 0.5731D-01 0.1550D+00 0.7102D+00 -.1598D+02 0.2790D+03 -.3442D+03 0.2965D+02 0.3890D+02 -.1127D+03 0.1308D+04

484      0  0.1046D+02 0.2151D+01 0.4326D-01 0.1550D+00 0.7102D+00 -.1598D+02 0.2790D+03 -.3442D+03 0.2971D+02 0.4572D+02 -.1379D+03 0.1091D+04

485      0  0.1583D+02 0.7252D+01 0.1439D-01 0.1550D+00 0.7102D+00 -.1598D+02 0.2790D+03 -.3442D+03 0.2942D+02 0.1347D+02 -.2749D+03 0.2250D+04

486      0  0.1523D+02 0.6777D+01 0.1599D-01 0.1550D+00 0.7102D+00 -.1598D+02 0.2790D+03 -.3442D+03 0.2946D+02 0.1717D+02 -.2584D+03 0.2111D+04

487      0  0.1185D+02 0.5542D-01 0.7643D-01 0.1550D+00 0.7102D+00 -.1598D+02 0.2790D+03 -.3442D+03 0.2962D+02 0.3377D+02 -.6664D+02 0.1267D+04

488      0  0.9664D+01 0.6769D+00 0.4878D-01 0.1550D+00 0.7102D+00 -.1598D+02 0.2790D+03 -.3442D+03 0.2977D+02 0.5086D+02 -.1258D+03 0.9049D+03

489      0  0.9425D+01 0.1454D+01 0.3762D-01 0.1550D+00 0.7102D+00 -.1598D+02 0.2790D+03 -.3442D+03 0.2982D+02 0.5574D+02 -.1305D+03 0.6833D+03

490      0  0.1361D+02 0.3837D+01 0.4329D-01 0.1550D+00 0.7102D+00 -.1598D+02 0.2790D+03 -.3442D+03 0.2948D+02 0.1830D+02 -.1251D+03 0.1971D+04

491      0  0.1245D+02 0.3229D+01 0.4530D-01 0.1550D+00 0.7102D+00 -.1598D+02 0.2790D+03 -.3442D+03 0.2957D+02 0.2832D+02 -.1311D+03 0.1682D+04

492      0  0.1580D+02 0.5072D+01 0.2692D-01 0.1550D+00 0.7102D+00 -.1598D+02 0.2790D+03 -.3442D+03 0.3394D+02 0.9821D+01 -.2115D+03 0.2738D+04

493      0  0.2020D+02 0.1053D+02 0.7282D-02 0.1550D+00 0.7102D+00 -.1598D+02 0.2790D+03 -.3442D+03 0.2947D+02 -.1044D+02 -.3870D+03 0.3289D+04

494      0  0.1264D+02 0.9785D+00 0.7746D-01 0.1550D+00 0.7102D+00 -.1598D+02 0.2790D+03 -.3442D+03 0.2965D+02 0.2929D+02 -.5043D+02 0.1283D+04

495      0  0.1124D+02 0.3903D+01 0.1653D-01 0.1550D+00 0.7102D+00 -.1598D+02 0.2790D+03 -.3442D+03 0.3227D+02 0.6210D+02 -.1652D+03 0.5399D+03

496      0  0.1172D+02 0.2817D+01 0.4590D-01 0.1550D+00 0.7102D+00 -.1598D+02 0.2790D+03 -.3442D+03 0.2965D+02 0.3457D+02 -.1342D+03 0.1488D+04

497      0  0.1430D+02 0.2314D+00 0.5322D-01 0.1550D+00 0.7102D+00 -.1598D+02 0.2790D+03 -.3442D+03 0.3573D+02 0.2918D+02 -.1006D+03 0.1808D+04

498      0  0.1279D+02 0.1162D+01 0.7626D-01 0.1550D+00 0.7102D+00 -.1598D+02 0.2790D+03 -.3442D+03 0.2971D+02 0.2835D+02 -.4973D+02 0.1305D+04

499      0  0.1528D+02 0.3838D-01 0.5720D-01 0.1550D+00 0.7102D+00 -.1598D+02 0.2790D+03 -.3442D+03 0.3579D+02 0.2360D+02 -.6496D+02 0.1715D+04

500      0  0.1260D+02 0.3710D+01 0.3875D-01 0.1550D+00 0.7102D+00 -.1598D+02 0.2790D+03 -.3442D+03 0.2960D+02 0.2801D+02 -.1513D+03 0.1731D+04

501      0  0.1213D+02 0.5048D+00 0.7711D-01 0.1550D+00 0.7102D+00 -.1598D+02 0.2790D+03 -.3442D+03 0.2965D+02 0.3223D+02 -.6068D+02 0.1273D+04

502      0  0.1369D+02 0.3447D+01 0.4872D-01 0.1550D+00 0.7102D+00 -.1598D+02 0.2790D+03 -.3442D+03 0.2973D+02 0.1846D+02 -.1042D+03 0.1892D+04

503      0  0.1366D+02 0.3825D+01 0.4358D-01 0.1550D+00 0.7102D+00 -.1598D+02 0.2790D+03 -.3442D+03 0.2953D+02 0.1798D+02 -.1235D+03 0.1977D+04

504      0  0.1589D+02 0.4016D+01 0.3589D-01 0.1550D+00 0.7102D+00 -.1598D+02 0.2790D+03 -.3442D+03 0.3463D+02 0.1005D+02 -.1473D+03 0.2545D+04

505      0  0.1422D+02 0.6070D+01 0.1804D-01 0.1550D+00 0.7102D+00 -.1598D+02 0.2790D+03 -.3442D+03 0.2959D+02 0.2530D+02 -.2343D+03 0.1798D+04

506      0  0.1225D+02 0.2722D+01 0.5163D-01 0.1550D+00 0.7102D+00 -.1598D+02 0.2790D+03 -.3442D+03 0.2963D+02 0.2977D+02 -.1149D+03 0.1596D+04

507      0  0.1564D+02 0.1410D+01 0.5447D-01 0.1550D+00 0.7102D+00 -.1598D+02 0.2790D+03 -.3442D+03 0.3570D+02 0.2008D+02 -.6524D+02 0.1808D+04

508      0  0.1088D+02 0.1944D+01 0.5074D-01 0.1550D+00 0.7102D+00 -.1598D+02 0.2790D+03 -.3442D+03 0.2973D+02 0.4101D+02 -.1264D+03 0.1266D+04

