   5.0000000000000003E-002  0.23877865847932578        5.9177753132885476E-004  -0.0000000000000000     
   5.1899999999999995E-002  0.24787619155869026        6.7466149655613888E-004  -0.0000000000000000     
   5.3800000000000001E-002  0.25697687447765100        7.6433936635100232E-004  -0.0000000000000000     
   5.5700000000000006E-002  0.26608083801384746        8.6095341243451972E-004  -0.0000000000000000     
   5.7599999999999998E-002  0.27518820882471712        9.6463621891141737E-004  -0.0000000000000000     
   5.9499999999999997E-002  0.28429910934057140        1.0755114663089783E-003  -0.0000000000000000     
   6.1400000000000003E-002  0.29341365798332536        1.1936946585316924E-003  -0.0000000000000000     
   6.3300000000000009E-002  0.30253196935803006        1.3192938181740537E-003  -0.0000000000000000     
   6.5200000000000008E-002  0.31165415426934456        1.4524101551552601E-003  -0.0000000000000000     
   6.7099999999999993E-002  0.32078031993096046        1.5931386930600102E-003  -0.0000000000000000     
   6.9000000000000006E-002  0.32991057008964292        1.7415688678010957E-003  -0.0000000000000000     
   7.0900000000000005E-002  0.33904500516501507        1.8977850949016208E-003  -0.0000000000000000     
   7.2799999999999990E-002  0.34818372236796724        2.0618673078392860E-003  -0.0000000000000000     
   7.4700000000000003E-002  0.35732681592636972        2.2338914671317855E-003  -0.0000000000000000     
   7.6600000000000001E-002  0.36647437709897784        2.4139300451999158E-003  -0.0000000000000000     
   7.8500000000000000E-002  0.37562649438974061        2.6020524831988447E-003  -0.0000000000000000     
   8.0400000000000013E-002  0.38478325366211719        2.7983256246508622E-003  -0.0000000000000000     
   8.2300000000000012E-002  0.39394473827051218        3.0028141257065935E-003  -0.0000000000000000     
   8.4199999999999997E-002  0.40311102918772912        3.2155808430872662E-003  -0.0000000000000000     
   8.6099999999999996E-002  0.41228220512961250        3.4366872010071631E-003  -0.0000000000000000     
   8.7999999999999995E-002  0.42145834267754401        3.6661935379485558E-003  -0.0000000000000000     
   8.9899999999999994E-002  0.43063951639597331        3.9041594342859951E-003  -0.0000000000000000     
   9.1800000000000007E-002  0.43982579894804791        4.1506440217229813E-003  -0.0000000000000000     
   9.3700000000000006E-002  0.44901726120790014        4.4057062754199964E-003  -0.0000000000000000     
   9.5600000000000004E-002  0.45821397236896261        4.6694052897316742E-003  -0.0000000000000000     
   9.7500000000000017E-002  0.46741600002906819        4.9418005381192788E-003  -0.0000000000000000     
   9.9400000000000002E-002  0.47662341037023404        5.2229521193003225E-003  -0.0000000000000000     
  0.10130000000000000       0.48583626814295944        5.5129209874465422E-003  -0.0000000000000000     
  0.10320000000000000       0.49505463683681911        5.8117691710356002E-003  -0.0000000000000000     
  0.10510000000000000       0.50427857875460080        6.1195599782341370E-003  -0.0000000000000000     
  0.10700000000000000       0.51350815510134595        6.4363581906060896E-003  -0.0000000000000000     
  0.10890000000000001       0.52274342607087176        6.7622302456406321E-003  -0.0000000000000000     
  0.11080000000000001       0.53198445092900160        7.0972444086980372E-003  -0.0000000000000000     
  0.11270000000000001       0.54123128809427634        7.4414709350083177E-003  -0.0000000000000000     
  0.11460000000000002       0.55048399521555458        7.7949822222929824E-003  -0.0000000000000000     
  0.11649999999999999       0.55974262924723506        8.1578529545288814E-003  -0.0000000000000000     
  0.11840000000000001       0.56900724652159518        8.5301602374112748E-003  -0.0000000000000000     
  0.12030000000000000       0.57827790281849079        8.9119837260231149E-003  -0.0000000000000000     
  0.12220000000000000       0.58755465343340518        9.3034057451230612E-003  -0.0000000000000000     
  0.12410000000000000       0.59683755324179644        9.7045114025803014E-003  -0.0000000000000000     
  0.12600000000000000       0.60612665676235966        1.0115388696338610E-002  -0.0000000000000000     
  0.12790000000000001       0.61542201821738229        1.0536128615303401E-002  -0.0000000000000000     
  0.12980000000000003       0.62472369159127639        1.0966825234577458E-002  -0.0000000000000000     
  0.13169999999999998       0.63403172129398222        1.1404927968756031E-002  -0.0000000000000000     
  0.13360000000000000       0.64334608382076375        1.1847190937633957E-002  -0.0000000000000000     
  0.13550000000000001       0.65266677208874369        1.2296479876624690E-002  -0.0000000000000000     
  0.13739999999999999       0.66199380253919526        1.2753672025026964E-002  -0.0000000000000000     
  0.13930000000000001       0.67132720021219039        1.3219270921564712E-002  -0.0000000000000000     
  0.14120000000000002       0.68066699525416552        1.3693639913542749E-002  -0.0000000000000000     
  0.14310000000000000       0.69001322137241361        1.4177072594029439E-002  -0.0000000000000000     
  0.14500000000000002       0.69936591499106193        1.4669822815512370E-002  -0.0000000000000000     
  0.14690000000000000       0.70872511473316058        1.5172119979460079E-002  -0.0000000000000000     
  0.14879999999999999       0.71809086108039866        1.5684177761935862E-002  -0.0000000000000000     
  0.15070000000000000       0.72746319613800459        1.6206199506890787E-002  -0.0000000000000000     
  0.15260000000000001       0.73684216346721920        1.6738381764817192E-002  -0.0000000000000000     
  0.15450000000000000       0.74622780796189525        1.7280916725440177E-002  -0.0000000000000000     
  0.15640000000000001       0.75562017575728901        1.7833993954366970E-002  -0.0000000000000000     
  0.15830000000000002       0.76501931416118085        1.8397801672375182E-002  -0.0000000000000000     
  0.16020000000000001       0.77442527160146679        1.8972527722934073E-002  -0.0000000000000000     
  0.16210000000000002       0.78383809758661449        1.9558360321248251E-002  -0.0000000000000000     
  0.16400000000000001       0.79325784267590727        2.0155488645614544E-002  -0.0000000000000000     
  0.16589999999999999       0.80268455845655906        2.0764103312905128E-002  -0.0000000000000000     
  0.16780000000000000       0.81211829752769304        2.1384396767003478E-002  -0.0000000000000000     
  0.16970000000000002       0.82155911348830779        2.2016563600707917E-002  -0.0000000000000000     
  0.17160000000000000       0.83100706092960241        2.2660800825986437E-002  -0.0000000000000000     
  0.17350000000000002       0.84046219543012946        2.3317308103680365E-002  -0.0000000000000000     
  0.17540000000000003       0.84992457355363149        2.3986287940669496E-002  -0.0000000000000000     
  0.17730000000000001       0.85939425284865889        2.4667945860912477E-002  -0.0000000000000000     
  0.17920000000000003       0.86887129185057632        2.5362490555052516E-002  -0.0000000000000000     
  0.18110000000000001       0.87835575008423306        2.6070134012157090E-002  -0.0000000000000000     
  0.18300000000000000       0.88784768806829073        2.6791091636641069E-002  -0.0000000000000000     
  0.18490000000000001       0.89734716732040976        2.7525582352539865E-002  -0.0000000000000000     
  0.18680000000000002       0.90685425036320022        2.8273828696886192E-002  -0.0000000000000000     
  0.18870000000000001       0.91636900073079297        2.9036056903587362E-002  -0.0000000000000000     
  0.19060000000000002       0.92589148297612711        2.9812496978982490E-002  -0.0000000000000000     
  0.19250000000000003       0.93542176267852295        3.0603382769888905E-002  -0.0000000000000000     
  0.19439999999999999       0.94495990645152472        3.1408952024796807E-002  -0.0000000000000000     
  0.19630000000000000       0.95450598195131564        3.2229446448870977E-002  -0.0000000000000000     
  0.19820000000000002       0.96406005787587434        3.3065111752891459E-002  -0.0000000000000000     
  0.20010000000000000       0.97362220400967414        3.3916197697233592E-002  -0.0000000000000000     
  0.20200000000000001       0.98319249117823593        3.4782958129428880E-002  -0.0000000000000000     
  0.20390000000000003       0.99277099129267254        3.5665651017596764E-002  -0.0000000000000000     
  0.20580000000000001        1.0023577773493040        3.6564538478274657E-002  -0.0000000000000000     
  0.20770000000000002        1.0119529234381441        3.7479886799297431E-002  -0.0000000000000000     
  0.20960000000000004        1.0215565047512820        3.8411966457637031E-002  -0.0000000000000000     
  0.21149999999999999        1.0311685975910356        3.9361052132122210E-002  -0.0000000000000000     
  0.21340000000000001        1.0407892793780480        4.0327422711053218E-002  -0.0000000000000000     
  0.21529999999999999        1.0504186286589403        4.1311361294516152E-002  -0.0000000000000000     
  0.21720000000000000        1.0600567251139497        4.2313155191369106E-002  -0.0000000000000000     
  0.21909999999999999        1.0697036495639736        4.3333095910656365E-002  -0.0000000000000000     
  0.22100000000000003        1.0793594839774823        4.4371479147403227E-002  -0.0000000000000000     
  0.22289999999999999        1.0890243114769438        4.5428604762584188E-002  -0.0000000000000000     
  0.22479999999999997        1.0986982163449186        4.6504776756994673E-002  -0.0000000000000000     
  0.22670000000000001        1.1083812840295850        4.7600303238981900E-002  -0.0000000000000000     
  0.22860000000000000        1.1180736011498627        4.8715496385763730E-002  -0.0000000000000000     
  0.23050000000000001        1.1277752555000442        4.9850672398074933E-002  -0.0000000000000000     
  0.23240000000000000        1.1374863360537777        5.1006151448065751E-002  -0.0000000000000000     
  0.23430000000000001        1.1472069329675858        5.2182257620132518E-002  -0.0000000000000000     
  0.23619999999999999        1.1569371375836093        5.3379318844522086E-002  -0.0000000000000000     
  0.23810000000000003        1.1666770424318818        5.4597666823519415E-002  -0.0000000000000000     
  0.23999999999999999        1.1764267412317169        5.5837636949975941E-002  -0.0000000000000000     
  0.24189999999999998        1.1861863288925729        5.7099568218025212E-002  -0.0000000000000000     
  0.24380000000000002        1.1959559015139614        5.8383803125783736E-002  -0.0000000000000000     
  0.24570000000000000        1.2057355563847647        5.9690687569868395E-002  -0.0000000000000000     
  0.24760000000000001        1.2155253919815225        6.1020570731549581E-002  -0.0000000000000000     
  0.24950000000000000        1.2253255079660446        6.2373804954435209E-002  -0.0000000000000000     
  0.25140000000000001        1.2351360051819951        6.3750745613505022E-002  -0.0000000000000000     
  0.25330000000000003        1.2449569856506584        6.5151750975402739E-002  -0.0000000000000000     
  0.25519999999999998        1.2547885525656677        6.6577182049895933E-002  -0.0000000000000000     
  0.25710000000000000        1.2646308102867749        6.8027402432413259E-002  -0.0000000000000000     
  0.25900000000000001        1.2744838643326362        6.9502778137620611E-002  -0.0000000000000000     
  0.26090000000000002        1.2843478213725126        7.1003677424010148E-002  -0.0000000000000000     
  0.26279999999999998        1.2942227892169158        7.2530470609492304E-002  -0.0000000000000000     
  0.26469999999999999        1.3041088768071358        7.4083529878014642E-002  -0.0000000000000000     
  0.26660000000000000        1.3140061942036740        7.5663229077291685E-002  -0.0000000000000000     
  0.26849999999999996        1.3239148525735041        7.7269943507717459E-002  -0.0000000000000000     
  0.27040000000000003        1.3338349641761731        7.8904049702558376E-002  -0.0000000000000000     
  0.27229999999999999        1.3437666423487264        8.0565925199640787E-002  -0.0000000000000000     
  0.27420000000000000        1.3537100014953152        8.2255948304916518E-002  -0.0000000000000000     
  0.27610000000000001        1.3636651570457681        8.3974497846641002E-002  -0.0000000000000000     
  0.27799999999999997        1.3736322254729707        8.5721952924189090E-002  -0.0000000000000000     
  0.27989999999999998        1.3836113242486854        8.7498692646893028E-002  -0.0000000000000000     
  0.28179999999999999        1.3936025718281990        8.9305095866739626E-002  -0.0000000000000000     
  0.28370000000000001        1.4036060876280299        9.1141540904091198E-002  -0.0000000000000000     
  0.28559999999999997        1.4136219920019850        9.3008405266889679E-002  -0.0000000000000000     
  0.28750000000000003        1.4236504062161952        9.4906065363934020E-002  -0.0000000000000000     
  0.28939999999999999        1.4336914524227597        9.6834896212519089E-002  -0.0000000000000000     
  0.29130000000000000        1.4437452536322395        9.8795271141235014E-002  -0.0000000000000000     
  0.29320000000000002        1.4538119336848063       0.10078756148816041       -0.0000000000000000     
  0.29509999999999997        1.4638916172202239       0.10281213629535529       -0.0000000000000000     
  0.29699999999999999        1.4739844296466413       0.10486936199998423       -0.0000000000000000     
  0.29890000000000000        1.4840904971080415       0.10695960212292303       -0.0000000000000000     
  0.30080000000000001        1.4942099464508554       0.10908321695545514       -0.0000000000000000     
  0.30269999999999997        1.5043429051889781       0.11124056324469538       -0.0000000000000000     
  0.30460000000000004        1.5144895014680284       0.11343199387855517       -0.0000000000000000     
  0.30649999999999999        1.5246498640283479       0.11565785757098310       -0.0000000000000000     
  0.30840000000000001        1.5348241221670877       0.11791849854819909       -0.0000000000000000     
  0.31030000000000002        1.5450124056991461       0.12021425623664299       -0.0000000000000000     
  0.31219999999999998        1.5552148449172820       0.12254546495362793       -0.0000000000000000     
  0.31409999999999999        1.5654315705512643       0.12491245360119001       -0.0000000000000000     
  0.31600000000000000        1.5756627137261328       0.12731554536421855       -0.0000000000000000     
  0.31790000000000002        1.5859084059196977       0.12975505741340754       -0.0000000000000000     
  0.31979999999999997        1.5961687789193086       0.13223130061403632       -0.0000000000000000     
  0.32170000000000004        1.6064439647778694       0.13474457924113228       -0.0000000000000000     
  0.32360000000000000        1.6167340957692442       0.13729519070196600       -0.0000000000000000     
  0.32549999999999996        1.6270393043431657       0.13988342526654848       -0.0000000000000000     
  0.32740000000000002        1.6373597230795125       0.14250956580680116       -0.0000000000000000     
  0.32929999999999998        1.6476954846422798       0.14517388754522903       -0.0000000000000000     
  0.33119999999999999        1.6580467217331374       0.14787665781362833       -0.0000000000000000     
  0.33310000000000001        1.6684135670501297       0.15061813582348849       -0.0000000000000000     
  0.33500000000000002        1.6787961532183213       0.15339857244309904       -0.0000000000000000     
  0.33689999999999998        1.6891946127771427       0.15621820999595401       -0.0000000000000000     
  0.33879999999999999        1.6996090781096753       0.15907728206206048       -0.0000000000000000     
  0.34070000000000000        1.7100396814014278       0.16197601329704173       -0.0000000000000000     
  0.34259999999999996        1.7204865545934216       0.16491461926358972       -0.0000000000000000     
  0.34450000000000003        1.7309498293350645       0.16789330627662216       -0.0000000000000000     
  0.34639999999999999        1.7414296369374316       0.17091227126259495       -0.0000000000000000     
  0.34830000000000000        1.7519261083267921       0.17397170163309897       -0.0000000000000000     
  0.35020000000000001        1.7624393739985400       0.17707177517309997       -0.0000000000000000     
  0.35210000000000002        1.7729695639715917       0.18021265994399260       -0.0000000000000000     
  0.35399999999999998        1.7835168077431038       0.18339451420145600       -0.0000000000000000     
  0.35589999999999999        1.7940812342440258       0.18661748632839753       -0.0000000000000000     
  0.35780000000000001        1.8046629717950622       0.18988171478280472       -0.0000000000000000     
  0.35969999999999996        1.8152621480634399       0.19318732806061706       -0.0000000000000000     
  0.36160000000000003        1.8258788900204330       0.19653444467343015       -0.0000000000000000     
  0.36349999999999999        1.8365133239049158       0.19992317314238994       -0.0000000000000000     
  0.36540000000000000        1.8471655751607903       0.20335361199937019       -0.0000000000000000     
  0.36730000000000002        1.8578357684307951       0.20682584981725693       -0.0000000000000000     
  0.36920000000000003        1.8685240274947239       0.21033996523926587       -0.0000000000000000     
  0.37109999999999999        1.8792304752369973       0.21389602702955954       -0.0000000000000000     
  0.37300000000000000        1.8899552336101899       0.21749409413566692       -0.0000000000000000     
  0.37490000000000001        1.9006984235991582       0.22113421576396564       -0.0000000000000000     
  0.37679999999999997        1.9114601651865164       0.22481643146758573       -0.0000000000000000     
  0.37870000000000004        1.9222405773192865       0.22854077124645014       -0.0000000000000000     
  0.38059999999999999        1.9330397778766566       0.23230725565883290       -0.0000000000000000     
  0.38250000000000001        1.9438578836390377       0.23611589594399129       -0.0000000000000000     
  0.38440000000000002        1.9546950102583538       0.23996669415530195       -0.0000000000000000     
  0.38629999999999998        1.9655512722348853       0.24385964330525792       -0.0000000000000000     
  0.38819999999999999        1.9764267828680551       0.24779472750992462       -0.0000000000000000     
  0.39010000000000000        1.9873216542653491       0.25177192216264394       -0.0000000000000000     
  0.39200000000000002        1.9982359972935275       0.25579119409480644       -0.0000000000000000     
  0.39389999999999997        2.0091699215616652       0.25985250175502783       -0.0000000000000000     
  0.39580000000000004        2.0201235353993940       0.26395579539312325       -0.0000000000000000     
  0.39770000000000000        2.0310969458362722       0.26810101725038427       -0.0000000000000000     
  0.39959999999999996        2.0420902585826468       0.27228810175561446       -0.0000000000000000     
  0.40150000000000002        2.0531035780116511       0.27651697572630435       -0.0000000000000000     
  0.40339999999999998        2.0641370071426235       0.28078755857432730       -0.0000000000000000     
  0.40529999999999999        2.0751906476312794       0.28509976251812019       -0.0000000000000000     
  0.40720000000000001        2.0862645997325977       0.28945349278519078       -0.0000000000000000     
  0.40910000000000002        2.0973589623246722       0.29384864784451881       -0.0000000000000000     
  0.41099999999999998        2.1084738328713102       0.29828511961304710       -0.0000000000000000     
  0.41290000000000004        2.1196093074186297       0.30276279367856934       -0.0000000000000000     
  0.41480000000000000        2.1307654805859477       0.30728154952073916       -0.0000000000000000     
  0.41669999999999996        2.1419424455579454       0.31184126073284318       -0.0000000000000000     
  0.41860000000000003        2.1531402940778914       0.31644179524376959       -0.0000000000000000     
  0.42049999999999998        2.1643591164420881       0.32108301553978968       -0.0000000000000000     
  0.42240000000000005        2.1755990015009239       0.32576477888884231       -0.0000000000000000     
  0.42430000000000007        2.1868600366317534       0.33048693754722258       -0.0000000000000000     
  0.42620000000000002        2.1981423077743751       0.33524933899934406       -0.0000000000000000     
  0.42809999999999998        2.2094458994028230       0.34005182615964008       -0.0000000000000000     
  0.43000000000000005        2.2207708945320812       0.34489423759114074       -0.0000000000000000     
  0.43190000000000006        2.2321173747187659       0.34977640771762236       -0.0000000000000000     
  0.43380000000000002        2.2434854200625924       0.35469816703301932       -0.0000000000000000     
  0.43570000000000003        2.2548751092087400       0.35965934230774743       -0.0000000000000000     
  0.43759999999999999        2.2662865193511816       0.36465975679178181       -0.0000000000000000     
  0.43950000000000006        2.2777197262416911       0.36969923041779940       -0.0000000000000000     
  0.44140000000000007        2.2891748041735034       0.37477757998177536       -0.0000000000000000     
  0.44330000000000003        2.3006518260205695       0.37989461935874036       -0.0000000000000000     
  0.44519999999999998        2.3121508632201508       0.38505015967392031       -0.0000000000000000     
  0.44710000000000000        2.3236719857860928       0.39024400949065852       -0.0000000000000000     
  0.44900000000000007        2.3352152623164679       0.39547597498964437       -0.0000000000000000     
  0.45090000000000002        2.3467807600019479       0.40074586014367458       -0.0000000000000000     
  0.45280000000000004        2.3583685446345912       0.40605346688785104       -0.0000000000000000     
  0.45469999999999999        2.3699786806173138       0.41139859528516465       -0.0000000000000000     
  0.45660000000000006        2.3816112309738453       0.41678104368737834       -0.0000000000000000     
  0.45850000000000007        2.3932662573591674       0.42220060889118721       -0.0000000000000000     
  0.46040000000000003        2.4049438200742772       0.42765708629374738       -0.0000000000000000     
  0.46229999999999999        2.4166439780614213       0.43315027002226802       -0.0000000000000000     
  0.46420000000000000        2.4283667889412741       0.43867995310235602       -0.0000000000000000     
  0.46610000000000007        2.4401123090072301       0.44424592757679560       -0.0000000000000000     
  0.46800000000000003        2.4518805932425605       0.44984798464258030       -0.0000000000000000     
  0.46990000000000004        2.4636716953332951       0.45548591477862249       -0.0000000000000000     
  0.47180000000000011        2.4754856676813111       0.46115950786859167       -0.0000000000000000     
  0.47370000000000007        2.4873225614176682       0.46686855331925770       -0.0000000000000000     
  0.47560000000000008        2.4991824264163602       0.47261284017424687       -0.0000000000000000     
  0.47750000000000004        2.5110653113080863       0.47839215722316747       -0.0000000000000000     
  0.47939999999999999        2.5229712634943735       0.48420629310643076       -0.0000000000000000     
  0.48130000000000006        2.5349003291617702       0.49005503641557557       -0.0000000000000000     
  0.48320000000000007        2.5468525532963899       0.49593817578938948       -0.0000000000000000     
  0.48510000000000003        2.5588279797001632       0.50185550001110157       -0.0000000000000000     
  0.48700000000000004        2.5708266509978066       0.50780679807413531       -0.0000000000000000     
  0.48890000000000011        2.5828486086641504       0.51379185929977755       -0.0000000000000000     
  0.49080000000000007        2.5948938930297913       0.51981047339353792       -0.0000000000000000     
  0.49270000000000008        2.6069625432989327       0.52586243052726489       -0.0000000000000000     
  0.49460000000000004        2.6190545975640438       0.53194752141119273       -0.0000000000000000     
  0.49650000000000000        2.6311700928209731       0.53806553736247764       -0.0000000000000000     
  0.49840000000000007        2.6433090649840643       0.54421627037021569       -0.0000000000000000     
  0.50030000000000008        2.6554715489010983       0.55039951315693114       -0.0000000000000000     
  0.50220000000000009        2.6676575783686047       0.55661505923687704       -0.0000000000000000     
  0.50409999999999999        2.6798671861467471       0.56286270297090191       -0.0000000000000000     
  0.50600000000000001        2.6921004039743326       0.56914223961825727       -0.0000000000000000     
  0.50790000000000013        2.7043572625839829       0.57545346538551545       -0.0000000000000000     
  0.50980000000000003        2.7166377917168791       0.58179617747226242       -0.0000000000000000     
  0.51170000000000004        2.7289420201378309       0.58817017411421635       -0.0000000000000000     
  0.51360000000000006        2.7412699756500123       0.59457525462350957       -0.0000000000000000     
  0.51550000000000007        2.7536216851096804       0.60101121942628921       -0.0000000000000000     
  0.51740000000000008        2.7659971744409195       0.60747787009785092       -0.0000000000000000     
  0.51930000000000009        2.7783964686501994       0.61397500939533178       -0.0000000000000000     
  0.52120000000000000        2.7908195918349836       0.62050244129412890       -0.0000000000000000     
  0.52310000000000001        2.8032665672213977       0.62705997099087218       -0.0000000000000000     
  0.52500000000000013        2.8157374171436738       0.63364740496775662       -0.0000000000000000     
  0.52690000000000003        2.8282321630812710       0.64026455099005852       -0.0000000000000000     
  0.52880000000000005        2.8407508256676350       0.64691121813489139       -0.0000000000000000     
  0.53070000000000006        2.8532934247033155       0.65358721681078458       -0.0000000000000000     
  0.53260000000000007        2.8658599791704757       0.66029235877602055       -0.0000000000000000     
  0.53450000000000009        2.8784505072460327       0.66702645715470932       -0.0000000000000000     
  0.53640000000000010        2.8910650263152644       0.67378932645158096       -0.0000000000000000     
  0.53830000000000000        2.9037035529853923       0.68058078256500654       -0.0000000000000000     
  0.54020000000000001        2.9163661030984160       0.68740064279846580       -0.0000000000000000     
  0.54210000000000014        2.9290526917443644       0.69424872587060193       -0.0000000000000000     
  0.54400000000000004        2.9417633332741251       0.70112485192394558       -0.0000000000000000     
  0.54590000000000005        2.9544980413123678       0.70802884253227771       -0.0000000000000000     
  0.54780000000000006        2.9672568287697985       0.71496052070661342       -0.0000000000000000     
  0.54970000000000008        2.9800397078559717       0.72191971090024765       -0.0000000000000000     
  0.55160000000000009        2.9928466900912980       0.72890623901245966       -0.0000000000000000     
  0.55350000000000010        3.0056777863192377       0.73591993239118947       -0.0000000000000000     
  0.55540000000000000        3.0185330067183616       0.74296061983477291       -0.0000000000000000     
  0.55730000000000002        3.0314123608139245       0.75002813159257986       -0.0000000000000000     
  0.55920000000000014        3.0443158574898419       0.75712229936492248       -0.0000000000000000     
  0.56110000000000004        3.0572435049998843       0.76424295630187833       -0.0000000000000000     
  0.56300000000000006        3.0701953109790856       0.77138993700143077       -0.0000000000000000     
  0.56490000000000007        3.0831712824549347       0.77856307750690956       -0.0000000000000000     
  0.56680000000000008        3.0961714258583046       0.78576221530346879       -0.0000000000000000     
  0.56870000000000009        3.1091957470343794       0.79298718931413825       -0.0000000000000000     
  0.57060000000000011        3.1222442512533228       0.80023783989508168       -0.0000000000000000     
  0.57250000000000001        3.1353169432206438       0.80751400883029700       -0.0000000000000000     
  0.57440000000000002        3.1484138270877247       0.81481553932569328       -0.0000000000000000     
  0.57630000000000015        3.1615349064620313       0.82214227600282541       -0.0000000000000000     
  0.57820000000000005        3.1746801844170505       0.82949406489184196       -0.0000000000000000     
  0.58010000000000006        3.1878496634632749       0.83687075342899642       -0.0000000000000000     
  0.58200000000000007        3.2010433457140230       0.84427219042937884       -0.0000000000000000     
  0.58389999999999997        3.2142612326604434       0.85169822610840906       -0.0000000000000000     
  0.58580000000000010        3.2275033253375507       0.85914871205310972       -0.0000000000000000     
  0.58770000000000011        3.2407696242948467       0.86662350121858067       -0.0000000000000000     
  0.58960000000000001        3.2540601296041416       0.87412244791816374       -0.0000000000000000     
  0.59150000000000003        3.2673748408698207       0.88164540781459610       -0.0000000000000000     
  0.59340000000000015        3.2807137572370828       0.88919223790972723       -0.0000000000000000     
  0.59530000000000005        3.2940768774007161       0.89676279653485014       -0.0000000000000000     
  0.59720000000000006        3.3074641996138454       0.90435694334022065       -0.0000000000000000     
  0.59910000000000008        3.3208757216960318       0.91197453928457239       -0.0000000000000000     
  0.60099999999999998        3.3343114410415056       0.91961544662451233       -0.0000000000000000     
  0.60290000000000010        3.3477713546276306       0.92727952890372456       -0.0000000000000000     
  0.60480000000000012        3.3612554590226695       0.93496665094201903       -0.0000000000000000     
  0.60670000000000002        3.3747637503937340       0.94267667882405071       -0.0000000000000000     
  0.60860000000000003        3.3882962245143351       0.95040947988833080       -0.0000000000000000     
  0.61050000000000015        3.4018528767721605       0.95816492271564069       -0.0000000000000000     
  0.61240000000000006        3.4154337021763443       0.96594287711793070       -0.0000000000000000     
  0.61430000000000007        3.4290386953650018       0.97374321412642584       -0.0000000000000000     
  0.61620000000000008        3.4426678506123705       0.98156580598043941       -0.0000000000000000     
  0.61809999999999998        3.4563211618356116       0.98941052611550828       -0.0000000000000000     
  0.62000000000000011        3.4699986226022470       0.99727724915189386       -0.0000000000000000     
  0.62190000000000012        3.4837002261367123        1.0051658508828416       -0.0000000000000000     
  0.62380000000000002        3.4974259653270039        1.0130762082629077       -0.0000000000000000     
  0.62570000000000003        3.5111758327313338        1.0210081993961506       -0.0000000000000000     
  0.62760000000000005        3.5249498205848413        1.0289617035246397       -0.0000000000000000     
  0.62950000000000006        3.5387479208056187        1.0369366010165317       -0.0000000000000000     
  0.63140000000000007        3.5525701250012087        1.0449327733545366       -0.0000000000000000     
  0.63330000000000009        3.5664164244744443        1.0529501031241424       -0.0000000000000000     
  0.63519999999999999        3.5802868102300951        1.0609884740021815       -0.0000000000000000     
  0.63710000000000011        3.5941812729798821        1.0690477707449633       -0.0000000000000000     
  0.63900000000000012        3.6080998031493374        1.0771278791769818       -0.0000000000000000     
  0.64090000000000003        3.6220423908825552        1.0852286861791907       -0.0000000000000000     
  0.64280000000000004        3.6360090260485971        1.0933500796778057       -0.0000000000000000     
  0.64470000000000005        3.6499996982463720        1.1014919486326691       -0.0000000000000000     
  0.64660000000000006        3.6640143968105532        1.1096541830260858       -0.0000000000000000     
  0.64850000000000008        3.6780531108164842        1.1178366738514280       -0.0000000000000000     
  0.65040000000000009        3.6921158290859197        1.1260393131022266       -0.0000000000000000     
  0.65229999999999999        3.7062025401916214        1.1342619937606848       -0.0000000000000000     
  0.65420000000000011        3.7203132324625825        1.1425046097868348       -0.0000000000000000     
  0.65610000000000013        3.7344478939893451        1.1507670561078061       -0.0000000000000000     
  0.65800000000000003        3.7486065126279913        1.1590492286064145       -0.0000000000000000     
  0.65990000000000004        3.7627890760061087        1.1673510241110197       -0.0000000000000000     
  0.66180000000000005        3.7769955715262915        1.1756723403842266       -0.0000000000000000     
  0.66370000000000007        3.7912259863714319        1.1840130761127832       -0.0000000000000000     
  0.66560000000000008        3.8054803075093711        1.1923731308968570       -0.0000000000000000     
  0.66750000000000009        3.8197585216966794        1.2007524052395158       -0.0000000000000000     
  0.66940000000000000        3.8340606154835437        1.2091508005367093       -0.0000000000000000     
  0.67130000000000012        3.8483865752180688        1.2175682190668384       -0.0000000000000000     
  0.67320000000000013        3.8627363870497295        1.2260045639805288       -0.0000000000000000     
  0.67510000000000003        3.8771100369349161        1.2344597392911099       -0.0000000000000000     
  0.67700000000000005        3.8915075106394386        1.2429336498640327       -0.0000000000000000     
  0.67890000000000006        3.9059287937436360        1.2514262014077393       -0.0000000000000000     
  0.68080000000000007        3.9203738716454604        1.2599373004633241       -0.0000000000000000     
  0.68270000000000008        3.9348427295650970        1.2684668543953845       -0.0000000000000000     
  0.68460000000000010        3.9493353525479482        1.2770147713822555       -0.0000000000000000     
  0.68650000000000000        3.9638517254693171        1.2855809604069954       -0.0000000000000000     
  0.68840000000000012        3.9783918330368282        1.2941653312475596       -0.0000000000000000     
  0.69030000000000014        3.9929556597948719        1.3027677944679072       -0.0000000000000000     
  0.69220000000000004        4.0075431901278558        1.3113882614090195       -0.0000000000000000     
  0.69410000000000005        4.0221544082636980        1.3200266441797759       -0.0000000000000000     
  0.69600000000000006        4.0367892982769380        1.3286828556480308       -0.0000000000000000     
  0.69790000000000008        4.0514478440924053        1.3373568094319985       -0.0000000000000000     
  0.69980000000000009        4.0661300294882698        1.3460484198915017       -0.0000000000000000     
  0.70170000000000010        4.0808358380994250        1.3547576021194716       -0.0000000000000000     
  0.70360000000000000        4.0955652534200988        1.3634842719332918       -0.0000000000000000     
  0.70550000000000002        4.1103182588078377        1.3722283458668507       -0.0000000000000000     
  0.70740000000000014        4.1250948374857357        1.3809897411618892       -0.0000000000000000     
  0.70930000000000004        4.1398949725457648        1.3897683757600490       -0.0000000000000000     
  0.71120000000000005        4.1547186469515749        1.3985641682947894       -0.0000000000000000     
  0.71310000000000007        4.1695658435412897        1.4073770380833714       -0.0000000000000000     
  0.71500000000000008        4.1844365450309979        1.4162069051193071       -0.0000000000000000     
  0.71690000000000009        4.1993307340161943        1.4250536900640205       -0.0000000000000000     
  0.71880000000000011        4.2142483929757946        1.4339173142398656       -0.0000000000000000     
  0.72070000000000001        4.2291895042740029        1.4427976996221046       -0.0000000000000000     
  0.72260000000000002        4.2441540501634094        1.4516947688317532       -0.0000000000000000     
  0.72450000000000014        4.2591420127870627        1.4606084451279326       -0.0000000000000000     
  0.72640000000000005        4.2741533741814584        1.4695386524008225       -0.0000000000000000     
  0.72830000000000006        4.2891881162789902        1.4784853151645208       -0.0000000000000000     
  0.73020000000000007        4.3042462209098504        1.4874483585497267       -0.0000000000000000     
  0.73210000000000008        4.3193276698049585        1.4964277082969462       -0.0000000000000000     
  0.73400000000000010        4.3344324445984270        1.5054232907496745       -0.0000000000000000     
  0.73590000000000011        4.3495605268290793        1.5144350328472105       -0.0000000000000000     
  0.73780000000000001        4.3647118979435762        1.5234628621184867       -0.0000000000000000     
  0.73970000000000002        4.3798865392981847        1.5325067066750131       -0.0000000000000000     
  0.74160000000000015        4.3950844321612133        1.5415664952045676       -0.0000000000000000     
  0.74350000000000005        4.4103055577147163        1.5506421569646203       -0.0000000000000000     
  0.74540000000000006        4.4255498970570892        1.5597336217759887       -0.0000000000000000     
  0.74730000000000008        4.4408174312048896        1.5688408200166104       -0.0000000000000000     
  0.74919999999999998        4.4561081410950738        1.5779636826154870       -0.0000000000000000     
  0.75110000000000010        4.4714220075865381        1.5871021410461297       -0.0000000000000000     
  0.75300000000000011        4.4867590114626195        1.5962561273209255       -0.0000000000000000     
  0.75490000000000002        4.5021191334326769        1.6054255739851082       -0.0000000000000000     
  0.75680000000000003        4.5175023541342094        1.6146104141108519       -0.0000000000000000     
  0.75870000000000015        4.5329086541343759        1.6238105812913211       -0.0000000000000000     
  0.76060000000000005        4.5483380139324447        1.6330260096353391       -0.0000000000000000     
  0.76250000000000007        4.5637904139605903        1.6422566337611830       -0.0000000000000000     
  0.76440000000000008        4.5792658345865958        1.6515023887915610       -0.0000000000000000     
  0.76629999999999998        4.5947642561154742        1.6607632103480019       -0.0000000000000000     
  0.76820000000000010        4.6102856587904810        1.6700390345451133       -0.0000000000000000     
  0.77010000000000012        4.6258300227953422        1.6793297979855595       -0.0000000000000000     
  0.77200000000000002        4.6413973282558691        1.6886354377547026       -0.0000000000000000     
  0.77390000000000003        4.6569875552414413        1.6979558914154054       -0.0000000000000000     
  0.77580000000000016        4.6726006837665528        1.7072910970028639       -0.0000000000000000     
  0.77770000000000006        4.6882366937925237        1.7166409930196367       -0.0000000000000000     
  0.77960000000000007        4.7038955652290300        1.7260055184305221       -0.0000000000000000     
  0.78150000000000008        4.7195772779350857        1.7353846126576378       -0.0000000000000000     
  0.78339999999999999        4.7352818117213760        1.7447782155757108       -0.0000000000000000     
  0.78530000000000011        4.7510091463512252        1.7541862675072408       -0.0000000000000000     
  0.78720000000000012        4.7667592615418588        1.7636087092175783       -0.0000000000000000     
  0.78910000000000002        4.7825321369661182        1.7730454819104084       -0.0000000000000000     
  0.79100000000000004        4.7983277522536154        1.7824965272231277       -0.0000000000000000     
  0.79290000000000016        4.8141460869922668        1.7919617872223688       -0.0000000000000000     
  0.79480000000000006        4.8299871207294753        1.8014412043993180       -0.0000000000000000     
  0.79670000000000007        4.8458508329735785        1.8109347216655600       -0.0000000000000000     
  0.79860000000000009        4.8617372031949335        1.8204422823484070       -0.0000000000000000     
  0.80049999999999999        4.8776462108273249        1.8299638301868282       -0.0000000000000000     
  0.80240000000000011        4.8935778352689709        1.8394993093270613       -0.0000000000000000     
  0.80430000000000013        4.9095320558842488        1.8490486643185895       -0.0000000000000000     
  0.80620000000000003        4.9255088520042136        1.8586118401097356       -0.0000000000000000     
  0.80810000000000004        4.9415082029281550        1.8681887820437673       -0.0000000000000000     
  0.81000000000000016        4.9575300879247362        1.8777794358548534       -0.0000000000000000     
  0.81190000000000007        4.9735744862332183        1.8873837476640696       -0.0000000000000000     
  0.81380000000000008        4.9896413770640562        1.8970016639753096       -0.0000000000000000     
  0.81570000000000009        5.0057307396006996        1.9066331316717722       -0.0000000000000000     
  0.81759999999999999        5.0218425530000568        1.9162780980117364       -0.0000000000000000     
  0.81950000000000012        5.0379767963939708        1.9259365106250670       -0.0000000000000000     
  0.82140000000000013        5.0541334488899770        1.9356083175093408       -0.0000000000000000     
  0.82330000000000003        5.0703124895725216        1.9452934670263402       -0.0000000000000000     
  0.82520000000000004        5.0865138975037514        1.9549919078981080       -0.0000000000000000     
  0.82710000000000006        5.1027376517246283        1.9647035892037272       -0.0000000000000000     
  0.82900000000000007        5.1189837312558906        1.9744284603755951       -0.0000000000000000     
  0.83090000000000008        5.1352521150990480        1.9841664711959359       -0.0000000000000000     
  0.83280000000000010        5.1515427822369553        1.9939175717933264       -0.0000000000000000     
  0.83470000000000000        5.1678557116353767        2.0036817126395392       -0.0000000000000000     
  0.83660000000000012        5.1841908822432572        2.0134588445458403       -0.0000000000000000     
  0.83850000000000013        5.2005482729938395        2.0232489186598261       -0.0000000000000000     
  0.84040000000000004        5.2169278628056608        2.0330518864622635       -0.0000000000000000     
  0.84230000000000005        5.2333296305832082        2.0428676997637285       -0.0000000000000000     
  0.84420000000000006        5.2497535552179482        2.0526963107014566       -0.0000000000000000     
  0.84609999999999996        5.2661996155887554        2.0625376717360666       -0.0000000000000000     
  0.84799999999999998        5.2826677905633499        2.0723917356488442       -0.0000000000000000     
  0.84989999999999999        5.2991580589984633        2.0822584555381654       -0.0000000000000000     
  0.85180000000000000        5.3156703997409940        2.0921377848167975       -0.0000000000000000     
  0.85370000000000013        5.3322047916284667        2.1020296772087721       -0.0000000000000000     
  0.85560000000000014        5.3487612134903788        2.1119340867466159       -0.0000000000000000     
  0.85750000000000004        5.3653396441481327        2.1218509677681503       -0.0000000000000000     
  0.85940000000000005        5.3819400624163931        2.1317802749137891       -0.0000000000000000     
  0.86130000000000007        5.3985624471034281        2.1417219631237105       -0.0000000000000000     
  0.86319999999999997        5.4152067770121146        2.1516759876349725       -0.0000000000000000     
  0.86509999999999998        5.4318730309403307        2.1616423039788382       -0.0000000000000000     
  0.86699999999999999        5.4485611876818236        2.1716208679778406       -0.0000000000000000     
  0.86890000000000001        5.4652712260266654        2.1816116357432280       -0.0000000000000000     
  0.87079999999999991        5.4820031247622651        2.1916145636723714       -0.0000000000000000     
  0.87270000000000014        5.4987568626737300        2.2016296084459612       -0.0000000000000000     
  0.87460000000000004        5.5155324185444874        2.2116567270254319       -0.0000000000000000     
  0.87650000000000006        5.5323297711568822        2.2216958766503923       -0.0000000000000000     
  0.87840000000000007        5.5491488992928506        2.2317470148360612       -0.0000000000000000     
  0.88029999999999997        5.5659897817351958        2.2418100993711456       -0.0000000000000000     
  0.88219999999999998        5.5828523972665955        2.2518850883145789       -0.0000000000000000     
  0.88410000000000000        5.5997367246715255        2.2619719399936207       -0.0000000000000000     
  0.88600000000000001        5.6166427427362819        2.2720706130013726       -0.0000000000000000     
  0.88789999999999991        5.6335704302499137        2.2821810661943722       -0.0000000000000000     
  0.88980000000000015        5.6505197660043018        2.2923032586901462       -0.0000000000000000     
  0.89170000000000005        5.6674907287947809        2.3024371498647733       -0.0000000000000000     
  0.89360000000000006        5.6844832974211048        2.3125826993509238       -0.0000000000000000     
  0.89550000000000007        5.7014974506872811        2.3227398670351991       -0.0000000000000000     
  0.89739999999999998        5.7185331674024020        2.3329086130559684       -0.0000000000000000     
  0.89929999999999999        5.7355904263817807        2.3430888978015871       -0.0000000000000000     
  0.90120000000000000        5.7526692064462175        2.3532806819074747       -0.0000000000000000     
  0.90309999999999990        5.7697694864233320        2.3634839262544207       -0.0000000000000000     
  0.90499999999999992        5.7868912451476930        2.3736985919662374       -0.0000000000000000     
  0.90689999999999993        5.8040344614617441        2.3839246404078951       -0.0000000000000000     
  0.90879999999999994        5.8211991142153199        2.3941620331829050       -0.0000000000000000     
  0.91070000000000007        5.8383851822670483        2.4044107321317725       -0.0000000000000000     
  0.91260000000000008        5.8555926444845241        2.4146706993298022       -0.0000000000000000     
  0.91449999999999998        5.8728214797442968        2.4249418970848380       -0.0000000000000000     
  0.91639999999999999        5.8900716669330349        2.4352242879356321       -0.0000000000000000     
  0.91830000000000001        5.9073431849471358        2.4455178346494257       -0.0000000000000000     
  0.92019999999999991        5.9246360126936990        2.4558225002203562       -0.0000000000000000     
  0.92209999999999992        5.9419501290908441        2.4661382478674034       -0.0000000000000000     
  0.92399999999999993        5.9592855130680871        2.4764650410324633       -0.0000000000000000     
  0.92589999999999995        5.9766421435664192        2.4868028433784222       -0.0000000000000000     
  0.92780000000000007        5.9940199995391197        2.4971516187873282       -0.0000000000000000     
  0.92970000000000008        6.0114190599517761        2.5075113313585051       -0.0000000000000000     
  0.93159999999999998        6.0288393037831307        2.5178819454068733       -0.0000000000000000     
  0.93350000000000000        6.0462807100246811        2.5282634254608105       -0.0000000000000000     
  0.93540000000000001        6.0637432576819563        2.5386557362608353       -0.0000000000000000     
  0.93729999999999991        6.0812269257739704        2.5490588427573715       -0.0000000000000000     
  0.93919999999999992        6.0987316933341305        2.5594727101092332       -0.0000000000000000     
  0.94109999999999994        6.1162575394105607        2.5698973036820005       -0.0000000000000000     
  0.94299999999999995        6.1338044430659808        2.5803325890460309       -0.0000000000000000     
  0.94490000000000007        6.1513723833786367        2.5907785319750225       -0.0000000000000000     
  0.94680000000000009        6.1689613394420340        2.6012350984441550       -0.0000000000000000     
  0.94869999999999999        6.1865712903659311        2.6117022546286761       -0.0000000000000000     
  0.95060000000000000        6.2042022152754601        2.6221799669017427       -0.0000000000000000     
  0.95250000000000001        6.2218540933131914        2.6326682018336820       -0.0000000000000000     
  0.95439999999999992        6.2395269036375600        2.6431669261894384       -0.0000000000000000     
  0.95629999999999993        6.2572206254245550        2.6536761069276582       -0.0000000000000000     
  0.95819999999999994        6.2749352378673731        2.6641957111988916       -0.0000000000000000     
  0.96009999999999995        6.2926707201766243        2.6747257063439251       -0.0000000000000000     
  0.96199999999999986        6.3104270515808318        2.6852660598924492       -0.0000000000000000     
  0.96390000000000009        6.3282042113266579        2.6958167395614590       -0.0000000000000000     
  0.96579999999999999        6.3460021786793508        2.7063777132538291       -0.0000000000000000     
  0.96770000000000000        6.3638209329222342        2.7169489490565288       -0.0000000000000000     
  0.96960000000000002        6.3816604533581973        2.7275304152397699       -0.0000000000000000     
  0.97149999999999992        6.3995207193088142        2.7381220802548594       -0.0000000000000000     
  0.97339999999999993        6.4174017101151239        2.7487239127331766       -0.0000000000000000     
  0.97529999999999994        6.4353034051378364        2.7593358814846547       -0.0000000000000000     
  0.97719999999999996        6.4532257837574356        2.7699579554963849       -0.0000000000000000     
  0.97909999999999986        6.4711688253743747        2.7805901039311300       -0.0000000000000000     
  0.98100000000000009        6.4891325094096199        2.7912322961261835       -0.0000000000000000     
  0.98290000000000000        6.5071168153045935        2.8018845015917453       -0.0000000000000000     
  0.98480000000000001        6.5251217225213685        2.8125466900097225       -0.0000000000000000     
  0.98670000000000002        6.5431472105427622        2.8232188312321926       -0.0000000000000000     
  0.98859999999999992        6.5611932588730832        2.8339008952804972       -0.0000000000000000     
  0.99049999999999994        6.5792598470378172        2.8445928523435318       -0.0000000000000000     
  0.99239999999999995        6.5973469545840029        2.8552946727766351       -0.0000000000000000     
  0.99429999999999996        6.6154545610802247        2.8660063271001661       -0.0000000000000000     
  0.99619999999999986        6.6335826461173042        2.8767277859985043       -0.0000000000000000     
  0.99810000000000010        6.6517311893080411        2.8874590203186146       -0.0000000000000000     
   1.0000000000000000        6.6699001702873240        2.8982000010686471       -0.0000000000000000     
