   5.0000000000000003E-002  0.23870222785759443        5.3036203809240969E-004  -0.0000000000000000     
   5.1899999999999995E-002  0.24779446308140304        6.1007590623660655E-004  -0.0000000000000000     
   5.3800000000000001E-002  0.25688973351196798        6.9666638362051510E-004  -0.0000000000000000     
   5.5700000000000006E-002  0.26598817716346884        7.9029104380930204E-004  -0.0000000000000000     
   5.7599999999999998E-002  0.27508992796957438        8.9109746893809938E-004  -0.0000000000000000     
   5.9499999999999997E-002  0.28419511562839822        9.9922399749677489E-004  -0.0000000000000000     
   6.1400000000000003E-002  0.29330386582917484        1.1148004142393052E-003  -0.0000000000000000     
   6.3300000000000009E-002  0.30241630043989687        1.2379486123156661E-003  -0.0000000000000000     
   6.5200000000000008E-002  0.31153253749370868        1.3687832329698246E-003  -0.0000000000000000     
   6.7099999999999993E-002  0.32065269139850794        1.5074122640552304E-003  -0.0000000000000000     
   6.9000000000000006E-002  0.32977687304811099        1.6539376144825615E-003  -0.0000000000000000     
   7.0900000000000005E-002  0.33890518995186003        1.8084556599468234E-003  -0.0000000000000000     
   7.2799999999999990E-002  0.34803774634217655        1.9710577621991454E-003  -0.0000000000000000     
   7.4700000000000003E-002  0.35717464339945731        2.1418307618135761E-003  -0.0000000000000000     
   7.6600000000000001E-002  0.36631597924463533        2.3208574492127655E-003  -0.0000000000000000     
   7.8500000000000000E-002  0.37546184915419190        2.5082170099274014E-003  -0.0000000000000000     
   8.0400000000000013E-002  0.38461234566546060        2.7039854491428959E-003  -0.0000000000000000     
   8.2300000000000012E-002  0.39376755870046526        2.9082359948685989E-003  -0.0000000000000000     
   8.4199999999999997E-002  0.40292757568779647        3.1210394810907661E-003  -0.0000000000000000     
   8.6099999999999996E-002  0.41209248168069224        3.3424647116979760E-003  -0.0000000000000000     
   8.7999999999999995E-002  0.42126235947486718        3.5725788062257271E-003  -0.0000000000000000     
   8.9899999999999994E-002  0.43043728972000117        3.8114475281200827E-003  -0.0000000000000000     
   9.1800000000000007E-002  0.43961735103309030        4.0591355965490360E-003  -0.0000000000000000     
   9.3700000000000006E-002  0.44880262010425076        4.3157069823124171E-003  -0.0000000000000000     
   9.5600000000000004E-002  0.45799317178184679        4.5812251885937990E-003  -0.0000000000000000     
   9.7500000000000017E-002  0.46718907925454084        4.8557535184569041E-003  -0.0000000000000000     
   9.9400000000000002E-002  0.47639041403243548        5.1393553267198716E-003  -0.0000000000000000     
  0.10130000000000000       0.48559724612085114        5.4320942608933765E-003  -0.0000000000000000     
  0.10320000000000000       0.49480964409456718        5.7340344888883550E-003  -0.0000000000000000     
  0.10510000000000000       0.50402767518858038        6.0452409152683545E-003  -0.0000000000000000     
  0.10700000000000000       0.51325140538599212        6.3657793864559022E-003  -0.0000000000000000     
  0.10890000000000001       0.52248089950314847        6.6957168854499278E-003  -0.0000000000000000     
  0.11080000000000001       0.53171622127237339        7.0351217165994006E-003  -0.0000000000000000     
  0.11270000000000001       0.54095743342173708        7.3840636809938522E-003  -0.0000000000000000     
  0.11460000000000002       0.55020459775274599        7.7426142429057382E-003  -0.0000000000000000     
  0.11649999999999999       0.55945777521532547        8.1108466878397050E-003  -0.0000000000000000     
  0.11840000000000001       0.56871702598043261        8.4888362725723202E-003  -0.0000000000000000     
  0.12030000000000000       0.57798240951046653        8.8766603676812220E-003  -0.0000000000000000     
  0.12220000000000000       0.58725398462719636        9.2743985929380872E-003  -0.0000000000000000     
  0.12410000000000000       0.59653180957802754        9.6821329459861917E-003  -0.0000000000000000     
  0.12600000000000000       0.60581594209934342        1.0099947924640676E-002  -0.0000000000000000     
  0.12790000000000001       0.61510643947863930        1.0527930643267455E-002  -0.0000000000000000     
  0.12980000000000003       0.62440335861411456        1.0966170943420237E-002  -0.0000000000000000     
  0.13169999999999998       0.63370675607251226        1.1414761499224055E-002  -0.0000000000000000     
  0.13360000000000000       0.64301668808142687        1.1873619892612966E-002  -0.0000000000000000     
  0.13550000000000001       0.65233317035502425        1.2336915762227871E-002  -0.0000000000000000     
  0.13739999999999999       0.66165617896398987        1.2806688416659936E-002  -0.0000000000000000     
  0.13930000000000001       0.67098572506832987        1.3284400019842680E-002  -0.0000000000000000     
  0.14120000000000002       0.68032183224849663        1.3770687099588771E-002  -0.0000000000000000     
  0.14310000000000000       0.68966453031778530        1.4265967330818311E-002  -0.0000000000000000     
  0.14500000000000002       0.69901385312507713        1.4770561141930798E-002  -0.0000000000000000     
  0.14690000000000000       0.70836983745679871        1.5284736732031656E-002  -0.0000000000000000     
  0.14879999999999999       0.71773252239962015        1.5808731254547192E-002  -0.0000000000000000     
  0.15070000000000000       0.72710194893558311        1.6342762291745951E-002  -0.0000000000000000     
  0.15260000000000001       0.73647815967051067        1.6887034687788672E-002  -0.0000000000000000     
  0.15450000000000000       0.74586119864350442        1.7441744908139666E-002  -0.0000000000000000     
  0.15640000000000001       0.75525111119027333        1.8007083971963902E-002  -0.0000000000000000     
  0.15830000000000002       0.76464794384305135        1.8583239509375304E-002  -0.0000000000000000     
  0.16020000000000001       0.77405174425623491        1.9170397255591831E-002  -0.0000000000000000     
  0.16210000000000002       0.78346256115099988        1.9768742168150277E-002  -0.0000000000000000     
  0.16400000000000001       0.79288044427399962        2.0378459283353363E-002  -0.0000000000000000     
  0.16589999999999999       0.80230544436682172        2.0999734387197395E-002  -0.0000000000000000     
  0.16780000000000000       0.81173761314349102        2.1632754551252187E-002  -0.0000000000000000     
  0.16970000000000002       0.82117700327473686        2.2277708567971687E-002  -0.0000000000000000     
  0.17160000000000000       0.83062366837727097        2.2934787309776907E-002  -0.0000000000000000     
  0.17350000000000002       0.84007766300721554        2.3604184029451171E-002  -0.0000000000000000     
  0.17540000000000003       0.84953904265674807        2.4286094614487476E-002  -0.0000000000000000     
  0.17730000000000001       0.85900786375377403        2.4980717805007092E-002  -0.0000000000000000     
  0.17920000000000003       0.86848418366320723        2.5688255382193426E-002  -0.0000000000000000     
  0.18110000000000001       0.87796806069056710        2.6408912332804606E-002  -0.0000000000000000     
  0.18300000000000000       0.88745955408708888        2.7142896993948465E-002  -0.0000000000000000     
  0.18490000000000001       0.89695872405553301        2.7890421181161865E-002  -0.0000000000000000     
  0.18680000000000002       0.90646563175744765        2.8651700302576310E-002  -0.0000000000000000     
  0.18870000000000001       0.91598033932111789        2.9426953460959086E-002  -0.0000000000000000     
  0.19060000000000002       0.92550290985006889        3.0216403545272684E-002  -0.0000000000000000     
  0.19250000000000003       0.93503340743232399        3.1020277313048166E-002  -0.0000000000000000     
  0.19439999999999999       0.94457189714974121        3.1838805464320177E-002  -0.0000000000000000     
  0.19630000000000000       0.95411844508807164        3.2672222708211698E-002  -0.0000000000000000     
  0.19820000000000002       0.96367311834689429        3.3520767822455555E-002  -0.0000000000000000     
  0.20010000000000000       0.97323598504090103        3.4384683706383749E-002  -0.0000000000000000     
  0.20200000000000001       0.98280711434617085        3.5264217428435045E-002  -0.0000000000000000     
  0.20390000000000003       0.99238657645661754        3.6159620266457096E-002  -0.0000000000000000     
  0.20580000000000001        1.0019744426302708        3.7071147743654560E-002  -0.0000000000000000     
  0.20770000000000002        1.0115707851905111        3.7999059658267234E-002  -0.0000000000000000     
  0.20960000000000004        1.0211756775362115        3.8943620107884908E-002  -0.0000000000000000     
  0.21149999999999999        1.0307891941516900        3.9905097508207484E-002  -0.0000000000000000     
  0.21340000000000001        1.0404114106164570        4.0883764606294289E-002  -0.0000000000000000     
  0.21529999999999999        1.0500424036147267        4.1879898488181015E-002  -0.0000000000000000     
  0.21720000000000000        1.0596822509445749        4.2893780580801268E-002  -0.0000000000000000     
  0.21909999999999999        1.0693310315268654        4.3925696648112869E-002  -0.0000000000000000     
  0.22100000000000003        1.0789888254137363        4.4975936781255402E-002  -0.0000000000000000     
  0.22289999999999999        1.0886557137967061        4.6044795382621226E-002  -0.0000000000000000     
  0.22479999999999997        1.0983317790143383        4.7132571143646509E-002  -0.0000000000000000     
  0.22670000000000001        1.1080171045594644        4.8239567016182948E-002  -0.0000000000000000     
  0.22860000000000000        1.1177117750858632        4.9366090177204280E-002  -0.0000000000000000     
  0.23050000000000001        1.1274158764143760        5.0512451986709478E-002  -0.0000000000000000     
  0.23240000000000000        1.1371294955385531        5.1678967938611924E-002  -0.0000000000000000     
  0.23430000000000001        1.1468527206295331        5.2865957604368602E-002  -0.0000000000000000     
  0.23619999999999999        1.1565856410403916        5.4073744569218624E-002  -0.0000000000000000     
  0.23810000000000003        1.1663283473097645        5.5302656360771418E-002  -0.0000000000000000     
  0.23999999999999999        1.1760809311647802        5.6553024369803265E-002  -0.0000000000000000     
  0.24189999999999998        1.1858434855231685        5.7825183763001803E-002  -0.0000000000000000     
  0.24380000000000002        1.1956161044946629        5.9119473387552336E-002  -0.0000000000000000     
  0.24570000000000000        1.2053988833815827        6.0436235667338238E-002  -0.0000000000000000     
  0.24760000000000001        1.2151919186784854        6.1775816490619091E-002  -0.0000000000000000     
  0.24950000000000000        1.2249953080709981        6.3138565089019841E-002  -0.0000000000000000     
  0.25140000000000001        1.2348091504337113        6.4524833907726287E-002  -0.0000000000000000     
  0.25330000000000003        1.2446335458271272        6.5934978466732630E-002  -0.0000000000000000     
  0.25519999999999998        1.2544685954935764        6.7369357213087816E-002  -0.0000000000000000     
  0.25710000000000000        1.2643144018522070        6.8828331364018336E-002  -0.0000000000000000     
  0.25900000000000001        1.2741710684928325        7.0312264740912886E-002  -0.0000000000000000     
  0.26090000000000002        1.2840387001687283        7.1821523594126274E-002  -0.0000000000000000     
  0.26279999999999998        1.2939174027884242        7.3356476418587405E-002  -0.0000000000000000     
  0.26469999999999999        1.3038072834061913        7.4917493760253764E-002  -0.0000000000000000     
  0.26660000000000000        1.3137084502115106        7.6504948013481761E-002  -0.0000000000000000     
  0.26849999999999996        1.3236210125173085        7.8119213209345228E-002  -0.0000000000000000     
  0.27040000000000003        1.3335450807469942        7.9760664795094097E-002  -0.0000000000000000     
  0.27229999999999999        1.3434807664262904        8.1429679405097169E-002  -0.0000000000000000     
  0.27420000000000000        1.3534281821435834        8.3126634621969994E-002  -0.0000000000000000     
  0.27610000000000001        1.3633874415698621        8.4851908731914324E-002  -0.0000000000000000     
  0.27799999999999997        1.3733586594161955        8.6605880469423385E-002  -0.0000000000000000     
  0.27989999999999998        1.3833419514206382        8.8388928755511145E-002  -0.0000000000000000     
  0.28179999999999999        1.3933374343277998        9.0201432428244396E-002  -0.0000000000000000     
  0.28370000000000001        1.4033452258669366        9.2043769966168823E-002  -0.0000000000000000     
  0.28559999999999997        1.4133654447289659        9.3916319205123139E-002  -0.0000000000000000     
  0.28750000000000003        1.4233982105419025        9.5819457048819778E-002  -0.0000000000000000     
  0.28939999999999999        1.4334436438452909        9.7753559173715671E-002  -0.0000000000000000     
  0.29130000000000000        1.4435018660631398        9.9718999728662966E-002  -0.0000000000000000     
  0.29320000000000002        1.4535729994756721       0.10171615102991848       -0.0000000000000000     
  0.29509999999999997        1.4636571671898106       0.10374538325209166       -0.0000000000000000     
  0.29699999999999999        1.4737544931082858       0.10580706411567561       -0.0000000000000000     
  0.29890000000000000        1.4838651018978206       0.10790155857175729       -0.0000000000000000     
  0.30080000000000001        1.4939891189557835       0.11002922848468159       -0.0000000000000000     
  0.30269999999999997        1.5041266703757588       0.11219043231323206       -0.0000000000000000     
  0.30460000000000004        1.5142778829120822       0.11438552479121365       -0.0000000000000000     
  0.30649999999999999        1.5244428839431270       0.11661485660811778       -0.0000000000000000     
  0.30840000000000001        1.5346218014336039       0.11887877409057870       -0.0000000000000000     
  0.31030000000000002        1.5448147638957386       0.12117761888552171       -0.0000000000000000     
  0.31219999999999998        1.5550219003495622       0.12351172764568748       -0.0000000000000000     
  0.31409999999999999        1.5652433402821546       0.12588143171842139       -0.0000000000000000     
  0.31600000000000000        1.5754792136060760       0.12828705683843741       -0.0000000000000000     
  0.31790000000000002        1.5857296506168810       0.13072892282544307       -0.0000000000000000     
  0.31979999999999997        1.5959947819499407       0.13320734328737016       -0.0000000000000000     
  0.32170000000000004        1.6062747385364768       0.13572262533003060       -0.0000000000000000     
  0.32360000000000000        1.6165696515588950       0.13827506927392380       -0.0000000000000000     
  0.32549999999999996        1.6268796524056446       0.14086496837902682       -0.0000000000000000     
  0.32740000000000002        1.6372048726254360       0.14349260857824914       -0.0000000000000000     
  0.32929999999999998        1.6475454438810353       0.14615826822029121       -0.0000000000000000     
  0.33119999999999999        1.6579014979026601       0.14886221782257195       -0.0000000000000000     
  0.33310000000000001        1.6682731664464663       0.15160471983582843       -0.0000000000000000     
  0.33500000000000002        1.6786605812252278       0.15438602841548604       -0.0000000000000000     
  0.33689999999999998        1.6890638738950050       0.15720638921422189       -0.0000000000000000     
  0.33879999999999999        1.6994831759844526       0.16006603917762371       -0.0000000000000000     
  0.34070000000000000        1.7099186188532280       0.16296520635760048       -0.0000000000000000     
  0.34259999999999996        1.7203703336447769       0.16590410973827369       -0.0000000000000000     
  0.34450000000000003        1.7308384512388295       0.16888295907563078       -0.0000000000000000     
  0.34639999999999999        1.7413231022042726       0.17190195475138673       -0.0000000000000000     
  0.34830000000000000        1.7518244167523815       0.17496128764132848       -0.0000000000000000     
  0.35020000000000001        1.7623425246902897       0.17806113899838671       -0.0000000000000000     
  0.35210000000000002        1.7728775553748988       0.18120168035058776       -0.0000000000000000     
  0.35399999999999998        1.7834296376673116       0.18438307341408883       -0.0000000000000000     
  0.35589999999999999        1.7939988998877396       0.18760547002131936       -0.0000000000000000     
  0.35780000000000001        1.8045854697710866       0.19086901206429024       -0.0000000000000000     
  0.35969999999999996        1.8151894744232144       0.19417383145303663       -0.0000000000000000     
  0.36160000000000003        1.8258110402779337       0.19752005008911780       -0.0000000000000000     
  0.36349999999999999        1.8364502930600235       0.20090777985543218       -0.0000000000000000     
  0.36540000000000000        1.8471073577223478       0.20433712261365641       -0.0000000000000000     
  0.36730000000000002        1.8577823584387521       0.20780817023073966       -0.0000000000000000     
  0.36920000000000003        1.8684754185419974       0.21132100460488684       -0.0000000000000000     
  0.37109999999999999        1.8791866604907734       0.21487569771286336       -0.0000000000000000     
  0.37300000000000000        1.8899162058325665       0.21847231166946116       -0.0000000000000000     
  0.37490000000000001        1.9006641751673290       0.22211089880010751       -0.0000000000000000     
  0.37679999999999997        1.9114306881123624       0.22579150172618390       -0.0000000000000000     
  0.37870000000000004        1.9222158632683897       0.22951415346266732       -0.0000000000000000     
  0.38059999999999999        1.9330198181867773       0.23327887752749410       -0.0000000000000000     
  0.38250000000000001        1.9438426693380297       0.23708568806221739       -0.0000000000000000     
  0.38440000000000002        1.9546845320815138       0.24093458996335834       -0.0000000000000000     
  0.38629999999999998        1.9655455206417098       0.24482557902581953       -0.0000000000000000     
  0.38819999999999999        1.9764257480586194       0.24875864208604004       -0.0000000000000000     
  0.39010000000000000        1.9873253261958641       0.25273375719440339       -0.0000000000000000     
  0.39200000000000002        1.9982443656915700       0.25675089377507365       -0.0000000000000000     
  0.39389999999999997        2.0091829759407944       0.26081001280435429       -0.0000000000000000     
  0.39580000000000004        2.0201412650732080       0.26491106699402389       -0.0000000000000000     
  0.39770000000000000        2.0311193399320517       0.26905400098114596       -0.0000000000000000     
  0.39959999999999996        2.0421173060543745       0.27323875152379545       -0.0000000000000000     
  0.40150000000000002        2.0531352676525780       0.27746524770210035       -0.0000000000000000     
  0.40339999999999998        2.0641733275973508       0.28173341112391304       -0.0000000000000000     
  0.40529999999999999        2.0752315874072944       0.28604315613712966       -0.0000000000000000     
  0.40720000000000001        2.0863101472114933       0.29039439003256001       -0.0000000000000000     
  0.40910000000000002        2.0974091057726789       0.29478701327658524       -0.0000000000000000     
  0.41099999999999998        2.1085285604494923       0.29922091971825182       -0.0000000000000000     
  0.41290000000000004        2.1196686071926871       0.30369599681277631       -0.0000000000000000     
  0.41480000000000000        2.1308293405354859       0.30821212584329682       -0.0000000000000000     
  0.41669999999999996        2.1420108535853881       0.31276918214342397       -0.0000000000000000     
  0.41860000000000003        2.1532132380169813       0.31736703532017080       -0.0000000000000000     
  0.42049999999999998        2.1644365840659483       0.32200554947667887       -0.0000000000000000     
  0.42240000000000005        2.1756809805297328       0.32668458343756746       -0.0000000000000000     
  0.42430000000000007        2.1869465147403013       0.33140399095689566       -0.0000000000000000     
  0.42620000000000002        2.1982332725987255       0.33616362095877034       -0.0000000000000000     
  0.42809999999999998        2.2095413385471159       0.34096331774082583       -0.0000000000000000     
  0.43000000000000005        2.2208707955747862       0.34580292119386430       -0.0000000000000000     
  0.43190000000000006        2.2322217252186412       0.35068226701543087       -0.0000000000000000     
  0.43380000000000002        2.2435942075643474       0.35560118692050507       -0.0000000000000000     
  0.43570000000000003        2.2549883212483772       0.36055950884923510       -0.0000000000000000     
  0.43759999999999999        2.2664041434610511       0.36555705717138598       -0.0000000000000000     
  0.43950000000000006        2.2778417499551828       0.37059365289085178       -0.0000000000000000     
  0.44140000000000007        2.2893012150298233       0.37566911382787921       -0.0000000000000000     
  0.44330000000000003        2.3007826115687227       0.38078325483593045       -0.0000000000000000     
  0.44519999999999998        2.3122860110230281       0.38593588797444323       -0.0000000000000000     
  0.44710000000000000        2.3238114834242158       0.39112682269816412       -0.0000000000000000     
  0.44900000000000007        2.3353590973915987       0.39635586603777540       -0.0000000000000000     
  0.45090000000000002        2.3469289201403103       0.40162282277605710       -0.0000000000000000     
  0.45280000000000004        2.3585210174900926       0.40692749561950597       -0.0000000000000000     
  0.45469999999999999        2.3701354538743784       0.41226968536527969       -0.0000000000000000     
  0.45660000000000006        2.3817722923501892       0.41764919106345438       -0.0000000000000000     
  0.45850000000000007        2.3934315946083160       0.42306581017453609       -0.0000000000000000     
  0.46040000000000003        2.4051134209878691       0.42851933872625247       -0.0000000000000000     
  0.46229999999999999        2.4168178304717460       0.43400957144467228       -0.0000000000000000     
  0.46420000000000000        2.4285448807228964       0.43953630192346660       -0.0000000000000000     
  0.46610000000000007        2.4402946280791422       0.44509932274418040       -0.0000000000000000     
  0.46800000000000003        2.4520671275699066       0.45069842561444318       -0.0000000000000000     
  0.46990000000000004        2.4638624329290137       0.45633340149679524       -0.0000000000000000     
  0.47180000000000011        2.4756805966075515       0.46200404073277757       -0.0000000000000000     
  0.47370000000000007        2.4875216697873372       0.46771013316236915       -0.0000000000000000     
  0.47560000000000008        2.4993857023942705       0.47345146823878170       -0.0000000000000000     
  0.47750000000000004        2.5112727431121868       0.47922783513873507       -0.0000000000000000     
  0.47939999999999999        2.5231828393967910       0.48503902286825129       -0.0000000000000000     
  0.48130000000000006        2.5351160374898174       0.49088482036401887       -0.0000000000000000     
  0.48320000000000007        2.5470723824333934       0.49676501659044331       -0.0000000000000000     
  0.48510000000000003        2.5590519180861580       0.50267940063769834       -0.0000000000000000     
  0.48700000000000004        2.5710546871306850       0.50862776178878477       -0.0000000000000000     
  0.48890000000000011        2.5830807310997823       0.51460988963743459       -0.0000000000000000     
  0.49080000000000007        2.5951300903829044       0.52062557414578914       -0.0000000000000000     
  0.49270000000000008        2.6072028042435114       0.52667460572707103       -0.0000000000000000     
  0.49460000000000004        2.6192989108337064       0.53275677531858423       -0.0000000000000000     
  0.49650000000000000        2.6314184472094717       0.53887187445087859       -0.0000000000000000     
  0.49840000000000007        2.6435614493455657       0.54501969531353844       -0.0000000000000000     
  0.50030000000000008        2.6557279521504853       0.55120003081734648       -0.0000000000000000     
  0.50220000000000009        2.6679179894816745       0.55741267465320021       -0.0000000000000000     
  0.50409999999999999        2.6801315941603288       0.56365742134764774       -0.0000000000000000     
  0.50600000000000001        2.6923687979865742       0.56993406631534671       -0.0000000000000000     
  0.50790000000000013        2.7046296317543401       0.57624240590843223       -0.0000000000000000     
  0.50980000000000003        2.7169141252662401       0.58258223746290050       -0.0000000000000000     
  0.51170000000000004        2.7292223073485049       0.58895335934214676       -0.0000000000000000     
  0.51360000000000006        2.7415542058657238       0.59535557097778036       -0.0000000000000000     
  0.51550000000000007        2.7539098477355837       0.60178867290773108       -0.0000000000000000     
  0.51740000000000008        2.7662892589435319       0.60825246681184686       -0.0000000000000000     
  0.51930000000000009        2.7786924645572575       0.61474675554492120       -0.0000000000000000     
  0.52120000000000000        2.7911194887352559       0.62127134317346133       -0.0000000000000000     
  0.52310000000000001        2.8035703547649686       0.62782603497972134       -0.0000000000000000     
  0.52500000000000013        2.8160450850414200       0.63441063752527538       -0.0000000000000000     
  0.52690000000000003        2.8285437011048540       0.64102495864977060       -0.0000000000000000     
  0.52880000000000005        2.8410662236490500       0.64766880749959077       -0.0000000000000000     
  0.53070000000000006        2.8536126725350819       0.65434199454799591       -0.0000000000000000     
  0.53260000000000007        2.8661830668051258       0.66104433161352627       -0.0000000000000000     
  0.53450000000000009        2.8787774246961022       0.66777563187663658       -0.0000000000000000     
  0.53640000000000010        2.8913957636528873       0.67453570989445555       -0.0000000000000000     
  0.53830000000000000        2.9040381003422402       0.68132438161434583       -0.0000000000000000     
  0.54020000000000001        2.9167044506652626       0.68814146438534662       -0.0000000000000000     
  0.54210000000000014        2.9293948297707950       0.69498677696861322       -0.0000000000000000     
  0.54400000000000004        2.9421092520685943       0.70186013954637616       -0.0000000000000000     
  0.54590000000000005        2.9548477312415735       0.70876137372937964       -0.0000000000000000     
  0.54780000000000006        2.9676102802584396       0.71569030256310628       -0.0000000000000000     
  0.54970000000000008        2.9803969113867117       0.72264675053310279       -0.0000000000000000     
  0.55160000000000009        2.9932076362042106       0.72963054356871315       -0.0000000000000000     
  0.55350000000000010        3.0060424656115781       0.73664150904587078       -0.0000000000000000     
  0.55540000000000000        3.0189014098443070       0.74367947578919869       -0.0000000000000000     
  0.55730000000000002        3.0317844784843220       0.75074427407260469       -0.0000000000000000     
  0.55920000000000014        3.0446916804717459       0.75783573561931272       -0.0000000000000000     
  0.56110000000000004        3.0576230241163627       0.76495369360092047       -0.0000000000000000     
  0.56300000000000006        3.0705785171089133       0.77209798263561535       -0.0000000000000000     
  0.56490000000000007        3.0835581665321543       0.77926843878555252       -0.0000000000000000     
  0.56680000000000008        3.0965619788721663       0.78646489955375465       -0.0000000000000000     
  0.56870000000000009        3.1095899600287944       0.79368720387992919       -0.0000000000000000     
  0.57060000000000011        3.1226421153265798       0.80093519213601561       -0.0000000000000000     
  0.57250000000000001        3.1357184495252683       0.80820870612087992       -0.0000000000000000     
  0.57440000000000002        3.1488189668300377       0.81550758905453902       -0.0000000000000000     
  0.57630000000000015        3.1619436709017297       0.82283168557175268       -0.0000000000000000     
  0.57820000000000005        3.1750925648671569       0.83018084171538264       -0.0000000000000000     
  0.58010000000000006        3.1882656512889569       0.83755490493310802       -0.0000000000000000     
  0.58200000000000007        3.2014629323344126       0.84495372405252211       -0.0000000000000000     
  0.58389999999999997        3.2146844095462068       0.85237714929936403       -0.0000000000000000     
  0.58580000000000010        3.2279300840113687       0.85982503227112850       -0.0000000000000000     
  0.58770000000000011        3.2411999563308851       0.86729722593276259       -0.0000000000000000     
  0.58960000000000001        3.2544940266279867       0.87479358460724177       -0.0000000000000000     
  0.59150000000000003        3.2678122945581416       0.88231396396641570       -0.0000000000000000     
  0.59340000000000015        3.2811547593174049       0.88985822102119849       -0.0000000000000000     
  0.59530000000000005        3.2945214196510775       0.89742621411127521       -0.0000000000000000     
  0.59720000000000006        3.3079122738621889       0.90501780289512856       -0.0000000000000000     
  0.59910000000000008        3.3213273198200972       0.91263284833947655       -0.0000000000000000     
  0.60099999999999998        3.3347665549690375       0.92027121270878165       -0.0000000000000000     
  0.60290000000000010        3.3482299763353027       0.92793275955420951       -0.0000000000000000     
  0.60480000000000012        3.3617175805363031       0.93561735370283461       -0.0000000000000000     
  0.60670000000000002        3.3752293637878492       0.94332486124653736       -0.0000000000000000     
  0.60860000000000003        3.3887653219116967       0.95105514953068659       -0.0000000000000000     
  0.61050000000000015        3.4023254503439118       0.95880808714293242       -0.0000000000000000     
  0.61240000000000006        3.4159097441415862       0.96658354390184897       -0.0000000000000000     
  0.61430000000000007        3.4295181979900495       0.97438139084505559       -0.0000000000000000     
  0.61620000000000008        3.4431508062112082       0.98220150021831842       -0.0000000000000000     
  0.61809999999999998        3.4568075627691659       0.99004374546336749       -0.0000000000000000     
  0.62000000000000011        3.4704884612781384       0.99790800120647016       -0.0000000000000000     
  0.62190000000000012        3.4841934950091580        1.0057941432468815       -0.0000000000000000     
  0.62380000000000002        3.4979226568964616        1.0137020485449195       -0.0000000000000000     
  0.62570000000000003        3.5116759395442370        1.0216315952104162       -0.0000000000000000     
  0.62760000000000005        3.5254533352333084        1.0295826624909583       -0.0000000000000000     
  0.62950000000000006        3.5392548359272187        1.0375551307602238       -0.0000000000000000     
  0.63140000000000007        3.5530804332786761        1.0455488815062051       -0.0000000000000000     
  0.63330000000000009        3.5669301186357458        1.0535637973197240       -0.0000000000000000     
  0.63519999999999999        3.5808038830474382        1.0615997618825734       -0.0000000000000000     
  0.63710000000000011        3.5947017172704059        1.0696566599561566       -0.0000000000000000     
  0.63900000000000012        3.6086236117739077        1.0777343773697521       -0.0000000000000000     
  0.64090000000000003        3.6225695567461984        1.0858328010090492       -0.0000000000000000     
  0.64280000000000004        3.6365395421000346        1.0939518188049038       -0.0000000000000000     
  0.64470000000000005        3.6505335574777353        1.1020913197215574       -0.0000000000000000     
  0.64660000000000006        3.6645515922572329        1.1102511937457276       -0.0000000000000000     
  0.64850000000000008        3.6785936355569948        1.1184313318750312       -0.0000000000000000     
  0.65040000000000009        3.6926596762410768        1.1266316261068161       -0.0000000000000000     
  0.65229999999999999        3.7067497029250918        1.1348519694273842       -0.0000000000000000     
  0.65420000000000011        3.7208637039801684        1.1430922558005139       -0.0000000000000000     
  0.65610000000000013        3.7350016675388114        1.1513523801568706       -0.0000000000000000     
  0.65800000000000003        3.7491635814990483        1.1596322383827584       -0.0000000000000000     
  0.65990000000000004        3.7633494335297790        1.1679317273097520       -0.0000000000000000     
  0.66180000000000005        3.7775592110750598        1.1762507447036359       -0.0000000000000000     
  0.66370000000000007        3.7917929013591074        1.1845891892541724       -0.0000000000000000     
  0.66560000000000008        3.8060504913902213        1.1929469605641370       -0.0000000000000000     
  0.66750000000000009        3.8203319679659131        1.2013239591393978       -0.0000000000000000     
  0.66940000000000000        3.8346373176765671        1.2097200863781332       -0.0000000000000000     
  0.67130000000000012        3.8489665269106368        1.2181352445610742       -0.0000000000000000     
  0.67320000000000013        3.8633195818577355        1.2265693368409882       -0.0000000000000000     
  0.67510000000000003        3.8776964685136899        1.2350222672328894       -0.0000000000000000     
  0.67700000000000005        3.8920971726840325        1.2434939406040619       -0.0000000000000000     
  0.67890000000000006        3.9065216799882627        1.2519842626641899       -0.0000000000000000     
  0.68080000000000007        3.9209699758635939        1.2604931399557189       -0.0000000000000000     
  0.68270000000000008        3.9354420455691250        1.2690204798444247       -0.0000000000000000     
  0.68460000000000010        3.9499378741889681        1.2775661905094422       -0.0000000000000000     
  0.68650000000000000        3.9644574466366005        1.2861301809343157       -0.0000000000000000     
  0.68840000000000012        3.9790007476582439        1.2947123608975444       -0.0000000000000000     
  0.69030000000000014        3.9935677618360961        1.3033126409632698       -0.0000000000000000     
  0.69220000000000004        4.0081584735925393        1.3119309324724766       -0.0000000000000000     
  0.69410000000000005        4.0227728671930363        1.3205671475337650       -0.0000000000000000     
  0.69600000000000006        4.0374109267496872        1.3292211990145884       -0.0000000000000000     
  0.69790000000000008        4.0520726362243202        1.3378930005323877       -0.0000000000000000     
  0.69980000000000009        4.0667579794322926        1.3465824664461761       -0.0000000000000000     
  0.70170000000000010        4.0814669400451571        1.3552895118475949       -0.0000000000000000     
  0.70360000000000000        4.0961995015940245        1.3640140525528484       -0.0000000000000000     
  0.70550000000000002        4.1109556474726432        1.3727560050940768       -0.0000000000000000     
  0.70740000000000014        4.1257353609402854        1.3815152867111551       -0.0000000000000000     
  0.70930000000000004        4.1405386251249787        1.3902918153437152       -0.0000000000000000     
  0.71120000000000005        4.1553654230261925        1.3990855096228514       -0.0000000000000000     
  0.71310000000000007        4.1702157375177480        1.4078962888632884       -0.0000000000000000     
  0.71500000000000008        4.1850895513508570        1.4167240730556243       -0.0000000000000000     
  0.71690000000000009        4.1999868471564676        1.4255687828584027       -0.0000000000000000     
  0.71880000000000011        4.2149076074484482        1.4344303395906137       -0.0000000000000000     
  0.72070000000000001        4.2298518146258957        1.4433086652240255       -0.0000000000000000     
  0.72260000000000002        4.2448194509759887        1.4522036823758522       -0.0000000000000000     
  0.72450000000000014        4.2598104986761705        1.4611153143012059       -0.0000000000000000     
  0.72640000000000005        4.2748249397974227        1.4700434848861097       -0.0000000000000000     
  0.72830000000000006        4.2898627563057232        1.4789881186399929       -0.0000000000000000     
  0.73020000000000007        4.3049239300655939        1.4879491406889611       -0.0000000000000000     
  0.73210000000000008        4.3200084428415044        1.4969264767685073       -0.0000000000000000     
  0.73400000000000010        4.3351162763009246        1.5059200532168484       -0.0000000000000000     
  0.73590000000000011        4.3502474120160928        1.5149297969679065       -0.0000000000000000     
  0.73780000000000001        4.3654018314669045        1.5239556355448802       -0.0000000000000000     
  0.73970000000000002        4.3805795160424674        1.5329974970533322       -0.0000000000000000     
  0.74160000000000015        4.3957804470437605        1.5420553101748837       -0.0000000000000000     
  0.74350000000000005        4.4110046056854237        1.5511290041604502       -0.0000000000000000     
  0.74540000000000006        4.4262519730984229        1.5602185088244231       -0.0000000000000000     
  0.74730000000000008        4.4415225303312340        1.5693237545376442       -0.0000000000000000     
  0.74919999999999998        4.4568162583530384        1.5784446722220236       -0.0000000000000000     
  0.75110000000000010        4.4721331380545486        1.5875811933437911       -0.0000000000000000     
  0.75300000000000011        4.4874731502507599        1.5967332499077056       -0.0000000000000000     
  0.75490000000000002        4.5028362756824372        1.6059007744511204       -0.0000000000000000     
  0.75680000000000003        4.5182224950184340        1.6150837000381566       -0.0000000000000000     
  0.75870000000000015        4.5336317888571287        1.6242819602537444       -0.0000000000000000     
  0.76060000000000005        4.5490641377284300        1.6334954891980678       -0.0000000000000000     
  0.76250000000000007        4.5645195220957495        1.6427242214808728       -0.0000000000000000     
  0.76440000000000008        4.5799979223573475        1.6519680922158435       -0.0000000000000000     
  0.76629999999999998        4.5954993188482636        1.6612270370151208       -0.0000000000000000     
  0.76820000000000010        4.6110236918423073        1.6705009919840710       -0.0000000000000000     
  0.77010000000000012        4.6265710215533185        1.6797898937157170       -0.0000000000000000     
  0.77200000000000002        4.6421412881370037        1.6890936792856028       -0.0000000000000000     
  0.77390000000000003        4.6577344716923825        1.6984122862465145       -0.0000000000000000     
  0.77580000000000016        4.6733505522636394        1.7077456526234034       -0.0000000000000000     
  0.77770000000000006        4.6889895098413277        1.7170937169082461       -0.0000000000000000     
  0.77960000000000007        4.7046513243643675        1.7264564180552313       -0.0000000000000000     
  0.78150000000000008        4.7203359757210146        1.7358336954756381       -0.0000000000000000     
  0.78339999999999999        4.7360434437508188        1.7452254890331331       -0.0000000000000000     
  0.78530000000000011        4.7517737082455902        1.7546317390387440       -0.0000000000000000     
  0.78720000000000012        4.7675267489511572        1.7640523862463786       -0.0000000000000000     
  0.78910000000000002        4.7833025455689056        1.7734873718481567       -0.0000000000000000     
  0.79100000000000004        4.7991010777566041        1.7829366374695270       -0.0000000000000000     
  0.79290000000000016        4.8149223251302713        1.7924001251650294       -0.0000000000000000     
  0.79480000000000006        4.8307662672652008        1.8018777774136459       -0.0000000000000000     
  0.79670000000000007        4.8466328836973993        1.8113695371144340       -0.0000000000000000     
  0.79860000000000009        4.8625221539248260        1.8208753475820858       -0.0000000000000000     
  0.80049999999999999        4.8784340574086063        1.8303951525427613       -0.0000000000000000     
  0.80240000000000011        4.8943685735744253        1.8399288961297913       -0.0000000000000000     
  0.80430000000000013        4.9103256818134655        1.8494765228793908       -0.0000000000000000     
  0.80620000000000003        4.9263053614838013        1.8590379777265087       -0.0000000000000000     
  0.80810000000000004        4.9423075919116508        1.8686132060010101       -0.0000000000000000     
  0.81000000000000016        4.9583323523922349        1.8782021534233315       -0.0000000000000000     
  0.81190000000000007        4.9743796221910364        1.8878047661006065       -0.0000000000000000     
  0.81380000000000008        4.9904493805451162        1.8974209905228723       -0.0000000000000000     
  0.81570000000000009        5.0065416066639488        1.9070507735590954       -0.0000000000000000     
  0.81759999999999999        5.0226562797304890        1.9166940624532098       -0.0000000000000000     
  0.81950000000000012        5.0387933789022270        1.9263508048205331       -0.0000000000000000     
  0.82140000000000013        5.0549528833126347        1.9360209486441271       -0.0000000000000000     
  0.82330000000000003        5.0711347720715070        1.9457044422708407       -0.0000000000000000     
  0.82520000000000004        5.0873390242663774        1.9554012344078679       -0.0000000000000000     
  0.82710000000000006        5.1035656189636294        1.9651112741192569       -0.0000000000000000     
  0.82900000000000007        5.1198145352089295        1.9748345108220722       -0.0000000000000000     
  0.83090000000000008        5.1360857520285439        1.9845708942831406       -0.0000000000000000     
  0.83280000000000010        5.1523792484304911        1.9943203746157201       -0.0000000000000000     
  0.83470000000000000        5.1686950034049053        2.0040829022757762       -0.0000000000000000     
  0.83660000000000012        5.1850329959251606        2.0138584280588350       -0.0000000000000000     
  0.83850000000000013        5.2013932049490617        2.0236469030966497       -0.0000000000000000     
  0.84040000000000004        5.2177756094191299        2.0334482788538799       -0.0000000000000000     
  0.84230000000000005        5.2341801882640375        2.0432625071250174       -0.0000000000000000     
  0.84420000000000006        5.2506069203990364        2.0530895400309888       -0.0000000000000000     
  0.84609999999999996        5.2670557847268817        2.0629293300160958       -0.0000000000000000     
  0.84799999999999998        5.2835267601388036        2.0727818298449918       -0.0000000000000000     
  0.84989999999999999        5.3000198255148536        2.0826469925994444       -0.0000000000000000     
  0.85180000000000000        5.3165349597255860        2.0925247716756155       -0.0000000000000000     
  0.85370000000000013        5.3330721416316145        2.1024151207806105       -0.0000000000000000     
  0.85560000000000014        5.3496313500853576        2.1123179939299996       -0.0000000000000000     
  0.85750000000000004        5.3662125639312066        2.1222333454445566       -0.0000000000000000     
  0.85940000000000005        5.3828157620063433        2.1321611299474732       -0.0000000000000000     
  0.86130000000000007        5.3994409231421434        2.1421013023618376       -0.0000000000000000     
  0.86319999999999997        5.4160880261636057        2.1520538179072597       -0.0000000000000000     
  0.86509999999999998        5.4327570498910900        2.1620186320975066       -0.0000000000000000     
  0.86699999999999999        5.4494479731404315        2.1719957007376491       -0.0000000000000000     
  0.86890000000000001        5.4661607747239804        2.1819849799213129       -0.0000000000000000     
  0.87079999999999991        5.4828954334509801        2.1919864260281310       -0.0000000000000000     
  0.87270000000000014        5.4996519281282676        2.2019999957209553       -0.0000000000000000     
  0.87460000000000004        5.5164302375609111        2.2120256459433305       -0.0000000000000000     
  0.87650000000000006        5.5332303405530938        2.2220633339170361       -0.0000000000000000     
  0.87840000000000007        5.5500522159081704        2.2321130171392927       -0.0000000000000000     
  0.88029999999999997        5.5668958424294912        2.2421746533802871       -0.0000000000000000     
  0.88219999999999998        5.5837611989217351        2.2522482006812075       -0.0000000000000000     
  0.88410000000000000        5.6006482641900641        2.2623336173509001       -0.0000000000000000     
  0.88600000000000001        5.6175570170417339        2.2724308619641702       -0.0000000000000000     
  0.88789999999999991        5.6344874362864008        2.2825398933591008       -0.0000000000000000     
  0.88980000000000015        5.6514395007366298        2.2926606706347372       -0.0000000000000000     
  0.89170000000000005        5.6684131892083709        2.3027931531487473       -0.0000000000000000     
  0.89360000000000006        5.6854084805215335        2.3129373005151073       -0.0000000000000000     
  0.89550000000000007        5.7024253535005744        2.3230930726018491       -0.0000000000000000     
  0.89739999999999998        5.7194637869748410        2.3332604295287456       -0.0000000000000000     
  0.89929999999999999        5.7365237597792147        2.3434393316651780       -0.0000000000000000     
  0.90120000000000000        5.7536052507546236        2.3536297396278716       -0.0000000000000000     
  0.90309999999999990        5.7707082387485231        2.3638316142788174       -0.0000000000000000     
  0.90499999999999992        5.7878327026149972        2.3740449167228714       -0.0000000000000000     
  0.90689999999999993        5.8049786212159464        2.3842696083060542       -0.0000000000000000     
  0.90879999999999994        5.8221459734206746        2.3945056506129077       -0.0000000000000000     
  0.91070000000000007        5.8393347381071337        2.4047530054649560       -0.0000000000000000     
  0.91260000000000008        5.8565448941618881        2.4150116349183470       -0.0000000000000000     
  0.91449999999999998        5.8737764204806719        2.4252815012618840       -0.0000000000000000     
  0.91639999999999999        5.8910292959688997        2.4355625670150554       -0.0000000000000000     
  0.91830000000000001        5.9083034995418560        2.4458547949260163       -0.0000000000000000     
  0.92019999999999991        5.9255990101254303        2.4561581479697345       -0.0000000000000000     
  0.92209999999999992        5.9429158066561305        2.4664725893458606       -0.0000000000000000     
  0.92399999999999993        5.9602538680818959        2.4767980824770479       -0.0000000000000000     
  0.92589999999999995        5.9776131733621023        2.4871345910068552       -0.0000000000000000     
  0.92780000000000007        5.9949937014681405        2.4974820787979781       -0.0000000000000000     
  0.92970000000000008        6.0123954313839940        2.5078405099305261       -0.0000000000000000     
  0.93159999999999998        6.0298183421059317        2.5182098486998279       -0.0000000000000000     
  0.93350000000000000        6.0472624126438150        2.5285900596151363       -0.0000000000000000     
  0.93540000000000001        6.0647276220204667        2.5389811073972961       -0.0000000000000000     
  0.93729999999999991        6.0822139492728251        2.5493829569774200       -0.0000000000000000     
  0.93919999999999992        6.0997213734517235        2.5597955734948523       -0.0000000000000000     
  0.94109999999999994        6.1172498736226792        2.5702189222956910       -0.0000000000000000     
  0.94299999999999995        6.1347994288659446        2.5806529689308988       -0.0000000000000000     
  0.94490000000000007        6.1523700182767351        2.5910976791545828       -0.0000000000000000     
  0.94680000000000009        6.1699616209658039        2.6015530189225271       -0.0000000000000000     
  0.94869999999999999        6.1875742160595379        2.6120189543902459       -0.0000000000000000     
  0.95060000000000000        6.2052077827005805        2.6224954519117460       -0.0000000000000000     
  0.95250000000000001        6.2228623000476802        2.6329824780374844       -0.0000000000000000     
  0.95439999999999992        6.2405377472762966        2.6434799995130476       -0.0000000000000000     
  0.95629999999999993        6.2582341035788076        2.6539879832775322       -0.0000000000000000     
  0.95819999999999994        6.2759513481650426        2.6645063964619871       -0.0000000000000000     
  0.96009999999999995        6.2936894602617111        2.6750352063875749       -0.0000000000000000     
  0.96199999999999986        6.3114484191138152        2.6855743805645678       -0.0000000000000000     
  0.96390000000000009        6.3292282039840568        2.6961238866903359       -0.0000000000000000     
  0.96579999999999999        6.3470287941537435        2.7066836926482987       -0.0000000000000000     
  0.96770000000000000        6.3648501689222128        2.7172537665059115       -0.0000000000000000     
  0.96960000000000002        6.3826923076080728        2.7278340765137652       -0.0000000000000000     
  0.97149999999999992        6.4005551895487631        2.7384245911037688       -0.0000000000000000     
  0.97339999999999993        6.4184387941008945        2.7490252788877503       -0.0000000000000000     
  0.97529999999999994        6.4363431006407046        2.7596361086561916       -0.0000000000000000     
  0.97719999999999996        6.4542680885641150        2.7702570493766294       -0.0000000000000000     
  0.97909999999999986        6.4722137372871700        2.7808880701925309       -0.0000000000000000     
  0.98100000000000009        6.4901800262457927        2.7915291404215341       -0.0000000000000000     
  0.98290000000000000        6.5081669348965594        2.8021802295544602       -0.0000000000000000     
  0.98480000000000001        6.5261744427167683        2.8128413072538323       -0.0000000000000000     
  0.98670000000000002        6.5442025292041492        2.8235123433523235       -0.0000000000000000     
  0.98859999999999992        6.5622511738778710        2.8341933078518520       -0.0000000000000000     
  0.99049999999999994        6.5803203562781789        2.8448841709219477       -0.0000000000000000     
  0.99239999999999995        6.5984100559666405        2.8555849028985110       -0.0000000000000000     
  0.99429999999999996        6.6165202525267848        2.8662954742827740       -0.0000000000000000     
  0.99619999999999986        6.6346509255637072        2.8770158557396526       -0.0000000000000000     
  0.99810000000000010        6.6528020547044227        2.8877460180967418       -0.0000000000000000     
   1.0000000000000000        6.6709736195984917        2.8984859323430991       -0.0000000000000000     
