5.0000000000000003E-002  0.23876619633668336  5.8585108256503443E-004
5.1899999999999995E-002  0.24786303495542114  6.6898030058881307E-004
5.3800000000000001E-002  0.25696303415370930  7.5900194687274680E-004
5.5700000000000006E-002  0.26606632792526108  8.5606493296453638E-004
5.7599999999999998E-002  0.27517304615586557  9.6030829700429724E-004
5.9499999999999997E-002  0.28428331449181893  1.0718619681510475E-003
6.1400000000000003E-002  0.29339725456232185  1.1908474735221873E-003
6.3300000000000009E-002  0.30251498416910433  1.3173786155252409E-003
6.5200000000000008E-002  0.31163661728687447  1.4515621248029186E-003
6.7099999999999993E-002  0.32076226427250421  1.5934982715088894E-003
6.9000000000000006E-002  0.32989203198246830  1.7432814508750616E-003
7.0900000000000005E-002  0.33902602390751413  1.9010007388353205E-003
7.2799999999999990E-002  0.34816434028502546  2.0667404201270591E-003
7.4700000000000003E-002  0.35730707832384340  2.2405804885878232E-003
7.6600000000000001E-002  0.36645433220727897  2.4225971246730062E-003
7.8500000000000000E-002  0.37560619330752437  2.6128631461903870E-003
8.0400000000000013E-002  0.38476275029583279  2.8114484372401753E-003
8.2300000000000012E-002  0.39392408926856676  3.0184203548675303E-003
8.4199999999999997E-002  0.40309029387288514  3.2338441147583049E-003
8.6099999999999996E-002  0.41226144542759879  3.4577831569118389E-003
8.7999999999999995E-002  0.42143762304293297  3.6902994922941830E-003
8.9899999999999994E-002  0.43061890373479933  3.9314540312600614E-003
9.1800000000000007E-002  0.43980536253969255  4.1813068948909444E-003
9.3700000000000006E-002  0.44899707262337746  4.4399177097294270E-003
9.5600000000000004E-002  0.45819410536790867  4.7073458868462075E-003
9.7500000000000017E-002  0.46739653055231800  4.9836508869876969E-003
9.9400000000000002E-002  0.47660441633957212  5.2688924698079120E-003
0.10130000000000000  0.48581782944874879  5.5631309315411250E-003
0.10320000000000000  0.49503683523099962  5.8664273291540864E-003
0.10510000000000000  0.50426149776139839  6.1788436926677095E-003
0.10700000000000000  0.51349187992738321  6.5004432261032670E-003
0.10890000000000001  0.52272804351470636  6.8312904976768471E-003
0.11080000000000001  0.53197004929060210  7.1714516198601299E-003
0.11270000000000001  0.54121795708417886  7.5209944197559778E-003
0.11460000000000002  0.55047182586406318  7.8799886004715693E-003
0.11649999999999999  0.55973171381375986  8.2485058938737265E-003
0.11840000000000001  0.56899767840447424  8.6266202052868828E-003
0.12030000000000000  0.57826977646528688  9.0144077505350147E-003
0.12220000000000000  0.58754806425109551  9.4119471858577705E-003
0.12410000000000000  0.59683259750874629  9.8193197310213094E-003
0.12600000000000000  0.60612343154007475  1.0236609286064879E-002
0.12790000000000001  0.61542062126377417  1.0663902542101332E-002
0.12980000000000003  0.62472422127459781  1.1101289086443283E-002
0.13169999999999998  0.63403427644805277  1.1546179640344028E-002
0.13360000000000000  0.64335076216753073  1.1995210590526240E-002
0.13550000000000001  0.65267367011456168  1.2451304604063188E-002
0.13739999999999999  0.66200301599927291  1.2915350741801798E-002
0.13930000000000001  0.67133882423477564  1.3387854778503577E-002
0.14120000000000002  0.68068112436212014  1.3869178964005059E-002
0.14310000000000000  0.69002994947303675  1.4359614172396114E-002
0.14500000000000002  0.69938533534942982  1.4859410608829702E-002
0.14690000000000000  0.70874731993713758  1.5368793440974235E-002
0.14879999999999999  0.71811594300058756  1.5887971716020716E-002
0.15070000000000000  0.72749124588528524  1.6417143871086653E-002
0.15260000000000001  0.73687327134833835  1.6956501349097756E-002
0.15450000000000000  0.74626206343517665  1.7506231085057285E-002
0.15640000000000001  0.75565766738821027  1.8066517282035441E-002
0.15830000000000002  0.76506012957811520  1.8637542720281050E-002
0.16020000000000001  0.77446949745274773  1.9219489748480544E-002
0.16210000000000002  0.78388581949831815  1.9812541051985579E-002
0.16400000000000001  0.79330914521071250  2.0416880260394919E-002
0.16589999999999999  0.80273952507426127  2.1032692436913674E-002
0.16780000000000000  0.81217701054681557  2.1660164478905640E-002
0.16970000000000002  0.82162165404901066  2.2299485450626846E-002
0.17160000000000000  0.83107350895852561  2.2950846863319021E-002
0.17350000000000002  0.84053262960647768  2.3614442913805447E-002
0.17540000000000003  0.84999907127675367  2.4290470690046417E-002
0.17730000000000001  0.85947289020750928  2.4979130349809031E-002
0.17920000000000003  0.86895414359452428  2.5680625277513337E-002
0.18110000000000001  0.87844288959551009  2.6395162222902835E-002
0.18300000000000000  0.88793918733608967  2.7122951424369685E-002
0.18490000000000001  0.89744309691655944  2.7864206719411738E-002
0.18680000000000002  0.90695467941945673  2.8619145643925707E-002
0.18870000000000001  0.91647399691765019  2.9387989521648030E-002
0.19060000000000002  0.92600111248335237  3.0170963545153563E-002
0.19250000000000003  0.93553609019712591  3.0968296849040077E-002
0.19439999999999999  0.94507899515738281  3.1780222576085156E-002
0.19630000000000000  0.95462989348111726  3.2606977936875364E-002
0.19820000000000002  0.96418885235013740  3.3448804263917276E-002
0.20010000000000000  0.97375593996664755  3.4305947058821715E-002
0.20200000000000001  0.98333122559960340  3.5178656035203953E-002
0.20390000000000003  0.99291477958576535  3.6067185155574430E-002
0.20580000000000001  1.0025066733397106  3.6971792663155797E-002
0.20770000000000002  1.0121069793637545  3.7892741108398360E-002
0.20960000000000004  1.0217157712577567  3.8830297370341819E-002
0.21149999999999999  1.0313331237287622  3.9784732672680220E-002
0.21340000000000001  1.0409591126003275  4.0756322594519875E-002
0.21529999999999999  1.0505938148217187  4.1745347075691892E-002
0.21720000000000000  1.0602373084766727  4.2752090416536950E-002
0.21909999999999999  1.0698896727919542  4.3776841271987360E-002
0.22100000000000003  1.0795509881454399  4.4819892639815909E-002
0.22289999999999999  1.0892213360738869  4.5881541842839345E-002
0.22479999999999997  1.0989007992801605  4.6962090504960162E-002
0.22670000000000001  1.1085894616400978  4.8061844520761815E-002
0.22860000000000000  1.1182874082087773  4.9181114018541285E-002
0.23050000000000001  1.1279947252262887  5.0320213316535273E-002
0.23240000000000000  1.1377115001229063  5.1479460872094873E-002
0.23430000000000001  1.1474378215236585  5.2659179223673906E-002
0.23619999999999999  1.1571737792522152  5.3859694925360517E-002
0.23810000000000003  1.1669194643342002  5.5081338473790410E-002
0.23999999999999999  1.1766749689995892  5.6324444227156219E-002
0.24189999999999998  1.1864403866845901  5.7589350316239636E-002
0.24380000000000002  1.1962158120325228  5.8876398547177348E-002
0.24570000000000000  1.2060013408940400  6.0185934295816361E-002
0.24760000000000001  1.2157970703263843  6.1518306393504869E-002
0.24950000000000000  1.2256030985918138  6.2873867004143838E-002
0.25140000000000001  1.2354195251550828  6.4252971492390218E-002
0.25330000000000003  1.2452464506799468  6.5655978282860863E-002
0.25519999999999998  1.2550839770247546  6.7083248710287771E-002
0.25710000000000000  1.2649322072369114  6.8535146860454907E-002
0.25900000000000001  1.2747912455463521  7.0012039402001791E-002
0.26090000000000002  1.2846611973579984  7.1514295408949463E-002
0.26279999999999998  1.2945421692429340  7.3042286173967380E-002
0.26469999999999999  1.3044342689286290  7.4596385012480337E-002
0.26660000000000000  1.3143376052878599  7.6176967057578773E-002
0.26849999999999996  1.3242522883266059  7.7784409045900144E-002
0.27040000000000003  1.3341784291705041  7.9419089094536863E-002
0.27229999999999999  1.3441161400503105  8.1081386469188332E-002
0.27420000000000000  1.3540655342860330  8.2771681343713335E-002
0.27610000000000001  1.3640267262754699  8.4490354551579869E-002
0.27799999999999997  1.3739998314525164  8.6237787327904991E-002
0.27989999999999998  1.3839849663028359  8.8014361046320808E-002
0.28179999999999999  1.3939822483189723  8.9820456945839927E-002
0.28370000000000001  1.4039917959841381  9.1656455851816629E-002
0.28559999999999997  1.4140137287486276  9.3522737890172306E-002
0.28750000000000003  1.4240481670048335  9.5419682195239275E-002
0.28939999999999999  1.4340952320611005  9.7347666612104644E-002
0.29130000000000000  1.4441550461142136  9.9307067393606674E-002
0.29320000000000002  1.4542277322206363  0.10129825889285564
0.29509999999999997  1.4643134142664020  0.10332161325164378
0.29699999999999999  1.4744122169359006  0.10537750008557803
0.29890000000000000  1.4845242656792634  0.10746628616643629
0.30080000000000001  1.4946496866787313  0.10958833510254481
0.30269999999999997  1.5047886068136662  0.11174400701783097
0.30460000000000004  1.5149411536244823  0.11393365823027557
0.30649999999999999  1.5251074552754849  0.11615764093064207
0.30840000000000001  1.5352876405165850  0.11841630286212056
0.31030000000000002  1.5454818386440841  0.12070998700175264
0.31219999999999998  1.5556901794602891  0.12303903124438868
0.31409999999999999  1.5659127932323840  0.12540376809008730
0.31600000000000000  1.5761498106502605  0.12780452433558573
0.31790000000000002  1.5864013627836262  0.13024162077089638
0.31979999999999997  1.5966675810382147  0.13271537188156510
0.32170000000000004  1.6069485971114028  0.13522608555761445
0.32360000000000000  1.6172445429470903  0.13777406280977891
0.32549999999999996  1.6275555506900155  0.14035959749394247
0.32740000000000002  1.6378817526395653  0.14298297604440477
0.32929999999999998  1.6482232812030799  0.14564447721674512
0.33119999999999999  1.6585802688488493  0.14834437184097432
0.33310000000000001  1.6689528480587201  0.15108292258563860
0.33500000000000002  1.6793411512855489  0.15386038373429778
0.33689999999999998  1.6897453108848464  0.15667700096977225
0.33879999999999999  1.7001654590986348  0.15953301118002228
0.34070000000000000  1.7106017279858334  0.16242864226804846
0.34259999999999996  1.7210542493802066  0.16536411298005771
0.34450000000000003  1.7315231548426320  0.16833963274676281
0.34639999999999999  1.7420085756135482  0.17135540153886081
0.34830000000000000  1.7525106425659174  0.17441160973733302
0.35020000000000001  1.7630294861583988  0.17750843801851451
0.35210000000000002  1.7735652363889984  0.18064605725429667
0.35399999999999998  1.7841180227491613  0.18382462842745534
0.35589999999999999  1.7946879741785859  0.18704430256232724
0.35780000000000001  1.8052752190204899  0.19030522067069458
0.35969999999999996  1.8158798849777056  0.19360751371296486
0.36160000000000003  1.8265020990694785  0.19695130257448448
0.36349999999999999  1.8371419875944635  0.20033669805833809
0.36540000000000000  1.8477996760671722  0.20376380088561602
0.36730000000000002  1.8584752892116181  0.20723270172521577
0.36920000000000003  1.8691689508983860  0.21074348122282138
0.37109999999999999  1.8798807841119929  0.21429621005141924
0.37300000000000000  1.8906109109134683  0.21789094897400074
0.37490000000000001  1.9013594524040662  0.22152774891937282
0.37679999999999997  1.9121265286901121  0.22520665107079801
0.37870000000000004  1.9229122588489971  0.22892768696682780
0.38059999999999999  1.9337167608964816  0.23269087861398338
0.38250000000000001  1.9445401517551961  0.23649623861062002
0.38440000000000002  1.9553825472243296  0.24034377028150294
0.38629999999999998  1.9662440619561061  0.24423346782440819
0.38819999999999999  1.9771248094058136  0.24816531645629245
0.39010000000000000  1.9880249018406186  0.25213929258894702
0.39200000000000002  1.9989444502900604  0.25615536399174788
0.39389999999999997  2.0098835645288182  0.26021348997299809
0.39580000000000004  2.0208423530543849  0.26431362156607352
0.39770000000000000  2.0318209230661886  0.26845570172207867
0.39959999999999996  2.0428193804459576  0.27263966550823976
0.40150000000000002  2.0538378297394830  0.27686544031155802
0.40339999999999998  2.0648763741396134  0.28113294604701394
0.40529999999999999  2.0759351154761720  0.28544209537231102
0.40720000000000001  2.0870141541783727  0.28979279389287910
0.40910000000000002  2.0981135892986567  0.29418494039704152
0.41099999999999998  2.1092335184748463  0.29861842706499608
0.41290000000000004  2.1203740379265299  0.30309313969434598
0.41480000000000000  2.1315352424457319  0.30760895792374116
0.41669999999999996  2.1427172253888220  0.31216575545721098
0.41860000000000003  2.1539200786696169  0.31676340028872441
0.42049999999999998  2.1651438927535485  0.32140175492649264
0.42240000000000005  2.1763887566530205  0.32608067661659740
0.42430000000000007  2.1876547579281138  0.33080001756805433
0.42620000000000002  2.1989419826658785  0.33555962516308008
0.42809999999999998  2.2102505155080054  0.34035934219330843
0.43000000000000005  2.2215804396295433  0.34519900706467044
0.43190000000000006  2.2329318367449003  0.35007845401499715
0.43380000000000002  2.2443047871093174  0.35499751332559160
0.43570000000000003  2.2556993695211642  0.35995601152967932
0.43759999999999999  2.2671156613251200  0.36495377161752418
0.43950000000000006  2.2785537384211496  0.36999061324153376
0.44140000000000007  2.2900136752482969  0.37506635289879997
0.44330000000000003  2.3014955448235410  0.38018080414860517
0.44519999999999998  2.3129994187245915  0.38533377778535777
0.44710000000000000  2.3245253671030963  0.39052508202820718
0.44900000000000007  2.3360734586923111  0.39575452270185474
0.45090000000000002  2.3476437608153389  0.40102190341282962
0.45280000000000004  2.3592363393939921  0.40632702572116292
0.45469999999999999  2.3708512589582873  0.41166968930735126
0.45660000000000006  2.3824885826563218  0.41704969213452975
0.45850000000000007  2.3941483722648109  0.42246683060590273
0.46040000000000003  2.4058306882036931  0.42792089972136199
0.46229999999999999  2.4175355895319131  0.43341169320834921
0.46420000000000000  2.4292631339837873  0.43893900369105054
0.46610000000000007  2.4410133779639329  0.44450262281018066
0.46800000000000003  2.4527863765643549  0.45010234136103294
0.46990000000000004  2.4645821835771642  0.45573794942186147
0.47180000000000011  2.4764008515079943  0.46140923647767673
0.47370000000000007  2.4882424315891161  0.46711599153920269
0.47560000000000008  2.5001069737933577  0.47285800325732102
0.47750000000000004  2.5119945268478916  0.47863506003284229
0.47939999999999999  2.5239051382484301  0.48444695012187400
0.48130000000000006  2.5358388542734382  0.49029346173668897
0.48320000000000007  2.5477957199986867  0.49617438314227746
0.48510000000000003  2.5597757793135298  0.50208950275392250
0.48700000000000004  2.5717790749283891  0.50803860920363741
0.48890000000000011  2.5838056484012033  0.51402149145770559
0.49080000000000007  2.5958555401440235  0.52003793887370453
0.49270000000000008  2.6079287894403258  0.52608774128272073
0.49460000000000004  2.6200254344600671  0.53217068906168596
0.49650000000000000  2.6321455122746733  0.53828657320217488
0.49840000000000007  2.6442890588721957  0.54443518537544522
0.50030000000000008  2.6564561091725731  0.55061631799428346
0.50220000000000009  2.6686466970425244  0.55682976427114772
0.50409999999999999  2.6808608553108519  0.56307531827335933
0.50600000000000001  2.6930986157835082  0.56935277497494263
0.50790000000000013  2.7053600092584746  0.57566193030539692
0.50980000000000003  2.7176450655410038  0.58200258119568860
0.51170000000000004  2.7299538134583861  0.58837452562117454
0.51360000000000006  2.7422862808748256  0.59477756264190529
0.51550000000000007  2.7546424947063621  0.60121149244029570
0.51740000000000008  2.7670224809354789  0.60767611635611118
0.51930000000000009  2.7794262646257351  0.61417123691912068
0.52120000000000000  2.7918538699303173  0.62069665788533923
0.52310000000000001  2.8043053201304238  0.62725218424046680
0.52500000000000013  2.8167806376136424  0.63383762226323692
0.52690000000000003  2.8292798439119586  0.64045277952350610
0.52880000000000005  2.8418029597100647  0.64709746491057141
0.53070000000000006  2.8543500048588952  0.65377148865282020
0.53260000000000007  2.8669209983899617  0.66047466233580421
0.53450000000000009  2.8795159585285943  0.66720679891832524
0.53640000000000010  2.8921349027076380  0.67396771274689815
0.53830000000000000  2.9047778475807648  0.68075721956877433
0.54020000000000001  2.9174448090357421  0.68757513654319746
0.54210000000000014  2.9301358022076776  0.69442128225141364
0.54400000000000004  2.9428508414915537  0.70129547670502090
0.54590000000000005  2.9555899405553556  0.70819754135338564
0.54780000000000006  2.9683531123525944  0.71512729908940054
0.54970000000000008  2.9811403691346396  0.72208457425430994
0.55160000000000009  2.9939517224633581  0.72906919264138847
0.55350000000000010  3.0067871832228912  0.73608098149833168
0.55540000000000000  3.0196467616317926  0.74311976952885772
0.55730000000000002  3.0325304672549644  0.75018538689325487
0.55920000000000014  3.0454383090150401  0.75727766520798945
0.56110000000000004  3.0583702952043343  0.76439643754454534
0.56300000000000006  3.0713264334956647  0.77154153842729634
0.56490000000000007  3.0843067309539371  0.77871280383076247
0.56680000000000008  3.0973111940469269  0.78591007117603506
0.56870000000000009  3.1103398286562376  0.79313317932658522
0.57060000000000011  3.1233926400880359  0.80038196858342869
0.57250000000000001  3.1364696330835051  0.80765628067964212
0.57440000000000002  3.1495708118292232  0.81495595877433435
0.57630000000000015  3.1626961799674156  0.82228084744607632
0.57820000000000005  3.1758457406060256  0.82963079268597206
0.58010000000000006  3.1890194962892955  0.83700564189451110
0.58200000000000007  3.2022174491653050  0.84440524385555205
0.58389999999999997  3.2154396007579598  0.85182944875558908
0.58580000000000010  3.2286859521357205  0.85927810815644612
0.58770000000000011  3.2419565038806430  0.86675107499092563
0.58960000000000001  3.2552512560974138  0.87424820355340416
0.59150000000000003  3.2685702084225099  0.88176934949006225
0.59340000000000015  3.2819133600335366  0.88931436978952438
0.59530000000000005  3.2952807096569550  0.89688312277195303
0.59720000000000006  3.3086722555773567  0.90447546807920198
0.59910000000000008  3.3220879956457807  0.91209126666403706
0.60099999999999998  3.3355279272875502  0.91973038077936775
0.60290000000000010  3.3489920475113690  0.92739267396748759
0.60480000000000012  3.3624803529158935  0.93507801104854826
0.60670000000000002  3.3759928396988341  0.94278625810986882
0.60860000000000003  3.3895295036641646  0.95051728249431033
0.61050000000000015  3.4030903402299253  0.95827095278900010
0.61240000000000006  3.4166753444349816  0.96604713881351556
0.61430000000000007  3.4302845109478004  0.97384571160893052
0.61620000000000008  3.4439178340720278  0.98166654342532689
0.61809999999999998  3.4575753077547238  0.98950950771085777
0.62000000000000011  3.4712569255926486  0.99737447909948895
0.62190000000000012  3.4849626808395153  1.0052613333995781
0.62380000000000002  3.4986925664128026  1.0131699475819445
0.62570000000000003  3.5124465748996645  1.0211001997680969
0.62760000000000005  3.5262246985642496  1.0290519692185180
0.62950000000000006  3.5400269293532816  1.0370251363206797
0.63140000000000007  3.5538532589032110  1.0450195825777386
0.63330000000000009  3.5677036785456742  1.0530351905964324
0.63519999999999999  3.5815781793134480  1.0610718440753586
0.63710000000000011  3.5954767519472246  1.0691294277937053
0.63900000000000012  3.6093993869005452  1.0772078275992734
0.64090000000000003  3.6233460743458603  1.0853069303969787
0.64280000000000004  3.6373168041801023  1.0934266241375115
0.64470000000000005  3.6513115660304036  1.1015667978058048
0.64660000000000006  3.6653303492594738  1.1097273414097015
0.64850000000000008  3.6793731429704399  1.1179081459684828
0.65040000000000009  3.6934399360126684  1.1261091035018329
0.65229999999999999  3.7075307169867653  1.1343301070186145
0.65420000000000011  3.7216454742491862  1.1425710505057216
0.65610000000000013  3.7357841959180251  1.1508318289172921
0.65800000000000003  3.7499468698770797  1.1591123381636190
0.65990000000000004  3.7641334837809497  1.1674124751003154
0.66180000000000005  3.7783440250596279  1.1757321375176941
0.66370000000000007  3.7925784809233827  1.1840712241301692
0.66560000000000008  3.8068368383668951  1.1924296345655006
0.66750000000000009  3.8211190841740335  1.2008072693546639
0.66940000000000000  3.8354252049218927  1.2092040299212108
0.67130000000000012  3.8497551869852904  1.2176198185712732
0.67320000000000013  3.8641090165410450  1.2260545384832700
0.67510000000000003  3.8784866795717670  1.2345080936979103
0.67700000000000005  3.8928881618702622  1.2429803891082272
0.67890000000000006  3.9073134490432473  1.2514713304497702
0.68080000000000007  3.9217625265154852  1.2599808242909580
0.68270000000000008  3.9362353795335578  1.2685087780234061
0.68460000000000010  3.9507319931693972  1.2770550998521977
0.68650000000000000  3.9652523523242373  1.2856196987867770
0.68840000000000012  3.9797964417322009  1.2942024846315379
0.69030000000000014  3.9943642459641100  1.3028033679766480
0.69220000000000004  4.0089557494300525  1.3114222601886283
0.69410000000000005  4.0235709363842842  1.3200590734020856
0.69600000000000006  4.0382097909271719  1.3287137205099508
0.69790000000000008  4.0528722970095803  1.3373861151554605
0.69980000000000009  4.0675584384354098  1.3460761717229506
0.70170000000000010  4.0822681988652443  1.3547838053295542
0.70360000000000000  4.0970015618192441  1.3635089318166633
0.70550000000000002  4.1117585106803514  1.3722514677415998
0.70740000000000014  4.1265390286971009  1.3810113303692397
0.70930000000000004  4.1413430989872637  1.3897884376641865
0.71120000000000005  4.1561707045393224  1.3985827082820159
0.71310000000000007  4.1710218282175475  1.4073940615623501
0.71500000000000008  4.1858964527622486  1.4162224175198834
0.71690000000000009  4.2007945607947157  1.4250676968375759
0.71880000000000011  4.2157161348188747  1.4339298208584543
0.72070000000000001  4.2306611572237847  1.4428087115781116
0.72260000000000002  4.2456296102869615  1.4517042916374689
0.72450000000000014  4.2606214761764116  1.4606164843152611
0.72640000000000005  4.2756367369535244  1.4695452135207814
0.72830000000000006  4.2906753745748158  1.4784904037865170
0.73020000000000007  4.3057373708955780  1.4874519802615882
0.73210000000000008  4.3208227076712120  1.4964298687041793
0.73400000000000010  4.3359313665599961  1.5054239954750808
0.73590000000000011  4.3510633291253562  1.5144342875305408
0.73780000000000001  4.3662185768382011  1.5234606724158215
0.73970000000000002  4.3813970910789077  1.5325030782584306
0.74160000000000015  4.3965988531398565  1.5415614337616654
0.74350000000000005  4.4118238442272970  1.5506356681980269
0.74540000000000006  4.4270720454633921  1.5597257114030088
0.74730000000000008  4.4423434378887272  1.5688314937687544
0.74919999999999998  4.4576380024637805  1.5779529462377724
0.75110000000000010  4.4729557200712664  1.5870900002969797
0.75300000000000011  4.4882965715182488  1.5962425879716886
0.75490000000000002  4.5036605375373400  1.6054106418193153
0.75680000000000003  4.5190475987896424  1.6145940949239717
0.75870000000000015  4.5344577358656375  1.6237928808904081
0.76060000000000005  4.5498909292877396  1.6330069338383706
0.76250000000000007  4.5653471595113864  1.6422361883968173
0.76440000000000008  4.5808264069274385  1.6514805796985856
0.76629999999999998  4.5963286518637396  1.6607400433748432
0.76820000000000010  4.6118538745864663  1.6700145155495136
0.77010000000000012  4.6274020553023307  1.6793039328341797
0.77200000000000002  4.6429731741595459  1.6886082323225040
0.77390000000000003  4.6585672112504533  1.6979273515854936
0.77580000000000016  4.6741841466118386  1.7072612286658115
0.77770000000000006  4.6898239602274181  1.7166098020730831
0.77960000000000007  4.7054866320293467  1.7259730107790374
0.78150000000000008  4.7211721418989878  1.7353507942120674
0.78339999999999999  4.7368804696688898  1.7447430922527098
0.78530000000000011  4.7526115951245762  1.7541498452290116
0.78720000000000012  4.7683654980052088  1.7635709939114581
0.78910000000000002  4.7841421580055288  1.7730064795084353
0.79100000000000004  4.7999415547768987  1.7824562436616698
0.79290000000000016  4.8157636679289872  1.7919202284416837
0.79480000000000006  4.8316084770307617  1.8013983763432313
0.79670000000000007  4.8474759616119893  1.8108906302810335
0.79860000000000009  4.8633661011645390  1.8203969335851935
0.80049999999999999  4.8792788751433473  1.8299172299970696
0.80240000000000011  4.8952142629680244  1.8394514636650057
0.80430000000000013  4.9111722440237582  1.8489995791399760
0.80620000000000003  4.9271527976628615  1.8585615213717719
0.80810000000000004  4.9431559032056098  1.8681372357046229
0.81000000000000016  4.9591815399414205  1.8777266678732465
0.81190000000000007  4.9752296871300423  1.8873297639988877
0.81380000000000008  4.9913003240028155  1.8969464705855039
0.81570000000000009  5.0073934297636882  1.9065767345158058
0.81759999999999999  5.0235089835899167  1.9162205030472543
0.81950000000000012  5.0396469646338060  1.9258777238087195
0.82140000000000013  5.0558073520229820  1.9355483447963091
0.82330000000000003  5.0719901248621762  1.9452323143700674
0.82520000000000004  5.0881952622334552  1.9549295812499852
0.82710000000000006  5.1044227431978904  1.9646400945128322
0.82900000000000007  5.1206725467960519  1.9743638035883067
0.83090000000000008  5.1369446520489221  1.9841006582555580
0.83280000000000010  5.1532390379593283  1.9938506086400516
0.83470000000000000  5.1695556835125211  2.0036136052099316
0.83660000000000012  5.1858945676767298  2.0133895987725072
0.83850000000000013  5.2022556694048792  2.0231785404714300
0.84040000000000004  5.2186389676345835  2.0329803817829428
0.84230000000000005  5.2350444412895731  2.0427950745129579
0.84420000000000006  5.2514720692802186  2.0526225707936594
0.84609999999999996  5.2679218305045445  2.0624628230805788
0.84799999999999998  5.2843937038489290  2.0723157841493123
0.84989999999999999  5.3008876681892998  2.0821814070927283
0.85180000000000000  5.3174037023908838  2.0920596453174349
0.85370000000000013  5.3339417853100528  2.1019504525413004
0.85560000000000014  5.3505018957944577  2.1118537827902317
0.85750000000000004  5.3670840126841250  2.1217695903953624
0.85940000000000005  5.3836881148119913  2.1316978299901699
0.86130000000000007  5.4003141810046520  2.1416384565076960
0.86319999999999997  5.4169621900828915  2.1515914251774571
0.86509999999999998  5.4336321208626659  2.1615566915230189
0.86699999999999999  5.4503239521554061  2.1715342113589999
0.86890000000000001  5.4670376627694814  2.1815239407888103
0.87079999999999991  5.4837732315096872  2.1915258362012655
0.87270000000000014  5.5005306371787643  2.2015398542686260
0.87460000000000004  5.5173098585777156  2.2115659519435904
0.87650000000000006  5.5341108745064087  2.2216040864569160
0.87840000000000007  5.5509336637641713  2.2316542153147210
0.88029999999999997  5.5677782051507094  2.2417162962962731
0.88219999999999998  5.5846444774660977  2.2517902874510467
0.88410000000000000  5.6015324595120548  2.2618761470968547
0.88600000000000001  5.6184421300915721  2.2719738338166899
0.88789999999999991  5.6353734680106156  2.2820833064571593
0.88980000000000015  5.6523264520777774  2.2922045241255020
0.89170000000000005  5.6693010611051626  2.3023374461874910
0.89360000000000006  5.6862972739090747  2.3124820322652404
0.89550000000000007  5.7033150693099488  2.3226382422345959
0.89739999999999998  5.7203544261336345  2.3328060362232979
0.89929999999999999  5.7374153232113150  2.3429853746084426
0.90120000000000000  5.7544977393801506  2.3531762180142914
0.90309999999999990  5.7716016534839829  2.3633785273104384
0.90499999999999992  5.7887270443733954  2.3735922636091926
0.90689999999999993  5.8058738909065477  2.3838173882638198
0.90879999999999994  5.8230421719493179  2.3940538628662020
0.91070000000000007  5.8402318663761585  2.4043016492450064
0.91260000000000008  5.8574429530702323  2.4145607094634571
0.91449999999999998  5.8746754109237083  2.4248310058172913
0.91639999999999999  5.8919292188385155  2.4351125008328873
0.91830000000000001  5.9092043557268319  2.4454051572652946
0.92019999999999991  5.9265008005109472  2.4557089380960488
0.92209999999999992  5.9438185321241255  2.4660238065315450
0.92399999999999993  5.9611575295109240  2.4763497260008935
0.92589999999999995  5.9785177716274456  2.4866866601541147
0.92780000000000007  5.9958992374419777  2.4970345728603860
0.92970000000000008  6.0133019059350019  2.5073934282059427
0.93159999999999998  6.0307257560999892  2.5177631904925781
0.93350000000000000  6.0481707669430715  2.5281438242353675
0.93540000000000001  6.0656369174845546  2.5385352941615533
0.93729999999999991  6.0831241867576917  2.5489375652079613
0.93919999999999992  6.1006325538106054  2.5593506025200479
0.94109999999999994  6.1181619977055615  2.5697743714496610
0.94299999999999995  6.1357124975197408  2.5802088375535059
0.94490000000000007  6.1532840323454892  2.5906539665915194
0.94680000000000009  6.1708765812903730  2.6011097245249313
0.94869999999999999  6.1884901234778020  2.6115760775148833
0.95060000000000000  6.2061246380475978  2.6220529919208997
0.95250000000000001  6.2237801041555363  2.6325404342988974
0.95439999999999992  6.2414565009740484  2.6430383713997028
0.95629999999999993  6.2591538076930116  2.6535467701678885
0.95819999999999994  6.2768720035186201  2.6640655977394090
0.96009999999999995  6.2946110676754605  2.6745948214409072
0.96199999999999986  6.3123709794054079  2.6851344087875955
0.96390000000000009  6.3301517179684152  2.6956843274819513
0.96579999999999999  6.3479532626429540  2.7062445454122912
0.96770000000000000  6.3657755927257433  2.7168150306510932
0.96960000000000002  6.3836186875324863  2.7273957514537330
0.97149999999999992  6.4014825263978388  2.7379866762568490
0.97339999999999993  6.4193670886759637  2.7485877736771807
0.97529999999999994  6.4372723537401990  2.7591990125097459
0.97719999999999996  6.4551983009839544  2.7698203617268402
0.97909999999999986  6.4731449098204976  2.7804517904763966
0.98100000000000009  6.4911121596832171  2.7910932680806271
0.98290000000000000  6.5091000300260768  2.8017447640348294
0.98480000000000001  6.5271085003237257  2.8124062480058916
0.98670000000000002  6.5451375500713400  2.8230776898309058
0.98859999999999992  6.5631871587855857  2.8337590595160518
0.99049999999999994  6.5812573060041784  2.8444503272351884
0.99239999999999995  6.5993479712861616  2.8551514633283905
0.99429999999999996  6.6174591342125320  2.8658624383010363
0.99619999999999986  6.6355907743858475  2.8765832228221759
0.99810000000000010  6.6537428714308735  2.8873137877234951
1.0000000000000000  6.6719154049945812  2.8980541039980818
