   5.0000000000000003E-002  0.23878070729630865        5.9358464735381072E-004  -0.0000000000000000     
   5.1899999999999995E-002  0.24787838905855658        6.7658383258436161E-004  -0.0000000000000000     
   5.3800000000000001E-002  0.25697922490179637        7.6637812782532331E-004  -0.0000000000000000     
   5.5700000000000006E-002  0.26608334549271007        8.6310956828514380E-004  -0.0000000000000000     
   5.7599999999999998E-002  0.27519087737629344        9.6691050477912504E-004  -0.0000000000000000     
   5.9499999999999997E-002  0.28430194287082344        1.0779043881777790E-003  -0.0000000000000000     
   6.1400000000000003E-002  0.29341666028665997        1.1962064967650080E-003  -0.0000000000000000     
   6.3300000000000009E-002  0.30253514411601123        1.3219246318490693E-003  -0.0000000000000000     
   6.5200000000000008E-002  0.31165750505179601        1.4551597867350156E-003  -0.0000000000000000     
   6.7099999999999993E-002  0.32078385019592576        1.5960067733108362E-003  -0.0000000000000000     
   6.9000000000000006E-002  0.32991428318371430        1.7445548209303642E-003  -0.0000000000000000     
   7.0900000000000005E-002  0.33904890432446350        1.9008881439378498E-003  -0.0000000000000000     
   7.2799999999999990E-002  0.34818781071828081        2.0650864801156485E-003  -0.0000000000000000     
   7.4700000000000003E-002  0.35733109648393940        2.2372255999828991E-003  -0.0000000000000000     
   7.6600000000000001E-002  0.36647885277133158        2.4173777917249136E-003  -0.0000000000000000     
   7.8500000000000000E-002  0.37563116797674539        2.6056123181009186E-003  -0.0000000000000000     
   8.0400000000000013E-002  0.38478812785691446        2.8019958502057238E-003  -0.0000000000000000     
   8.2300000000000012E-002  0.39394981566023302        3.0065928776641477E-003  -0.0000000000000000     
   8.4199999999999997E-002  0.40311631225511224        3.2194660967249508E-003  -0.0000000000000000     
   8.6099999999999996E-002  0.41228769625384748        3.4406767770619202E-003  -0.0000000000000000     
   8.7999999999999995E-002  0.42146404413531652        3.6702851086067908E-003  -0.0000000000000000     
   8.9899999999999994E-002  0.43064543036335823        3.9083505291187294E-003  -0.0000000000000000     
   9.1800000000000007E-002  0.43983192750117422        4.1549320335555759E-003  -0.0000000000000000     
   9.3700000000000006E-002  0.44902360632486094        4.4100884662171035E-003  -0.0000000000000000     
   9.5600000000000004E-002  0.45822053593057877        4.6738787962915885E-003  -0.0000000000000000     
   9.7500000000000017E-002  0.46742278382091951        4.9463623777931433E-003  -0.0000000000000000     
   9.9400000000000002E-002  0.47663041608370027        5.2275991955644512E-003  -0.0000000000000000     
  0.10130000000000000       0.48584349737686744        5.5176500954087371E-003  -0.0000000000000000     
  0.10320000000000000       0.49506209109898786        5.8165770028155176E-003  -0.0000000000000000     
  0.10510000000000000       0.50428625946316297        6.1244431282495050E-003  -0.0000000000000000     
  0.10700000000000000       0.51351606358641200        6.4413131607446222E-003  -0.0000000000000000     
  0.10890000000000001       0.52275156357594610        6.7672534503018618E-003  -0.0000000000000000     
  0.11080000000000001       0.53199281861265746        7.1023321797424235E-003  -0.0000000000000000     
  0.11270000000000001       0.54123988703163473        7.4466195265703427E-003  -0.0000000000000000     
  0.11460000000000002       0.55049282639979957        7.8001878154596556E-003  -0.0000000000000000     
  0.11649999999999999       0.55975169359113275        8.1631116619264275E-003  -0.0000000000000000     
  0.11840000000000001       0.56901654485900344        8.5354681076435443E-003  -0.0000000000000000     
  0.12030000000000000       0.57828743590622012        8.9173367480256081E-003  -0.0000000000000000     
  0.12220000000000000       0.58756442195224334        9.3087998523341941E-003  -0.0000000000000000     
  0.12410000000000000       0.59684755779845189        9.7099424770875995E-003  -0.0000000000000000     
  0.12600000000000000       0.60613689789074998        1.0120852572797517E-002  -0.0000000000000000     
  0.12790000000000001       0.61543249638019715        1.0541621084849960E-002  -0.0000000000000000     
  0.12980000000000003       0.62473440718149353        1.0972342048548819E-002  -0.0000000000000000     
  0.13169999999999998       0.63404267257724078        1.1410131146904196E-002  -0.0000000000000000     
  0.13360000000000000       0.64335726671554427        1.1852209408574578E-002  -0.0000000000000000     
  0.13550000000000001       0.65267818440079173        1.2301364751611000E-002  -0.0000000000000000     
  0.13739999999999999       0.66200544254746840        1.2758442655660063E-002  -0.0000000000000000     
  0.13930000000000001       0.67133906640880758        1.3223936757510732E-002  -0.0000000000000000     
  0.14120000000000002       0.68067908624592821        1.3698205829843687E-002  -0.0000000000000000     
  0.14310000000000000       0.69002553583210924        1.4181540935243247E-002  -0.0000000000000000     
  0.14500000000000002       0.69937845162917711        1.4674194369316678E-002  -0.0000000000000000     
  0.14690000000000000       0.70873787228006746        1.5176394505914261E-002  -0.0000000000000000     
  0.14879999999999999       0.71810383827498425        1.5688354308473536E-002  -0.0000000000000000     
  0.15070000000000000       0.72747639171963896        1.6210276608622100E-002  -0.0000000000000000     
  0.15260000000000001       0.73685557617014397        1.6742357578605906E-002  -0.0000000000000000     
  0.15450000000000000       0.74624143651122543        1.7284789123295563E-002  -0.0000000000000000     
  0.15640000000000001       0.75563401886639692        1.7837760590881518E-002  -0.0000000000000000     
  0.15830000000000002       0.76503337052935161        1.8401460034582352E-002  -0.0000000000000000     
  0.16020000000000001       0.77443953991264691        1.8976075168272946E-002  -0.0000000000000000     
  0.16210000000000002       0.78385257650842755        1.9561794106927953E-002  -0.0000000000000000     
  0.16400000000000001       0.79327253085883209        2.0158805951867066E-002  -0.0000000000000000     
  0.16589999999999999       0.80269945453378078        2.0767301261609711E-002  -0.0000000000000000     
  0.16780000000000000       0.81213340011467194        2.1387472436956736E-002  -0.0000000000000000     
  0.16970000000000002       0.82157442118306856        2.2019514040143084E-002  -0.0000000000000000     
  0.17160000000000000       0.83102257231254550        2.2663623063184642E-002  -0.0000000000000000     
  0.17350000000000002       0.84047790906442732        2.3319999155898660E-002  -0.0000000000000000     
  0.17540000000000003       0.84994048798541044        2.3988844821853161E-002  -0.0000000000000000     
  0.17730000000000001       0.85941036660753323        2.4670365588370713E-002  -0.0000000000000000     
  0.17920000000000003       0.86888760344991156        2.5364770155296312E-002  -0.0000000000000000     
  0.18110000000000001       0.87837225802171781        2.6072270526137580E-002  -0.0000000000000000     
  0.18300000000000000       0.88786439082637969        2.6793082124393460E-002  -0.0000000000000000     
  0.18490000000000001       0.89736406336690933        2.7527423897411384E-002  -0.0000000000000000     
  0.18680000000000002       0.90687133815175847        2.8275518409362453E-002  -0.0000000000000000     
  0.18870000000000001       0.91638627870155998        2.9037591924826158E-002  -0.0000000000000000     
  0.19060000000000002       0.92590894955634773        2.9813874484108230E-002  -0.0000000000000000     
  0.19250000000000003       0.93543941628307448        3.0604599971047208E-002  -0.0000000000000000     
  0.19439999999999999       0.94497774548362545        3.1410006174017700E-002  -0.0000000000000000     
  0.19630000000000000       0.95452400480307931        3.2230334840838933E-002  -0.0000000000000000     
  0.19820000000000002       0.96407826292898202        3.3065831727476548E-002  -0.0000000000000000     
  0.20010000000000000       0.97364058963608580        3.3916746642050202E-002  -0.0000000000000000     
  0.20200000000000001       0.98321105574073731        3.4783333482163926E-002  -0.0000000000000000     
  0.20390000000000003       0.99278973314558316        3.5665850268343249E-002  -0.0000000000000000     
  0.20580000000000001        1.0023766948391262        3.6564559171748300E-002  -0.0000000000000000     
  0.20770000000000002        1.0119720149042302        3.7479726537019753E-002  -0.0000000000000000     
  0.20960000000000004        1.0215757685264772        3.8411622900029634E-002  -0.0000000000000000     
  0.21149999999999999        1.0311880320023488        3.9360523000580586E-002  -0.0000000000000000     
  0.21340000000000001        1.0408088827473043        4.0326705789959408E-002  -0.0000000000000000     
  0.21529999999999999        1.0504383993034867        4.1310454433214391E-002  -0.0000000000000000     
  0.21720000000000000        1.0600766613472561        4.2312056306084520E-002  -0.0000000000000000     
  0.21909999999999999        1.0697237496963319        4.3331802986406931E-002  -0.0000000000000000     
  0.22100000000000003        1.0793797463166319        4.4369990239859471E-002  -0.0000000000000000     
  0.22289999999999999        1.0890447343288010        4.5426917999876533E-002  -0.0000000000000000     
  0.22479999999999997        1.0987187980141619        4.6502890341505863E-002  -0.0000000000000000     
  0.22670000000000001        1.1084020228203184        4.7598215449112413E-002  -0.0000000000000000     
  0.22860000000000000        1.1180944953663357        4.8713205577611711E-002  -0.0000000000000000     
  0.23050000000000001        1.1277963034472287        4.9848177007133794E-002  -0.0000000000000000     
  0.23240000000000000        1.1375075360380706        5.1003449990852059E-002  -0.0000000000000000     
  0.23430000000000001        1.1472282832974003        5.2179348695764079E-002  -0.0000000000000000     
  0.23619999999999999        1.1569586365700981        5.3376201136280971E-002  -0.0000000000000000     
  0.23810000000000003        1.1666986883894699        5.4594339100320396E-002  -0.0000000000000000     
  0.23999999999999999        1.1764485324788567        5.5834098067831094E-002  -0.0000000000000000     
  0.24189999999999998        1.1862082637522884        5.7095817121427125E-002  -0.0000000000000000     
  0.24380000000000002        1.1959779783145379        5.8379838849042104E-002  -0.0000000000000000     
  0.24570000000000000        1.2057577734603093        5.9686509238370745E-002  -0.0000000000000000     
  0.24760000000000001        1.2155477476726497        6.1016177562986960E-002  -0.0000000000000000     
  0.24950000000000000        1.2253480006204336        6.2369196259924785E-002  -0.0000000000000000     
  0.25140000000000001        1.2351586331550584        6.3745920798663272E-002  -0.0000000000000000     
  0.25330000000000003        1.2449797473060944        6.5146709541345355E-002  -0.0000000000000000     
  0.25519999999999998        1.2548114462760596        6.6571923594126350E-002  -0.0000000000000000     
  0.25710000000000000        1.2646538344342240        6.8021926649673325E-002  -0.0000000000000000     
  0.25900000000000001        1.2745070173093007        6.9497084820613467E-002  -0.0000000000000000     
  0.26090000000000002        1.2843711015812045        7.0997766464063208E-002  -0.0000000000000000     
  0.26279999999999998        1.2942461950716553        7.2524341997086628E-002  -0.0000000000000000     
  0.26469999999999999        1.3041324067337088        7.4077183703244537E-002  -0.0000000000000000     
  0.26660000000000000        1.3140298466401945        7.5656665530219255E-002  -0.0000000000000000     
  0.26849999999999996        1.3239386259709478        7.7263162878598121E-002  -0.0000000000000000     
  0.27040000000000003        1.3338588569989023        7.8897052381979790E-002  -0.0000000000000000     
  0.27229999999999999        1.3437906530749926        8.0558711678519829E-002  -0.0000000000000000     
  0.27420000000000000        1.3537341286178113        8.2248519174419721E-002  -0.0000000000000000     
  0.27610000000000001        1.3636893990720564        8.3966853797920543E-002  -0.0000000000000000     
  0.27799999999999997        1.3736565809260517        8.5714094748090205E-002  -0.0000000000000000     
  0.27989999999999998        1.3836357916673943        8.7490621233416777E-002  -0.0000000000000000     
  0.28179999999999999        1.3936271497676951        8.9296812204489498E-002  -0.0000000000000000     
  0.28370000000000001        1.4036307746602361        9.1133046079493685E-002  -0.0000000000000000     
  0.28559999999999997        1.4136467867160163        9.2999700463394439E-002  -0.0000000000000000     
  0.28750000000000003        1.4236753072187724        9.4897151860928300E-002  -0.0000000000000000     
  0.28939999999999999        1.4337164583386222        9.6825775384279986E-002  -0.0000000000000000     
  0.29130000000000000        1.4437703631044985        9.8785944455597963E-002  -0.0000000000000000     
  0.29320000000000002        1.4538371453753254       0.10077803050519105       -0.0000000000000000     
  0.29509999999999997        1.4639169298100092       0.10280240266574057       -0.0000000000000000     
  0.29699999999999999        1.4740098418360876       0.10485942746341893       -0.0000000000000000     
  0.29890000000000000        1.4841160076173514       0.10694946850631271       -0.0000000000000000     
  0.30080000000000001        1.4942355540202448       0.10907288617096031       -0.0000000000000000     
  0.30269999999999997        1.5043686085790262       0.11123003728770088       -0.0000000000000000     
  0.30460000000000004        1.5145152994598863       0.11342127482549898       -0.0000000000000000     
  0.30649999999999999        1.5246757554240427       0.11564694757705964       -0.0000000000000000     
  0.30840000000000001        1.5348501057896577       0.11790739984491383       -0.0000000000000000     
  0.31030000000000002        1.5450384803929225       0.12020297112933545       -0.0000000000000000     
  0.31219999999999998        1.5552410095480413       0.12253399581879684       -0.0000000000000000     
  0.31409999999999999        1.5654578240063903       0.12490080288378665       -0.0000000000000000     
  0.31600000000000000        1.5756890549147533       0.12730371557477563       -0.0000000000000000     
  0.31790000000000002        1.5859348337728558       0.12974305112515988       -0.0000000000000000     
  0.31979999999999997        1.5961952923900198       0.13221912045985465       -0.0000000000000000     
  0.32170000000000004        1.6064705628412070       0.13473222791045758       -0.0000000000000000     
  0.32360000000000000        1.6167607774224335       0.13728267093765750       -0.0000000000000000     
  0.32549999999999996        1.6270660686055887       0.13987073986162596       -0.0000000000000000     
  0.32740000000000002        1.6373865689927818       0.14249671760119331       -0.0000000000000000     
  0.32929999999999998        1.6477224112702040       0.14516087942240119       -0.0000000000000000     
  0.33119999999999999        1.6580737281617088       0.14786349269722390       -0.0000000000000000     
  0.33310000000000001        1.6684406523875293       0.15060481667392242       -0.0000000000000000     
  0.33500000000000002        1.6788233165947848       0.15338510225411184       -0.0000000000000000     
  0.33689999999999998        1.6892218533449785       0.15620459179115087       -0.0000000000000000     
  0.33879999999999999        1.6996363950431266       0.15906351889147885       -0.0000000000000000     
  0.34070000000000000        1.7100670738965802       0.16196210823365367       -0.0000000000000000     
  0.34259999999999996        1.7205140218680639       0.16490057539985917       -0.0000000000000000     
  0.34450000000000003        1.7309773706285572       0.16787912672109845       -0.0000000000000000     
  0.34639999999999999        1.7414572515105340       0.17089795913642686       -0.0000000000000000     
  0.34830000000000000        1.7519537954615021       0.17395726006672349       -0.0000000000000000     
  0.35020000000000001        1.7624671329979107       0.17705720730286109       -0.0000000000000000     
  0.35210000000000002        1.7729973941594783       0.18019796890884510       -0.0000000000000000     
  0.35399999999999998        1.7835447084640121       0.18337970313974644       -0.0000000000000000     
  0.35589999999999999        1.7941092048628211       0.18660255837466219       -0.0000000000000000     
  0.35780000000000001        1.8046910116967507       0.18986667306467211       -0.0000000000000000     
  0.35969999999999996        1.8152902566529157       0.19317217569575154       -0.0000000000000000     
  0.36160000000000003        1.8259070667221677       0.19651918476659599       -0.0000000000000000     
  0.36349999999999999        1.8365415681627224       0.19990780878256420       -0.0000000000000000     
  0.36540000000000000        1.8471938864374917       0.20333814625696642       -0.0000000000000000     
  0.36730000000000002        1.8578641462079704       0.20681028574142801       -0.0000000000000000     
  0.36920000000000003        1.8685524712723154       0.21032430585534395       -0.0000000000000000     
  0.37109999999999999        1.8792589845331062       0.21388027533654325       -0.0000000000000000     
  0.37300000000000000        1.8899838079606386       0.21747825310385888       -0.0000000000000000     
  0.37490000000000001        1.9007270625571973       0.22111828833270658       -0.0000000000000000     
  0.37679999999999997        1.9114888683225355       0.22480042054309610       -0.0000000000000000     
  0.37870000000000004        1.9222693442203782       0.22852467969977996       -0.0000000000000000     
  0.38059999999999999        1.9330686081463309       0.23229108632394199       -0.0000000000000000     
  0.38250000000000001        1.9438867768968413       0.23609965161595023       -0.0000000000000000     
  0.38440000000000002        1.9547239661395250       0.23995037758858520       -0.0000000000000000     
  0.38629999999999998        1.9655802903899895       0.24384325721217084       -0.0000000000000000     
  0.38819999999999999        1.9764558629625923       0.24777827455915058       -0.0000000000000000     
  0.39010000000000000        1.9873507959794361       0.25175540497789584       -0.0000000000000000     
  0.39200000000000002        1.9982652003215182       0.25577461525360656       -0.0000000000000000     
  0.39389999999999997        2.0091991856117710       0.25983586378760326       -0.0000000000000000     
  0.39580000000000004        2.0201528601933223       0.26393910078138666       -0.0000000000000000     
  0.39770000000000000        2.0311263311088772       0.26808426842706612       -0.0000000000000000     
  0.39959999999999996        2.0421197040815464       0.27227130110347791       -0.0000000000000000     
  0.40150000000000002        2.0531330834968742       0.27650012557747106       -0.0000000000000000     
  0.40339999999999998        2.0641665723862626       0.28077066120972266       -0.0000000000000000     
  0.40529999999999999        2.0752202724171256       0.28508282016698805       -0.0000000000000000     
  0.40720000000000001        2.0862942838557528       0.28943650762472045       -0.0000000000000000     
  0.40910000000000002        2.0973887055912499       0.29383162199959334       -0.0000000000000000     
  0.41099999999999998        2.1085036350980753       0.29826805515605442       -0.0000000000000000     
  0.41290000000000004        2.1196391684326472       0.30274569262928663       -0.0000000000000000     
  0.41480000000000000        2.1307954002242293       0.30726441384633030       -0.0000000000000000     
  0.41669999999999996        2.1419724236671511       0.31182409234793507       -0.0000000000000000     
  0.41860000000000003        2.1531703305139929       0.31642459601059525       -0.0000000000000000     
  0.42049999999999998        2.1643892110700218       0.32106578726839546       -0.0000000000000000     
  0.42240000000000005        2.1756291541943065       0.32574752333738938       -0.0000000000000000     
  0.42430000000000007        2.1868902472725469       0.33046965642231418       -0.0000000000000000     
  0.42620000000000002        2.1981725762526128       0.33523203395647633       -0.0000000000000000     
  0.42809999999999998        2.2094762256162395       0.34003449880362818       -0.0000000000000000     
  0.43000000000000005        2.2208012783859039       0.34487688947667233       -0.0000000000000000     
  0.43190000000000006        2.2321478161253996       0.34975904034982641       -0.0000000000000000     
  0.43380000000000002        2.2435159189412981       0.35468078186807517       -0.0000000000000000     
  0.43570000000000003        2.2549056654854400       0.35964194075356298       -0.0000000000000000     
  0.43759999999999999        2.2663171329580876       0.36464234020867237       -0.0000000000000000     
  0.43950000000000006        2.2777503971171562       0.36968180011925011       -0.0000000000000000     
  0.44140000000000007        2.2892055322616987       0.37476013723519191       -0.0000000000000000     
  0.44330000000000003        2.3006826112712733       0.37987716538626792       -0.0000000000000000     
  0.44519999999999998        2.3121817055884382       0.38503269565322751       -0.0000000000000000     
  0.44710000000000000        2.3237028852321964       0.39022653655583339       -0.0000000000000000     
  0.44900000000000007        2.3352462188054965       0.39545849423203483       -0.0000000000000000     
  0.45090000000000002        2.3468117735036778       0.40072837261278571       -0.0000000000000000     
  0.45280000000000004        2.3583996151232434       0.40603597359222027       -0.0000000000000000     
  0.45469999999999999        2.3700098080713574       0.41138109719329441       -0.0000000000000000     
  0.45660000000000006        2.3816424153758025       0.41676354172865754       -0.0000000000000000     
  0.45850000000000007        2.3932974986953992       0.42218310395681335       -0.0000000000000000     
  0.46040000000000003        2.4049751183347845       0.42763957923765067       -0.0000000000000000     
  0.46229999999999999        2.4166753332397404       0.43313276166206410       -0.0000000000000000     
  0.46420000000000000        2.4283982010342084       0.43866244422028716       -0.0000000000000000     
  0.46610000000000007        2.4401437780146980       0.44422841892063802       -0.0000000000000000     
  0.46800000000000003        2.4519121191674995       0.44983047692662753       -0.0000000000000000     
  0.46990000000000004        2.4637032781814066       0.45546840868455007       -0.0000000000000000     
  0.47180000000000011        2.4755173074609695       0.46114200404644334       -0.0000000000000000     
  0.47370000000000007        2.4873542581397627       0.46685105238834579       -0.0000000000000000     
  0.47560000000000008        2.4992141800941612       0.47259534272404352       -0.0000000000000000     
  0.47750000000000004        2.5110971219570875       0.47837466381423488       -0.0000000000000000     
  0.47939999999999999        2.5230031311321501       0.48418880427129024       -0.0000000000000000     
  0.48130000000000006        2.5349322538078929       0.49003755265960636       -0.0000000000000000     
  0.48320000000000007        2.5468845349722891       0.49592069759168544       -0.0000000000000000     
  0.48510000000000003        2.5588600184289878       0.50183802782532805       -0.0000000000000000     
  0.48700000000000004        2.5708587468043778       0.50778933232938517       -0.0000000000000000     
  0.48890000000000011        2.5828807615747182       0.51377440040133437       -0.0000000000000000     
  0.49080000000000007        2.5949261030721540       0.51979302172383379       -0.0000000000000000     
  0.49270000000000008        2.6069948105021408       0.52584498644653965       -0.0000000000000000     
  0.49460000000000004        2.6190869219583295       0.53193008525830354       -0.0000000000000000     
  0.49650000000000000        2.6312024744377700       0.53804810945571402       -0.0000000000000000     
  0.49840000000000007        2.6433415038558228       0.54419885100800314       -0.0000000000000000     
  0.50030000000000008        2.6555040450612584       0.55038210261861475       -0.0000000000000000     
  0.50220000000000009        2.6676901318515069       0.55659765778337922       -0.0000000000000000     
  0.50409999999999999        2.6798997969875087       0.56284531084546219       -0.0000000000000000     
  0.50600000000000001        2.6921330722088261       0.56912485704711013       -0.0000000000000000     
  0.50790000000000013        2.7043899882487463       0.57543609257852391       -0.0000000000000000     
  0.50980000000000003        2.7166705748491271       0.58177881462363012       -0.0000000000000000     
  0.51170000000000004        2.7289748607752604       0.58815282140306557       -0.0000000000000000     
  0.51360000000000006        2.7413028738308114       0.59455791221452392       -0.0000000000000000     
  0.51550000000000007        2.7536546408724778       0.60099388747027083       -0.0000000000000000     
  0.51740000000000008        2.7660301878247471       0.60746054873237221       -0.0000000000000000     
  0.51930000000000009        2.7784295396943959       0.61395769874524309       -0.0000000000000000     
  0.52120000000000000        2.7908527205792302       0.62048514147215372       -0.0000000000000000     
  0.52310000000000001        2.8032997537055246       0.62704268209809044       -0.0000000000000000     
  0.52500000000000013        2.8157706614077234       0.63363012709409883       -0.0000000000000000     
  0.52690000000000003        2.8282654651655541       0.64024728421493948       -0.0000000000000000     
  0.52880000000000005        2.8407841856123373       0.64689396252754849       -0.0000000000000000     
  0.53070000000000006        2.8533268425490022       0.65356997243084558       -0.0000000000000000     
  0.53260000000000007        2.8658934549575426       0.66027512567386071       -0.0000000000000000     
  0.53450000000000009        2.8784840410149157       0.66700923537197765       -0.0000000000000000     
  0.53640000000000010        2.8910986181064895       0.67377211602160381       -0.0000000000000000     
  0.53830000000000000        2.9037372028393400       0.68056358351319735       -0.0000000000000000     
  0.54020000000000001        2.9163998110554270       0.68738345514266597       -0.0000000000000000     
  0.54210000000000014        2.9290864578446665       0.69423154962157763       -0.0000000000000000     
  0.54400000000000004        2.9417971575578981       0.70110768708568438       -0.0000000000000000     
  0.54590000000000005        2.9545319238195353       0.70801168910228984       -0.0000000000000000     
  0.54780000000000006        2.9672907695402628       0.71494337867640645       -0.0000000000000000     
  0.54970000000000008        2.9800737069293057       0.72190258025557275       -0.0000000000000000     
  0.55160000000000009        2.9928807475068822       0.72888911973362380       -0.0000000000000000     
  0.55350000000000010        3.0057119021163357       0.73590282445341948       -0.0000000000000000     
  0.55540000000000000        3.0185671809359378       0.74294352320848411       -0.0000000000000000     
  0.55730000000000002        3.0314465934907560       0.75001104624365966       -0.0000000000000000     
  0.55920000000000014        3.0443501486643805       0.75710522525497181       -0.0000000000000000     
  0.56110000000000004        3.0572778547103572       0.76422589338854385       -0.0000000000000000     
  0.56300000000000006        3.0702297192634074       0.77137288523862702       -0.0000000000000000     
  0.56490000000000007        3.0832057493506957       0.77854603684501755       -0.0000000000000000     
  0.56680000000000008        3.0962059514028630       0.78574518568963281       -0.0000000000000000     
  0.56870000000000009        3.1092303312647247       0.79297017069246933       -0.0000000000000000     
  0.57060000000000011        3.1222788942061386       0.80022083220687668       -0.0000000000000000     
  0.57250000000000001        3.1353516449323156       0.80749701201421931       -0.0000000000000000     
  0.57440000000000002        3.1484485875942925       0.81479855331801643       -0.0000000000000000     
  0.57630000000000015        3.1615697257991977       0.82212530073757706       -0.0000000000000000     
  0.57820000000000005        3.1747150626201699       0.82947710030100974       -0.0000000000000000     
  0.58010000000000006        3.1878846005672528       0.83685379944266336       -0.0000000000000000     
  0.58200000000000007        3.2010783417536848       0.84425524697605381       -0.0000000000000000     
  0.58389999999999997        3.2142962876699253       0.85168129311484031       -0.0000000000000000     
  0.58580000000000010        3.2275384393511977       0.85913178944499402       -0.0000000000000000     
  0.58770000000000011        3.2408047973457537       0.86660658891986675       -0.0000000000000000     
  0.58960000000000001        3.2540953617258084       0.87410554585208800       -0.0000000000000000     
  0.59150000000000003        3.2674101320949909       0.88162851590324276       -0.0000000000000000     
  0.59340000000000015        3.2807491075983650       0.88917535607449849       -0.0000000000000000     
  0.59530000000000005        3.2941122869303849       0.89674592469631986       -0.0000000000000000     
  0.59720000000000006        3.3074996683435600       0.90434008141829769       -0.0000000000000000     
  0.59910000000000008        3.3209112496572377       0.91195768719868875       -0.0000000000000000     
  0.60099999999999998        3.3343470282652907       0.91959860429369311       -0.0000000000000000     
  0.60290000000000010        3.3478070011447270       0.92726269624677959       -0.0000000000000000     
  0.60480000000000012        3.3612911648635384       0.93494982787742953       -0.0000000000000000     
  0.60670000000000002        3.3747995155882604       0.94265986527025158       -0.0000000000000000     
  0.60860000000000003        3.3883320490922859       0.95039267576369568       -0.0000000000000000     
  0.61050000000000015        3.4018887607627364       0.95814812793862036       -0.0000000000000000     
  0.61240000000000006        3.4154696456085358       0.96592609160699905       -0.0000000000000000     
  0.61430000000000007        3.4290746982674749       0.97372643780038404       -0.0000000000000000     
  0.61620000000000008        3.4427039130134363       0.98154903875831567       -0.0000000000000000     
  0.61809999999999998        3.4563572837632677       0.98939376791668054       -0.0000000000000000     
  0.62000000000000011        3.4700348040840958       0.99726049989605547       -0.0000000000000000     
  0.62190000000000012        3.4837364671998845        1.0051491104901622       -0.0000000000000000     
  0.62380000000000002        3.4974622659985184        1.0130594766540357       -0.0000000000000000     
  0.62570000000000003        3.5112121930378941        1.0209914764923609       -0.0000000000000000     
  0.62760000000000005        3.5249862405525354        1.0289449892476956       -0.0000000000000000     
  0.62950000000000006        3.5387844004606661        1.0369198952890328       -0.0000000000000000     
  0.63140000000000007        3.5526066643691316        1.0449160760995628       -0.0000000000000000     
  0.63330000000000009        3.5664530235807530        1.0529334142656348       -0.0000000000000000     
  0.63519999999999999        3.5803234690997385        1.0609717934647993       -0.0000000000000000     
  0.63710000000000011        3.5942179916377972        1.0690310984541540       -0.0000000000000000     
  0.63900000000000012        3.6081365816197746        1.0771112150590298       -0.0000000000000000     
  0.64090000000000003        3.6220792291898021        1.0852120301612638       -0.0000000000000000     
  0.64280000000000004        3.6360459242163969        1.0933334316879546       -0.0000000000000000     
  0.64470000000000005        3.6500366562985915        1.1014753085999147       -0.0000000000000000     
  0.64660000000000006        3.6640514147702805        1.1096375508802254       -0.0000000000000000     
  0.64850000000000008        3.6780901887068875        1.1178200495234334       -0.0000000000000000     
  0.65040000000000009        3.6921529669298665        1.1260226965239537       -0.0000000000000000     
  0.65229999999999999        3.7062397380114285        1.1342453848648641       -0.0000000000000000     
  0.65420000000000011        3.7203504902807603        1.1424880085075357       -0.0000000000000000     
  0.65610000000000013        3.7344852118275593        1.1507504623797589       -0.0000000000000000     
  0.65800000000000003        3.7486438905081698        1.1590326423655934       -0.0000000000000000     
  0.65990000000000004        3.7628265139498795        1.1673344452945031       -0.0000000000000000     
  0.66180000000000005        3.7770330695546908        1.1756557689300655       -0.0000000000000000     
  0.66370000000000007        3.7912635445055543        1.1839965119600799       -0.0000000000000000     
  0.66560000000000008        3.8055179257700513        1.1923565739859008       -0.0000000000000000     
  0.66750000000000009        3.8197962001044661        1.2007358555116745       -0.0000000000000000     
  0.66940000000000000        3.8340983540587725        1.2091342579343873       -0.0000000000000000     
  0.67130000000000012        3.8484243739807917        1.2175516835335607       -0.0000000000000000     
  0.67320000000000013        3.8627742460200380        1.2259880354610126       -0.0000000000000000     
  0.67510000000000003        3.8771479561323212        1.2344432177310756       -0.0000000000000000     
  0.67700000000000005        3.8915454900833812        1.2429171352103405       -0.0000000000000000     
  0.67890000000000006        3.9059668334534785        1.2514096936084578       -0.0000000000000000     
  0.68080000000000007        3.9204119716402199        1.2599207994674149       -0.0000000000000000     
  0.68270000000000008        3.9348808898638037        1.2684503601531969       -0.0000000000000000     
  0.68460000000000010        3.9493735731692943        1.2769982838451288       -0.0000000000000000     
  0.68650000000000000        3.9638900064315492        1.2855644795272905       -0.0000000000000000     
  0.68840000000000012        3.9784301743585622        1.2941488569789354       -0.0000000000000000     
  0.69030000000000014        3.9929940614940964        1.3027513267649371       -0.0000000000000000     
  0.69220000000000004        4.0075816522226901        1.3113718002275385       -0.0000000000000000     
  0.69410000000000005        4.0221929307717543        1.3200101894765326       -0.0000000000000000     
  0.69600000000000006        4.0368278812160181        1.3286664073810608       -0.0000000000000000     
  0.69790000000000008        4.0514864874798757        1.3373403675603104       -0.0000000000000000     
  0.69980000000000009        4.0661687333415140        1.3460319843752084       -0.0000000000000000     
  0.70170000000000010        4.0808746024355012        1.3547411729197636       -0.0000000000000000     
  0.70360000000000000        4.0956040782561329        1.3634678490124459       -0.0000000000000000     
  0.70550000000000002        4.1103571441607336        1.3722119291882027       -0.0000000000000000     
  0.70740000000000014        4.1251337833721529        1.3809733306897949       -0.0000000000000000     
  0.70930000000000004        4.1399339789822500        1.3897519714599273       -0.0000000000000000     
  0.71120000000000005        4.1547577139546599        1.3985477701330877       -0.0000000000000000     
  0.71310000000000007        4.1696049711273862        1.4073606460276253       -0.0000000000000000     
  0.71500000000000008        4.1844757332160842        1.4161905191378641       -0.0000000000000000     
  0.71690000000000009        4.1993699828164388        1.4250373101265135       -0.0000000000000000     
  0.71880000000000011        4.2142877024070700        1.4339009403167420       -0.0000000000000000     
  0.72070000000000001        4.2292288743522750        1.4427813316849569       -0.0000000000000000     
  0.72260000000000002        4.2441934809042161        1.4516784068529680       -0.0000000000000000     
  0.72450000000000014        4.2591815042060572        1.4605920890809563       -0.0000000000000000     
  0.72640000000000005        4.2741929262943348        1.4695223022602191       -0.0000000000000000     
  0.72830000000000006        4.2892277291008023        1.4784689709054448       -0.0000000000000000     
  0.73020000000000007        4.3042858944560436        1.4874320201486115       -0.0000000000000000     
  0.73210000000000008        4.3193674040907393        1.4964113757310147       -0.0000000000000000     
  0.73400000000000010        4.3344722396387088        1.5054069639969789       -0.0000000000000000     
  0.73590000000000011        4.3496003826390437        1.5144187118869439       -0.0000000000000000     
  0.73780000000000001        4.3647518145379820        1.5234465469305727       -0.0000000000000000     
  0.73970000000000002        4.3799265166919907        1.5324903972403283       -0.0000000000000000     
  0.74160000000000015        4.3951244703688710        1.5415501915047489       -0.0000000000000000     
  0.74350000000000005        4.4103456567510078        1.5506258589822575       -0.0000000000000000     
  0.74540000000000006        4.4255900569366089        1.5597173294946474       -0.0000000000000000     
  0.74730000000000008        4.4408576519420491        1.5688245334204975       -0.0000000000000000     
  0.74919999999999998        4.4561484227042714        1.5779474016897148       -0.0000000000000000     
  0.75110000000000010        4.4714623500821551        1.5870858657766524       -0.0000000000000000     
  0.75300000000000011        4.4867994148588393        1.5962398576944865       -0.0000000000000000     
  0.75490000000000002        4.5021595977437689        1.6054093099892921       -0.0000000000000000     
  0.75680000000000003        4.5175428793741617        1.6145941557339185       -0.0000000000000000     
  0.75870000000000015        4.5329492403174543        1.6237943285225100       -0.0000000000000000     
  0.76060000000000005        4.5483786610724257        1.6330097624643858       -0.0000000000000000     
  0.76250000000000007        4.5638311220713881        1.6422403921787458       -0.0000000000000000     
  0.76440000000000008        4.5793066036823369        1.6514861527891149       -0.0000000000000000     
  0.76629999999999998        4.5948050862098597        1.6607469799176175       -0.0000000000000000     
  0.76820000000000010        4.6103265498972688        1.6700228096795884       -0.0000000000000000     
  0.77010000000000012        4.6258709749282456        1.6793135786784461       -0.0000000000000000     
  0.77200000000000002        4.6414383414285085        1.6886192240002245       -0.0000000000000000     
  0.77390000000000003        4.6570286294674803        1.6979396832085003       -0.0000000000000000     
  0.77580000000000016        4.6726418190595931        1.7072748943391569       -0.0000000000000000     
  0.77770000000000006        4.6882778901661553        1.7166247958954062       -0.0000000000000000     
  0.77960000000000007        4.7039368226965355        1.7259893268426294       -0.0000000000000000     
  0.78150000000000008        4.7196185965101121        1.7353684266037221       -0.0000000000000000     
  0.78339999999999999        4.7353231914173977        1.7447620350540241       -0.0000000000000000     
  0.78530000000000011        4.7510505871814921        1.7541700925165431       -0.0000000000000000     
  0.78720000000000012        4.7668007635197602        1.7635925397573384       -0.0000000000000000     
  0.78910000000000002        4.7825737001048303        1.7730293179806738       -0.0000000000000000     
  0.79100000000000004        4.7983693765665398        1.7824803688245674       -0.0000000000000000     
  0.79290000000000016        4.8141877724926614        1.7919456343562405       -0.0000000000000000     
  0.79480000000000006        4.8300288674305953        1.8014250570674364       -0.0000000000000000     
  0.79670000000000007        4.8458926408885805        1.8109185798702707       -0.0000000000000000     
  0.79860000000000009        4.8617790723370531        1.8204261460926840       -0.0000000000000000     
  0.80049999999999999        4.8776881412095596        1.8299476994740762       -0.0000000000000000     
  0.80240000000000011        4.8936198269046933        1.8394831841613988       -0.0000000000000000     
  0.80430000000000013        4.9095741087862832        1.8490325447044362       -0.0000000000000000     
  0.80620000000000003        4.9255509661857673        1.8585957260521835       -0.0000000000000000     
  0.80810000000000004        4.9415503784023382        1.8681726735484334       -0.0000000000000000     
  0.81000000000000016        4.9575723247046772        1.8777633329277943       -0.0000000000000000     
  0.81190000000000007        4.9736167843316430        1.8873676503117054       -0.0000000000000000     
  0.81380000000000008        4.9896837364943778        1.8969855722048368       -0.0000000000000000     
  0.81570000000000009        5.0057731603756777        1.9066170454905946       -0.0000000000000000     
  0.81759999999999999        5.0218850351326338        1.9162620174277520       -0.0000000000000000     
  0.81950000000000012        5.0380193398972395        1.9259204356467823       -0.0000000000000000     
  0.82140000000000013        5.0541760537770060        1.9355922481456680       -0.0000000000000000     
  0.82330000000000003        5.0703551558560909        1.9452774032864131       -0.0000000000000000     
  0.82520000000000004        5.0865566251968737        1.9549758497917531       -0.0000000000000000     
  0.82710000000000006        5.1027804408403581        1.9646875367411138       -0.0000000000000000     
  0.82900000000000007        5.1190265818071365        1.9744124135672234       -0.0000000000000000     
  0.83090000000000008        5.1352950270986772        1.9841504300527566       -0.0000000000000000     
  0.83280000000000010        5.1515857556979610        1.9939015363267458       -0.0000000000000000     
  0.83470000000000000        5.1678987465707040        2.0036656828612571       -0.0000000000000000     
  0.83660000000000012        5.1842339786656559        2.0134428204678998       -0.0000000000000000     
  0.83850000000000013        5.2005914309164467        2.0232329002948179       -0.0000000000000000     
  0.84040000000000004        5.2169710822412583        2.0330358738229584       -0.0000000000000000     
  0.84230000000000005        5.2333729115449277        2.0428516928634393       -0.0000000000000000     
  0.84420000000000006        5.2497968977186060        2.0526803095536907       -0.0000000000000000     
  0.84609999999999996        5.2662430196412693        2.0625216763547236       -0.0000000000000000     
  0.84799999999999998        5.2827112561806686        2.0723757460481491       -0.0000000000000000     
  0.84989999999999999        5.2992015861935471        2.0822424717326995       -0.0000000000000000     
  0.85180000000000000        5.3157139885265750        2.0921218068213339       -0.0000000000000000     
  0.85370000000000013        5.3322484420178036        2.1020137050386394       -0.0000000000000000     
  0.85560000000000014        5.3488049254962569        2.1119181204172519       -0.0000000000000000     
  0.85750000000000004        5.3653834177835833        2.1218350072953496       -0.0000000000000000     
  0.85940000000000005        5.3819838976943162        2.1317643203136836       -0.0000000000000000     
  0.86130000000000007        5.3986063440367786        2.1417060144126356       -0.0000000000000000     
  0.86319999999999997        5.4152507356140758        2.1516600448297196       -0.0000000000000000     
  0.86509999999999998        5.4319170512236106        2.1616263670961380       -0.0000000000000000     
  0.86699999999999999        5.4486052696595788        2.1716049370350130       -0.0000000000000000     
  0.86890000000000001        5.4653153697119130        2.1815957107577288       -0.0000000000000000     
  0.87079999999999991        5.4820473301679673        2.1915986446619145       -0.0000000000000000     
  0.87270000000000014        5.4988011298129660        2.2016136954284868       -0.0000000000000000     
  0.87460000000000004        5.5155767474301216        2.2116408200191011       -0.0000000000000000     
  0.87650000000000006        5.5323741618021165        2.2216799756737191       -0.0000000000000000     
  0.87840000000000007        5.5491933517108576        2.2317311199077556       -0.0000000000000000     
  0.88029999999999997        5.5660342959388336        2.2417942105100521       -0.0000000000000000     
  0.88219999999999998        5.5828969732689835        2.2518692055398044       -0.0000000000000000     
  0.88410000000000000        5.5997813624857535        2.2619560633245048       -0.0000000000000000     
  0.88600000000000001        5.6166874423756807        2.2720547424575734       -0.0000000000000000     
  0.88789999999999991        5.6336151917275350        2.2821652017956100       -0.0000000000000000     
  0.88980000000000015        5.6505645893332153        2.2922874004563245       -0.0000000000000000     
  0.89170000000000005        5.6675356139880799        2.3024212978160263       -0.0000000000000000     
  0.89360000000000006        5.6845282444919834        2.3125668535075827       -0.0000000000000000     
  0.89550000000000007        5.7015424596489428        2.3227240274177889       -0.0000000000000000     
  0.89739999999999998        5.7185782382681536        2.3328927796852628       -0.0000000000000000     
  0.89929999999999999        5.7356355591648320        2.3430730706984373       -0.0000000000000000     
  0.90120000000000000        5.7527144011597962        2.3532648610929439       -0.0000000000000000     
  0.90309999999999990        5.7698147430805733        2.3634681117496021       -0.0000000000000000     
  0.90499999999999992        5.7869365637620884        2.3736827837926442       -0.0000000000000000     
  0.90689999999999993        5.8040798420462583        2.3839088385868834       -0.0000000000000000     
  0.90879999999999994        5.8212445567834470        2.3941462377362526       -0.0000000000000000     
  0.91070000000000007        5.8384306868321758        2.4043949430813329       -0.0000000000000000     
  0.91260000000000008        5.8556382110599010        2.4146549166974980       -0.0000000000000000     
  0.91449999999999998        5.8728671083434119        2.4249261208928607       -0.0000000000000000     
  0.91639999999999999        5.8901173575690660        2.4352085182060774       -0.0000000000000000     
  0.91830000000000001        5.9073889376335620        2.4455020714047433       -0.0000000000000000     
  0.92019999999999991        5.9246818274439086        2.4558067434829858       -0.0000000000000000     
  0.92209999999999992        5.9419960059184049        2.4661224976600433       -0.0000000000000000     
  0.92399999999999993        5.9593314519863192        2.4764492973778158       -0.0000000000000000     
  0.92589999999999995        5.9766881445889357        2.4867871062993632       -0.0000000000000000     
  0.92780000000000007        5.9940660626793436        2.4971358883068291       -0.0000000000000000     
  0.92970000000000008        6.0114651852231287        2.5074956074995569       -0.0000000000000000     
  0.93159999999999998        6.0288854911991647        2.5178662281926587       -0.0000000000000000     
  0.93350000000000000        6.0463269595990372        2.5282477149146696       -0.0000000000000000     
  0.93540000000000001        6.0637895694281472        2.5386400324061080       -0.0000000000000000     
  0.93729999999999991        6.0812732997056047        2.5490431456175218       -0.0000000000000000     
  0.93919999999999992        6.0987781294649013        2.5594570197078643       -0.0000000000000000     
  0.94109999999999994        6.1163040377539222        2.5698816200426635       -0.0000000000000000     
  0.94299999999999995        6.1338510036358009        2.5803169121925404       -0.0000000000000000     
  0.94490000000000007        6.1514190061884335        2.5907628619311311       -0.0000000000000000     
  0.94680000000000009        6.1690080245056071        2.6012194352337832       -0.0000000000000000     
  0.94869999999999999        6.1866180376967588        2.6116865982756559       -0.0000000000000000     
  0.95060000000000000        6.2042490248875781        2.6221643174302622       -0.0000000000000000     
  0.95250000000000001        6.2219009652201462        2.6326525592677452       -0.0000000000000000     
  0.95439999999999992        6.2395738378533636        2.6431512905533072       -0.0000000000000000     
  0.95629999999999993        6.2572676219628569        2.6536604782454596       -0.0000000000000000     
  0.95819999999999994        6.2749822967418920        2.6641800894948662       -0.0000000000000000     
  0.96009999999999995        6.2927178414013349        2.6747100916425097       -0.0000000000000000     
  0.96199999999999986        6.3104742351695604        2.6852504522179887       -0.0000000000000000     
  0.96390000000000009        6.3282514572932467        2.6958011389383643       -0.0000000000000000     
  0.96579999999999999        6.3460494870377273        2.7063621197066463       -0.0000000000000000     
  0.96770000000000000        6.3638683036863917        2.7169333626098182       -0.0000000000000000     
  0.96960000000000002        6.3817078865419914        2.7275148359180488       -0.0000000000000000     
  0.97149999999999992        6.3995682149262638        2.7381065080827893       -0.0000000000000000     
  0.97339999999999993        6.4174492681801869        2.7487083477354157       -0.0000000000000000     
  0.97529999999999994        6.4353510256644713        2.7593203236858690       -0.0000000000000000     
  0.97719999999999996        6.4532734667597413        2.7699424049213546       -0.0000000000000000     
  0.97909999999999986        6.4712165708664742        2.7805745606046539       -0.0000000000000000     
  0.98100000000000009        6.4891803174055163        2.7912167600729760       -0.0000000000000000     
  0.98290000000000000        6.5071646858182834        2.8018689728366191       -0.0000000000000000     
  0.98480000000000001        6.5251696555669811        2.8125311685775221       -0.0000000000000000     
  0.98670000000000002        6.5431952061345600        2.8232033171478661       -0.0000000000000000     
  0.98859999999999992        6.5612413170251456        2.8338853885688806       -0.0000000000000000     
  0.99049999999999994        6.5793079677643531        2.8445773530295861       -0.0000000000000000     
  0.99239999999999995        6.5973951378990972        2.8552791808851876       -0.0000000000000000     
  0.99429999999999996        6.6155028069982507        2.8659908426562639       -0.0000000000000000     
  0.99619999999999986        6.6336309546523449        2.8767123090270457       -0.0000000000000000     
  0.99810000000000010        6.6517795604744787        2.8874435508445799       -0.0000000000000000     
   1.0000000000000000        6.6699486040994200        2.8981845391170351       -0.0000000000000000     
