5.0000000000000003E-002  0.23881830011343100  6.2589763783113225E-004
5.1899999999999995E-002  0.24791867500873749  7.1085503847276635E-004
5.3800000000000001E-002  0.25702227579609871  8.0261257669815892E-004
5.5700000000000006E-002  0.26612923069232919  9.0130715829277966E-004
5.7599999999999998E-002  0.27523966378497983  1.0070660955189554E-003
5.9499999999999997E-002  0.28435369493520690  1.1200079010689416E-003
6.1400000000000003E-002  0.29347144001911785  1.2402430241772410E-003
6.3300000000000009E-002  0.30259301100577091  1.3678745598091533E-003
6.5200000000000008E-002  0.31171851621313318  1.5029989148392289E-003
6.7099999999999993E-002  0.32084806028532797  1.6457064514797915E-003
6.9000000000000006E-002  0.32998174443730532  1.7960820870023904E-003
7.0900000000000005E-002  0.33911966657422477  1.9542058671966197E-003
7.2799999999999990E-002  0.34826192141207590  2.1201535091039522E-003
7.4700000000000003E-002  0.35740860070492342  2.2939969137950504E-003
7.6600000000000001E-002  0.36655979326363164  2.4758046540587155E-003
7.8500000000000000E-002  0.37571558517038434  2.6656424334780596E-003
8.0400000000000013E-002  0.38487605989589746  2.8635735216546187E-003
8.2300000000000012E-002  0.39404129843223223  3.0696591653999838E-003
8.4199999999999997E-002  0.40321137942177798  3.2839589770628191E-003
8.6099999999999996E-002  0.41238637928446520  3.5065313013928731E-003
8.7999999999999995E-002  0.42156637234029043  3.7374335616357020E-003
8.9899999999999994E-002  0.43075143092940221  3.9767225861739725E-003
9.1800000000000007E-002  0.43994162552738908  4.2244549164696596E-003
9.3700000000000006E-002  0.44913702486034890  4.4806870974700881E-003
9.5600000000000004E-002  0.45833769601214625  4.7454759511103952E-003
9.7500000000000017E-002  0.46754370451236549  5.0188788338756474E-003
9.9400000000000002E-002  0.47675511451424196  5.3009538802581482E-003
0.10130000000000000  0.48597198878199066  5.5917602300395511E-003
0.10320000000000000  0.49519438886059636  5.8913582440645301E-003
0.10510000000000000  0.50442237515015398  6.1998097063198443E-003
0.10700000000000000  0.51365600699578418  6.5171780142815518E-003
0.10890000000000001  0.52289534277389726  6.8435283578798072E-003
0.11080000000000001  0.53214043997583926  7.1789278878507000E-003
0.11270000000000001  0.54139135528846638  7.5234458740386081E-003
0.11460000000000002  0.55064814467182832  7.8771538542874199E-003
0.11649999999999999  0.55991086343412821  8.2401257744034919E-003
0.11840000000000001  0.56917956630419342  8.6124381198786053E-003
0.12030000000000000  0.57845430750095173  8.9941700396960131E-003
0.12220000000000000  0.58773514080075517  9.3854034628926952E-003
0.12410000000000000  0.59702211960229745  9.7862232082337550E-003
0.12600000000000000  0.60631529698882924  1.0196717087401183E-002
0.12790000000000001  0.61561472578849774  1.0616976002256324E-002
0.12980000000000003  0.62492045217609382  1.1044985570236754E-002
0.13169999999999998  0.63423245440673326  1.1476689897651960E-002
0.13360000000000000  0.64355071892492355  1.1915076288370839E-002
0.13550000000000001  0.65287525906041033  1.2361095349092953E-002
0.13739999999999999  0.66220609752607618  1.2815273200863798E-002
0.13930000000000001  0.67154326248694984  1.3277983252994608E-002
0.14120000000000002  0.68088678587064810  1.3749524173958413E-002
0.14310000000000000  0.69023670245588453  1.4230152412290243E-002
0.14500000000000002  0.69959304931755939  1.4720098555536423E-002
0.14690000000000000  0.70895586546346223  1.5219576586675566E-002
0.14879999999999999  0.71832519158412445  1.5728789569849449E-002
0.15070000000000000  0.72770106987405392  1.6247933362840895E-002
0.15260000000000001  0.73708354390108133  1.6777199159340690E-002
0.15450000000000000  0.74647265850888778  1.7316775297908892E-002
0.15640000000000001  0.75586845974355221  1.7866848590665570E-002
0.15830000000000002  0.76527099479740457  1.8427605325867739E-002
0.16020000000000001  0.77468031196645459  1.8999232042235515E-002
0.16210000000000002  0.78409646061814886  1.9581916139181876E-002
0.16400000000000001  0.79351949116650622  2.0175846366518230E-002
0.16589999999999999  0.80294945505405513  2.0781213223890208E-002
0.16780000000000000  0.81238640473840240  2.1398209291272077E-002
0.16970000000000002  0.82183039368327226  2.2027029506270342E-002
0.17160000000000000  0.83128147635229621  2.2667871399364475E-002
0.17350000000000002  0.84073970820597355  2.3320935295788263E-002
0.17540000000000003  0.85020514570033345  2.3986424490603887E-002
0.17730000000000001  0.85967784628807309  2.4664545401687412E-002
0.17920000000000003  0.86915786842049081  2.5355507704576421E-002
0.18110000000000001  0.87864527155106353  2.6059524452185349E-002
0.18300000000000000  0.88814011614030131  2.6776812181683797E-002
0.18490000000000001  0.89764246366085221  2.7507591010270126E-002
0.18680000000000002  0.90715237660379178  2.8252084721513620E-002
0.18870000000000001  0.91666991848531554  2.9010520843284468E-002
0.19060000000000002  0.92619515385409990  2.9783130718109938E-002
0.19250000000000003  0.93572814829872708  3.0570149566848993E-002
0.19439999999999999  0.94526896845549191  3.1371816546153876E-002
0.19630000000000000  0.95481768200792350  3.2188374800026724E-002
0.19820000000000002  0.96437435773074220  3.3020071506436592E-002
0.20010000000000000  0.97393906544433306  3.3867157917739726E-002
0.20200000000000001  0.98351187605919554  3.4729889397072986E-002
0.20390000000000003  0.99309286157540044  3.5608525449273690E-002
0.20580000000000001  1.0026820950909783  3.6503329747066091E-002
0.20770000000000002  1.0122796508102503  3.7414570152348926E-002
0.20960000000000004  1.0218856040519804  3.8342518732586546E-002
0.21149999999999999  1.0315000312573872  3.9287451772216951E-002
0.21340000000000001  1.0411230099979980  4.0249649779052175E-002
0.21529999999999999  1.0507546189831511  4.1229397485468715E-002
0.21720000000000000  1.0603949380673445  4.2226983844307779E-002
0.21909999999999999  1.0700440482571538  4.3242702019319797E-002
0.22100000000000003  1.0797020317179551  4.4276849369972088E-002
0.22289999999999999  1.0893689717800430  4.5329727430485835E-002
0.22479999999999997  1.0990449529445854  4.6401641882828595E-002
0.22670000000000001  1.1087300608889079  4.7492902523526545E-002
0.22860000000000000  1.1184243824715006  4.8603823224116958E-002
0.23050000000000001  1.1281280057362773  4.9734721884914866E-002
0.23240000000000000  1.1378410199165065  5.0885920382023705E-002
0.23430000000000001  1.1475635154379709  5.2057744507252986E-002
0.23619999999999999  1.1572955839216570  5.3250523900845032E-002
0.23810000000000003  1.1670373181856921  5.4464591976710733E-002
0.23999999999999999  1.1767888122465571  5.5700285840012721E-002
0.24189999999999998  1.1865501613197778  5.6957946196902552E-002
0.24380000000000002  1.1963214618195868  5.8237917256212350E-002
0.24570000000000000  1.2061028113579886  5.9540546622920687E-002
0.24760000000000001  1.2158943087428928  6.0866185183269458E-002
0.24950000000000000  1.2256960539754680  6.2215186981294607E-002
0.25140000000000001  1.2355081482465196  6.3587909086740682E-002
0.25330000000000003  1.2453306939320450  6.4984711454166386E-002
0.25519999999999998  1.2551637945876770  6.6405956773170391E-002
0.25710000000000000  1.2650075549423201  6.7852010309678287E-002
0.25900000000000001  1.2748620808906195  6.9323239738214179E-002
0.26090000000000002  1.2847274794844881  7.0820014965154748E-002
0.26279999999999998  1.2946038589234585  7.2342707942931170E-002
0.26469999999999999  1.3044913285440132  7.3891692475258550E-002
0.26660000000000000  1.3143899988077936  7.5467344013400911E-002
0.26849999999999996  1.3242999812885226  7.7070039443604646E-002
0.27040000000000003  1.3342213886579750  7.8700156865791668E-002
0.27229999999999999  1.3441543346705269  8.0358075363695339E-002
0.27420000000000000  1.3540989341466769  8.2044174766618502E-002
0.27610000000000001  1.3640553029610765  8.3758835403316981E-002
0.27799999999999997  1.3740235579999067  8.5502437846617874E-002
0.27989999999999998  1.3840038171762725  8.7275362653227953E-002
0.28179999999999999  1.3939961993848051  8.9077990093561654E-002
0.28370000000000001  1.4040008244847539  9.0910699876008833E-002
0.28559999999999997  1.4140178132759633  9.2773870864595848E-002
0.28750000000000003  1.4240472874736267  9.4667880790562653E-002
0.28939999999999999  1.4340893696816184  9.6593105958481307E-002
0.29130000000000000  1.4441441833646431  9.8549920947390970E-002
0.29320000000000002  1.4542118528191943  0.10053869830746258
0.29509999999999997  1.4642925031431255  0.10255980825292715
0.29699999999999999  1.4743862602042466  0.10461361835170901
0.29890000000000000  1.4844932506074480  0.10670049321259498
0.30080000000000001  1.4946136016608829  0.10882079417044699
0.30269999999999997  1.5047474413409168  0.11097487897032406
0.30460000000000004  1.5148948982559172  0.11316310145114052
0.30649999999999999  1.5250561016089947  0.11538581122966315
0.30840000000000001  1.5352311811597517  0.11764335338556223
0.31030000000000002  1.5454202671850119  0.11993606814831735
0.31219999999999998  1.5556234904385098  0.12226429058682606
0.31409999999999999  1.5658409821098185  0.12462835030238352
0.31600000000000000  1.5760728737823142  0.12702857112594004
0.31790000000000002  1.5863192973903220  0.12946527082040729
0.31979999999999997  1.5965803851756475  0.13193876078873296
0.32170000000000004  1.6068562696432813  0.13444934578861495
0.32360000000000000  1.6171470835165156  0.13699732365456863
0.32549999999999996  1.6274529596915623  0.13958298502812999
0.32740000000000002  1.6377740311916094  0.14220661309686794
0.32929999999999998  1.6481104311204429  0.14486848334296223
0.33119999999999999  1.6584622926157919  0.14756886330199601
0.33310000000000001  1.6688297488022861  0.15030801233261321
0.33500000000000002  1.6792129327493268  0.15308618139850530
0.33689999999999998  1.6896119774030443  0.15590361285798687
0.33879999999999999  1.7000270155706760  0.15876054027514760
0.34070000000000000  1.7104581798514333  0.16165718823489345
0.34259999999999996  1.7209056025947236  0.16459377217607921
0.34450000000000003  1.7313694158531305  0.16757049823760981
0.34639999999999999  1.7418497513352160  0.17058756311862627
0.34830000000000000  1.7523467403590451  0.17364515395323488
0.35020000000000001  1.7628605138058795  0.17674344819993648
0.35210000000000002  1.7733912020743050  0.17988261354586971
0.35399999999999998  1.7839389350350234  0.18306280782612910
0.35589999999999999  1.7945038419860222  0.18628417895805077
0.35780000000000001  1.8050860516085665  0.18954686489065328
0.35969999999999996  1.8156856919237563  0.19285099356904839
0.36160000000000003  1.8263028902499729  0.19619668291384817
0.36349999999999999  1.8369377731664132  0.19958404081674383
0.36540000000000000  1.8475904664500846  0.20301316514341569
0.36730000000000002  1.8582610950701062  0.20648414376570218
0.36920000000000003  1.8689497831252997  0.20999705459272192
0.37109999999999999  1.8796566538121708  0.21355196562337739
0.37300000000000000  1.8903818293879986  0.21714893501069424
0.37490000000000001  1.9011254311352035  0.22078801113919524
0.37679999999999997  1.9118875793266570  0.22446923271477387
0.37870000000000004  1.9226683931923763  0.22819262886664010
0.38059999999999999  1.9334679908872605  0.23195821926084212
0.38250000000000001  1.9442864894601641  0.23576601422482255
0.38440000000000002  1.9551240048242111  0.23961601488245482
0.38629999999999998  1.9659806517336755  0.24350821330097444
0.38819999999999999  1.9768565437346264  0.24744259263719778
0.39010000000000000  1.9877517931741744  0.25141912731321048
0.39200000000000002  1.9986665111516162  0.25543778317886867
0.39389999999999997  2.0096008075014553  0.25949851769273491
0.39580000000000004  2.0205547907717998  0.26360128010780298
0.39770000000000000  2.0315285682037687  0.26774601166341422
0.39959999999999996  2.0425222457124175  0.27193264578295856
0.40150000000000002  2.0535359278688539  0.27616110827658202
0.40339999999999998  2.0645697178837814  0.28043131754843365
0.40529999999999999  2.0756237175977201  0.28474318481029309
0.40720000000000001  2.0866980274438189  0.28909661428537581
0.40910000000000002  2.0977927464722166  0.29349150344225405
0.41099999999999998  2.1089079723124309  0.29792774320249360
0.41290000000000004  2.1200438011701586  0.30240521816474814
0.41480000000000000  2.1312003278183034  0.30692380682696557
0.41669999999999996  2.1423776455892187  0.31148338180918489
0.41860000000000003  2.1535758463680943  0.31608381007655129
0.42049999999999998  2.1647950205874613  0.32072495316201183
0.42240000000000005  2.1760352572228649  0.32540666738834001
0.42430000000000007  2.1872966437938546  0.33012880409155182
0.42620000000000002  2.1985792663434580  0.33489120982948895
0.42809999999999998  2.2098832094662484  0.33969372661642572
0.43000000000000005  2.2212085562871740  0.34453619212623376
0.43190000000000006  2.2325553884679259  0.34941843990834021
0.43380000000000002  2.2439237862085237  0.35434029959761693
0.43570000000000003  2.2553138282499159  0.35930159712122001
0.43759999999999999  2.2667255918772677  0.36430215490201318
0.43950000000000006  2.2781591529292378  0.36934179206214190
0.44140000000000007  2.2896145857817820  0.37442032460383307
0.44330000000000003  2.3010919633873637  0.37953756562550034
0.44519999999999998  2.3125913572578747  0.38469332549308005
0.44710000000000000  2.3241128374778843  0.38988741202806443
0.44900000000000007  2.3356564727125573  0.39511963068693490
0.45090000000000002  2.3472223302159727  0.40038978473594078
0.45280000000000004  2.3588104758401740  0.40569767542138102
0.45469999999999999  2.3704209740447055  0.41104310213520345
0.45660000000000006  2.3820538879066513  0.41642586257584979
0.45850000000000007  2.3937092791312384  0.42184575290438031
0.46040000000000003  2.4053872080667094  0.42730256789993548
0.46229999999999999  2.4170877336996268  0.43279610108913341
0.46420000000000000  2.4288109136922227  0.43832614491445848
0.46610000000000007  2.4405568043766985  0.44389249085267346
0.46800000000000003  2.4523254607725753  0.44949492955186116
0.46990000000000004  2.4641169365996878  0.45513325095878193
0.47180000000000011  2.4759312842912422  0.46080724444163490
0.47370000000000007  2.4877685550074244  0.46651669890807318
0.47560000000000008  2.4996287986490722  0.47226140291872365
0.47750000000000004  2.5115120638716761  0.47804114479613441
0.47939999999999999  2.5234183980994676  0.48385571272919614
0.48130000000000006  2.5353478475398474  0.48970489487331892
0.48320000000000007  2.5473004571978661  0.49558847944616602
0.48510000000000003  2.5592762708926156  0.50150625482458566
0.48700000000000004  2.5712753312643439  0.50745800961006526
0.48890000000000011  2.5832976798016771  0.51344353274603838
0.49080000000000007  2.5953433568476130  0.51946261357405465
0.49270000000000008  2.6074124016171383  0.52551504191544884
0.49460000000000004  2.6195048522121391  0.53160060814309673
0.49650000000000000  2.6316207456365874  0.53771910324966055
0.49840000000000007  2.6437601178116181  0.54387031891227933
0.50030000000000008  2.6559230035906789  0.55005404755377396
0.50220000000000009  2.6681094367746296  0.55627008240044318
0.50409999999999999  2.6803194501270382  0.56251821753685838
0.50600000000000001  2.6925530753890281  0.56879824795721934
0.50790000000000013  2.7048103432944881  0.57510996961390204
0.50980000000000003  2.7170912835850176  0.58145317946299158
0.51170000000000004  2.7293959250248947  0.58782767550695270
0.51360000000000006  2.7417242954159113  0.59423325683465622
0.51550000000000007  2.7540764216121976  0.60066972365867399
0.51740000000000008  2.7664523295349328  0.60713687735013488
0.51930000000000009  2.7788520441869533  0.61363452047107714
0.52120000000000000  2.7912755896614598  0.62016245681063709
0.52310000000000001  2.8037229891796294  0.62672049138763619
0.52500000000000013  2.8161942650703216  0.63330843051477514
0.52690000000000003  2.8286894388067894  0.63992608179573207
0.52880000000000005  2.8412085310158632  0.64657325415372335
0.53070000000000006  2.8537515614911602  0.65324975785092632
0.53260000000000007  2.8663185492071919  0.65995540450625290
0.53450000000000009  2.8789095123329500  0.66669000711156157
0.53640000000000010  2.8915244682454024  0.67345338004586563
0.53830000000000000  2.9041634335429762  0.68024533908837093
0.54020000000000001  2.9168264240586592  0.68706570142954593
0.54210000000000014  2.9295134548729842  0.69391428568093694
0.54400000000000004  2.9422245403272433  0.70079091188389886
0.54590000000000005  2.9549596940359883  0.70769540151638088
0.54780000000000006  2.9677189288998687  0.71462757749909611
0.54970000000000008  2.9805022571179109  0.72158726420006436
0.55160000000000009  2.9933096901998075  0.72857428743822350
0.55350000000000010  3.0061412389782167  0.73558847448595155
0.55540000000000000  3.0189969136206010  0.74262965407054182
0.55730000000000002  3.0318767236411657  0.74969765637476116
0.55920000000000014  3.0447806779123421  0.75679231303642558
0.56110000000000004  3.0577087846765494  0.76391345714723879
0.56300000000000006  3.0706610515571051  0.77106092325063691
0.56490000000000007  3.0836374855699313  0.77823454733907937
0.56680000000000008  3.0966380931341444  0.78543416685049317
0.56870000000000009  3.1096628800830763  0.79265962066400331
0.57060000000000011  3.1227118516750112  0.79991074909519178
0.57250000000000001  3.1357850126034492  0.80718739389052219
0.57440000000000002  3.1488823670079151  0.81448939822146404
0.57630000000000015  3.1620039184837574  0.82181660667789891
0.57820000000000005  3.1751496700924799  0.82916886526108069
0.58010000000000006  3.1883196243324474  0.83654602138100986
0.58200000000000007  3.2015137833051432  0.84394792382892014
0.58389999999999997  3.2147321484895266  0.85137442279890652
0.58580000000000010  3.2279747209088989  0.85882536985887181
0.58770000000000011  3.2412415011000322  0.86630061794678681
0.58960000000000001  3.2545324891233776  0.87380002136126256
0.59150000000000003  3.2678476845712785  0.88132343575206851
0.59340000000000015  3.2811870865769053  0.88887071811013640
0.59530000000000005  3.2945506938234383  0.89644172675744604
0.59720000000000006  3.3079385045519478  0.90403632133669587
0.59910000000000008  3.3213505165701274  0.91165436280070433
0.60099999999999998  3.3347867272609109  0.91929571340179617
0.60290000000000010  3.3482471335898158  0.92696023668071281
0.60480000000000012  3.3617317321137206  0.93464779745580939
0.60670000000000002  3.3752405189878854  0.94235826181138116
0.60860000000000003  3.3887734899746018  0.95009149708714202
0.61050000000000015  3.4023306404503542  0.95784737186620894
0.61240000000000006  3.4159119654128176  0.96562575596368339
0.61430000000000007  3.4295174594892108  0.97342652041544009
0.61620000000000008  3.4431471169422987  0.98124953746605248
0.61809999999999998  3.4568009316784645  0.98909468055760308
0.62000000000000011  3.4704788972542739  0.99696182431753078
0.62190000000000012  3.4841810068832761  1.0048508445472653
0.62380000000000002  3.4979072534429676  1.0127616182103423
0.62570000000000003  3.5116576294806543  1.0206940234204267
0.62760000000000005  3.5254321272211122  1.0286479394299841
0.62950000000000006  3.5392307385719262  1.0366232466182985
0.63140000000000007  3.5530534551302679  1.0446198264796531
0.63330000000000009  3.5669002681888049  1.0526375616118275
0.63519999999999999  3.5807711687419901  1.0606763357044033
0.63710000000000011  3.5946661474918646  1.0687360335270979
0.63900000000000012  3.6085851948535050  1.0768165409180142
0.64090000000000003  3.6225283009615707  1.0849177447724847
0.64280000000000004  3.6364954556751812  1.0930395330312195
0.64470000000000005  3.6504866485837493  1.1011817946691449
0.64660000000000006  3.6645018690122906  1.1093444196838382
0.64850000000000008  3.6785411060268425  1.1175272990844340
0.65040000000000009  3.6926043484396409  1.1257303248802941
0.65229999999999999  3.7066915848142563  1.1339533900698848
0.65420000000000011  3.7208028034707663  1.1421963886298447
0.65610000000000013  3.7349379924903787  1.1504592155038555
0.65800000000000003  3.7490971397205457  1.1587417665917292
0.65990000000000004  3.7632802327798278  1.1670439387388318
0.66180000000000005  3.7774872590621467  1.1753656297250918
0.66370000000000007  3.7917182057417746  1.1837067382545727
0.66560000000000008  3.8059730597779566  1.1920671639449536
0.66750000000000009  3.8202518079189240  1.2004468073169825
0.66940000000000000  3.8345544367065365  1.2088455697842604
0.67130000000000012  3.8488809324807685  1.2172633536430537
0.67320000000000013  3.8632312813827201  1.2257000620617164
0.67510000000000003  3.8776054693608741  1.2341555990715622
0.67700000000000005  3.8920034821731804  1.2426298695559972
0.67890000000000006  3.9064253053919917  1.2511227792413138
0.68080000000000007  3.9208709244074482  1.2596342346865235
0.68270000000000008  3.9353403244323073  1.2681641432743596
0.68460000000000010  3.9498334905044041  1.2767124132010728
0.68650000000000000  3.9643504074913820  1.2852789534675930
0.68840000000000012  3.9788910600935479  1.2938636738697038
0.69030000000000014  3.9934554328480605  1.3024664849893557
0.69220000000000004  4.0080435101320875  1.3110872981852335
0.69410000000000005  4.0226552761663257  1.3197260255839938
0.69600000000000006  4.0372907150185826  1.3283825800712825
0.69790000000000008  4.0519498106063150  1.3370568752827090
0.69980000000000009  4.0666325467013564  1.3457488255958729
0.70170000000000010  4.0813389069313804  1.3544583461209949
0.70360000000000000  4.0960688747842919  1.3631853526929780
0.70550000000000002  4.1108224336107941  1.3719297618628328
0.70740000000000014  4.1255995666275345  1.3806914908895818
0.70930000000000004  4.1404002569199507  1.3894704577318122
0.71120000000000005  4.1552244874456052  1.3982665810400843
0.71310000000000007  4.1700722410360953  1.4070797801483854
0.71500000000000008  4.1849435004014204  1.4159099750670341
0.71690000000000009  4.1998382481308143  1.4247570864739452
0.71880000000000011  4.2147564666973727  1.4336210357081431
0.72070000000000001  4.2296981384593160  1.4425017447611357
0.72260000000000002  4.2446632456630251  1.4513991362700831
0.72450000000000014  4.2596517704460162  1.4603131335103037
0.72640000000000005  4.2746636948390790  1.4692436603879573
0.72830000000000006  4.2896990007686115  1.4781906414328527
0.73020000000000007  4.3047576700594794  1.4871540017914422
0.73210000000000008  4.3198396844370652  1.4961336672198009
0.73400000000000010  4.3349450255297342  1.5051295640766811
0.73590000000000011  4.3500736748712434  1.5141416193168156
0.73780000000000001  4.3652256139028491  1.5231697604841936
0.73970000000000002  4.3804008239753909  1.5322139157051942
0.74160000000000015  4.3955992863520787  1.5412740136825034
0.74350000000000005  4.4108209822099003  1.5503499836882191
0.74540000000000006  4.4260658926421055  1.5594417555577020
0.74730000000000008  4.4413339986601255  1.5685492596832293
0.74919999999999998  4.4566252811960405  1.5776724270079492
0.75110000000000010  4.4719397211041381  1.5868111890196768
0.75300000000000011  4.4872772991624919  1.5959654777445045
0.75490000000000002  4.5026379960760679  1.6051352257415925
0.75680000000000003  4.5180217924772856  1.6143203660965173
0.75870000000000015  4.5334286689290488  1.6235208324161623
0.76060000000000005  4.5488586059256404  1.6327365588224723
0.76250000000000007  4.5643115838950692  1.6419674799470863
0.76440000000000008  4.5797875832004440  1.6512135309255864
0.76629999999999998  4.5952865841423334  1.6604746473924441
0.76820000000000010  4.6108085669595225  1.6697507654748809
0.77010000000000012  4.6263535118316881  1.6790418217883152
0.77200000000000002  4.6419213988801991  1.6883477534304554
0.77390000000000003  4.6575122081702487  1.6976684979764276
0.77580000000000016  4.6731259197122244  1.7070039934736498
0.77770000000000006  4.6887625134631623  1.7163541784365075
0.77960000000000007  4.7044219693287079  1.7257189918417934
0.78150000000000008  4.7201042671640590  1.7350983731233158
0.78339999999999999  4.7358093867757995  1.7444922621674048
0.78530000000000011  4.7515373079233125  1.7539005993078700
0.78720000000000012  4.7672880103198594  1.7633233253213723
0.78910000000000002  4.7830614736344463  1.7727603814227650
0.79100000000000004  4.7988576774932623  1.7822117092605703
0.79290000000000016  4.8146766014800138  1.7916772509120629
0.79480000000000006  4.8305182251387526  1.8011569488793846
0.79670000000000007  4.8463825279739234  1.8106507460844923
0.79860000000000009  4.8622694894524736  1.8201585858654259
0.80049999999999999  4.8781790890044014  1.8296804119712595
0.80240000000000011  4.8941113060245378  1.8392161685585311
0.80430000000000013  4.9100661198737185  1.8487658001867806
0.80620000000000003  4.9260435098794675  1.8583292518142209
0.80810000000000004  4.9420434553378785  1.8679064687940419
0.81000000000000016  4.9580659355142878  1.8774973968700888
0.81190000000000007  4.9741109296441426  1.8871019821727981
0.81380000000000008  4.9901784169351675  1.8967201712157977
0.81570000000000009  5.0062683765671832  1.9063519108914078
0.81759999999999999  5.0223807876940265  1.9159971484670955
0.81950000000000012  5.0385156294443725  1.9256558315819243
0.82140000000000013  5.0546728809225510  1.9353279082423418
0.82330000000000003  5.0708525212099804  1.9450133268189278
0.82520000000000004  5.0870545293656315  1.9547120360425674
0.82710000000000006  5.1032788844275387  1.9644239850009011
0.82900000000000007  5.1195255654132872  1.9741491231347303
0.83090000000000008  5.1357945513214336  1.9838874002347504
0.83280000000000010  5.1520858211320535  1.9936387664377870
0.83470000000000000  5.1683993538077502  2.0034031722237198
0.83660000000000012  5.1847351282947374  2.0131805684119226
0.83850000000000013  5.2010931235233437  2.0229709061578962
0.84040000000000004  5.2174733184094464  2.0327741369503149
0.84230000000000005  5.2338756918545659  2.0425902126073900
0.84420000000000006  5.2503002227474420  2.0524190852740194
0.84609999999999996  5.2667468899643541  2.0622607074184369
0.84799999999999998  5.2832156723700656  2.0721150318291350
0.84989999999999999  5.2997065488188921  2.0819820116120438
0.85180000000000000  5.3162194981548891  2.0918616001870105
0.85370000000000013  5.3327544992131486  2.1017537512852749
0.85560000000000014  5.3493115308204109  2.1116584189463241
0.85750000000000004  5.3658905717957666  2.1215755575150324
0.85940000000000005  5.3824916009510577  2.1315051216385634
0.86130000000000007  5.3991145970922201  2.1414470662638609
0.86319999999999997  5.4157595390195148  2.1514013466346449
0.86509999999999998  5.4324264055285196  2.1613679182887195
0.86699999999999999  5.4491151754103653  2.1713467370551198
0.86890000000000001  5.4658258274529183  2.1813377590515284
0.87079999999999991  5.4825583404411971  2.1913409406816364
0.87270000000000014  5.4993126931576883  2.2013562386322176
0.87460000000000004  5.5160888643836339  2.2113836098709374
0.87650000000000006  5.5328868328992753  2.2214230116435472
0.87840000000000007  5.5497065774841428  2.2314744014711652
0.88029999999999997  5.5665480769184210  2.2415377371482257
0.88219999999999998  5.5834113099829210  2.2516129767396471
0.88410000000000000  5.6002962554598854  2.2617000785784249
0.88600000000000001  5.6172028921334007  2.2717990012633278
0.88789999999999991  5.6341311987901763  2.2819097036563805
0.88980000000000015  5.6510811542200923  2.2920321448806558
0.89170000000000005  5.6680527372162706  2.3021662843176491
0.89360000000000006  5.6850459265762732  2.3123120816053304
0.89550000000000007  5.7020607011021465  2.3224694966356738
0.89739999999999998  5.7190970396010510  2.3326384895523065
0.89929999999999999  5.7361549208858769  2.3428190207485704
0.90120000000000000  5.7532343237757368  2.3530110508651050
0.90309999999999990  5.7703352270959813  2.3632145407875660
0.90499999999999992  5.7874576096792456  2.3734294516447156
0.90689999999999993  5.8046014503660039  2.3836557448064308
0.90879999999999994  5.8217667280041701  2.3938933818810333
0.91070000000000007  5.8389534214504444  2.4041423247137854
0.91260000000000008  5.8561615095703958  2.4144025353845771
0.91449999999999998  5.8733909712388863  2.4246739762060123
0.91639999999999999  5.8906417853403257  2.4349566097211439
0.91830000000000001  5.9079139307695918  2.4452503987019485
0.92019999999999991  5.9252073864317811  2.4555553061468460
0.92209999999999992  5.9425221312431793  2.4658712952791784
0.92399999999999993  5.9598581441314620  2.4761983295452334
0.92589999999999995  5.9772154040359080  2.4865363726121221
0.92780000000000007  5.9945938899078728  2.4968853883660405
0.92970000000000008  6.0119935807113434  2.5072453409104840
0.93159999999999998  6.0294144554230025  2.5176161945643529
0.93350000000000000  6.0468564930330242  2.5279979138602520
0.93540000000000001  6.0643196725448556  2.5383904635424681
0.93729999999999991  6.0818039729758659  2.5487938085654176
0.93919999999999992  6.0993093733579231  2.5592079140918256
0.94109999999999994  6.1168358527373661  2.5696327454910524
0.94299999999999995  6.1343833901753051  2.5800682683372567
0.94490000000000007  6.1519519647482230  2.5905144484077778
0.94680000000000009  6.1695415555480366  2.6009712516814592
0.94869999999999999  6.1871521416827351  2.6114386443371469
0.95060000000000000  6.2047837022762762  2.6219165927517931
0.95250000000000001  6.2224362164691449  2.6324050634989438
0.95439999999999992  6.2401096634185826  2.6429040233472265
0.95629999999999993  6.2578040222987825  2.6534134392586313
0.95819999999999994  6.2755192723010982  2.6639332783869079
0.96009999999999995  6.2932553926351007  2.6744635080764909
0.96199999999999986  6.3110123625275731  2.6850040958602222
0.96390000000000009  6.3287901612238322  2.6955550094584328
0.96579999999999999  6.3465887679871704  2.7061162167770236
0.96770000000000000  6.3644081620998589  2.7166876859062978
0.96960000000000002  6.3822483228630924  2.7272693851195262
0.97149999999999992  6.4001092295969979  2.7378612828710662
0.97339999999999993  6.4179908616412336  2.7484633477954237
0.97529999999999994  6.4358931983549743  2.7590755487055074
0.97719999999999996  6.4538162191172361  2.7696978545913296
0.97909999999999986  6.4717599033271522  2.7803302346186203
0.98100000000000009  6.4897242304043443  2.7909726581276075
0.98290000000000000  6.5077091797884998  2.8016250946311940
0.98480000000000001  6.5257147309404919  2.8122875138141668
0.98670000000000002  6.5437408633418750  2.8229598855315041
0.98859999999999992  6.5617875564955375  2.8336421798071836
0.99049999999999994  6.5798547899254487  2.8443343668327916
0.99239999999999995  6.5979425431772150  2.8550364169662612
0.99429999999999996  6.6160507958186310  2.8657483007309024
0.99619999999999986  6.6341795274386133  2.8764699888133878
0.99810000000000010  6.6523287176487669  2.8872014520633020
1.0000000000000000  6.6704983460827965  2.8979426614914083
