5.0000000000000003E-002  0.23877395509914393  5.9002726036089161E-004
5.1899999999999995E-002  0.24787124622759127  6.7309402069970373E-004
5.3800000000000001E-002  0.25697169473149950  7.6300182584698739E-004
5.5700000000000006E-002  0.26607543283893248  8.5989591812596160E-004
5.7599999999999998E-002  0.27518258866281164  9.6391176366169304E-004
5.9499999999999997E-002  0.28429328608178311  1.0751758274077149E-003
6.1400000000000003E-002  0.29340764496175337  1.1938062909731164E-003
6.3300000000000009E-002  0.30252578134524544  1.3199137397189185E-003
6.5200000000000008E-002  0.31164780746153731  1.4536018242500952E-003
6.7099999999999993E-002  0.32077383193555425  1.5949678799250843E-003
6.9000000000000006E-002  0.32990395990927263  1.7441035195968435E-003
7.0900000000000005E-002  0.33903829317811290  1.9010951956568184E-003
7.2799999999999990E-002  0.34817693030785435  2.0660247337810525E-003
7.4700000000000003E-002  0.35731996685922895  2.2389698381358679E-003
7.6600000000000001E-002  0.36646749539705820  2.4200045729913240E-003
7.8500000000000000E-002  0.37561960570438230  2.6091998168950277E-003
8.0400000000000013E-002  0.38477638489522992  2.8066236943299189E-003
8.2300000000000012E-002  0.39393791754329371  3.0123419844543553E-003
8.4199999999999997E-002  0.40310428580872826  3.2264185082304590E-003
8.6099999999999996E-002  0.41227556956149825  3.4489154949002218E-003
8.7999999999999995E-002  0.42145184650137713  3.6798939288772343E-003
8.9899999999999994E-002  0.43063319227554125  3.9194138779897721E-003
9.1800000000000007E-002  0.43981968059314502  4.1675348038885491E-003
9.3700000000000006E-002  0.44901138333594093  4.4243158556178785E-003
9.5600000000000004E-002  0.45820837064657838  4.6898161469322618E-003
9.7500000000000017E-002  0.46741071110858928  4.9640950193092477E-003
9.9400000000000002E-002  0.47661847173671312  5.2472122886991100E-003
0.10130000000000000  0.48583171814791787  5.5392284803427077E-003
0.10320000000000000  0.49505051463868466  5.8402050497323036E-003
0.10510000000000000  0.50427492427686493  6.1502045914468223E-003
0.10700000000000000  0.51350500899086116  6.4692910363759962E-003
0.10890000000000001  0.52274082965592850  6.7975298379372587E-003
0.11080000000000001  0.53198244617727330  7.1349881479107506E-003
0.11270000000000001  0.54122991757050476  7.4817349824410741E-003
0.11460000000000002  0.55048330203970519  7.8378413788545345E-003
0.11649999999999999  0.55974265705240211  8.2033805436942647E-003
0.11840000000000001  0.56900803941226097  8.5784279925798287E-003
0.12030000000000000  0.57827950532918637  8.9630616823182067E-003
0.12220000000000000  0.58755711048711645  9.3573621357515343E-003
0.12410000000000000  0.59684091010944418  9.7614125598107261E-003
0.12600000000000000  0.60613095902208414  1.0175298957029883E-002
0.12790000000000001  0.61542731171456577  1.0599110231175206E-002
0.12980000000000003  0.62473002239892672  1.1032938287110558E-002
0.13169999999999998  0.63403913450853422  1.1474026264420272E-002
0.13360000000000000  0.64335462261612719  1.1919334722812603E-002
0.13550000000000001  0.65267648012743429  1.2371714700562565E-002
0.13739999999999999  0.66200472339796324  1.2832030483406786E-002
0.13930000000000001  0.67133937728039184  1.3300780923618805E-002
0.14120000000000002  0.68068047168717660  1.3778326203351983E-002
0.14310000000000000  0.69002804005923191  1.4264957170985719E-002
0.14500000000000002  0.69938211852560705  1.4760925061405325E-002
0.14690000000000000  0.70874274538816096  1.5266456689808392E-002
0.14879999999999999  0.71810996078198730  1.5781763143638598E-002
0.15070000000000000  0.72748380644175159  1.6307045164944193E-002
0.15260000000000001  0.73686432553422265  1.6842496687075638E-002
0.15450000000000000  0.74625156253625213  1.7388307269262122E-002
0.15640000000000001  0.75564556314370279  1.7944663836647258E-002
0.15830000000000002  0.76504637420360666  1.8511751963623205E-002
0.16020000000000001  0.77445404366234005  1.9089756845512167E-002
0.16210000000000002  0.78386862052689732  1.9678864051721662E-002
0.16400000000000001  0.79329015483579912  2.0279260121191425E-002
0.16589999999999999  0.80271869763709580  2.0891133041704125E-002
0.16780000000000000  0.81215430097302421  2.1514672642032603E-002
0.16970000000000002  0.82159701786884554  2.2150070917347806E-002
0.17160000000000000  0.83104690232574496  2.2797522302948289E-002
0.17350000000000002  0.84050400931705160  2.3457223907131897E-002
0.17540000000000003  0.84996839478655362  2.4129375711613648E-002
0.17730000000000001  0.85944011564938472  2.4814180745449967E-002
0.17920000000000003  0.86891922979421810  2.5511845237600070E-002
0.18110000000000001  0.87840579608704761  2.6222578751408245E-002
0.18300000000000000  0.88789987437644624  2.6946594304312545E-002
0.18490000000000001  0.89740152549904983  2.7684108474589977E-002
0.18680000000000002  0.90691081128668638  2.8435341497329309E-002
0.18870000000000001  0.91642779457359202  2.9200517350630541E-002
0.19060000000000002  0.92595253920436649  2.9979863833636149E-002
0.19250000000000003  0.93548511004231760  3.0773612636645319E-002
0.19439999999999999  0.94502557297826639  3.1581999404634617E-002
0.19630000000000000  0.95457399493924433  3.2405263794228069E-002
0.19820000000000002  0.96413044388880309  3.3243649524735235E-002
0.20010000000000000  0.97369498887227368  3.4097404424026659E-002
0.20200000000000001  0.98326769997187247  3.4966780467937393E-002
0.20390000000000003  0.99284864835218789  3.5852033815507563E-002
0.20580000000000001  1.0024379062602888  3.6753424838489174E-002
0.20770000000000002  1.0120355470350277  3.7671218145874562E-002
0.20960000000000004  1.0216416451159505  3.8605682603260499E-002
0.21149999999999999  1.0312562760522523  3.9557091347057961E-002
0.21340000000000001  1.0408795165113680  4.0525721793487894E-002
0.21529999999999999  1.0505114442874148  4.1511855642211819E-002
0.21720000000000000  1.0601521383092944  4.2515778874528024E-002
0.21909999999999999  1.0698016786484488  4.3537781745964378E-002
0.22100000000000003  1.0794601465263627  4.4578158773130282E-002
0.22289999999999999  1.0891276243215506  4.5637208714631748E-002
0.22479999999999997  1.0988041955762158  4.6715234545884637E-002
0.22670000000000001  1.1084899450023622  4.7812543427625372E-002
0.22860000000000000  1.1181849584874877  4.8929446667930858E-002
0.23050000000000001  1.1278893230997127  5.0066259677525017E-002
0.23240000000000000  1.1376031270923121  5.1223301918186227E-002
0.23430000000000001  1.1473264599077182  5.2400896844003252E-002
0.23619999999999999  1.1570594121808058  5.3599371835345938E-002
0.23810000000000003  1.1668020757416149  5.4819058125275870E-002
0.23999999999999999  1.1765545436172360  5.6060290718218615E-002
0.24189999999999998  1.1863169100330950  5.7323408300706737E-002
0.24380000000000002  1.1960892704133537  5.8608753144031418E-002
0.24570000000000000  1.2058717213805947  5.9916670998571293E-002
0.24760000000000001  1.2156643607545863  6.1247510979680411E-002
0.24950000000000000  1.2254672875502257  6.2601625444960868E-002
0.25140000000000001  1.2352806019745723  6.3979369862812607E-002
0.25330000000000003  1.2451044054229052  6.5381102672109490E-002
0.25519999999999998  1.2549388004738669  6.6807185132935099E-002
0.25710000000000000  1.2647838908835427  6.8257981168273502E-002
0.25900000000000001  1.2746397815785597  6.9733857196642254E-002
0.26090000000000002  1.2845065786480712  7.1235181955594029E-002
0.26279999999999998  1.2943843893347182  7.2762326316138701E-002
0.26469999999999999  1.3042733220244112  7.4315663088054359E-002
0.26660000000000000  1.3141734862350025  7.5895566816201493E-002
0.26849999999999996  1.3240849926038143  7.7502413567902953E-002
0.27040000000000003  1.3340079528738906  7.9136580711491170E-002
0.27229999999999999  1.3439424798791439  8.0798446686235814E-002
0.27420000000000000  1.3538886875282488  8.2488390763780270E-002
0.27610000000000001  1.3638466907930251  8.4206792801644892E-002
0.27799999999999997  1.3738166056665067  8.5954032987357973E-002
0.27989999999999998  1.3837985491784033  8.7730491577687031E-002
0.28179999999999999  1.3937926393500923  8.9536548627759172E-002
0.28370000000000001  1.4037989951782901  9.1372583714685318E-002
0.28559999999999997  1.4138177366112923  9.3238975654225370E-002
0.28750000000000003  1.4238489845239590  9.5136102211520329E-002
0.28939999999999999  1.4338928606914698  9.7064339806128330E-002
0.29130000000000000  1.4439494877617396  9.9024063211997096E-002
0.29320000000000002  1.4540189892266140  0.10101564525297371
0.29509999999999997  1.4641014893918602  0.10303945649432110
0.29699999999999999  1.4741971133458023  0.10509586493097095
0.29890000000000000  1.4843059869268374  0.10718523567317707
0.30080000000000001  1.4944282366898562  0.10930793063011460
0.30269999999999997  1.5045639898712950  0.11146430819230428
0.30460000000000004  1.5147133743531107  0.11365472291348336
0.30649999999999999  1.5248765186258328  0.11587952519269716
0.30840000000000001  1.5350535517503547  0.11813906095743784
0.31030000000000002  1.5452446033187592  0.12043367134847867
0.31219999999999998  1.5554498034143343  0.12276369240737987
0.31409999999999999  1.5656692825703802  0.12512945476724832
0.31600000000000000  1.5759031717283865  0.12753128334775379
0.31790000000000002  1.5861516021952862  0.12996949705508751
0.31979999999999997  1.5964147055999307  0.13244440848764166
0.32170000000000004  1.6066926138489501  0.13495632364829147
0.32360000000000000  1.6169854590818262  0.13750554166393381
0.32549999999999996  1.6272933736255664  0.14009235451316107
0.32740000000000002  1.6376164899487242  0.14271704676265293
0.32929999999999998  1.6479549406150507  0.14537989531318371
0.33119999999999999  1.6583088582367609  0.14808116915571110
0.33310000000000001  1.6686783754274654  0.15082112913838649
0.33500000000000002  1.6790636247599247  0.15360002774582876
0.33689999999999998  1.6894647386981294  0.15641810888608618
0.33879999999999999  1.6998818495813397  0.15927560769893959
0.34070000000000000  1.7103150895549195  0.16217275036837114
0.34259999999999996  1.7207645905285840  0.16510975395299532
0.34450000000000003  1.7312304841290611  0.16808682622942794
0.34639999999999999  1.7417129016529218  0.17110416554993726
0.34830000000000000  1.7522119740198037  0.17416196071445486
0.35020000000000001  1.7627278317260546  0.17726039085751844
0.35210000000000002  1.7732606047986739  0.18039962534995663
0.35399999999999998  1.7838104227498464  0.18357982371570433
0.35589999999999999  1.7943774145320188  0.18680113556371977
0.35780000000000001  1.8049617084936427  0.19006370053501304
0.35969999999999996  1.8155634323355128  0.19336764826479194
0.36160000000000003  1.8261827130680486  0.19671309835961953
0.36349999999999999  1.8368196769745007  0.20010016039083955
0.36540000000000000  1.8474744495479309  0.20352893389546714
0.36730000000000002  1.8581471554850288  0.20699950840628853
0.36920000000000003  1.8688379186236097  0.21051196348111115
0.37109999999999999  1.8795468619102871  0.21406636875345619
0.37300000000000000  1.8902741073634035  0.21766278399514782
0.37490000000000001  1.9010197760370111  0.22130125919207352
0.37679999999999997  1.9117839879860852  0.22498183463249852
0.37870000000000004  1.9225668622328245  0.22870454100758028
0.38059999999999999  1.9333685167341919  0.23246939952350951
0.38250000000000001  1.9441890683507335  0.23627642202484087
0.38440000000000002  1.9550286328165905  0.24012561112834455
0.38629999999999998  1.9658873247161672  0.24401696036886761
0.38819999999999999  1.9767652574345091  0.24795045434464755
0.39010000000000000  1.9876625431662678  0.25192606889202274
0.39200000000000002  1.9985792928665114  0.25594377124720169
0.39389999999999997  2.0095156162336894  0.26000352022652445
0.39580000000000004  2.0204716216875362  0.26410526641151744
0.39770000000000000  2.0314474163484264  0.26824895234036283
0.39959999999999996  2.0424431060178931  0.27243451270509572
0.40150000000000002  2.0534587951606227  0.27666187455400948
0.40339999999999998  2.0644945868876188  0.28093095749857866
0.40529999999999999  2.0755505829462906  0.28524167392690336
0.40720000000000001  2.0866268836830382  0.28959392920743210
0.40910000000000002  2.0977235880672858  0.29398762192272171
0.41099999999999998  2.1088407936536635  0.29842264407713087
0.41290000000000004  2.1199785965786271  0.30289888132100556
0.41480000000000000  2.1311370915512451  0.30741621317294754
0.41669999999999996  2.1423163718452294  0.31197451324284409
0.41860000000000003  2.1535165292920819  0.31657364945506944
0.42049999999999998  2.1647376542754446  0.32121348427150770
0.42240000000000005  2.1759798357321425  0.32589387491703364
0.42430000000000007  2.1872431611249086  0.33061467358737179
0.42620000000000002  2.1985277164778356  0.33537572769002189
0.42809999999999998  2.2098335863481084  0.34017688004730695
0.43000000000000005  2.2211608538327225  0.34501796911604365
0.43190000000000006  2.2325096005690024  0.34989882920074483
0.43380000000000002  2.2438799067361481  0.35481929066408552
0.43570000000000003  2.2552718510575303  0.35977918013423826
0.43759999999999999  2.2666855108039394  0.36477832070890126
0.43950000000000006  2.2781209618026135  0.36981653215938387
0.44140000000000007  2.2895782784209611  0.37489363111214169
0.44330000000000003  2.3010575336056180  0.38000943126532494
0.44519999999999998  2.3125587988651302  0.38516374356079230
0.44710000000000000  2.3240821442832669  0.39035637637282911
0.44900000000000007  2.3356276385266139  0.39558713568811443
0.45090000000000002  2.3471953488528952  0.40085582528120001
0.45280000000000004  2.3587853411198259  0.40616224688539265
0.45469999999999999  2.3703976797945905  0.41150620035899133
0.45660000000000006  2.3820324279637730  0.41688748384677493
0.45850000000000007  2.3936896473437841  0.42230589393675710
0.46040000000000003  2.4053693982956630  0.42776122581620751
0.46229999999999999  2.4170717398205070  0.43325327340184799
0.46420000000000000  2.4287967295962374  0.43878182950858324
0.46610000000000007  2.4405444239722791  0.44434668596877319
0.46800000000000003  2.4523148779866299  0.44994763376968122
0.46990000000000004  2.4641081453787299  0.45558446318154827
0.47180000000000011  2.4759242786025686  0.46125696388081261
0.47370000000000007  2.4877633288401184  0.46696492506881887
0.47560000000000008  2.4996253460149935  0.47270813558577474
0.47750000000000004  2.5115103788063511  0.47848638402028354
0.47939999999999999  2.5234184746629427  0.48429945881432090
0.48130000000000006  2.5353496798174953  0.49014714836387219
0.48320000000000007  2.5473040393010162  0.49602924111519586
0.48510000000000003  2.5592815969592544  0.50194552566220452
0.48700000000000004  2.5712823954599617  0.50789579081258851
0.48890000000000011  2.5833064763193869  0.51387982570521951
0.49080000000000007  2.5953538799090885  0.51989741986711657
0.49270000000000008  2.6074246454728671  0.52594836329532679
0.49460000000000004  2.6195188111419148  0.53203244652919335
0.49650000000000000  2.6316364139498551  0.53814946071903402
0.49840000000000007  2.6437774898478943  0.54429919769115365
0.50030000000000008  2.6559420737198867  0.55048145000944548
0.50220000000000009  2.6681301993973898  0.55669601103364996
0.50409999999999999  2.6803418996747546  0.56294267497429973
0.50600000000000001  2.6925772063243776  0.56922123694463922
0.50790000000000013  2.7048361501114471  0.57553149300937101
0.50980000000000003  2.7171187608090381  0.58187324023046805
0.51170000000000004  2.7294250672131497  0.58824627671033747
0.51360000000000006  2.7417550971573146  0.59465040163189664
0.51550000000000007  2.7541088775275595  0.60108541529634052
0.51740000000000008  2.7664864342770379  0.60755111915817472
0.51930000000000009  2.7788877924406186  0.61404731585782713
0.52120000000000000  2.7913129761434554  0.62057380925801420
0.52310000000000001  2.8037620086390267  0.62713040444695289
0.52500000000000013  2.8162349122880110  0.63371690780206646
0.52690000000000003  2.8287317085961292  0.64033312698811540
0.52880000000000005  2.8412524182219889  0.64697887098526718
0.53070000000000006  2.8537970609913330  0.65365395010905758
0.53260000000000007  2.8663656559107111  0.66035817602845437
0.53450000000000009  2.8789582211810054  0.66709136178199724
0.53640000000000010  2.8915747742110378  0.67385332179229596
0.53830000000000000  2.9042153316310553  0.68064387187923270
0.54020000000000001  2.9168799093056652  0.68746282927117364
0.54210000000000014  2.9295685223471359  0.69431001261500147
0.54400000000000004  2.9422811851282025  0.70118524198482690
0.54590000000000005  2.9550179112949047  0.70808833888913902
0.54780000000000006  2.9677787137790008  0.71501912627680864
0.54970000000000008  2.9805636048107416  0.72197742854205704
0.55160000000000009  2.9933725959308775  0.72896307152800721
0.55350000000000010  3.0062056980029528  0.73597588252932977
0.55540000000000000  3.0190629212252276  0.74301569029394177
0.55730000000000002  3.0319442751423615  0.75008232502341876
0.55920000000000014  3.0448497686574010  0.75717561837297642
0.56110000000000004  3.0577794100429139  0.76429540345012525
0.56300000000000006  3.0707332069526063  0.77144151481283929
0.56490000000000007  3.0837111664322077  0.77861378846669282
0.56680000000000008  3.0967132949307121  0.78581206186151653
0.56870000000000009  3.1097395983110978  0.79303617388723902
0.57060000000000011  3.1227900818612007  0.80028596486910186
0.57250000000000001  3.1358647503038597  0.80756127656222143
0.57440000000000002  3.1489636078078189  0.81486195214576207
0.57630000000000015  3.1620866579973641  0.82218783621634872
0.57820000000000005  3.1752339039628481  0.82953877478117521
0.58010000000000006  3.1884053482311652  0.83691461525512079
0.58200000000000007  3.2016009929325504  0.84431520643423230
0.58389999999999997  3.2148208395741067  0.85174039851598926
0.58580000000000010  3.2280648892073467  0.85919004307136515
0.58770000000000011  3.2413331423970342  0.86666399304058639
0.58960000000000001  3.2546255992314568  0.87416210272422867
0.59150000000000003  3.2679422593303560  0.88168422777307209
0.59340000000000015  3.2812831218545484  0.88923022517889105
0.59530000000000005  3.2946481855145189  0.89679995326389317
0.59720000000000006  3.3080374485782515  0.90439327167046235
0.59910000000000008  3.3214509088804594  0.91201004135078878
0.60099999999999998  3.3348885638308401  0.91965012455619144
0.60290000000000010  3.3483504104213928  0.92731338482590253
0.60480000000000012  3.3618364452353955  0.93499968697645719
0.60670000000000002  3.3753466644546775  0.94270889709028693
0.60860000000000003  3.3888810638672688  0.95044088250445302
0.61050000000000015  3.4024396388754123  0.95819551179930207
0.61240000000000006  3.4160223845027549  0.96597265478709327
0.61430000000000007  3.4296292954019201  0.97377218250039954
0.61620000000000008  3.4432603658612475  0.98159396718039882
0.61809999999999998  3.4569155898123038  0.98943788226533413
0.62000000000000011  3.4705949608365483  0.99730380237878002
0.62190000000000012  3.4842984721724926  1.0051916033179991
0.62380000000000002  3.4980261167222602  1.0131011620421997
0.62570000000000003  3.5117778870577792  1.0210323566605981
0.62760000000000005  3.5255537754283885  1.0289850664210420
0.62950000000000006  3.5393537737655203  1.0369591716977700
0.63140000000000007  3.5531778736907018  1.0449545539803522
0.63330000000000009  3.5670260665203521  1.0529710958612744
0.63519999999999999  3.5808983432728776  1.0610086810250094
0.63710000000000011  3.5947946946737401  1.0690671942358163
0.63900000000000012  3.6087151111615290  1.0771465213263238
0.64090000000000003  3.6226595828940718  1.0852465491862389
0.64280000000000004  3.6366280997537701  1.0933671657506303
0.64470000000000005  3.6506206513528161  1.1015082599884454
0.64660000000000006  3.6646372270390790  1.1096697218914027
0.64850000000000008  3.6786778159013753  1.1178514424626704
0.65040000000000009  3.6927424067743964  1.1260533137054638
0.65229999999999999  3.7068309882441275  1.1342752286121236
0.65420000000000011  3.7209435486527389  1.1425170811529071
0.65610000000000013  3.7350800761036709  1.1507787662652140
0.65800000000000003  3.7492405584661177  1.1590601798423130
0.65990000000000004  3.7634249833804203  1.1673612187231366
0.66180000000000005  3.7776333382622145  1.1756817806809754
0.66370000000000007  3.7918656103074113  1.1840217644133366
0.66560000000000008  3.8061217864963806  1.1923810695310362
0.66750000000000009  3.8204018535987156  1.2007595965481646
0.66940000000000000  3.8347057981771115  1.2091572468713196
0.67130000000000012  3.8490336065925175  1.2175739227898701
0.67320000000000013  3.8633852650072873  1.2260095274653964
0.67510000000000003  3.8777607593900507  1.2344639649218747
0.67700000000000005  3.8921600755192514  1.2429371400357332
0.67890000000000006  3.9065831989878106  1.2514289585260230
0.68080000000000007  3.9210301152062934  1.2599393269446693
0.68270000000000008  3.9355008094072144  1.2684681526670196
0.68460000000000010  3.9499952666486204  1.2770153438820260
0.68650000000000000  3.9645134718177104  1.2855808095830417
0.68840000000000012  3.9790554096350310  1.2941644595587105
0.69030000000000014  3.9936210646567765  1.3027662043832162
0.69220000000000004  4.0082104212800154  1.3113859554078444
0.69410000000000005  4.0228234637445652  1.3200236247515220
0.69600000000000006  4.0374601761372659  1.3286791252921555
0.69790000000000008  4.0521205423952127  1.3373523706579431
0.69980000000000009  4.0668045463085365  1.3460432752183382
0.70170000000000010  4.0815121715241194  1.3547517540759086
0.70360000000000000  4.0962434015485796  1.3634777230576733
0.70550000000000002  4.1109982197510169  1.3722210987066690
0.70740000000000014  4.1257766093669099  1.3809817982740014
0.70930000000000004  4.1405785534997523  1.3897597397102095
0.71120000000000005  4.1554040351250450  1.3985548416575098
0.71310000000000007  4.1702530370932518  1.4073670234421454
0.71500000000000008  4.1851255421315550  1.4161962050658836
0.71690000000000009  4.2000215328476918  1.4250423071987286
0.71880000000000011  4.2149409917320790  1.4339052511711126
0.72070000000000001  4.2298839011607656  1.4427849589663770
0.72260000000000002  4.2448502433977460  1.4516813532132964
0.72450000000000014  4.2598400005978938  1.4605943571786866
0.72640000000000005  4.2748531548090405  1.4695238947601410
0.72830000000000006  4.2898896879751964  1.4784698904790843
0.73020000000000007  4.3049495819378460  1.4874322694732309
0.73210000000000008  4.3200328184397536  1.4964109574901583
0.73400000000000010  4.3351393791258968  1.5054058808798523
0.73590000000000011  4.3502692455468690  1.5144169665883527
0.73780000000000001  4.3654223991603764  1.5234441421507552
0.73970000000000002  4.3805988213340550  1.5324873356847759
0.74160000000000015  4.3957984933473817  1.5415464758841422
0.74350000000000005  4.4110213963935037  1.5506214920119334
0.74540000000000006  4.4262675115821697  1.5597123138947462
0.74730000000000008  4.4415368199408203  1.5688188719157250
0.74919999999999998  4.4568293024174208  1.5779410970089913
0.75110000000000010  4.4721449398820932  1.5870789206531433
0.75300000000000011  4.4874837131289667  1.5962322748653019
0.75490000000000002  4.5028456028784287  1.6054010921953303
0.75680000000000003  4.5182305897786659  1.6145853057196318
0.75870000000000015  4.5336386544080449  1.6237848490357947
0.76060000000000005  4.5490697772759461  1.6329996562563074
0.76250000000000007  4.5645239388259373  1.6422296620036156
0.76440000000000008  4.5800011194363268  1.6514748014039062
0.76629999999999998  4.5955012994226765  1.6607350100821023
0.76820000000000010  4.6110244590388501  1.6700102241560977
0.77010000000000012  4.6265705784791109  1.6793003802315267
0.77200000000000002  4.6421396378799900  1.6886054153967802
0.77390000000000003  4.6577316173210122  1.6979252672171938
0.77580000000000016  4.6733464968274756  1.7072598737306839
0.77770000000000006  4.6889842563707846  1.7166091734419475
0.77960000000000007  4.7046448758711055  1.7259731053180116
0.78150000000000008  4.7203283351975909  1.7353516087828627
0.78339999999999999  4.7360346141714773  1.7447446237131983
0.78530000000000011  4.7517636925659774  1.7541520904328693
0.78720000000000012  4.7675155501085777  1.7635739497087954
0.78910000000000002  4.7832901664822209  1.7730101427459040
0.79100000000000004  4.7990875213266939  1.7824606111827277
0.79290000000000016  4.8149075942398296  1.7919252970866790
0.79480000000000006  4.8307503647790160  1.8014041429498002
0.79670000000000007  4.8466158124625878  1.8108970916841685
0.79860000000000009  4.8625039167706712  1.8204040866176010
0.80049999999999999  4.8784146571468625  1.8299250714892443
0.80240000000000011  4.8943480129993615  1.8394599904455056
0.80430000000000013  4.9103039637020691  1.8490087880356896
0.80620000000000003  4.9262824885958985  1.8585714092080201
0.80810000000000004  4.9422835669897252  1.8681477993053137
0.81000000000000016  4.9583071781618804  1.8777379040612154
0.81190000000000007  4.9743533013610195  1.8873416695961318
0.81380000000000008  4.9904219158072163  1.8969590424131053
0.81570000000000009  5.0065130006933831  1.9065899693943644
0.81759999999999999  5.0226265351858457  1.9162343977970611
0.81950000000000012  5.0387624984258101  1.9258922752498191
0.82140000000000013  5.0549208695301662  1.9355635497488108
0.82330000000000003  5.0711016275925234  1.9452481696541799
0.82520000000000004  5.0873047516844458  1.9549460836864718
0.82710000000000006  5.1035302208559488  1.9646572409227829
0.82900000000000007  5.1197780141370517  1.9743815907936355
0.83090000000000008  5.1360481105380869  1.9841190830791342
0.83280000000000010  5.1523404890511877  1.9938696679056767
0.83470000000000000  5.1686551286510394  2.0036332957426795
0.83660000000000012  5.1849920082956205  2.0134099173989863
0.83850000000000013  5.2013511069268885  2.0231994840195084
0.84040000000000004  5.2177324034723513  2.0330019470823797
0.84230000000000005  5.2341358768455404  2.0428172583954467
0.84420000000000006  5.2505615059461404  2.0526453700927147
0.84609999999999996  5.2670092696623030  2.0624862346320683
0.84799999999999998  5.2834791468701416  2.0723398047914308
0.84989999999999999  5.2999711164350050  2.0822060336659094
0.85180000000000000  5.3164851572124876  2.0920848746649754
0.85370000000000013  5.3330212480487322  2.1019762815091014
0.85560000000000014  5.3495793677813870  2.1118802082271269
0.85750000000000004  5.3661594952407157  2.1217966091533436
0.85940000000000005  5.3827616092495418  2.1317254389242688
0.86130000000000007  5.3993856886245535  2.1416666524761356
0.86319999999999997  5.4160317121768111  2.1516202050420152
0.86509999999999998  5.4326996587126999  2.1615860521490942
0.86699999999999999  5.4493895070339251  2.1715641496156541
0.86890000000000001  5.4661012359390471  2.1815544535487885
0.87079999999999991  5.4828348242232519  2.1915569203413217
0.87270000000000014  5.4995902506798400  2.2015715066694979
0.87460000000000004  5.5163674941003640  2.2115981694902729
0.87650000000000006  5.5331665332750175  2.2216368660385193
0.87840000000000007  5.5499873469941496  2.2316875538249863
0.88029999999999997  5.5668299140477986  2.2417501906332302
0.88219999999999998  5.5836942132268330  2.2518247345174114
0.88410000000000000  5.6005802233236199  2.2619111437999599
0.88600000000000001  5.6174879231321553  2.2720093770688652
0.88789999999999991  5.6344172914491599  2.2821193931754640
0.88980000000000015  5.6513683070741321  2.2922411512321039
0.89170000000000005  5.6683409488102372  2.3023746106097009
0.89360000000000006  5.6853351954645293  2.3125197309354601
0.89550000000000007  5.7023510258488379  2.3226764720906519
0.89739999999999998  5.7193884187800128  2.3328447942084143
0.89929999999999999  5.7364473530801421  2.3430246576711040
0.90120000000000000  5.7535278075779788  2.3532160231089057
0.90309999999999990  5.7706297611082267  2.3634188513967436
0.90499999999999992  5.7877531925130308  2.3736331036528489
0.90689999999999993  5.8048980806417436  2.3838587412361787
0.90879999999999994  5.8220644043520506  2.3940957257447812
0.91070000000000007  5.8392521425092250  2.4043440190129548
0.91260000000000008  5.8564612739883088  2.4146035831101877
0.91449999999999998  5.8736917776729092  2.4248743803382946
0.91639999999999999  5.8909436324567164  2.4351563732299222
0.91830000000000001  5.9082168172433196  2.4454495245462917
0.92019999999999991  5.9255113109466571  2.4557537972753174
0.92209999999999992  5.9428270924919202  2.4660691546298046
0.92399999999999993  5.9601641408155324  2.4763955600454683
0.92589999999999995  5.9775224348651479  2.4867329771786748
0.92780000000000007  5.9949019536010608  2.4970813699053216
0.92970000000000008  6.0123026759957270  2.5074407023183229
0.93159999999999998  6.0297245810344267  2.5178109387261034
0.93350000000000000  6.0471676477155558  2.5281920436506811
0.93540000000000001  6.0646318550511378  2.5385839818259064
0.93729999999999991  6.0821171820668516  2.5489867181957475
0.93919999999999992  6.0996236078029389  2.5594002179125503
0.94109999999999994  6.1171511113136257  2.5698244463350202
0.94299999999999995  6.1346996716685513  2.5802593690270932
0.94490000000000007  6.1522692679521942  2.5907049517556731
0.94680000000000009  6.1698598792647337  2.6011611604892959
0.94869999999999999  6.1874714847218195  2.6116279613962274
0.95060000000000000  6.2051040634555044  2.6221053208431822
0.95250000000000001  6.2227575946141709  2.6325932053933681
0.95439999999999992  6.2404320573631198  2.6430915818052001
0.95629999999999993  6.2581274308839516  2.6536004170301193
0.95819999999999994  6.2758436943764124  2.6641196782120229
0.96009999999999995  6.2935808270570588  2.6746493326846408
0.96199999999999986  6.3113388081607820  2.6851893479708471
0.96390000000000009  6.3291176169402377  2.6957396917806045
0.96579999999999999  6.3469172326664909  2.7063003320097523
0.96770000000000000  6.3647376346292877  2.7168712367384016
0.96960000000000002  6.3825788021371652  2.7274523742295846
0.97149999999999992  6.4004407145176829  2.7380437129275794
0.97339999999999993  6.4183233511179001  2.7486452214567794
0.97529999999999994  6.4362266913042268  2.7592568686199606
0.97719999999999996  6.4541507144629229  2.7698786233970774
0.97909999999999986  6.4720954000005646  2.7805104549439537
0.98100000000000009  6.4900607273435309  2.7911523325905283
0.98290000000000000  6.5080466759390516  2.8018042258399776
0.98480000000000001  6.5260532252548034  2.8124661043669765
0.98670000000000002  6.5440803547795570  2.8231379380165924
0.98859999999999992  6.5621280440229217  2.8338196968028075
0.99049999999999994  6.5801962725158809  2.8445113509073150
0.99239999999999995  6.5982850198112271  2.8552128706783200
0.99429999999999996  6.6163942654830361  2.8659242266290197
0.99619999999999986  6.6345239891274224  2.8766453894364235
0.99810000000000010  6.6526741703627144  2.8873763299403254
1.0000000000000000  6.6708447888292062  2.8981170191416403
