   5.0000000000000003E-002  0.23881959434355757        6.2682494934325592E-004  -0.0000000000000000     
   5.1899999999999995E-002  0.24792005428789646        7.1181539476376115E-004  -0.0000000000000000     
   5.3800000000000001E-002  0.25702374126987315        8.0360234858172874E-004  -0.0000000000000000     
   5.5700000000000006E-002  0.26613078333176543        9.0232236019586001E-004  -0.0000000000000000     
   5.7599999999999998E-002  0.27524130438526451        1.0081023953323663E-003  -0.0000000000000000     
   5.9499999999999997E-002  0.28435542411687770        1.1210606308745604E-003  -0.0000000000000000     
   6.1400000000000003E-002  0.29347325822915354        1.2413071919165728E-003  -0.0000000000000000     
   6.3300000000000009E-002  0.30259491851752057        1.3689448618364368E-003  -0.0000000000000000     
   6.5200000000000008E-002  0.31172051312813354        1.5040697491471213E-003  -0.0000000000000000     
   6.7099999999999993E-002  0.32085014653479887        1.6467719316037423E-003  -0.0000000000000000     
   6.9000000000000006E-002  0.32998391978396319        1.7971360564826098E-003  -0.0000000000000000     
   7.0900000000000005E-002  0.33912193061385526        1.9552419145980261E-003  -0.0000000000000000     
   7.2799999999999990E-002  0.34826427357687972        2.1211649834069826E-003  -0.0000000000000000     
   7.4700000000000003E-002  0.35741104026472165        2.2949769401499017E-003  -0.0000000000000000     
   7.6600000000000001E-002  0.36656231932951217        2.4767461498556220E-003  -0.0000000000000000     
   7.8500000000000000E-002  0.37571819669736389        2.6665381245950296E-003  -0.0000000000000000     
   8.0400000000000013E-002  0.38487875568610458        2.8644159589096972E-003  -0.0000000000000000     
   8.2300000000000012E-002  0.39404407713794465        3.0704407410176424E-003  -0.0000000000000000     
   8.4199999999999997E-002  0.40321423954933233        3.2846719412945344E-003  -0.0000000000000000     
   8.6099999999999996E-002  0.41238931919751393        3.5071677790020662E-003  -0.0000000000000000     
   8.7999999999999995E-002  0.42156939026340784        3.7379855684173051E-003  -0.0000000000000000     
   8.9899999999999994E-002  0.43075452495210925        3.9771820453043030E-003  -0.0000000000000000     
   9.1800000000000007E-002  0.43994479360818900        4.2248136747311937E-003  -0.0000000000000000     
   9.3700000000000006E-002  0.44914026483032332        4.4809369412508789E-003  -0.0000000000000000     
   9.5600000000000004E-002  0.45834100557947444        4.7456086222521466E-003  -0.0000000000000000     
   9.7500000000000017E-002  0.46754708126647032        5.0188860451873670E-003  -0.0000000000000000     
   9.9400000000000002E-002  0.47675855592952876        5.3008273307491522E-003  -0.0000000000000000     
  0.10130000000000000       0.48597549222263670        5.5914916198681313E-003  -0.0000000000000000     
  0.10320000000000000       0.49519795158454266        5.8909392891214780E-003  -0.0000000000000000     
  0.10510000000000000       0.50442599431366231        6.1992321524612544E-003  -0.0000000000000000     
  0.10700000000000000       0.51365967965758441        6.5164336511608295E-003  -0.0000000000000000     
  0.10890000000000001       0.52289906589965451        6.8426090324053435E-003  -0.0000000000000000     
  0.11080000000000001       0.53214421044256088        7.1778255172152642E-003  -0.0000000000000000     
  0.11270000000000001       0.54139516988866709        7.5221524583288981E-003  -0.0000000000000000     
  0.11460000000000002       0.55065200011808524        7.8756614886564130E-003  -0.0000000000000000     
  0.11649999999999999       0.55991475636327537        8.2384266608015004E-003  -0.0000000000000000     
  0.11840000000000001       0.56918349328171935        8.6105245783375424E-003  -0.0000000000000000     
  0.12030000000000000       0.57845826502516695        8.9920345191501338E-003  -0.0000000000000000     
  0.12220000000000000       0.58773912530716821        9.3830385515593501E-003  -0.0000000000000000     
  0.12410000000000000       0.59702612746768979        9.7836216435020738E-003  -0.0000000000000000     
  0.12600000000000000       0.60631932453548010        1.0193871765308209E-002  -0.0000000000000000     
  0.12790000000000001       0.61561876928819659        1.0613879986451588E-002  -0.0000000000000000     
  0.12980000000000003       0.62492450724297366        1.1041515666033426E-002  -0.0000000000000000     
  0.13169999999999998       0.63423651552052918        1.1472881346199398E-002  -0.0000000000000000     
  0.13360000000000000       0.64355478138875843        1.1910950451621443E-002  -0.0000000000000000     
  0.13550000000000001       0.65287931841465929        1.2356658545162864E-002  -0.0000000000000000     
  0.13739999999999999       0.66221014942738787        1.2810527445515493E-002  -0.0000000000000000     
  0.13930000000000001       0.67154730266550089        1.3272928712222234E-002  -0.0000000000000000     
  0.14120000000000002       0.68089081011018970        1.3744160090744422E-002  -0.0000000000000000     
  0.14310000000000000       0.69024070658319137        1.4224477546872647E-002  -0.0000000000000000     
  0.14500000000000002       0.69959702919651656        1.4714111425299587E-002  -0.0000000000000000     
  0.14690000000000000       0.70895981699198918        1.5213275609553671E-002  -0.0000000000000000     
  0.14879999999999999       0.71832911069259031        1.5722173156029466E-002  -0.0000000000000000     
  0.15070000000000000       0.72770495252474676        1.6240999976373027E-002  -0.0000000000000000     
  0.15260000000000001       0.73708738608842761        1.6769947361136330E-002  -0.0000000000000000     
  0.15450000000000000       0.74647645626009895        1.7309203776660276E-002  -0.0000000000000000     
  0.15640000000000001       0.75587220911949504        1.7858956185567418E-002  -0.0000000000000000     
  0.15830000000000002       0.76527469189362407        1.8419391043598431E-002  -0.0000000000000000     
  0.16020000000000001       0.77468395291464076        1.8990695069777960E-002  -0.0000000000000000     
  0.16210000000000002       0.78410004158718627        1.9573055853491835E-002  -0.0000000000000000     
  0.16400000000000001       0.79352300836415390        2.0166662341904052E-002  -0.0000000000000000     
  0.16589999999999999       0.80295290472820247        2.0771705237498647E-002  -0.0000000000000000     
  0.16780000000000000       0.81238978317858646        2.1388377327128043E-002  -0.0000000000000000     
  0.16970000000000002       0.82183369722215049        2.2016873758104207E-002  -0.0000000000000000     
  0.17160000000000000       0.83128470136683075        2.2657392272432710E-002  -0.0000000000000000     
  0.17350000000000002       0.84074285111890745        2.3310133407943953E-002  -0.0000000000000000     
  0.17540000000000003       0.85020820298160815        2.3975300672615229E-002  -0.0000000000000000     
  0.17730000000000001       0.85968081445599953        2.4653100696963096E-002  -0.0000000000000000     
  0.17920000000000003       0.86916074404297428        2.5343743368349759E-002  -0.0000000000000000     
  0.18110000000000001       0.87864805124697132        2.6047441950243468E-002  -0.0000000000000000     
  0.18300000000000000       0.88814279658032436        2.6764413188680454E-002  -0.0000000000000000     
  0.18490000000000001       0.89764504156880665        2.7494877407685681E-002  -0.0000000000000000     
  0.18680000000000002       0.90715484875757968        2.8239058595239019E-002  -0.0000000000000000     
  0.18870000000000001       0.91667228171783444        2.8997184480893529E-002  -0.0000000000000000     
  0.19060000000000002       0.92619740505411918        2.9769486605893208E-002  -0.0000000000000000     
  0.19250000000000003       0.93573028441195694        3.0556200386555685E-002  -0.0000000000000000     
  0.19439999999999999       0.94527098648522290        3.1357565171503045E-002  -0.0000000000000000     
  0.19630000000000000       0.95481957901563541        3.2173824292950237E-002  -0.0000000000000000     
  0.19820000000000002       0.96437613083700380        3.3005225113185904E-002  -0.0000000000000000     
  0.20010000000000000       0.97394071182927755        3.3852019064730537E-002  -0.0000000000000000     
  0.20200000000000001       0.98351339296316886        3.4714461686565917E-002  -0.0000000000000000     
  0.20390000000000003       0.99309424629939325        3.5592812654895792E-002  -0.0000000000000000     
  0.20580000000000001        1.0026833449971146        3.6487335809149583E-002  -0.0000000000000000     
  0.20770000000000002        1.0122807633221460        3.7398299173112645E-002  -0.0000000000000000     
  0.20960000000000004        1.0218865766550911        3.8325974971189378E-002  -0.0000000000000000     
  0.21149999999999999        1.0315008614993018        3.9270639639667870E-002  -0.0000000000000000     
  0.21340000000000001        1.0411236954886176        4.0232573832991066E-002  -0.0000000000000000     
  0.21529999999999999        1.0507551573949252        4.1212062424828368E-002  -0.0000000000000000     
  0.21720000000000000        1.0603953271353435        4.2209394503853227E-002  -0.0000000000000000     
  0.21909999999999999        1.0700442857791541        4.3224863364105887E-002  -0.0000000000000000     
  0.22100000000000003        1.0797021155544402        4.4258766489698412E-002  -0.0000000000000000     
  0.22289999999999999        1.0893688998542068        4.5311405533726042E-002  -0.0000000000000000     
  0.22479999999999997        1.0990447232422127        4.6383086291231612E-002  -0.0000000000000000     
  0.22670000000000001        1.1087296714583013        4.7474118665913376E-002  -0.0000000000000000     
  0.22860000000000000        1.1184238314232429        4.8584816630494555E-002  -0.0000000000000000     
  0.23050000000000001        1.1281272912430536        4.9715498180458097E-002  -0.0000000000000000     
  0.23240000000000000        1.1378401402128129        5.0866485280978008E-002  -0.0000000000000000     
  0.23430000000000001        1.1475624688198314        5.2038103806823888E-002  -0.0000000000000000     
  0.23619999999999999        1.1572943687462571        5.3230683475011226E-002  -0.0000000000000000     
  0.23810000000000003        1.1670359328709865        5.4444557770007909E-002  -0.0000000000000000     
  0.23999999999999999        1.1767872552708796        5.5680063861319885E-002  -0.0000000000000000     
  0.24189999999999998        1.1865484312213022        5.6937542513171416E-002  -0.0000000000000000     
  0.24380000000000002        1.1963195571958662        5.8217337986214743E-002  -0.0000000000000000     
  0.24570000000000000        1.2061007308653735        5.9519797930994885E-002  -0.0000000000000000     
  0.24760000000000001        1.2158920510959932        6.0845273273024900E-002  -0.0000000000000000     
  0.24950000000000000        1.2256936179464921        6.2194118089377921E-002  -0.0000000000000000     
  0.25140000000000001        1.2355055326646800        6.3566689476610455E-002  -0.0000000000000000     
  0.25330000000000003        1.2453278976827913        6.4963347409861094E-002  -0.0000000000000000     
  0.25519999999999998        1.2551608166120660        6.6384454593153869E-002  -0.0000000000000000     
  0.25710000000000000        1.2650043942362303        6.7830376300698852E-002  -0.0000000000000000     
  0.25900000000000001        1.2748587365039878        6.9301480209218058E-002  -0.0000000000000000     
  0.26090000000000002        1.2847239505205019        7.0798136221276606E-002  -0.0000000000000000     
  0.26279999999999998        1.2946001445377331        7.2320716279510366E-002  -0.0000000000000000     
  0.26469999999999999        1.3044874279437637        7.3869594171968700E-002  -0.0000000000000000     
  0.26660000000000000        1.3143859112509164        7.5445145328443056E-002  -0.0000000000000000     
  0.26849999999999996        1.3242957060827476        7.7047746607983095E-002  -0.0000000000000000     
  0.27040000000000003        1.3342169251599030        7.8677776077703071E-002  -0.0000000000000000     
  0.27229999999999999        1.3441496822847205        8.0335612783009713E-002  -0.0000000000000000     
  0.27420000000000000        1.3540940923246900        8.2021636509482285E-002  -0.0000000000000000     
  0.27610000000000001        1.3640502712004798        8.3736227536864841E-002  -0.0000000000000000     
  0.27799999999999997        1.3740183358433165        8.5479766383834838E-002  -0.0000000000000000     
  0.27989999999999998        1.3839984042103393        8.7252633547912906E-002  -0.0000000000000000     
  0.28179999999999999        1.3939905952391667        8.9055209235477384E-002  -0.0000000000000000     
  0.28370000000000001        1.4039950288310206        9.0887873086135884E-002  -0.0000000000000000     
  0.28559999999999997        1.4140118258267504        9.2751003890576514E-002  -0.0000000000000000     
  0.28750000000000003        1.4240411079813995        9.4644979302322560E-002  -0.0000000000000000     
  0.28939999999999999        1.4340829979376868        9.6570175543948200E-002  -0.0000000000000000     
  0.29130000000000000        1.4441376191980895        9.8526967108464467E-002  -0.0000000000000000     
  0.29320000000000002        1.4542050960957993       0.10051572645617232       -0.0000000000000000     
  0.29509999999999997        1.4642855537643382       0.10253682370768415       -0.0000000000000000     
  0.29699999999999999        1.4743791181060464       0.10459062633387674       -0.0000000000000000     
  0.29890000000000000        1.4844859157593173       0.10667749884312840       -0.0000000000000000     
  0.30080000000000001        1.4946060740647171       0.10879780246684886       -0.0000000000000000     
  0.30269999999999997        1.5047397210299496       0.11095189484376174       -0.0000000000000000     
  0.30460000000000004        1.5148869852936364       0.11314012970374128       -0.0000000000000000     
  0.30649999999999999        1.5250479960880901       0.11536285655204903       -0.0000000000000000     
  0.30840000000000001        1.5352228832010810       0.11762042035458964       -0.0000000000000000     
  0.31030000000000002        1.5454117769364826       0.11991316122507943       -0.0000000000000000     
  0.31219999999999998        1.5556148080740875       0.12224141411479249       -0.0000000000000000     
  0.31409999999999999        1.5658321078284685       0.12460550850581691       -0.0000000000000000     
  0.31600000000000000        1.5760638078069449       0.12700576810851691       -0.0000000000000000     
  0.31790000000000002        1.5863100399668126       0.12944251056404160       -0.0000000000000000     
  0.31979999999999997        1.5965709365718372       0.13191604715261848       -0.0000000000000000     
  0.32170000000000004        1.6068466301479261       0.13442668250851350       -0.0000000000000000     
  0.32360000000000000        1.6171372534383694       0.13697471434228001       -0.0000000000000000     
  0.32549999999999996        1.6274429393583845       0.13956043317117459       -0.0000000000000000     
  0.32740000000000002        1.6377638209492005       0.14218412205838621       -0.0000000000000000     
  0.32929999999999998        1.6481000313317569       0.14484605636180958       -0.0000000000000000     
  0.33119999999999999        1.6584517036599797       0.14754650349304835       -0.0000000000000000     
  0.33310000000000001        1.6688189710738273       0.15028572268724888       -0.0000000000000000     
  0.33500000000000002        1.6792019666571116       0.15306396478528503       -0.0000000000000000     
  0.33689999999999998        1.6896008233695659       0.15588147202353009       -0.0000000000000000     
  0.33879999999999999        1.7000156740311838       0.15873847784513842       -0.0000000000000000     
  0.34070000000000000        1.7104466512530454       0.16163520671532128       -0.0000000000000000     
  0.34259999999999996        1.7208938873957362       0.16457187395459966       -0.0000000000000000     
  0.34450000000000003        1.7313575145221487       0.16754868558503533       -0.0000000000000000     
  0.34639999999999999        1.7418376643504743       0.17056583819064730       -0.0000000000000000     
  0.34830000000000000        1.7523344682076152       0.17362351879220661       -0.0000000000000000     
  0.35020000000000001        1.7628480569829879       0.17672190473681090       -0.0000000000000000     
  0.35210000000000002        1.7733785610826682       0.17986116360227683       -0.0000000000000000     
  0.35399999999999998        1.7839261103841211       0.18304145311653600       -0.0000000000000000     
  0.35589999999999999        1.7944908341915164       0.18626292109206377       -0.0000000000000000     
  0.35780000000000001        1.8050728611916491       0.18952570537537566       -0.0000000000000000     
  0.35969999999999996        1.8156723194105606       0.19282993381156480       -0.0000000000000000     
  0.36160000000000003        1.8262893361710044       0.19617572422374710       -0.0000000000000000     
  0.36349999999999999        1.8369240380559790       0.19956318440875054       -0.0000000000000000     
  0.36540000000000000        1.8475765508458002       0.20299241214004773       -0.0000000000000000     
  0.36730000000000002        1.8582469995123598       0.20646349520000962       -0.0000000000000000     
  0.36920000000000003        1.8689355081567698       0.20997651141104723       -0.0000000000000000     
  0.37109999999999999        1.8796421999773796       0.21353152868816047       -0.0000000000000000     
  0.37300000000000000        1.8903671972328580       0.21712860510330484       -0.0000000000000000     
  0.37490000000000001        1.9011106212066018       0.22076778896277371       -0.0000000000000000     
  0.37679999999999997        1.9118725921720656       0.22444911889710289       -0.0000000000000000     
  0.37870000000000004        1.9226532293594425       0.22817262396299826       -0.0000000000000000     
  0.38059999999999999        1.9334526509234866       0.23193832375687926       -0.0000000000000000     
  0.38250000000000001        1.9442709739125550       0.23574622853939056       -0.0000000000000000     
  0.38440000000000002        1.9551083142389394       0.23959633937045557       -0.0000000000000000     
  0.38629999999999998        1.9659647866558063       0.24348864825615998       -0.0000000000000000     
  0.38819999999999999        1.9768405047078328       0.24742313829496293       -0.0000000000000000     
  0.39010000000000000        1.9877355807404464       0.25139978385332967       -0.0000000000000000     
  0.39200000000000002        1.9986501258510261       0.25541855072821251       -0.0000000000000000     
  0.39389999999999997        2.0095842498719461       0.25947939632793282       -0.0000000000000000     
  0.39580000000000004        2.0205380613489363       0.26358226985784761       -0.0000000000000000     
  0.39770000000000000        2.0315116675205780       0.26772711251225495       -0.0000000000000000     
  0.39959999999999996        2.0425051742991771       0.27191385767197546       -0.0000000000000000     
  0.40150000000000002        2.0535186862529402       0.27614243110706316       -0.0000000000000000     
  0.40339999999999998        2.0645523065894804       0.28041275118394343       -0.0000000000000000     
  0.40529999999999999        2.0756061371461181       0.28472472907900581       -0.0000000000000000     
  0.40720000000000001        2.0866802783526515       0.28907826898233269       -0.0000000000000000     
  0.40910000000000002        2.0977748292557870       0.29347326833154708       -0.0000000000000000     
  0.41099999999999998        2.1088898874814577       0.29790961801939236       -0.0000000000000000     
  0.41290000000000004        2.1200255492316926       0.30238720261775248       -0.0000000000000000     
  0.41480000000000000        2.1311819092756794       0.30690590059975542       -0.0000000000000000     
  0.41669999999999996        2.1423590609419403       0.31146558456255619       -0.0000000000000000     
  0.41860000000000003        2.1535570961117658       0.31606612145022489       -0.0000000000000000     
  0.42049999999999998        2.1647761052137704       0.32070737277640743       -0.0000000000000000     
  0.42240000000000005        2.1760161772195157       0.32538919484624795       -0.0000000000000000     
  0.42430000000000007        2.1872773996445138       0.33011143897976342       -0.0000000000000000     
  0.42620000000000002        2.1985598585277497       0.33487395172031159       -0.0000000000000000     
  0.42809999999999998        2.2098636384596837       0.33967657506918003       -0.0000000000000000     
  0.43000000000000005        2.2211888225611904       0.34451914668862715       -0.0000000000000000     
  0.43190000000000006        2.2325354924898417       0.34940150011781684       -0.0000000000000000     
  0.43380000000000002        2.2439037284415795       0.35432346498262640       -0.0000000000000000     
  0.43570000000000003        2.2552936091531803       0.35928486720238029       -0.0000000000000000     
  0.43759999999999999        2.2667052119057249       0.36428552919327456       -0.0000000000000000     
  0.43950000000000006        2.2781386125337950       0.36932527007183408       -0.0000000000000000     
  0.44140000000000007        2.2895938854091886       0.37440390583566674       -0.0000000000000000     
  0.44330000000000003        2.3010711034803695       0.37952124957954014       -0.0000000000000000     
  0.44519999999999998        2.3125703382551475       0.38467711166658597       -0.0000000000000000     
  0.44710000000000000        2.3240916598140693       0.38987129991637653       -0.0000000000000000     
  0.44900000000000007        2.3356351368183201       0.39510361978418379       -0.0000000000000000     
  0.45090000000000002        2.3472008365179935       0.40037387453580264       -0.0000000000000000     
  0.45280000000000004        2.3587888247612314       0.40568186541776552       -0.0000000000000000     
  0.45469999999999999        2.3703991660036445       0.41102739182283132       -0.0000000000000000     
  0.45660000000000006        2.3820319233184781       0.41641025145086447       -0.0000000000000000     
  0.45850000000000007        2.3936871584071406       0.42183024046485124       -0.0000000000000000     
  0.46040000000000003        2.4053649316140944       0.42728715364635911       -0.0000000000000000     
  0.46229999999999999        2.4170653019221620       0.43278078452486130       -0.0000000000000000     
  0.46420000000000000        2.4287883269898947       0.43831092554610346       -0.0000000000000000     
  0.46610000000000007        2.4405340631458299       0.44387736819050339       -0.0000000000000000     
  0.46800000000000003        2.4523025654059181       0.44947990311009672       -0.0000000000000000     
  0.46990000000000004        2.4640938874864156       0.45511832025591020       -0.0000000000000000     
  0.47180000000000011        2.4759080818170123       0.46079240900064722       -0.0000000000000000     
  0.47370000000000007        2.4877451995544484       0.46650195825674168       -0.0000000000000000     
  0.47560000000000008        2.4996052905961488       0.47224675658978355       -0.0000000000000000     
  0.47750000000000004        2.5114884035942020       0.47802659232743627       -0.0000000000000000     
  0.47939999999999999        2.5233945859695774       0.48384125366392527       -0.0000000000000000     
  0.48130000000000006        2.5353238839263734       0.48969052876004970       -0.0000000000000000     
  0.48320000000000007        2.5472763424664073       0.49557420583900391       -0.0000000000000000     
  0.48510000000000003        2.5592520054056220       0.50149207328325551       -0.0000000000000000     
  0.48700000000000004        2.5712509153811438       0.50744391969996039       -0.0000000000000000     
  0.48890000000000011        2.5832731138784308       0.51342953403825642       -0.0000000000000000     
  0.49080000000000007        2.5953186412375242       0.51944870564547652       -0.0000000000000000     
  0.49270000000000008        2.6073875366704304       0.52550122434869140       -0.0000000000000000     
  0.49460000000000004        2.6194798382760616       0.53158688052654246       -0.0000000000000000     
  0.49650000000000000        2.6315955830555229       0.53770546517744722       -0.0000000000000000     
  0.49840000000000007        2.6437348069269953       0.54385676998424148       -0.0000000000000000     
  0.50030000000000008        2.6558975447412032       0.55004058737541428       -0.0000000000000000     
  0.50220000000000009        2.6680838302962631       0.55625671058293769       -0.0000000000000000     
  0.50409999999999999        2.6802936963529507       0.56250493369689880       -0.0000000000000000     
  0.50600000000000001        2.6925271746497317       0.56878505171701177       -0.0000000000000000     
  0.50790000000000013        2.7047842959178321       0.57509686060108056       -0.0000000000000000     
  0.50980000000000003        2.7170650898962609       0.58144015731050158       -0.0000000000000000     
  0.51170000000000004        2.7293695853467308       0.58781473985300114       -0.0000000000000000     
  0.51360000000000006        2.7416978100684783       0.59422040732258041       -0.0000000000000000     
  0.51550000000000007        2.7540497909132053       0.60065695993689672       -0.0000000000000000     
  0.51740000000000008        2.7664255537995963       0.60712419907198678       -0.0000000000000000     
  0.51930000000000009        2.7788251237280721       0.61362192729473286       -0.0000000000000000     
  0.52120000000000000        2.7912485247894341       0.62014994839897952       -0.0000000000000000     
  0.52310000000000001        2.8036957802026015       0.62670806740818719       -0.0000000000000000     
  0.52500000000000013        2.8161669122939368       0.63329609063944925       -0.0000000000000000     
  0.52690000000000003        2.8286619425346204       0.63991382570092692       -0.0000000000000000     
  0.52880000000000005        2.8411808915491199       0.64656108152002711       -0.0000000000000000     
  0.53070000000000006        2.8537237791288512       0.65323766836301911       -0.0000000000000000     
  0.53260000000000007        2.8662906242461696       0.65994339785287992       -0.0000000000000000     
  0.53450000000000009        2.8788814450678104       0.66667808298526987       -0.0000000000000000     
  0.53640000000000010        2.8914962589687807       0.67344153814305252       -0.0000000000000000     
  0.53830000000000000        2.9041350825452259       0.68023357910896942       -0.0000000000000000     
  0.54020000000000001        2.9167979316281984       0.68705402307702534       -0.0000000000000000     
  0.54210000000000014        2.9294848212960911       0.69390268866218241       -0.0000000000000000     
  0.54400000000000004        2.9421957658882256       0.70077939590901084       -0.0000000000000000     
  0.54590000000000005        2.9549307790171522       0.70768396629865149       -0.0000000000000000     
  0.54780000000000006        2.9676898735815809       0.71461622275485159       -0.0000000000000000     
  0.54970000000000008        2.9804730617784858       0.72157598964847258       -0.0000000000000000     
  0.55160000000000009        2.9932803551156950       0.72856309280128451       -0.0000000000000000     
  0.55350000000000010        3.0061117644240460       0.73557735948839120       -0.0000000000000000     
  0.55540000000000000        3.0189672998690811       0.74261861843962162       -0.0000000000000000     
  0.55730000000000002        3.0318469709630245       0.74968669984018466       -0.0000000000000000     
  0.55920000000000014        3.0447507865766075       0.75678143533027353       -0.0000000000000000     
  0.56110000000000004        3.0576787549503628       0.76390265800386326       -0.0000000000000000     
  0.56300000000000006        3.0706308837058938       0.77105020240648958       -0.0000000000000000     
  0.56490000000000007        3.0836071798572715       0.77822390453270707       -0.0000000000000000     
  0.56680000000000008        3.0966076498218564       0.78542360182235116       -0.0000000000000000     
  0.56870000000000009        3.1096322994312731       0.79264913315642849       -0.0000000000000000     
  0.57060000000000011        3.1226811339419891       0.79990033885225709       -0.0000000000000000     
  0.57250000000000001        3.1357541580459851       0.80717706065801365       -0.0000000000000000     
  0.57440000000000002        3.1488513758809407       0.81447914174672253       -0.0000000000000000     
  0.57630000000000015        3.1619727910405553       0.82180642670974413       -0.0000000000000000     
  0.57820000000000005        3.1751184065847080       0.82915876154979795       -0.0000000000000000     
  0.58010000000000006        3.1882882250101661       0.83653599367822551       -0.0000000000000000     
  0.58200000000000007        3.2014822484166197       0.84393797188745989       -0.0000000000000000     
  0.58389999999999997        3.2147004782816810       0.85136454637275483       -0.0000000000000000     
  0.58580000000000010        3.2279429156265951       0.85881556870315556       -0.0000000000000000     
  0.58770000000000011        3.2412095609871696       0.86629089181775887       -0.0000000000000000     
  0.58960000000000001        3.2545004144219343       0.87379037001609372       -0.0000000000000000     
  0.59150000000000003        3.2678154755214730       0.88131385894872949       -0.0000000000000000     
  0.59340000000000015        3.2811547434178396       0.88886121560756792       -0.0000000000000000     
  0.59530000000000005        3.2945182167924276       0.89643229831537896       -0.0000000000000000     
  0.59720000000000006        3.3079058938848522       0.90402696671550131       -0.0000000000000000     
  0.59910000000000008        3.3213177725013603       0.91164508176146231       -0.0000000000000000     
  0.60099999999999998        3.3347538500232221       0.91928650570619830       -0.0000000000000000     
  0.60290000000000010        3.3482141234146328       0.92695110209097265       -0.0000000000000000     
  0.60480000000000012        3.3616985892306723       0.93463873573463307       -0.0000000000000000     
  0.60670000000000002        3.3752072436257579       0.94234927272215208       -0.0000000000000000     
  0.60860000000000003        3.3887400823603935       0.95008258039351456       -0.0000000000000000     
  0.61050000000000015        3.4022971008091933       0.95783852733203800       -0.0000000000000000     
  0.61240000000000006        3.4158782939692056       0.96561698335349821       -0.0000000000000000     
  0.61430000000000007        3.4294836564654667       0.97341781949378670       -0.0000000000000000     
  0.61620000000000008        3.4431131825599124       0.98124090799798447       -0.0000000000000000     
  0.61809999999999998        3.4567668661572029       0.98908612230812754       -0.0000000000000000     
  0.62000000000000011        3.4704447008126662       0.99695333705208411       -0.0000000000000000     
  0.62190000000000012        3.4841466797383829        1.0048424280313433       -0.0000000000000000     
  0.62380000000000002        3.4978727958103084        1.0127532722094981       -0.0000000000000000     
  0.62570000000000003        3.5116230415747385        1.0206857477004259       -0.0000000000000000     
  0.62760000000000005        3.5253974092548646        1.0286397337566617       -0.0000000000000000     
  0.62950000000000006        3.5391958907569525        1.0366151107574386       -0.0000000000000000     
  0.63140000000000007        3.5530184776767793        1.0446117601971596       -0.0000000000000000     
  0.63330000000000009        3.5668651613057709        1.0526295646736130       -0.0000000000000000     
  0.63519999999999999        3.5807359326370838        1.0606684078763255       -0.0000000000000000     
  0.63710000000000011        3.5946307823712096        1.0687281745748931       -0.0000000000000000     
  0.63900000000000012        3.6085497009222953        1.0768087506075583       -0.0000000000000000     
  0.64090000000000003        3.6224926784233809        1.0849100228694484       -0.0000000000000000     
  0.64280000000000004        3.6364597047324234        1.0930318793011877       -0.0000000000000000     
  0.64470000000000005        3.6504507694374255        1.1011742088776031       -0.0000000000000000     
  0.64660000000000006        3.6644658618621948        1.1093369015961621       -0.0000000000000000     
  0.64850000000000008        3.6785049710714861        1.1175198484659035       -0.0000000000000000     
  0.65040000000000009        3.6925680858763643        1.1257229414960279       -0.0000000000000000     
  0.65229999999999999        3.7066551948391262        1.1339460736849223       -0.0000000000000000     
  0.65420000000000011        3.7207662862784558        1.1421891390089627       -0.0000000000000000     
  0.65610000000000013        3.7349013482744282        1.1504520324117227       -0.0000000000000000     
  0.65800000000000003        3.7490603686730997        1.1587346497927684       -0.0000000000000000     
  0.65990000000000004        3.7632433350918597        1.1670368879973323       -0.0000000000000000     
  0.66180000000000005        3.7774502349235823        1.1753586448052278       -0.0000000000000000     
  0.66370000000000007        3.7916810553411864        1.1836998189202677       -0.0000000000000000     
  0.66560000000000008        3.8059357833027381        1.1920603099599980       -0.0000000000000000     
  0.66750000000000009        3.8202144055551561        1.2004400184448700       -0.0000000000000000     
  0.66940000000000000        3.8345169086392916        1.2088388457884154       -0.0000000000000000     
  0.67130000000000012        3.8488432788934839        1.2172566942865037       -0.0000000000000000     
  0.67320000000000013        3.8631935024582691        1.2256934671075528       -0.0000000000000000     
  0.67510000000000003        3.8775675652805570        1.2341490682824523       -0.0000000000000000     
  0.67700000000000005        3.8919654531172139        1.2426234026946108       -0.0000000000000000     
  0.67890000000000006        3.9063871515392110        1.2511163760699104       -0.0000000000000000     
  0.68080000000000007        3.9208326459361129        1.2596278949674646       -0.0000000000000000     
  0.68270000000000008        3.9353019215188247        1.2681578667695068       -0.0000000000000000     
  0.68460000000000010        3.9497949633244804        1.2767061996723004       -0.0000000000000000     
  0.68650000000000000        3.9643117562192636        1.2852728026764200       -0.0000000000000000     
  0.68840000000000012        3.9788522849027324        1.2938575855777026       -0.0000000000000000     
  0.69030000000000014        3.9934165339104837        1.3024604589576998       -0.0000000000000000     
  0.69220000000000004        4.0080044876188428        1.3110813341750920       -0.0000000000000000     
  0.69410000000000005        4.0226161302472434        1.3197201233562321       -0.0000000000000000     
  0.69600000000000006        4.0372514458623767        1.3283767393866890       -0.0000000000000000     
  0.69790000000000008        4.0519104183808494        1.3370510959019533       -0.0000000000000000     
  0.69980000000000009        4.0665930315729009        1.3457431072793486       -0.0000000000000000     
  0.70170000000000010        4.0812992690654353        1.3544526886290553       -0.0000000000000000     
  0.70360000000000000        4.0960291143452707        1.3631797557858338       -0.0000000000000000     
  0.70550000000000002        4.1107825507619653        1.3719242253006054       -0.0000000000000000     
  0.70740000000000014        4.1255595615309417        1.3806860144320718       -0.0000000000000000     
  0.70930000000000004        4.1403601297369734        1.3894650411390514       -0.0000000000000000     
  0.71120000000000005        4.1551842383358952        1.3982612240716075       -0.0000000000000000     
  0.71310000000000007        4.1700318701588106        1.4070744825639228       -0.0000000000000000     
  0.71500000000000008        4.1849030079142979        1.4159047366260438       -0.0000000000000000     
  0.71690000000000009        4.1997976341908521        1.4247519069360306       -0.0000000000000000     
  0.71880000000000011        4.2147157314601786        1.4336159148325598       -0.0000000000000000     
  0.72070000000000001        4.2296572820795042        1.4424966823072116       -0.0000000000000000     
  0.72260000000000002        4.2446222682945232        1.4513941319972035       -0.0000000000000000     
  0.72450000000000014        4.2596106722414344        1.4603081871776460       -0.0000000000000000     
  0.72640000000000005        4.2746224759499540        1.4692387717547073       -0.0000000000000000     
  0.72830000000000006        4.2896576613454949        1.4781858102581737       -0.0000000000000000     
  0.73020000000000007        4.3047162102520096        1.4871492278344742       -0.0000000000000000     
  0.73210000000000008        4.3197981043938105        1.4961289502396915       -0.0000000000000000     
  0.73400000000000010        4.3349033253982387        1.5051249038325956       -0.0000000000000000     
  0.73590000000000011        4.3500318547979990        1.5141370155678817       -0.0000000000000000     
  0.73780000000000001        4.3651836740333501        1.5231652129895501       -0.0000000000000000     
  0.73970000000000002        4.3803587644543747        1.5322094242241640       -0.0000000000000000     
  0.74160000000000015        4.3955571073227908        1.5412695779741732       -0.0000000000000000     
  0.74350000000000005        4.4107786838150833        1.5503456035119378       -0.0000000000000000     
  0.74540000000000006        4.4260234750233218        1.5594374306728496       -0.0000000000000000     
  0.74730000000000008        4.4412914619581016        1.5685449898492649       -0.0000000000000000     
  0.74919999999999998        4.4565826255503653        1.5776682119843455       -0.0000000000000000     
  0.75110000000000010        4.4718969466533984        1.5868070285659663       -0.0000000000000000     
  0.75300000000000011        4.4872344060445348        1.5959613716204262       -0.0000000000000000     
  0.75490000000000002        4.5025949844275566        1.6051311737068736       -0.0000000000000000     
  0.75680000000000003        4.5179786624341611        1.6143163679111643       -0.0000000000000000     
  0.75870000000000015        4.5333854206260922        1.6235168878401227       -0.0000000000000000     
  0.76060000000000005        4.5488152394969177        1.6327326676159875       -0.0000000000000000     
  0.76250000000000007        4.5642680994733711        1.6419636418703896       -0.0000000000000000     
  0.76440000000000008        4.5797439809180647        1.6512097457392363       -0.0000000000000000     
  0.76629999999999998        4.5952428641303422        1.6604709148570163       -0.0000000000000000     
  0.76820000000000010        4.6107647293482099        1.6697470853512815       -0.0000000000000000     
  0.77010000000000012        4.6263095567503436        1.6790381938375036       -0.0000000000000000     
  0.77200000000000002        4.6418773264571564        1.6883441774135362       -0.0000000000000000     
  0.77390000000000003        4.6574680185331889        1.6976649736549472       -0.0000000000000000     
  0.77580000000000016        4.6730816129876693        1.7070005206090999       -0.0000000000000000     
  0.77770000000000006        4.6887180897769190        1.7163507567907939       -0.0000000000000000     
  0.77960000000000007        4.7043774288055396        1.7257156211769313       -0.0000000000000000     
  0.78150000000000008        4.7200596099279428        1.7350950532015970       -0.0000000000000000     
  0.78339999999999999        4.7357646129498230        1.7444889927513678       -0.0000000000000000     
  0.78530000000000011        4.7514924176296143        1.7538973801603295       -0.0000000000000000     
  0.78720000000000012        4.7672430036798179        1.7633201562053575       -0.0000000000000000     
  0.78910000000000002        4.7830163507686398        1.7727572621016772       -0.0000000000000000     
  0.79100000000000004        4.7988124385210780        1.7822086394979328       -0.0000000000000000     
  0.79290000000000016        4.8146312465203778        1.7916742304718711       -0.0000000000000000     
  0.79480000000000006        4.8304727543094668        1.8011539775257774       -0.0000000000000000     
  0.79670000000000007        4.8463369413922432        1.8106478235821108       -0.0000000000000000     
  0.79860000000000009        4.8622237872343606        1.8201557119789094       -0.0000000000000000     
  0.80049999999999999        4.8781332712653391        1.8296775864658370       -0.0000000000000000     
  0.80240000000000011        4.8940653728792114        1.8392133911997506       -0.0000000000000000     
  0.80430000000000013        4.9100200714356284        1.8487630707403546       -0.0000000000000000     
  0.80620000000000003        4.9259973462617506        1.8583265700464158       -0.0000000000000000     
  0.80810000000000004        4.9419971766524622        1.8679038344712975       -0.0000000000000000     
  0.81000000000000016        4.9580195418723774        1.8774948097592299       -0.0000000000000000     
  0.81190000000000007        4.9740644211564629        1.8870994420412341       -0.0000000000000000     
  0.81380000000000008        4.9901317937111029        1.8967176778310022       -0.0000000000000000     
  0.81570000000000009        5.0062216387158980        1.9063494640214855       -0.0000000000000000     
  0.81759999999999999        5.0223339353233971        1.9159947478804042       -0.0000000000000000     
  0.81950000000000012        5.0384686626617823        1.9256534770472571       -0.0000000000000000     
  0.82140000000000013        5.0546257998345405        1.9353255995289220       -0.0000000000000000     
  0.82330000000000003        5.0708053259221391        1.9450110636963305       -0.0000000000000000     
  0.82520000000000004        5.0870072199829872        1.9547098182808005       -0.0000000000000000     
  0.82710000000000006        5.1032314610542953        1.9644218123704282       -0.0000000000000000     
  0.82900000000000007        5.1194780281528010        1.9741469954064039       -0.0000000000000000     
  0.83090000000000008        5.1357469002763816        1.9838853171798729       -0.0000000000000000     
  0.83280000000000010        5.1520380564043222        1.9936367278281732       -0.0000000000000000     
  0.83470000000000000        5.1683514754985822        2.0034011778315572       -0.0000000000000000     
  0.83660000000000012        5.1846871365043983        2.0131786180098006       -0.0000000000000000     
  0.83850000000000013        5.2010450183515609        2.0229689995189735       -0.0000000000000000     
  0.84040000000000004        5.2174250999550331        2.0327722738481642       -0.0000000000000000     
  0.84230000000000005        5.2338273602157752        2.0425883928160329       -0.0000000000000000     
  0.84420000000000006        5.2502517780216706        2.0524173085679851       -0.0000000000000000     
  0.84609999999999996        5.2666983322484304        2.0622589735727881       -0.0000000000000000     
  0.84799999999999998        5.2831670017599341        2.0721133406193610       -0.0000000000000000     
  0.84989999999999999        5.2996577654098083        2.0819803628140590       -0.0000000000000000     
  0.85180000000000000        5.3161706020414528        2.0918599935773767       -0.0000000000000000     
  0.85370000000000013        5.3327054904892854        2.1017521866409647       -0.0000000000000000     
  0.85560000000000014        5.3492624095791523        2.1116568960447837       -0.0000000000000000     
  0.85750000000000004        5.3658413381295329        2.1215740761342370       -0.0000000000000000     
  0.85940000000000005        5.3824422549517470        2.1315036815571236       -0.0000000000000000     
  0.86130000000000007        5.3990651388509079        2.1414456672608044       -0.0000000000000000     
  0.86319999999999997        5.4157099686265315        2.1513999884895112       -0.0000000000000000     
  0.86509999999999998        5.4323767230736042        2.1613666007816317       -0.0000000000000000     
  0.86699999999999999        5.4490653809824554        2.1713454599666742       -0.0000000000000000     
  0.86890000000000001        5.4657759211404358        2.1813365221629200       -0.0000000000000000     
  0.87079999999999991        5.4825083223316575        2.1913397437744919       -0.0000000000000000     
  0.87270000000000014        5.4992625633382719        2.2013550814888916       -0.0000000000000000     
  0.87460000000000004        5.5160386229405560        2.2113824922741716       -0.0000000000000000     
  0.87650000000000006        5.5328364799182106        2.2214219333766581       -0.0000000000000000     
  0.87840000000000007        5.5496561130502613        2.2314733623181731       -0.0000000000000000     
  0.88029999999999997        5.5664975011160536        2.2415367368935808       -0.0000000000000000     
  0.88219999999999998        5.5833606228957002        2.2516120151683054       -0.0000000000000000     
  0.88410000000000000        5.6002454571709634        2.2616991554760788       -0.0000000000000000     
  0.88600000000000001        5.6171519827252325        2.2717981164161141       -0.0000000000000000     
  0.88789999999999991        5.6340801783446102        2.2819088568510439       -0.0000000000000000     
  0.88980000000000015        5.6510300228182517        2.2920313359045013       -0.0000000000000000     
  0.89170000000000005        5.6680014949388156        2.3021655129586414       -0.0000000000000000     
  0.89360000000000006        5.6849945735029737        2.3123113476518831       -0.0000000000000000     
  0.89550000000000007        5.7020092373124056        2.3224687998768885       -0.0000000000000000     
  0.89739999999999998        5.7190454651736848        2.3326378297779131       -0.0000000000000000     
  0.89929999999999999        5.7361032358988693        2.3428183977487329       -0.0000000000000000     
  0.90120000000000000        5.7531825283065254        2.3530104644306484       -0.0000000000000000     
  0.90309999999999990        5.7702833212213847        2.3632139907099154       -0.0000000000000000     
  0.90499999999999992        5.7874055934757838        2.3734289377159996       -0.0000000000000000     
  0.90689999999999993        5.8045493239090362        2.3836552668191247       -0.0000000000000000     
  0.90879999999999994        5.8217144913690566        2.3938929396285138       -0.0000000000000000     
  0.91070000000000007        5.8389010747116457        2.4041419179898749       -0.0000000000000000     
  0.91260000000000008        5.8561090528017719        2.4144021639836999       -0.0000000000000000     
  0.91449999999999998        5.8733384045137305        2.4246736399231517       -0.0000000000000000     
  0.91639999999999999        5.8905891087314695        2.4349563083520431       -0.0000000000000000     
  0.91830000000000001        5.9078611443492504        2.4452501320428564       -0.0000000000000000     
  0.92019999999999991        5.9251544902715256        2.4555550739946557       -0.0000000000000000     
  0.92209999999999992        5.9424691254140880        2.4658710974314344       -0.0000000000000000     
  0.92399999999999993        5.9598050287039506        2.4761981658000063       -0.0000000000000000     
  0.92589999999999995        5.9771621790799516        2.4865362427681239       -0.0000000000000000     
  0.92780000000000007        5.9945405554928213        2.4968852922226334       -0.0000000000000000     
  0.92970000000000008        6.0119401369059835        2.5072452782676877       -0.0000000000000000     
  0.93159999999999998        6.0293609022957941        2.5176161652228024       -0.0000000000000000     
  0.93350000000000000        6.0468028306514281        2.5279979176210636       -0.0000000000000000     
  0.93540000000000001        6.0642659009760900        2.5383905002075200       -0.0000000000000000     
  0.93729999999999991        6.0817500922866570        2.5487938779371779       -0.0000000000000000     
  0.93919999999999992        6.0992553836145849        2.5592080159735446       -0.0000000000000000     
  0.94109999999999994        6.1167817540050464        2.5696328796862158       -0.0000000000000000     
  0.94299999999999995        6.1343291825192967        2.5800684346503377       -0.0000000000000000     
  0.94490000000000007        6.1518976482330316        2.5905146466437534       -0.0000000000000000     
  0.94680000000000009        6.1694871302377177        2.6009714816459786       -0.0000000000000000     
  0.94869999999999999        6.1870976076407809        2.6114389058364798       -0.0000000000000000     
  0.95060000000000000        6.2047290595656071        2.6219168855927437       -0.0000000000000000     
  0.95250000000000001        6.2223814651521154        2.6324053874889928       -0.0000000000000000     
  0.95439999999999992        6.2400548035571886        2.6429043782945296       -0.0000000000000000     
  0.95629999999999993        6.2577490539544023        2.6534138249719219       -0.0000000000000000     
  0.95819999999999994        6.2754641955349353        2.6639336946757681       -0.0000000000000000     
  0.96009999999999995        6.2932002075074482        2.6744639547508422       -0.0000000000000000     
  0.96199999999999986        6.3109570690984444        2.6850045727307865       -0.0000000000000000     
  0.96390000000000009        6.3287347595525372        2.6955555163364298       -0.0000000000000000     
  0.96579999999999999        6.3465332581328937        2.7061167534745016       -0.0000000000000000     
  0.96770000000000000        6.3643525441209450        2.7166882522358260       -0.0000000000000000     
  0.96960000000000002        6.3821925968176281        2.7272699808942908       -0.0000000000000000     
  0.97149999999999992        6.4000533955424874        2.7378619079049340       -0.0000000000000000     
  0.97339999999999993        6.4179349196346278        2.7484640019028204       -0.0000000000000000     
  0.97529999999999994        6.4358371484528467        2.7590762317015671       -0.0000000000000000     
  0.97719999999999996        6.4537600613758990        2.7696985662918761       -0.0000000000000000     
  0.97909999999999986        6.4717036378021264        2.7803309748400324       -0.0000000000000000     
  0.98100000000000009        6.4896678571507875        2.7909734266868673       -0.0000000000000000     
  0.98290000000000000        6.5076526988611052        2.8016258913459406       -0.0000000000000000     
  0.98480000000000001        6.5256581423935716        2.8122883385027517       -0.0000000000000000     
  0.98670000000000002        6.5436841672292694        2.8229607380128545       -0.0000000000000000     
  0.98859999999999992        6.5617307528704494        2.8336430599008029       -0.0000000000000000     
  0.99049999999999994        6.5797978788409424        2.8443352743589214       -0.0000000000000000     
  0.99239999999999995        6.5978855246858092        2.8550373517457968       -0.0000000000000000     
  0.99429999999999996        6.6159936699721689        2.8657492625851750       -0.0000000000000000     
  0.99619999999999986        6.6341222942886731        2.8764709775645412       -0.0000000000000000     
  0.99810000000000010        6.6522713772465272        2.8872024675340255       -0.0000000000000000     
   1.0000000000000000        6.6704408984790318        2.8979437035051445       -0.0000000000000000     
