5.0000000000000003E-002  0.23873791784449316  5.6217480771214752E-004
5.1899999999999995E-002  0.24783275681517780  6.4395323166272465E-004
5.3800000000000001E-002  0.25693070708347482  7.3263484038303510E-004
5.5700000000000006E-002  0.26603190484497802  8.2837324660249372E-004
5.7599999999999998E-002  0.27513648220158143  9.3131211052184450E-004
5.9499999999999997E-002  0.28424456701545453  1.0415858940309814E-003
6.1400000000000003E-002  0.29335628313431705  1.1593205572755312E-003
6.3300000000000009E-002  0.30247175057817050  1.2846342266141580E-003
6.5200000000000008E-002  0.31159108553308279  1.4176378394996226E-003
6.7099999999999993E-002  0.32071440056020467  1.5584357479023251E-003
6.9000000000000006E-002  0.32984180470914776  1.7071262970354455E-003
7.0900000000000005E-002  0.33897340364961054  1.8638023748933090E-003
7.2799999999999990E-002  0.34810929978032545  2.0285519349168371E-003
7.4700000000000003E-002  0.35724959245550780  2.2014584916908433E-003
7.6600000000000001E-002  0.36639437798007130  2.3826015944558225E-003
7.8500000000000000E-002  0.37554374982464017  2.5720572744796183E-003
8.0400000000000013E-002  0.38469779873297844  2.7698984713360520E-003
8.2300000000000012E-002  0.39385661284697432  2.9761954374377150E-003
8.4199999999999997E-002  0.40302027782930389  3.1910161222437486E-003
8.6099999999999996E-002  0.41218887698368289  3.4144265368829850E-003
8.7999999999999995E-002  0.42136249137189336  3.6464911003463527E-003
8.9899999999999994E-002  0.43054119992795775  3.8872729679337763E-003
9.1800000000000007E-002  0.43972507957144358  4.1368343429484967E-003
9.3700000000000006E-002  0.44891420531355736  4.3952367723161141E-003
9.5600000000000004E-002  0.45810865034481546  4.6625414268662586E-003
9.7500000000000017E-002  0.46730848621512949  4.9388093680710864E-003
9.9400000000000002E-002  0.47651378281780732  5.2241017991017033E-003
0.10130000000000000  0.48572460856253086  5.5184803047411612E-003
0.10320000000000000  0.49494103045057769  5.8220070779672964E-003
0.10510000000000000  0.50416311416570603  6.1347451349368122E-003
0.10700000000000000  0.51339092416255694  6.4567585188594206E-003
0.10890000000000001  0.52262452375190593  6.7881124932629572E-003
0.11080000000000001  0.53186397518388717  7.1288737252921596E-003
0.11270000000000001  0.54110933972771491  7.4791104595105882E-003
0.11460000000000002  0.55036067774972375  7.8388926827673584E-003
0.11649999999999999  0.55961804878834320  8.2082922805916027E-003
0.11840000000000001  0.56888151162683642  8.5873831855990349E-003
0.12030000000000000  0.57815112436386462  8.9762415183269346E-003
0.12220000000000000  0.58742694448132471  9.3749457209654219E-003
0.12410000000000000  0.59670902891049726  9.7835766843532585E-003
0.12600000000000000  0.60599743409576445  1.0202217868653709E-002
0.12790000000000001  0.61529221605634199  1.0630955418058080E-002
0.12980000000000003  0.62459343044581361  1.1069878269807735E-002
0.13169999999999998  0.63390113261012049  1.1519078258026793E-002
0.13360000000000000  0.64321534518676748  1.1973007544667683E-002
0.13550000000000001  0.65253603846282882  1.2432806615294011E-002
0.13739999999999999  0.66186321916046920  1.2900250934043553E-002
0.13930000000000001  0.67119690817762878  1.3376021177110340E-002
0.14120000000000002  0.68053713317954712  1.3860551739623136E-002
0.14310000000000000  0.68988392613433558  1.4354170735672486E-002
0.14500000000000002  0.69923732210875578  1.4857149982065779E-002
0.14690000000000000  0.70859735857679007  1.5369728077053866E-002
0.14879999999999999  0.71796407498380255  1.5892122751106002E-002
0.15070000000000000  0.72733751245486755  1.6424538159393775E-002
0.15260000000000001  0.73671771359113736  1.6967169504716169E-002
0.15450000000000000  0.74610472232405944  1.7520206131518595E-002
0.15640000000000001  0.75549858380804624  1.8083833687754378E-002
0.15830000000000002  0.76489934434124685  1.8658235689669112E-002
0.16020000000000001  0.77430705130581745  1.9243594688461377E-002
0.16210000000000002  0.78372175312409753  1.9840093162359834E-002
0.16400000000000001  0.79314349922506899  2.0447914214166741E-002
0.16589999999999999  0.80257234001996813  2.1067242127071822E-002
0.16780000000000000  0.81200832688507862  2.1698262815705149E-002
0.16970000000000002  0.82145151214956835  2.2341164197601997E-002
0.17160000000000000  0.83090194908766457  2.2996136503605977E-002
0.17350000000000002  0.84035969191468429  2.3663372540567704E-002
0.17540000000000003  0.84982479578560921  2.4343067916277605E-002
0.17730000000000001  0.85929731679591148  2.5035421233926054E-002
0.17920000000000003  0.86877731198469732  2.5740634261921042E-002
0.18110000000000001  0.87826483933905097  2.6458912083407556E-002
0.18300000000000000  0.88775995779975991  2.7190463228724992E-002
0.18490000000000001  0.89726272726815082  2.7935499793612695E-002
0.18680000000000002  0.90677320861391619  2.8694237545054839E-002
0.18870000000000001  0.91629146368329251  2.9466896016620392E-002
0.19060000000000002  0.92581755530825260  3.0253698594322833E-002
0.19250000000000003  0.93535154731582870  3.1054872594214376E-002
0.19439999999999999  0.94489350453799892  3.1870649332488753E-002
0.19630000000000000  0.95444349282160679  3.2701264188628815E-002
0.19820000000000002  0.96400157902976824  3.3546956661995093E-002
0.20010000000000000  0.97356783108838585  3.4407970423121284E-002
0.20200000000000001  0.98314231794225215  3.5284553357788462E-002
0.20390000000000003  0.99272510960175064  3.6176957606927886E-002
0.20580000000000001  1.0023162771442493  3.7085439600394968E-002
0.20770000000000002  1.0119158927243588  3.8010260085454751E-002
0.20960000000000004  1.0215240295841732  3.8951684149933559E-002
0.21149999999999999  1.0311407620632393  3.9909981239977479E-002
0.21340000000000001  1.0407661656083200  4.0885425172357576E-002
0.21529999999999999  1.0504003167829736  4.1878294141288110E-002
0.21720000000000000  1.0600432932767043  4.2888870719559651E-002
0.21909999999999999  1.0696951739139009  4.3917441853952376E-002
0.22100000000000003  1.0793560386623064  4.4964298854706951E-002
0.22289999999999999  1.0890259686411730  4.6029737378939090E-002
0.22479999999999997  1.0987050461288805  4.7114057407777889E-002
0.22670000000000001  1.1083933545701341  4.8217563217050098E-002
0.22860000000000000  1.1180909785826634  4.9340563341349258E-002
0.23050000000000001  1.1277980039633135  5.0483370531249704E-002
0.23240000000000000  1.1375145176936110  5.1646301703449506E-002
0.23430000000000001  1.1472406079447008  5.2829677883681848E-002
0.23619999999999999  1.1569763640815212  5.4033824142134007E-002
0.23810000000000003  1.1667218766665368  5.5259069521234709E-002
0.23999999999999999  1.1764772374625057  5.6505746955520769E-002
0.24189999999999998  1.1862425394345857  5.7774193183462011E-002
0.24380000000000002  1.1960178767516967  5.9064748651043823E-002
0.24570000000000000  1.2058033447869545  6.0377757406886272E-002
0.24760000000000001  1.2155990401173380  6.1713566988786328E-002
0.24950000000000000  1.2254050605223668  6.3072528301524808E-002
0.25140000000000001  1.2352215049819955  6.4454995485760877E-002
0.25330000000000003  1.2450484736733776  6.5861325777933286E-002
0.25519999999999998  1.2548860679667313  6.7291879361090060E-002
0.25710000000000000  1.2647343904201800  6.8747019206495008E-002
0.25900000000000001  1.2745935447735477  7.0227110906045165E-002
0.26090000000000002  1.2844636359409731  7.1732522495410150E-002
0.26279999999999998  1.2943447700025601  7.3263624267901478E-002
0.26469999999999999  1.3042370541947566  7.4820788579126496E-002
0.26660000000000000  1.3141405968996682  7.6404389642473855E-002
0.26849999999999996  1.3240555076331109  7.8014803315476375E-002
0.27040000000000003  1.3339818970314670  7.9652406877218918E-002
0.27229999999999999  1.3439198768373537  8.1317578796976930E-002
0.27420000000000000  1.3538695598899178  8.3010698494433280E-002
0.27610000000000001  1.3638310600840644  8.4732146090200522E-002
0.27799999999999997  1.3738044923884194  8.6482302150930460E-002
0.27989999999999998  1.3837899728015850  8.8261547423790304E-002
0.28179999999999999  1.3937876183376159  9.0070262564987832E-002
0.28370000000000001  1.4037975470037523  9.1908827860733039E-002
0.28559999999999997  1.4138198777773017  9.3777622941596403E-002
0.28750000000000003  1.4238547305807918  9.5677026490681480E-002
0.28939999999999999  1.4339022262560799  9.7607415945911408E-002
0.29130000000000000  1.4439624865370397  9.9569167197231204E-002
0.29320000000000002  1.4540356340210552  0.10156265427909804
0.29509999999999997  1.4641217921390992  0.10358824905888211
0.29699999999999999  1.4742210851247535  0.10564632092197446
0.29890000000000000  1.4843336379817282  0.10773723645391658
0.30080000000000001  1.4944595764505593  0.10986135912067928
0.30269999999999997  1.5045990269736276  0.11201904894743014
0.30460000000000004  1.5147521166594404  0.11421066219674178
0.30649999999999999  1.5249189732455448  0.11643655104689936
0.30840000000000001  1.5350997250604532  0.11869706327117421
0.31030000000000002  1.5452945009845456  0.12099254191873109
0.31219999999999998  1.5555034304099311  0.12332332499810837
0.31409999999999999  1.5657266431993593  0.12568974516397638
0.31600000000000000  1.5759642696442806  0.12809212940799011
0.31790000000000002  1.5862164404219956  0.13053079875460838
0.31979999999999997  1.5964832865521166  0.13300606796264755
0.32170000000000004  1.6067649393521628  0.13551824523333214
0.32360000000000000  1.6170615303926623  0.13806763192570268
0.32549999999999996  1.6273731914515113  0.14065452228004813
0.32740000000000002  1.6377000544678704  0.14327920315019524
0.32929999999999998  1.6480422514956108  0.14594195374534716
0.33119999999999999  1.6583999146563206  0.14864304538210599
0.33310000000000001  1.6687731760920468  0.15138274124742801
0.33500000000000002  1.6791621679226947  0.15416129617392005
0.33689999999999998  1.6895670221779808  0.15697895642293011
0.33879999999999999  1.6999878707809786  0.15983595948896329
0.34070000000000000  1.7104248454788302  0.16273253390848280
0.34259999999999996  1.7208780778005472  0.16566889908666102
0.34450000000000003  1.7313476990093837  0.16864526513727940
0.34639999999999999  1.7418338400553202  0.17166183273688479
0.34830000000000000  1.7523366315279412  0.17471879299365609
0.35020000000000001  1.7628562036096669  0.17781632733104621
0.35210000000000002  1.7733926860293689  0.18095460738656688
0.35399999999999998  1.7839462080164736  0.18413379492569437
0.35589999999999999  1.7945168982556892  0.18735404177105250
0.35780000000000001  1.8051048848423115  0.19061548974690479
0.35969999999999996  1.8157102952382091  0.19391827063887490
0.36160000000000003  1.8263332562286503  0.19726250616884294
0.36349999999999999  1.8369738938851203  0.20064830798628566
0.36540000000000000  1.8476323335019378  0.20407577766724552
0.36730000000000002  1.8583086995895446  0.20754500674263673
0.36920000000000003  1.8690031158117060  0.21105607672592652
0.37109999999999999  1.8797157049527391  0.21460905916230905
0.37300000000000000  1.8904465888800062  0.21820401569011807
0.37490000000000001  1.9011958885075060  0.22184099811535965
0.37679999999999997  1.9119637237606784  0.22552004849911148
0.37870000000000004  1.9227502135423282  0.22924119925718459
0.38059999999999999  1.9335554756997408  0.23300447327162907
0.38250000000000001  1.9443796269930982  0.23680988401348782
0.38440000000000002  1.9552227830651734  0.24065743567630896
0.38629999999999998  1.9660850584174969  0.24454712332171091
0.38819999999999999  1.9769665663605400  0.24847893302462085
0.39010000000000000  1.9878674190221204  0.25245284204793406
0.39200000000000002  1.9987877272979913  0.25646881900442348
0.39389999999999997  2.0097276008343394  0.26052682403722405
0.39580000000000004  2.0206871480055053  0.26462680900524171
0.39770000000000000  2.0316664758928455  0.26876871767504190
0.39959999999999996  2.0426656902650353  0.27295248591857174
0.40150000000000002  2.0536848955596598  0.27717804191617951
0.40339999999999998  2.0647241948661481  0.28144530636423798
0.40529999999999999  2.0757836899154989  0.28575419268934593
0.40720000000000001  2.0868634810426858  0.29010460725291515
0.40910000000000002  2.0979636672101862  0.29449644958576238
0.41099999999999998  2.1090843459701794  0.29892961259683476
0.41290000000000004  2.1202256134607054  0.30340398279831210
0.41480000000000000  2.1313875643962614  0.30791944052896758
0.41669999999999996  2.1425702920595953  0.31247586017827600
0.41860000000000003  2.1537738882946225  0.31707311041069991
0.42049999999999998  2.1649984435005480  0.32171105438984171
0.42240000000000005  2.1762440466270823  0.32638955000193914
0.42430000000000007  2.1875107851749891  0.33110845008077633
0.42620000000000002  2.1987987451753401  0.33586760261798876
0.42809999999999998  2.2101080112170157  0.34066685099909638
0.43000000000000005  2.2214386664252892  0.34550603420848203
0.43190000000000006  2.2327907924677901  0.35038498704698745
0.43380000000000002  2.2441644695558440  0.35530354034353101
0.43570000000000003  2.2555597764466011  0.36026152116365145
0.43759999999999999  2.2669767904462290  0.36525875301470673
0.43950000000000006  2.2784155874187011  0.37029505605109791
0.44140000000000007  2.2898762417694836  0.37537024725702334
0.44330000000000003  2.3013588264844342  0.38048414066405489
0.44519999999999998  2.3128634131122761  0.38563654752430154
0.44710000000000000  2.3243900717779211  0.39082727650023452
0.44900000000000007  2.3359388711899318  0.39605613384569383
0.45090000000000002  2.3475098786487205  0.40132292358239435
0.45280000000000004  2.3591031600553145  0.40662744767185399
0.45469999999999999  2.3707187799208018  0.41196950618257477
0.45660000000000006  2.3823568013760776  0.41734889745252368
0.45850000000000007  2.3940172861823128  0.42276541824677821
0.46040000000000003  2.4057002947455315  0.42821886391444314
0.46229999999999999  2.4174058861122734  0.43370902851984050
0.46420000000000000  2.4291341180059498  0.43923570501187992
0.46610000000000007  2.4408850468216268  0.44479868534422595
0.46800000000000003  2.4526587276430556  0.45039776061357917
0.46990000000000004  2.4644552142554530  0.45603272118842969
0.47180000000000011  2.4762745591586515  0.46170335683303976
0.47370000000000007  2.4881168135803526  0.46740945682677593
0.47560000000000008  2.4999820274898670  0.47315081007883480
0.47750000000000004  2.5118702496119436  0.47892720523830096
0.47939999999999999  2.5237815274407538  0.48473843079977758
0.48130000000000006  2.5357159072542501  0.49058427520457354
0.48320000000000007  2.5476734341285368  0.49646452693756249
0.48510000000000003  2.5596541519541161  0.50237897462496117
0.48700000000000004  2.5716581034434962  0.50832740710123780
0.48890000000000011  2.5836853301572238  0.51430961352661919
0.49080000000000007  2.5957358725109274  0.52032538344469592
0.49270000000000008  2.6078097697921678  0.52637450686471232
0.49460000000000004  2.6199070601756378  0.53245677433422711
0.49650000000000000  2.6320277807381154  0.53857197700815684
0.49840000000000007  2.6441719674737145  0.54471990671415926
0.50030000000000008  2.6563396553087104  0.55090035601453613
0.50220000000000009  2.6685308781168877  0.55711311826479903
0.50409999999999999  2.6807456687344811  0.56335798766898870
0.50600000000000001  2.6929840589753327  0.56963475933181518
0.50790000000000013  2.7052460796457880  0.57594322930759845
0.50980000000000003  2.7175317605597615  0.58228319464648903
0.51170000000000004  2.7298411305536132  0.58865445343763168
0.51360000000000006  2.7421742175010122  0.59505680484968482
0.51550000000000007  2.7545310483277716  0.60149004916864279
0.51740000000000008  2.7669116490263366  0.60795398783301691
0.51930000000000009  2.7793160446706677  0.61444842346675843
0.52120000000000000  2.7917442594244068  0.62097315991552937
0.52310000000000001  2.8041963165798354  0.62752800225065042
0.52500000000000013  2.8166722385353160  0.63411275683205404
0.52690000000000003  2.8291720468342514  0.64072723130716702
0.52880000000000005  2.8416957621726269  0.64737123463889645
0.53070000000000006  2.8542434044132152  0.65404457712582265
0.53260000000000007  2.8668149925991266  0.66074707042003145
0.53450000000000009  2.8794105449676186  0.66747852754368764
0.53640000000000010  2.8920300789636797  0.67423876290351892
0.53830000000000000  2.9046736112531457  0.68102759230384213
0.54020000000000001  2.9173411577361077  0.68784483295818677
0.54210000000000014  2.9300327335598912  0.69469030349916328
0.54400000000000004  2.9427483531321572  0.70156382398727457
0.54590000000000005  2.9554880301332727  0.70846521591802669
0.54780000000000006  2.9682517775294959  0.71539430222820410
0.54970000000000008  2.9810396075848860  0.72235090730057627
0.55160000000000009  2.9938515318739225  0.72933485696760825
0.55350000000000010  3.0066875612936079  0.73634597851421058
0.55540000000000000  3.0195477060752753  0.74338410067923144
0.55730000000000002  3.0324319757966864  0.75044905365616354
0.55920000000000014  3.0453403793933900  0.75754066909285933
0.56110000000000004  3.0582729251704128  0.76465878009035648
0.56300000000000006  3.0712296208136003  0.77180322120100397
0.56490000000000007  3.0842104734006979  0.77897382842558882
0.56680000000000008  3.0972154894123758  0.78617043921002128
0.56870000000000009  3.1102446747431238  0.79339289244111422
0.57060000000000011  3.1232980347120125  0.80064102844182816
0.57250000000000001  3.1363755740729631  0.80791468896581986
0.57440000000000002  3.1494772970254967  0.81521371719159164
0.57630000000000015  3.1626032072246351  0.82253795771590255
0.57820000000000005  3.1757533077911186  0.82988725654685414
0.58010000000000006  3.1889276012818359  0.83726146110072663
0.58200000000000007  3.2021260898575092  0.84466042017645715
0.58389999999999997  3.2153487750552117  0.85208398397448859
0.58580000000000010  3.2285956579556543  0.85953200406951424
0.58770000000000011  3.2418667391535538  0.86700433340641136
0.58960000000000001  3.2551620187660211  0.87450082629060366
0.59150000000000003  3.2684814964424054  0.88202133837902552
0.59340000000000015  3.2818251713724402  0.88956572666970501
0.59530000000000005  3.2951930422951219  0.89713384949179931
0.59720000000000006  3.3085851075074015  0.90472556649538027
0.59910000000000008  3.3220013648727100  0.91234073864084331
0.60099999999999998  3.3354418118286575  0.91997922818792066
0.60290000000000010  3.3489064453957051  0.92764089868521049
0.60480000000000012  3.3623952621849940  0.93532561495867006
0.60670000000000002  3.3759082584065045  0.94303324310098124
0.60860000000000003  3.3894454298758609  0.95076365045956901
0.61050000000000015  3.4030067720231396  0.95851670562587044
0.61240000000000006  3.4165922798993758  0.96629227842330845
0.61430000000000007  3.4302019481844841  0.97409023989615973
0.61620000000000008  3.4438357711941370  0.98191046229755796
0.61809999999999998  3.4574937428868866  0.98975281907806123
0.62000000000000011  3.4711758568714486  0.99761718487400997
0.62190000000000012  3.4848821064128406  1.0055034354953469
0.62380000000000002  3.4986124844400694  1.0134114479144960
0.62570000000000003  3.5123669835516638  1.0213411002540207
0.62760000000000005  3.5261455960234009  1.0292922717753721
0.62950000000000006  3.5399483138132792  1.0372648428665932
0.63140000000000007  3.5537751285686738  1.0452586950310190
0.63330000000000009  3.5676260316326047  1.0532737108754733
0.63519999999999999  3.5815010140491768  1.0613097740985178
0.63710000000000011  3.5954000665697667  1.0693667694787072
0.63900000000000012  3.6093231796588601  1.0774445828631782
0.64090000000000003  3.6232703435000051  1.0855431011561418
0.64280000000000004  3.6372415480010232  1.0936622123071758
0.64470000000000005  3.6512367827997410  1.1018018052999945
0.64660000000000006  3.6652560372694722  1.1099617701409683
0.64850000000000008  3.6792993005238754  1.1181419978477498
0.65040000000000009  3.6933665614233195  1.1263423804384738
0.65229999999999999  3.7074578085783489  1.1345628109199106
0.65420000000000011  3.7215730303564887  1.1428031832771801
0.65610000000000013  3.7357122148857309  1.1510633924620393
0.65800000000000003  3.7498753500602398  1.1593433343825637
0.65990000000000004  3.7640624235448037  1.1676429058919031
0.66180000000000005  3.7782734227797792  1.1759620047779338
0.66370000000000007  3.7925083349854112  1.1843005297524094
0.66560000000000008  3.8067671471664033  1.1926583804403392
0.66750000000000009  3.8210498461165265  1.2010354573698545
0.66940000000000000  3.8353564184229771  1.2094316619616960
0.67130000000000012  3.8496868504702761  1.2178468965188791
0.67320000000000013  3.8640411284451068  1.2262810642167969
0.67510000000000003  3.8784192383394922  1.2347340690928519
0.67700000000000005  3.8928211659562919  1.2432058160370936
0.67890000000000006  3.9072468969117411  1.2516962107816643
0.68080000000000007  3.9216964166398434  1.2602051598914978
0.68270000000000008  3.9361697103968232  1.2687325707548365
0.68460000000000010  3.9506667632640227  1.2772783515733597
0.68650000000000000  3.9651875601519437  1.2858424113528155
0.68840000000000012  3.9797320858042204  1.2944246598941895
0.69030000000000014  3.9943003248004003  1.3030250077837429
0.69220000000000004  4.0088922615602014  1.3116433663845601
0.69410000000000005  4.0235078803466191  1.3202796478272480
0.69600000000000006  4.0381471652692937  1.3289337650011575
0.69790000000000008  4.0528101002878820  1.3376056315455704
0.69980000000000009  4.0674966692154193  1.3462951618410561
0.70170000000000010  4.0822068557212150  1.3550022710007761
0.70360000000000000  4.0969406433339897  1.3637268748621354
0.70550000000000002  4.1116980154457403  1.3724688899785906
0.70740000000000014  4.1264789553136767  1.3812282336109758
0.70930000000000004  4.1412834460637713  1.3900048237197224
0.71120000000000005  4.1561114706938591  1.3987985789566830
0.71310000000000007  4.1709630120759140  1.4076094186570480
0.71500000000000008  4.1858380529590864  1.4164372628315376
0.71690000000000009  4.2007365759731154  1.4252820321590061
0.71880000000000011  4.2156585636299813  1.4341436479782321
0.72070000000000001  4.2306039983272541  1.4430220322806691
0.72260000000000002  4.2455728623505626  1.4519171077030555
0.72450000000000014  4.2605651378763358  1.4608287975199616
0.72640000000000005  4.2755808069734629  1.4697570256360952
0.72830000000000006  4.2906198516074365  1.4787017165802141
0.73020000000000007  4.3056822536407751  1.4876627954966868
0.73210000000000008  4.3207679948372739  1.4966401881397360
0.73400000000000010  4.3358770568628859  1.5056338208655358
0.73590000000000011  4.3510094212891337  1.5146436206262734
0.73780000000000001  4.3661650695944711  1.5236695149627575
0.73970000000000002  4.3813439831671799  1.5327114319980917
0.74160000000000015  4.3965461433073498  1.5417693004312552
0.74350000000000005  4.4117715312286894  1.5508430495303009
0.74540000000000006  4.4270201280613097  1.5599326091264778
0.74730000000000008  4.4422919148529711  1.5690379096073237
0.74919999999999998  4.4575868725719578  1.5781588819110843
0.75110000000000010  4.4729049821083127  1.5872954575201812
0.75300000000000011  4.4882462242763959  1.5964475684554338
0.75490000000000002  4.5036105798164359  1.6056151472699161
0.75680000000000003  4.5189980293965082  1.6147981270431673
0.75870000000000015  4.5344085536146164  1.6239964413755401
0.76060000000000005  4.5498421330001966  1.6332100243822349
0.76250000000000007  4.5652987480159712  1.6424388106877719
0.76440000000000008  4.5807783790600460  1.6516827354205601
0.76629999999999998  4.5962810064669757  1.6609417342070765
0.76820000000000010  4.6118066105103770  1.6702157431669331
0.77010000000000012  4.6273551714035479  1.6795046989070115
0.77200000000000002  4.6429266693019908  1.6888085385166220
0.77390000000000003  4.6585210843045806  1.6981271995620444
0.77580000000000016  4.6741383964552083  1.7074606200815226
0.77770000000000006  4.6897785857444845  1.7168087385802455
0.77960000000000007  4.7054416321109009  1.7261714940251356
0.78150000000000008  4.7211275154427161  1.7355488258401335
0.78339999999999999  4.7368362155794426  1.7449406739013169
0.78530000000000011  4.7525677123127421  1.7543469785319572
0.78720000000000012  4.7683219853886349  1.7637676804981073
0.78910000000000002  4.7840990145084268  1.7732027210035646
0.79100000000000004  4.7998987793298848  1.7826520416854528
0.79290000000000016  4.8157212594691439  1.7921155846096848
0.79480000000000006  4.8315664345016529  1.8015932922664852
0.79670000000000007  4.8474342839634446  1.8110851075658587
0.79860000000000009  4.8633247873525800  1.8205909738333450
0.80049999999999999  4.8792379241306270  1.8301108348057891
0.80240000000000011  4.8951736737231766  1.8396446346268036
0.80430000000000013  4.9111320155218090  1.8491923178428837
0.80620000000000003  4.9271129288848430  1.8587538293990642
0.80810000000000004  4.9431163931387436  1.8683291146350391
0.81000000000000016  4.9591423875789467  1.8779181192808478
0.81190000000000007  4.9751908914713372  1.8875207894531596
0.81380000000000008  4.9912618840533058  1.8971370716513232
0.81570000000000009  5.0073553445345977  1.9067669127533204
0.81759999999999999  5.0234712520984708  1.9164102600120601
0.81950000000000012  5.0396095859032508  1.9260670610518174
0.82140000000000013  5.0557703250823511  1.9357372638640020
0.82330000000000003  5.0719534487460338  1.9454208168039224
0.82520000000000004  5.0881589359826505  1.9551176685871829
0.82710000000000006  5.1043867658585622  1.9648277682856594
0.82900000000000007  5.1206369174202377  1.9745510653245104
0.83090000000000008  5.1369093696943757  1.9842875094783154
0.83280000000000010  5.1532041016894192  1.9940370508678240
0.83470000000000000  5.1695210923960468  2.0037996399564828
0.83660000000000012  5.1858603207882767  2.0135752275470868
0.83850000000000013  5.2022217658243575  2.0233637647785372
0.84040000000000004  5.2186054064475123  2.0331652031224796
0.84230000000000005  5.2350112215868672  2.0429794943801505
0.84420000000000006  5.2514391901581563  2.0528065906790900
0.84609999999999996  5.2678892910649093  2.0626464444701909
0.84799999999999998  5.2843615031989613  2.0724990085245500
0.84989999999999999  5.3008558054411665  2.0823642359301400
0.85180000000000000  5.3173721766621904  2.0922420800890160
0.85370000000000013  5.3339105957238564  2.1021324947145326
0.85560000000000014  5.3504710414789489  2.1120354338278635
0.85750000000000004  5.3670534927725217  2.1219508517554724
0.85940000000000005  5.3836579284426431  2.1318787031262163
0.86130000000000007  5.4002843273211463  2.1418189428685044
0.86319999999999997  5.4169326682339394  2.1517715262072650
0.86509999999999998  5.4336029300017632  2.1617364086613335
0.86699999999999999  5.4502950914414985  2.1717135460408969
0.86890000000000001  5.4670091313660754  2.1817028944444972
0.87079999999999991  5.4837450285853864  2.1917044102564440
0.87270000000000014  5.5005027619072724  2.2017180501444269
0.87460000000000004  5.5172823101371957  2.2117437710563483
0.87650000000000006  5.5340836520802803  2.2217815302184967
0.87840000000000007  5.5509067665406100  2.2318312851324027
0.88029999999999997  5.5677516323225511  2.2418929935726273
0.88219999999999998  5.5846182282310197  2.2519666135840963
0.88410000000000000  5.6015065330722535  2.2620521034798817
0.88600000000000001  5.6184165256543679  2.2721494218385980
0.88789999999999991  5.6353481847876061  2.2822585275020746
0.88980000000000015  5.6523014892854659  2.2923793795730503
0.89170000000000005  5.6692764179645243  2.3025119374126799
0.89360000000000006  5.6862729496456677  2.3126561606385039
0.89550000000000007  5.7032910631540803  2.3228120091218591
0.89739999999999998  5.7203307373198875  2.3329794429857489
0.89929999999999999  5.7373919509788687  2.3431584226027646
0.90120000000000000  5.7544746829726643  2.3533489085927046
0.90309999999999990  5.7715789121495060  2.3635508618204648
0.90499999999999992  5.7887046173644032  2.3737642433938473
0.90689999999999993  5.8058517774799068  2.3839890146615401
0.90879999999999994  5.8230203713663480  2.3942251372109813
0.91070000000000007  5.8402103779023831  2.4044725728661804
0.91260000000000008  5.8574217759753564  2.4147312836858306
0.91449999999999998  5.8746545444819755  2.4250012319612333
0.91639999999999999  5.8919086623283636  2.4352823802141996
0.91830000000000001  5.9091841084308054  2.4455746911952407
0.92019999999999991  5.9264808617157758  2.4558781278813888
0.92209999999999992  5.9437989011207728  2.4661926534745109
0.92399999999999993  5.9611382055944055  2.4765182313992153
0.92589999999999995  5.9784987540971262  2.4868548253011595
0.92780000000000007  5.9958805256010139  2.4972023990448471
0.92970000000000008  6.0132834990907913  2.5075609167121971
0.93159999999999998  6.0307076535638435  2.5179303426003807
0.93350000000000000  6.0481529680305366  2.5283106412201852
0.93540000000000001  6.0656194215146657  2.5387017772941136
0.93729999999999991  6.0831069930541108  2.5491037157548959
0.93919999999999992  6.1006156617004113  2.5595164217432824
0.94109999999999994  6.1181454065199681  2.5699398606067798
0.94299999999999995  6.1356962065938516  2.5803739978976972
0.94490000000000007  6.1532680410180278  2.5908187993713838
0.94680000000000009  6.1708608889041692  2.6012742309848522
0.94869999999999999  6.1884747293795641  2.6117402588948444
0.95060000000000000  6.2061095415875958  2.6222168494563820
0.95250000000000001  6.2237653046877695  2.6327039692209362
0.95439999999999992  6.2414419978564712  2.6432015849351407
0.95629999999999993  6.2591396002870212  2.6537096635389972
0.95819999999999994  6.2768580911896334  2.6642281721642966
0.96009999999999995  6.2945974497922785  2.6747570781331218
0.96199999999999986  6.3123576553406631  2.6852963489564901
0.96390000000000009  6.3301386870983301  2.6958459523325105
0.96579999999999999  6.3479405243471634  2.7064058561450666
0.96770000000000000  6.3657631463876267  2.7169760284624074
0.96960000000000002  6.3836065325389937  2.7275564375356067
0.97149999999999992  6.4014706621394666  2.7381470517970015
0.97339999999999993  6.4193555145466199  2.7487478398590017
0.97529999999999994  6.4372610691373415  2.7593587705123674
0.97719999999999996  6.4551873053085487  2.7699798127251105
0.97909999999999986  6.4731342024767748  2.7806109356408411
0.98100000000000009  6.4911017400789959  2.7912521085775914
0.98290000000000000  6.5090898975726024  2.8019033010264356
0.98480000000000001  6.5270986544354272  2.8125644826499259
0.98670000000000002  6.5451279901662636  2.8232356232810010
0.98859999999999992  6.5631778842848814  2.8339166929215920
0.99049999999999994  6.5812483163324469  2.8446076617413625
0.99239999999999995  6.5993392658712731  2.8553085000762017
0.99429999999999996  6.6174507124856561  2.8660191784272988
0.99619999999999986  6.6355826357813337  2.8767396674594750
0.99810000000000010  6.6537350153862755  2.8874699380002706
1.0000000000000000  6.6719078309508131  2.8982099610386762
