0.500007 11.8691 11.8691
0.7119028888888889 11.976855296032044 12.559524183775446
0.9237987777777777 12.147810701408847 12.599653278195023
1.1356946666666667 12.320433491907222 12.681448650221851
1.3475905555555556 12.463860197146053 12.75814104574693
1.5594864444444445 12.566431394982029 12.806750995613932
1.7713823333333334 12.613255261217658 12.806517026809827
1.9832782222222223 12.576785113929619 12.73493636035767
2.195174111111111 12.375323892120608 12.50765000979399
2.40707 12.0119 12.0119
