0.500003 12.6771 12.6771
0.519266202020202 11.772044707202452 13.117888862427797
0.5385294040404041 11.751545077231249 13.0210780162906
0.557792606060606 11.740471588336092 12.981853479478275
0.577055808080808 11.74713017036478 12.949997160084834
0.5963190101010101 11.75603009271305 12.922710756902882
0.6155822121212121 11.76619680686932 12.900032325019172
0.6348454141414142 11.77743803878502 12.87867320925901
0.6541086161616161 11.789763453108332 12.866853253377025
0.6733718181818181 11.803631544379162 12.852999391087536
0.6926350202020202 11.818959261205887 12.840079803931923
0.7118982222222222 11.83450681309503 12.830236378726967
0.7311614242424243 11.850108660818172 12.823167058980918
0.7504246262626262 11.868293025675449 12.816568061698176
0.7696878282828283 11.887191032467298 12.81155464417015
0.7889510303030303 11.905228719190548 12.808732245015914
0.8082142323232323 11.923907824329383 12.806408187183312
0.8274774343434343 11.94226918194359 12.80488224760716
0.8467406363636363 11.960519017138873 12.802170898719137
0.8660038383838384 11.977363092562701 12.803033709329839
0.8852670404040404 11.996024843840715 12.804241575382159
0.9045302424242424 12.015096776175152 12.805671285667602
0.9237934444444444 12.035148558342733 12.808076473739344
0.9430566464646464 12.05534155209667 12.810935584262541
0.9623198484848485 12.074967532856963 12.81344526365229
0.9815830505050505 12.093549002056946 12.816413164362197
1.0008462525252524 12.112018734297695 12.820809973828595
1.0201094545454545 12.129969141144409 12.824982262909383
1.0393726565656567 12.148582625514766 12.828448980328252
1.0586358585858586 12.165197053034962 12.832529897540452
1.0778990606060606 12.183772803413671 12.837507608439775
1.0971622626262625 12.200166884532306 12.840911528040865
1.1164254646464646 12.21720265763217 12.845920630606477
1.1356886666666668 12.233976363523857 12.850854425897381
1.1549518686868687 12.25002385900952 12.855912880460203
1.1742150707070707 12.265735751056878 12.85971826234706
1.1934782727272726 12.282473963183579 12.864188872232864
1.2127414747474747 12.297983800505644 12.869222896033385
1.2320046767676769 12.312850952130244 12.872657737342706
1.2512678787878788 12.327854366662706 12.876552606485289
1.2705310808080807 12.342354743534035 12.88101151934657
1.2897942828282827 12.356411934538505 12.88496696854717
1.3090574848484848 12.37015140073297 12.888436027362038
1.328320686868687 12.383250331495343 12.893950368970566
1.347583888888889 12.395832959109917 12.89765006344722
1.3668470909090908 12.408485779062886 12.900887157326455
1.3861102929292928 12.420894140167388 12.905398669168406
1.405373494949495 12.433366110364464 12.906814108962703
1.424636696969697 12.444300766967974 12.908270560410934
1.443899898989899 12.456119845142213 12.912713524708968
1.463163101010101 12.466928990535743 12.915265638582426
1.4824263030303029 12.476588312136625 12.917653029606143
1.501689505050505 12.487133597464673 12.9190649989019
1.5209527070707072 12.497176912817858 12.921646753599743
1.540215909090909 12.506606073430543 12.923180099349393
1.559479111111111 12.515311038231019 12.921451675321801
1.5787423131313132 12.523002638194427 12.920939156799093
1.5980055151515151 12.530018475729443 12.921045715183894
1.6172687171717173 12.537257805206648 12.920589022815273
1.6365319191919192 12.544685689952583 12.920714992140264
1.6557951212121211 12.550326699366822 12.919646704655882
1.6750583232323233 12.556222164159653 12.916759993851194
1.6943215252525252 12.561413273050313 12.914901289534985
1.7135847272727274 12.564815888035026 12.91226525399796
1.7328479292929293 12.569055263086911 12.908775879927585
1.7521111313131312 12.572009198005178 12.905777227078197
1.7713743333333334 12.574498803908476 12.901190174885496
1.7906375353535353 12.576812422177547 12.896385818366955
1.8099007373737375 12.577429895853589 12.891412779865986
1.8291639393939394 12.577475206902832 12.884819642564043
1.8484271414141413 12.576592473055383 12.878140995990332
1.8676903434343435 12.57509289582879 12.870762767187571
1.8869535454545454 12.572668157918324 12.862331282622105
1.9062167474747476 12.569260700611633 12.85392453556495
1.9254799494949495 12.565312904448765 12.843119860443483
1.9447431515151514 12.559758301588086 12.832164738951777
1.9640063535353536 12.553076336851682 12.820914631768817
1.9832695555555555 12.545146539869883 12.809870673788708
2.0025327575757577 12.536264462593566 12.795079722538098
2.0217959595959596 12.526521553542723 12.779347682897301
2.0410591616161615 12.513813976075161 12.763580447298557
2.060322363636364 12.500925421919026 12.745081314036973
2.079585565656566 12.485732715209231 12.7262630425297
2.0988487676767678 12.468320138753437 12.706755538762465
2.1181119696969697 12.449628168043507 12.682942976954642
2.1373751717171716 12.42784277816396 12.658641784642654
2.1566383737373735 12.403728174361735 12.630156211608746
2.1759015757575755 12.377348720150714 12.60087961020532
2.195164777777778 12.345885223888056 12.567553345192136
2.21442797979798 12.31094642850847 12.53134905685113
2.233691181818182 12.269429733231421 12.490373218117963
2.252954383838384 12.221901071214457 12.44520875356751
2.272217585858586 12.163902222958292 12.389906634051068
2.291480787878788 12.091968231406844 12.32501581752644
2.31074398989899 11.995582443532193 12.243139500098234
2.330007191919192 11.44372753703699 12.143158626703
2.3492703939393937 11.468081742423475 12.20494806943314
2.3685335959595957 11.521956508993675 12.227281220423187
2.387796797979798 11.623660087852993 11.915322297484874
2.40706 12.0023 12.0023
