0.500007 11.8691 11.8691
0.5192702626262626 11.766066298078346 13.122665374317519
0.5385335252525252 11.74115352210919 13.017150655418083
0.5577967878787878 11.742106305880885 12.982601883474434
0.5770600505050505 11.746447073844486 12.951041190464178
0.5963233131313131 11.755994141785528 12.922775348164615
0.6155865757575757 11.765745106775721 12.899239397727046
0.6348498383838383 11.777185143720748 12.882830395596724
0.654113101010101 11.790696029439898 12.865643283399118
0.6733763636363637 11.803506498834185 12.849216985739542
0.6926396262626262 11.81836199106166 12.838618924206616
0.7119028888888889 11.834376110248808 12.829146735735801
0.7311661515151515 11.851792155302501 12.822498647956092
0.7504294141414141 11.869307562338042 12.815137435905353
0.7696926767676767 11.887379661224248 12.811517311431441
0.7889559393939394 11.90456049517992 12.808471620999256
0.8082192020202019 11.921827240594148 12.805986256851208
0.8274824646464646 11.940156673956075 12.803826130196486
0.8467457272727272 11.959797324998501 12.803105284678114
0.8660089898989898 11.978808931576676 12.804325602299821
0.8852722525252525 11.99728845822856 12.804867793512562
0.9045355151515151 12.017128271300166 12.807206647686609
0.9237987777777777 12.036408783174027 12.808683754934417
0.9430620404040404 12.055605023667852 12.811156975593882
0.962325303030303 12.073011304102709 12.814387785174212
0.9815885656565656 12.09255472111004 12.816574452574919
1.0008518282828283 12.112073542117146 12.8204569966849
1.0201150909090908 12.130175540612118 12.823721884280499
1.0393783535353536 12.148359349732438 12.826861029860957
1.0586416161616161 12.167137547775253 12.83127171699193
1.0779048787878787 12.18471783709602 12.837020586156495
1.0971681414141412 12.201220805214774 12.841451217490093
1.116431404040404 12.216687821172851 12.845513453428424
1.1356946666666667 12.233844104067872 12.850665247040546
1.1549579292929293 12.250875304611487 12.85358918725026
1.1742211919191918 12.26776764548995 12.859591844740061
1.1934844545454544 12.282305020995494 12.864729417309139
1.2127477171717171 12.297882849606731 12.86970003306161
1.2320109797979797 12.314557622577555 12.873561718876601
1.2512742424242425 12.327992179558697 12.877513146380544
1.270537505050505 12.343645937833259 12.881882780661309
1.2898007676767675 12.356928762242202 12.885598107308372
1.30906403030303 12.370449714086865 12.889373598702875
1.3283272929292929 12.383487790248022 12.893366777375482
1.3475905555555556 12.39672015263343 12.895994971986434
1.3668538181818182 12.409174861406887 12.90037521981629
1.3861170808080807 12.421669419248495 12.906256126831657
1.4053803434343433 12.433323042756935 12.908129782444421
1.4246436060606058 12.444999278206417 12.909360199853182
1.4439068686868686 12.456589727276434 12.912725774693818
1.4631701313131313 12.467545164085827 12.91339456856523
1.4824333939393939 12.478040442925451 12.916003006353868
1.5016966565656564 12.487217127017308 12.917914557372608
1.520959919191919 12.497009628714109 12.919884863764514
1.5402231818181815 12.507230692642098 12.92270734746129
1.5594864444444445 12.515380388110405 12.922330907587348
1.578749707070707 12.523840132194051 12.92238376903157
1.5980129696969696 12.530797827297025 12.921934307514203
1.6172762323232321 12.537673167154464 12.92190374660216
1.6365394949494947 12.54455671887089 12.92127544529923
1.6558027575757577 12.55084323617145 12.919687836033049
1.6750660202020202 12.556478337354589 12.918228804017467
1.6943292828282828 12.56074458416684 12.91555831574044
1.7135925454545453 12.56518576996415 12.912681000928004
1.7328558080808079 12.568982121651443 12.90944367560152
1.7521190707070704 12.57205292013752 12.906296023757129
1.7713823333333334 12.574791266914113 12.901217333159636
1.790645595959596 12.576157497595418 12.896469798734792
1.8099088585858585 12.57848048203473 12.891549160325889
1.829172121212121 12.577270395749927 12.885426165531268
1.8484353838383836 12.576872475494541 12.877338910870368
1.8676986464646466 12.575095534478502 12.870856148385185
1.886961909090909 12.572634980111935 12.863587888307519
1.9062251717171717 12.569512043843414 12.853795307451364
1.9254884343434342 12.565314470774531 12.844860859342004
1.9447516969696967 12.559468251651902 12.833676627699587
1.9640149595959593 12.553932590009577 12.821806149058204
1.9832782222222223 12.54564504955995 12.807792415974788
2.002541484848485 12.53637498758622 12.794237823637287
2.0218047474747474 12.526168252646318 12.780065893748308
2.04106801010101 12.513596354245413 12.76398089735253
2.0603312727272725 12.500754042672 12.745259168935272
2.079594535353535 12.484980500453226 12.72640719093327
2.098857797979798 12.468234661305441 12.705447435002448
2.1181210606060605 12.449697436038484 12.683446164689546
2.137384323232323 12.428138411765348 12.658641611567353
2.1566475858585856 12.404203034157934 12.630023968493322
2.175910848484848 12.376195890407004 12.600368221269612
2.195174111111111 12.345063118170184 12.567467357189935
2.2144373737373737 12.310194362069183 12.531169530822005
2.2337006363636362 12.269732812849512 12.490321044240245
2.252963898989899 12.221557632715072 12.444457055329485
2.2722271616161613 12.163685439268695 12.390385813678392
2.291490424242424 12.091667582676077 12.324581900349653
2.310753686868687 11.995915184943238 12.243805602844445
2.3300169494949494 11.83815649875524 12.142731271111533
2.349280212121212 11.667077282828226 12.207793035205345
2.3685434747474745 11.805345656048782 12.279847385229973
2.387806737373737 11.717572514957254 12.215916213181044
2.40707 12.0119 12.0119
