   8.0000000000000002E-002  0.38424403347865260        2.8207132800393401E-003
   8.4480000000000000E-002  0.40592846196794985        3.1659440675931229E-003
   8.8959999999999997E-002  0.42763185622862648        3.5397739426788555E-003
   9.3439999999999995E-002  0.44935477344592761        3.9454444011087714E-003
   9.7920000000000007E-002  0.47109787989733293        4.3865018816910293E-003
  0.10240000000000000       0.49286194930987481        4.8667704237253849E-003
  0.10688000000000000       0.51464786040866684        5.3903299928464016E-003
  0.11135999999999999       0.53645659410081459        5.9615013720032096E-003
  0.11584000000000001       0.55828910411394073        6.5751869918344776E-003
  0.12032000000000000       0.58014605678227715        7.2340512097562306E-003
  0.12480000000000001       0.60202843715056564        7.9484048100846669E-003
  0.12928000000000001       0.62393743673244162        8.7247955956670457E-003
  0.13375999999999999       0.64587438025005750        9.5692610773690633E-003
  0.13824000000000000       0.66784070410979468        1.0487789558307932E-002
  0.14272000000000001       0.68983794756534422        1.1486511547097403E-002
  0.14720000000000000       0.71186774949905696        1.2571821835951619E-002
  0.15168000000000001       0.73393184870411876        1.3750479803565915E-002
  0.15615999999999999       0.75603208746927775        1.5029703597752426E-002
  0.16064000000000001       0.77817041720294466        1.6417264028245771E-002
  0.16511999999999999       0.80034890593763430        1.7921580007942493E-002
  0.16960000000000000       0.82256974797264615        1.9551815309892067E-002
  0.17407999999999998       0.84483527477806564        2.1317975049205230E-002
  0.17856000000000000       0.86714796741191325        2.3230999113699909E-002
  0.18304000000000001       0.88951046993904126        2.5302848679770441E-002
  0.18751999999999999       0.91192560346810192        2.7546580846415186E-002
  0.19200000000000000       0.93439638052040719        2.9976405346816733E-002
  0.19647999999999999       0.95692601910065744        3.2607716345734165E-002
  0.20096000000000000       0.97951795575390677        3.5457091618167326E-002
  0.20544000000000001        1.0021758572280954        3.8542251124930572E-002
  0.20992000000000000        1.0249036294822444        4.1881967376512605E-002
  0.21439999999999998        1.0477054235372352        4.5495921207441350E-002
  0.21888000000000002        1.0705856371770677        4.9404498871246455E-002
  0.22335999999999998        1.0935489117225825        5.3628529769491368E-002
  0.22784000000000001        1.1166001232022185        5.8188968562412680E-002
  0.23232000000000000        1.1397443674490808        6.3106530561075458E-002
  0.23680000000000001        1.1629869389158360        6.8401294623740255E-002
  0.24127999999999999        1.1863333034959829        7.4092292568228232E-002
  0.24575999999999998        1.2097890653868968        8.0197107405731230E-002
  0.25024000000000002        1.2333599297930740        8.6731504222798420E-002
  0.25471999999999995        1.2570516617895966        9.3709116035731455E-002
  0.25919999999999999        1.2808700430953028       0.10114120328514935     
  0.26367999999999997        1.3048208286147087       0.10903649978925258     
  0.26816000000000001        1.3289097041287790       0.11740115066179217     
  0.27264000000000005        1.3531422462545193       0.12623874011753725     
  0.27711999999999998        1.3775238864854913       0.13555040075607705     
  0.28160000000000002        1.4020598798922901       0.14533499050579193     
  0.28608000000000000        1.4267552789022131       0.15558932032441880     
  0.29055999999999998        1.4516149127850244       0.16630841502440030     
  0.29503999999999997        1.4766433725371355       0.17748579009533910     
  0.29951999999999995        1.5018450008496715       0.18911372958465011     
  0.30399999999999999        1.5272238869955479       0.20118355330315868     
  0.30848000000000003        1.5527838656077808       0.21368586424355904     
  0.31296000000000002        1.5785285190755658       0.22661077078850964     
  0.31744000000000000        1.6044611827633406       0.23994808061066938     
  0.32191999999999998        1.6305849524699882       0.25368746548144583     
  0.32639999999999997        1.6569026935709239       0.26781859782466355     
  0.33088000000000001        1.6834170513355937       0.28233126090912991     
  0.33535999999999999        1.7101304620420341       0.29721543541654094     
  0.33983999999999998        1.7370451644736773       0.31246136514125450     
  0.34432000000000001        1.7641632115723724       0.32805960496661563     
  0.34880000000000000        1.7914864820060004       0.34400105389856400     
  0.35327999999999998        1.8190166914714792       0.36027697592523034     
  0.35776000000000002        1.8467554036249534       0.37687901093269704     
  0.36224000000000001        1.8747040405638578       0.39379917782100254     
  0.36671999999999999        1.9028638927476718       0.41102987163371052     
  0.37119999999999997        1.9312361284013853       0.42856385603445396     
  0.37567999999999996        1.9598218023627203       0.44639425243581132     
  0.38016000000000000        1.9886218642954119       0.46451452680905081     
  0.38463999999999998        2.0176371664142430       0.48291847483860512     
  0.38912000000000002        2.0468684706723841       0.50160020613102441     
  0.39360000000000001        2.0763164553489766       0.52055412799840162     
  0.39807999999999999        2.1059817212413918       0.53977492908051561     
  0.40255999999999997        2.1358647973849441       0.55925756316118580     
  0.40704000000000001        2.1659661462495094       0.57899723340946552     
  0.41152000000000000        2.1962861686461626       0.59898937710302436     
  0.41599999999999998        2.2268252082262987       0.61922965099918603     
  0.42047999999999996        2.2575835555441612       0.63971391743625194     
  0.42496000000000000        2.2885614519960029       0.66043823110016864     
  0.42943999999999999        2.3197590931939471       0.68139882661761064     
  0.43392000000000003        2.3511766323037651       0.70259210682958806     
  0.43839999999999996        2.3828141830736880       0.72401463180954140     
  0.44288000000000000        2.4146718224755732       0.74566310862990359     
  0.44736000000000004        2.4467495933501064       0.76753438176002187     
  0.45183999999999996        2.4790475067860167       0.78962542412264314     
  0.45631999999999995        2.5115655441540068       0.81193332881012348     
  0.46079999999999999        2.5443036593761432       0.83445530129768974     
  0.46528000000000003        2.5772617804709963       0.85718865230115848     
  0.46976000000000007        2.6104398114706995       0.88013079106892178     
  0.47423999999999999        2.6438376341230425       0.90327921915381371     
  0.47871999999999992        2.6774551090606051       0.92663152470044530     
  0.48319999999999996        2.7112920774170535       0.95018537706160400     
  0.48768000000000000        2.7453483619839019       0.97393852185268281     
  0.49216000000000004        2.7796237685986194       0.99788877630177442     
  0.49663999999999997        2.8141180868953550        1.0220340250337925     
  0.50111999999999990        2.8488310915917818        1.0463722160542197     
  0.50559999999999994        2.8837625433666227        1.0709013570705115     
  0.51007999999999998        2.9189121897365014        1.0956195120594481     
  0.51456000000000002        2.9542797658762918        1.1205247981196627     
  0.51903999999999995        2.9898649955233081        1.1456153823985757     
  0.52351999999999999        3.0256675914182587        1.1708894794852809     
  0.52800000000000002        3.0616872562049178        1.1963453487567095     
  0.53248000000000006        3.0979236829909524        1.2219812920137532     
  0.53696000000000010        3.1343765559365946        1.2477956512601236     
  0.54143999999999992        3.1710455508054189        1.2737868066337676     
  0.54591999999999996        3.2079303354795958        1.2999531744770698     
  0.55040000000000000        3.2450305704258797        1.3262932055302845     
  0.55488000000000004        3.2823459092191367        1.3528053832862355     
  0.55936000000000008        3.3198759988636719        1.3794882223718234     
  0.56383999999999990        3.3576204802624647        1.4063402671198035     
  0.56831999999999994        3.3955789885736114        1.4333600902395083     
  0.57279999999999998        3.4337511535860283        1.4605462913441050     
  0.57728000000000002        3.4721366000025484        1.4878974960478244     
  0.58176000000000005        3.5107349477980954        1.5154123546455991     
  0.58623999999999987        3.5495458125037911        1.5430895411166368     
  0.59071999999999991        3.5885688054833627        1.5709277521385743     
  0.59519999999999995        3.6278035341978465        1.5989257061661641     
  0.59967999999999999        3.6672496024527170        1.6270821425646891     
  0.60416000000000003        3.7069066106339514        1.6553958207981285     
  0.60863999999999996        3.7467741559306202        1.6838655196659233     
  0.61312000000000000        3.7868518325429297        1.7124900365838496     
  0.61760000000000004        3.8271392318343267        1.7412681868825610     
  0.62208000000000008        3.8676359427164049        1.7701988032858025     
  0.62655999999999989        3.9083415515306457        1.7992807351376250     
  0.63103999999999993        3.9492556424155807        1.8285128479569106     
  0.63551999999999997        3.9903777974180676        1.8578940228756560     
  0.64000000000000001        4.0317075966457772        1.8874231561373633     
  0.64448000000000005        4.0732446184119118        1.9170991586234187     
  0.64895999999999987        4.1149884393727856        1.9469209554056746     
  0.65343999999999991        4.1569386346585233        1.9768874853234639     
  0.65791999999999995        4.1990947779974332        2.0069977005834652     
  0.66239999999999999        4.2414564418342700        2.0372505663809326     
  0.66688000000000003        4.2840231974428908        2.0676450605409329     
  0.67135999999999996        4.3267946150334389        2.0981801731782368     
  0.67584000000000000        4.3697702638545595        2.1288549063747717     
  0.68032000000000004        4.4129497122907493        2.1596682738734283     
  0.68480000000000008        4.4563325279552268        2.1906193007872443     
  0.68928000000000011        4.4999182777784705        2.2217070233229799     
  0.69375999999999993        4.5437065280927600        2.2529304885181962     
  0.69823999999999997        4.5876968447128545        2.2842887539909875     
  0.70272000000000001        4.6318887930130073        2.3157808877015902     
  0.70720000000000005        4.6762819380005638        2.3474059677251495     
  0.71168000000000009        4.7208758443863141        2.3791630820349572     
  0.71615999999999991        4.7656700766516629        2.4110513282955077     
  0.72063999999999995        4.8106641991129759        2.4430698136648363     
  0.72511999999999999        4.8558577763400388        2.4752176549159173     
  0.72960000000000003        4.9012503717959905        2.5074939770150149     
  0.73408000000000007        4.9468415500067691        2.5398979148081731     
  0.73855999999999988        4.9926308752181514        2.5724286116172945     
  0.74303999999999992        5.0386179117927785        2.6050852193898257     
  0.74751999999999996        5.0848022242565847        2.6378668985443365     
  0.75200000000000000        5.1311833773534250        2.6707728178284631     
  0.75647999999999993        5.1777609360834171        2.7038021541732498     
  0.76095999999999997        5.2245344657498460        2.7369540925602105     
  0.76544000000000001        5.2715035320012680        2.7702278258904163     
  0.76992000000000005        5.3186677008663894        2.8036225548563669     
  0.77440000000000009        5.3660265388025312        2.8371374878274938     
  0.77887999999999991        5.4135796127194604        2.8707718407237732     
  0.78335999999999995        5.4613264900263552        2.9045248369114400     
  0.78783999999999998        5.5092667386570513        2.9383957070877158     
  0.79232000000000002        5.5573999271081211        2.9723836891798090     
  0.79680000000000006        5.6057256244651281        3.0064880282398332     
  0.80127999999999988        5.6542434004351838        3.0407079763458751     
  0.80575999999999992        5.7029528253782962        3.0750427925104002     
  0.81023999999999996        5.7518534703286655        3.1094917425818140     
  0.81472000000000000        5.8009449070230694        3.1440540991567216     
  0.81920000000000004        5.8502267079306733        3.1787291414933687     
  0.82367999999999986        5.8996984462712767        3.2135161554256020     
  0.82815999999999990        5.9493596960396493        3.2484144332782154     
  0.83263999999999994        5.9992100320332478        3.2834232737908513     
  0.83711999999999998        6.0492490293723398        3.3185419817232997     
  0.84160000000000001        6.0994762654961932        3.3537698690288202     
  0.84607999999999994        6.1498913172299741        3.3891062529073328     
  0.85055999999999998        6.2004937627681631        3.4245504569809997     
  0.85504000000000002        6.2512831812022682        3.4601018109110080     
  0.85952000000000006        6.3022591525382676        3.4957596503282464     
  0.86400000000000010        6.3534212577131957        3.5315233167655129     
  0.86847999999999992        6.4047690786110927        3.5673921575912177     
  0.87295999999999996        6.4563021980783111        3.6033655259445321     
  0.87744000000000000        6.5080201999380600        3.6394427806718412     
  0.88192000000000004        6.5599226690045151        3.6756232862645830     
  0.88639999999999985        6.6120091910961554        3.7119064127982462     
  0.89087999999999989        6.6642793530486442        3.7482915358726085     
  0.89535999999999993        6.7167327427270953        3.7847780365530923     
  0.89983999999999997        6.7693689490378137        3.8213653013132052     
  0.90432000000000001        6.8221875619395203        3.8580527219780318     
  0.90879999999999994        6.8751881724540951        3.8948396956687366     
  0.91327999999999998        6.9283703726768007        3.9317256247480024     
  0.91776000000000002        6.9817337557861041        3.9687099167664037     
  0.92224000000000006        7.0352779160529133        4.0057919844096670     
  0.92672000000000010        7.0890024488496017        4.0429712454467932     
  0.93120000000000014        7.1429069506583467        4.0802471226789701     
  0.93567999999999996        7.1969910190792943        4.1176190438893130     
  0.94016000000000000        7.2512542528381685        4.1550864417933262     
  0.94464000000000004        7.3056962517936359        4.1926487539901540     
  0.94912000000000007        7.3603166169441030        4.2303054229144488     
  0.95360000000000011        7.4151149504344431        4.2680558957890433     
  0.95807999999999993        7.4700908555621117        4.3058996245781875     
  0.96255999999999997        7.5252439367830570        4.3438360659414554     
  0.96704000000000001        7.5805737997172935        4.3818646811882900     
  0.97152000000000005        7.6360800511541953        4.4199849362331385     
  0.97600000000000009        7.6917622990573706        4.4581963015511450     
  0.98047999999999991        7.7476201525693948        4.4964982521344439     
  0.98495999999999995        7.8036532220161750        4.5348902674489828     
  0.98943999999999999        7.8598611189109766        4.5733718313918663     
  0.99392000000000003        7.9162434559584041        4.6119424322492675     
  0.99840000000000007        7.9727998470578072        4.6506015626547574     
   1.0028800000000000        8.0295299073067561        4.6893487195482235     
   1.0073600000000000        8.0864332530040492        4.7281834041351800     
   1.0118400000000001        8.1435095016525754        4.7671051218466163     
   1.0163200000000001        8.2007582719619414        4.8061133822992277     
   1.0208000000000002        8.2581791838509115        4.8452076992561768     
   1.0252800000000000        8.3157718584495157        4.8843875905881911     
   1.0297600000000000        8.3735359181011511        4.9236525782351857     
   1.0342400000000000        8.4314709863642499        4.9630021881682058     
   1.0387200000000001        8.4895766880139032        5.0024359503518374     
   1.0431999999999999        8.5478526490433300        5.0419533987070038     
   1.0476799999999999        8.6062984966649676        5.0815540710741471     
   1.0521600000000000        8.6649138593116337        5.1212375091767752     
   1.0566400000000000        8.7236983666372936        5.1610032585854055     
   1.0611200000000001        8.7826516495178630        5.2008508686818935     
   1.0655999999999999        8.8417733400516170        5.2407798926240599     
   1.0700799999999999        8.9010630715596815        5.2807898873107462     
   1.0745600000000000        8.9605204785862451        5.3208804133471777     
   1.0790400000000000        9.0201451968985662        5.3610510350106635     
   1.0835200000000000        9.0799368634870223        5.4013013202166800     
   1.0879999999999999        9.1398951165648157        5.4416308404852245     
   1.0924799999999999        9.2000195955676958        5.4820391709075524     
   1.0969599999999999        9.2603099411534782        5.5225258901131911     
   1.1014400000000000        9.3207657952014369        5.5630905802373185     
   1.1059200000000000        9.3813868008116490        5.6037328268884217     
   1.1104000000000001        9.4421726023040673        5.6444522191162516     
   1.1148800000000001        9.5031228452176695        5.6852483493801369     
   1.1193600000000001        9.5642371763093426        5.7261208135175554     
   1.1238400000000002        9.6255152435527389        5.7670692107130037     
   1.1283200000000002        9.6869566961369920        5.8080931434671870     
   1.1328000000000000        9.7485611844653430        5.8491922175664595     
   1.1372800000000001        9.8103283601536919        5.8903660420526034     
   1.1417600000000001        9.8722578760290123        5.9316142291928458     
   1.1462400000000001        9.9343493861276784        5.9729363944501648     
   1.1507200000000002        9.9966025456937313        6.0143321564538859     
   1.1552000000000000        10.059017011177062        6.0558011369705529     
   1.1596800000000000        10.121592440231465        6.0973429608750429     
   1.1641600000000001        10.184328491712630        6.1389572561219836     
   1.1686400000000001        10.247224825676113        6.1806436537174143     
   1.1731199999999999        10.310281103375122        6.2224017876907061     
   1.1776000000000000        10.373496987258296        6.2642312950667565     
   1.1820800000000000        10.436872140967440        6.3061318158384339     
   1.1865600000000001        10.500406229335137        6.3481029929392738     
   1.1910400000000001        10.564098918382303        6.3901444722164387     
   1.1955199999999999        10.627949875315679        6.4322559024038837     
   1.2000000000000000        10.691958768525300        6.4744369350958673     
   8.0000000000000002E-002  0.38432530211199878        1.5880325882599953E-003
   8.4480000000000000E-002  0.40594040888033789        1.7451292149986786E-003
   8.8959999999999997E-002  0.42756432397332195        1.9224955280787320E-003
   9.3439999999999995E-002  0.44919772415656600        2.1242630738409489E-003
   9.7920000000000007E-002  0.47084142479389030        2.3548034718882103E-003
  0.10240000000000000       0.49249637174571892        2.6186826955735439E-003
  0.10688000000000000       0.51416363117574548        2.9206176520908942E-003
  0.11135999999999999       0.53584438016344038        3.2654351156085927E-003
  0.11584000000000001       0.55753989690983863        3.6580331083946806E-003
  0.12032000000000000       0.57925155096191394        4.1033448344486943E-003
  0.12480000000000001       0.60098078848551983        4.6050781399548215E-003
  0.12928000000000001       0.62272895769073511        5.1617172766640898E-003
  0.13375999999999999       0.64449745122190083        5.7821680734589168E-003
  0.13824000000000000       0.66628783309607487        6.4727050025987325E-003
  0.14272000000000001       0.68810175116033301        7.2386494982492550E-003
  0.14720000000000000       0.70994090974292190        8.0848975018946029E-003
  0.15168000000000001       0.73180705386153555        9.0160502465882648E-003
  0.15615999999999999       0.75370195774764115        1.0036464809998655E-002
  0.16064000000000001       0.77562741571112381        1.1150278768378903E-002
  0.16511999999999999       0.79758523455281960        1.2361424935803415E-002
  0.16960000000000000       0.81957722714173831        1.3673642154535466E-002
  0.17407999999999998       0.84160520693333629        1.5090484647719501E-002
  0.17856000000000000       0.86367098328654868        1.6615331033196717E-002
  0.18304000000000001       0.88577635747926931        1.8251393446822313E-002
  0.18751999999999999       0.90792311934001690        2.0001726904901700E-002
  0.19200000000000000       0.93011304442766529        2.1869238874354602E-002
  0.19647999999999999       0.95234789169966627        2.3856698942538959E-002
  0.20096000000000000       0.97462940161319311        2.5966748447124380E-002
  0.20544000000000001       0.99695929460867205        2.8201909922550755E-002
  0.20992000000000000        1.0193392699286128        3.0564596230137873E-002
  0.21439999999999998        1.0417710047274846        3.3057119258271719E-002
  0.21888000000000002        1.0642561534328834        3.5681698101852136E-002
  0.22335999999999998        1.0867963473205033        3.8440466653916094E-002
  0.22784000000000001        1.1093931942690181        4.1335480565058404E-002
  0.23232000000000000        1.1320482786647894        4.4368723546764584E-002
  0.23680000000000001        1.1547631614293021        4.7542113012801396E-002
  0.24127999999999999        1.1775393801449330        5.0857505067394088E-002
  0.24575999999999998        1.2003784492577325        5.4316698861119193E-002
  0.25024000000000002        1.2232818603399538        5.7921440344371841E-002
  0.25471999999999995        1.2462510823953126        6.1673425455063144E-002
  0.25919999999999999        1.2692875621941995        6.5574302781552560E-002
  0.26367999999999997        1.2923927246276092        6.9625675744644497E-002
  0.26816000000000001        1.3155679730702088        7.3829104343360860E-002
  0.27264000000000005        1.3388146897448456        7.8186106509611497E-002
  0.27711999999999998        1.3621342360833419        8.2698159115484199E-002
  0.28160000000000002        1.3855279530756186        8.7366698675406529E-002
  0.28608000000000000        1.4089971616073926        9.2193121783631732E-002
  0.29055999999999998        1.4325431627809344        9.7178785324735520E-002
  0.29503999999999997        1.4561672382179480       0.10232500649225820     
  0.29951999999999995        1.4798706503793506       0.10763306265271652     
  0.30399999999999999        1.5036546426777813       0.11310419105715891     
  0.30848000000000003        1.5275204399543991       0.11873958849767804     
  0.31296000000000002        1.5514692485403949       0.12454041083843063     
  0.31744000000000000        1.5755022565019305       0.13050777251603812     
  0.32191999999999998        1.5996206338241343       0.13664274599975509     
  0.32639999999999997        1.6238255325775677       0.14294636123431648     
  0.33088000000000001        1.6481180870671475       0.14941960508104221     
  0.33535999999999999        1.6724994139675353       0.15606342077183119     
  0.33983999999999998        1.6969706124409052       0.16287870738712565     
  0.34432000000000001        1.7215327642440013       0.16986631936947619     
  0.34880000000000000        1.7461869338230223       0.17702706608135874     
  0.35327999999999998        1.7709341684313678       0.18436171142081151     
  0.35776000000000002        1.7957754980676064       0.19187097346659299     
  0.36224000000000001        1.8207119357590837       0.19955552424708897     
  0.36671999999999999        1.8457444774740703       0.20741598951612142     
  0.37119999999999997        1.8708741022174842       0.21545294863166434     
  0.37567999999999996        1.8961017720836668       0.22366693450220021     
  0.38016000000000000        1.9214284323085529       0.23205843360905071     
  0.38463999999999998        1.9468550113160541       0.24062788610411176     
  0.38912000000000002        1.9723824207666014       0.24937568598477866     
  0.39360000000000001        1.9980115556058158       0.25830218134473282     
  0.39807999999999999        2.0237432941418971       0.26740767470560278     
  0.40255999999999997        2.0495784979777421       0.27669242339083849     
  0.40704000000000001        2.0755180122526307       0.28615664003550551     
  0.41152000000000000        2.1015626655664339       0.29580049309767203     
  0.41599999999999998        2.1277132700779320       0.30562410747160251     
  0.42047999999999996        2.1539706215666534       0.31562756515510065     
  0.42496000000000000        2.1803354995037285       0.32581090597753926     
  0.42943999999999999        2.2068086671264164       0.33617412838351940     
  0.43392000000000003        2.2333908715469106       0.34671719027591114     
  0.43839999999999996        2.2600828437179548       0.35744000987002350     
  0.44288000000000000        2.2868852987134853       0.36834246666883819     
  0.44736000000000004        2.3137989356946083       0.37942440239927555     
  0.45183999999999996        2.3408244380461678       0.39068562202466323     
  0.45631999999999995        2.3679624734863447       0.40212589478105598     
  0.46079999999999999        2.3952136941824476       0.41374495524153915     
  0.46528000000000003        2.4225787369030201       0.42554250441284397     
  0.46976000000000007        2.4500582230159393       0.43751821080578379     
  0.47423999999999999        2.4776527588259909       0.44967171161674219     
  0.47871999999999992        2.5053629355722298       0.46200261382318208     
  0.48319999999999996        2.5331893296061385       0.47451049533651807     
  0.48768000000000000        2.5611325025435510       0.48719490615138006     
  0.49216000000000004        2.5891930014187916       0.50005536949562868     
  0.49663999999999997        2.6173713588739007       0.51309138298826729     
  0.50111999999999990        2.6456680931977070       0.52630241974238401     
  0.50559999999999994        2.6740837086956182       0.53968792956684131     
  0.51007999999999998        2.7026186957178768       0.55324734004545795     
  0.51456000000000002        2.7312735308739131       0.56698005766269222     
  0.51903999999999995        2.7600486772138013       0.58088546890252135     
  0.52351999999999999        2.7889445844428336       0.59496294134190220     
  0.52800000000000002        2.8179616889679560       0.60921182466199786     
  0.53248000000000006        2.8471004143124685       0.62363145177349721     
  0.53696000000000010        2.8763611711444370       0.63822113977717265     
  0.54143999999999992        2.9057443575130666       0.65298019097654814     
  0.54591999999999996        2.9352503590443493       0.66790789385030103     
  0.55040000000000000        2.9648795491714881       0.68300352401310527     
  0.55488000000000004        2.9946322891851631       0.69826634507469076     
  0.55936000000000008        3.0245089286694666       0.71369560963163359     
  0.56383999999999990        3.0545098055300577       0.72929056006174486     
  0.56831999999999994        3.0846352462400999       0.74505042938040544     
  0.57279999999999998        3.1148855660402410       0.76097444204974218     
  0.57728000000000002        3.1452610691725114       0.77706181477480563     
  0.58176000000000005        3.1757620489334561       0.79331175718624314     
  0.58623999999999987        3.2063887881091966       0.80972347267486644     
  0.59071999999999991        3.2371415590040318       0.82629615900573916     
  0.59519999999999995        3.2680206236837064       0.84302900900606259     
  0.59967999999999999        3.2990262341725156       0.85992121120357823     
  0.60416000000000003        3.3301586326832862       0.87697195045592968     
  0.60863999999999996        3.3614180516633758       0.89418040845369251     
  0.61312000000000000        3.3928047142218407       0.91154576440469914     
  0.61760000000000004        3.4243188341550024       0.92906719547401706     
  0.62208000000000008        3.4559606161775767       0.94674387731201737     
  0.62655999999999989        3.4877302561123846       0.96457498453463453     
  0.63103999999999993        3.5196279410733391       0.98255969117802588     
  0.63551999999999997        3.5516538496870722        1.0006971711552959     
  0.64000000000000001        3.5838081521171370        1.0189865985595317     
  0.64448000000000005        3.6160910104864619        1.0374271482142909     
  0.64895999999999987        3.6485025788845920        1.0560179959232174     
  0.65343999999999991        3.6810430035843522        1.0747583188428511     
  0.65791999999999995        3.7137124232140430        1.0936472958057986     
  0.66239999999999999        3.7465109689257248        1.1126841076239220     
  0.66688000000000003        3.7794387645618097        1.1318679373734670     
  0.67135999999999996        3.8124959268181069        1.1511979706610753     
  0.67584000000000000        3.8456825654050184        1.1706733958732092     
  0.68032000000000004        3.8789987832359758        1.1902934044395657     
  0.68480000000000008        3.9124446764582950        1.2100571909229372     
  0.68928000000000011        3.9460203347978644        1.2299639534157381     
  0.69375999999999993        3.9797258415782273        1.2500128935932537     
  0.69823999999999997        4.0135612739012858        1.2702032169202317     
  0.70272000000000001        4.0475267027912416        1.2905341328107756     
  0.70720000000000005        4.0816221933383821        1.3110048547751594     
  0.71168000000000009        4.1158478048366129        1.3316146005543883     
  0.71615999999999991        4.1502035909209116        1.3523625922436364     
  0.72063999999999995        4.1846895997010369        1.3732480564045577     
  0.72511999999999999        4.2193058738925986        1.3942702241677034     
  0.72960000000000003        4.2540524509456468        1.4154283313241991     
  0.73408000000000007        4.2889293631704399        1.4367216184090590     
  0.73855999999999988        4.3239366378610775        1.4581493307751399     
  0.74303999999999992        4.3590742974166012        1.4797107186598155     
  0.74751999999999996        4.3943423594631508        1.5014050372806518     
  0.75200000000000000        4.4297408369501694        1.5232315467283204     
  0.75647999999999993        4.4652697382947437        1.5451895122524397     
  0.76095999999999997        4.5009290674704667        1.5672782041336064     
  0.76544000000000001        4.5367188241219019        1.5894968977569757     
  0.76992000000000005        4.5726390036718643        1.6118448736376507     
  0.77440000000000009        4.6086895974216171        1.6343214174388121     
  0.77887999999999991        4.6448705926553746        1.6569258199876769     
  0.78335999999999995        4.6811819727383046        1.6796573772847274     
  0.78783999999999998        4.7176237172135362        1.7025153905097437     
  0.79232000000000002        4.7541958018962287        1.7254991660215180     
  0.79680000000000006        4.7908981989669028        1.7486080153569932     
  0.80127999999999988        4.8277308770627432        1.7718412552240126     
  0.80575999999999992        4.8646938013624794        1.7951982074906985     
  0.81023999999999996        4.9017869336781255        1.8186781991747245     
  0.81472000000000000        4.9390102325336969        1.8422805624253622     
  0.81920000000000004        4.9763636532519993        1.8660046345070915     
  0.82367999999999986        5.0138471480322435        1.8898497577771582     
  0.82815999999999990        5.0514606660303878        1.9138152796630004     
  0.83263999999999994        5.0892041534356744        1.9379005526373274     
  0.83711999999999998        5.1270775535438604        1.9621049341900281     
  0.84160000000000001        5.1650808068329992        1.9864277867998852     
  0.84607999999999994        5.2032138510343469        2.0108684779044941     
  0.85055999999999998        5.2414766211997215        2.0354263798663799     
  0.85504000000000002        5.2798690497545255        2.0601008699330694     
  0.85952000000000006        5.3183910666373713        2.0848913302362626     
  0.86400000000000010        5.3570425991673272        2.1097971477747728     
  0.86847999999999992        5.3958235725273980        2.1348177141271125     
  0.87295999999999996        5.4347339092841933        2.1599524258356348     
  0.87744000000000000        5.4737735298042010        2.1852006840824925     
  0.88192000000000004        5.5129423522206240        2.2105618947200210     
  0.88639999999999985        5.5522402924891283        2.2360354682316839     
  0.89087999999999989        5.5916672644488985        2.2616208196934067     
  0.89535999999999993        5.6312231798745040        2.2873173687316783     
  0.89983999999999997        5.6709079485292095        2.3131245394839866     
  0.90432000000000001        5.7107214782220286        2.3390417605587830     
  0.90879999999999994        5.7506636748520368        2.3650684649911051     
  0.91327999999999998        5.7907344424631857        2.3912040902030762     
  0.91776000000000002        5.8309336832926721        2.4174480779640244     
  0.92224000000000006        5.8712612978139216        2.4437998743441183     
  0.92672000000000010        5.9117171847899170        2.4702589296786472     
  0.93120000000000014        5.9523012413145588        2.4968246985222131     
  0.93567999999999996        5.9930133628559732        2.5234966396091472     
  0.94016000000000000        6.0338534433035287        2.5502742158108340     
  0.94464000000000004        6.0748213750059730        2.5771568940964666     
  0.94912000000000007        6.1159170488168870        2.6041441454912175     
  0.95360000000000011        6.1571403541300249        2.6312354450325968     
  0.95807999999999993        6.1984911789238115        2.6584302717349946     
  0.96255999999999997        6.2399694097959015        2.6857281085454314     
  0.96704000000000001        6.2815749320035774        2.7131284423057114     
  0.97152000000000005        6.3233076294947308        2.7406307637086327     
  0.97600000000000009        6.3651673849506611        2.7682345672640287     
  0.98047999999999991        6.4071540798197644        2.7959393512577848     
  0.98495999999999995        6.4492675943461748        2.8237446177097518     
  0.98943999999999999        6.4915078076075670        2.8516498723384789     
  0.99392000000000003        6.5338745975486674        2.8796546245244086     
  0.99840000000000007        6.5763678410097537        2.9077583872680131     
   1.0028800000000000        6.6189874137586608        2.9359606771547284     
   1.0073600000000000        6.6617331905215531        2.9642610143189656     
   1.0118400000000001        6.7046050450137535        2.9926589224063669     
   1.0163200000000001        6.7476028499661354        3.0211539285374811     
   1.0208000000000002        6.7907264771571691        3.0497455632734987     
   1.0252800000000000        6.8339757974330997        3.0784333605780190     
   1.0297600000000000        6.8773506807442066        3.1072168577855104     
   1.0342400000000000        6.9208509961652309        3.1360955955648451     
   1.0387200000000001        6.9644766119215147        3.1650691178858525     
   1.0431999999999999        7.0082273954174932        3.1941369719862220     
   1.0476799999999999        7.0521032132553376        3.2232987083359137     
   1.0521600000000000        7.0961039312680718        3.2525538806092973     
   1.0566400000000000        7.1402294145324579        3.2819020456464720     
   1.0611200000000001        7.1844795273991302        3.3113427634258814     
   1.0655999999999999        7.2288541335130247        3.3408755970324275     
   1.0700799999999999        7.2733530958357830        3.3705001126243483     
   1.0745600000000000        7.3179762766648251        3.4002158794030755     
   1.0790400000000000        7.3627235376577449        3.4300224695855039     
   1.0835200000000000        7.4075947398479771        3.4599194583690576     
   1.0879999999999999        7.4525897436735775        3.4899064239092872     
   1.0924799999999999        7.4977084089828328        3.5199829472821946     
   1.0969599999999999        7.5429505950697173        3.5501486124643540     
   1.1014400000000000        7.5883161606787759        3.5804030062977579     
   1.1059200000000000        7.6338049640305696        3.6107457184656431     
   1.1104000000000001        7.6794168628383552        3.6411763414639906     
   1.1148800000000001        7.7251517143252677        3.6716944705752970     
   1.1193600000000001        7.7710093752396636        3.7022997038385941     
   1.1238400000000002        7.8169897018739762        3.7329916420276139     
   1.1283200000000002        7.8630925500810713        3.7637698886217570     
   1.1328000000000000        7.9093177752884323        3.7946340497813726     
   1.1372800000000001        7.9556652325156447        3.8255837343232328     
   1.1417600000000001        8.0021347763873756        3.8566185536928645     
   1.1462400000000001        8.0487262611521846        3.8877381219446749     
   1.1507200000000002        8.0954395406908972        3.9189420557119643     
   1.1552000000000000        8.1422744685369643        3.9502299741874531     
   1.1596800000000000        8.1892308978885371        3.9816014990988946     
   1.1641600000000001        8.2363086816211606        4.0130562546847983     
   1.1686400000000001        8.2835076722981835        4.0445938676694952     
   1.1731199999999999        8.3308277221921010        4.0762139672466962     
   1.1776000000000000        8.3782686832889048        4.1079161850502013     
   1.1820800000000000        8.4258304073065382        4.1397001551377954     
   1.1865600000000001        8.4735127457019317        4.1715655139641479     
   1.1910400000000001        8.5213155496876798        4.2035119003638988     
   1.1955199999999999        8.5692386702399439        4.2355389555274421     
   1.2000000000000000        8.6172819581131908        4.2676463229829524     
   8.0000000000000002E-002  0.38432530211199878        1.5880325882599953E-003
   8.4480000000000000E-002  0.40594040888033789        1.7451292149986786E-003
   8.8959999999999997E-002  0.42756432397332195        1.9224955280787320E-003
   9.3439999999999995E-002  0.44919772415656600        2.1242630738409489E-003
   9.7920000000000007E-002  0.47084142479389030        2.3548034718882103E-003
  0.10240000000000000       0.49249637174571892        2.6186826955735439E-003
  0.10688000000000000       0.51416363117574548        2.9206176520908942E-003
  0.11135999999999999       0.53584438016344038        3.2654351156085927E-003
  0.11584000000000001       0.55753989690983863        3.6580331083946806E-003
  0.12032000000000000       0.57925155096191394        4.1033448344486943E-003
  0.12480000000000001       0.60098078848551983        4.6050781399548215E-003
  0.12928000000000001       0.62272895769073511        5.1617172766640898E-003
  0.13375999999999999       0.64449745122190083        5.7821680734589168E-003
  0.13824000000000000       0.66628783309607487        6.4727050025987325E-003
  0.14272000000000001       0.68810175116033301        7.2386494982492550E-003
  0.14720000000000000       0.70994090974292190        8.0848975018946029E-003
  0.15168000000000001       0.73180705386153555        9.0160502465882648E-003
  0.15615999999999999       0.75370195774764115        1.0036464809998655E-002
  0.16064000000000001       0.77562741571112381        1.1150278768378903E-002
  0.16511999999999999       0.79758523455281960        1.2361424935803415E-002
  0.16960000000000000       0.81957722714173831        1.3673642154535466E-002
  0.17407999999999998       0.84160520693333629        1.5090484647719501E-002
  0.17856000000000000       0.86367098328654868        1.6615331033196717E-002
  0.18304000000000001       0.88577635747926931        1.8251393446822313E-002
  0.18751999999999999       0.90792311934001690        2.0001726904901700E-002
  0.19200000000000000       0.93011304442766529        2.1869238874354602E-002
  0.19647999999999999       0.95234789169966627        2.3856698942538959E-002
  0.20096000000000000       0.97462940161319311        2.5966748447124380E-002
  0.20544000000000001       0.99695929460867205        2.8201909922550755E-002
  0.20992000000000000        1.0193392699286128        3.0564596230137873E-002
  0.21439999999999998        1.0417710047274846        3.3057119258271719E-002
  0.21888000000000002        1.0642561534328834        3.5681698101852136E-002
  0.22335999999999998        1.0867963473205033        3.8440466653916094E-002
  0.22784000000000001        1.1093931942690181        4.1335480565058404E-002
  0.23232000000000000        1.1320482786647894        4.4368723546764584E-002
  0.23680000000000001        1.1547631614293021        4.7542113012801396E-002
  0.24127999999999999        1.1775393801449330        5.0857505067394088E-002
  0.24575999999999998        1.2003784492577325        5.4316698861119193E-002
  0.25024000000000002        1.2232818603399538        5.7921440344371841E-002
  0.25471999999999995        1.2462510823953126        6.1673425455063144E-002
  0.25919999999999999        1.2692875621941995        6.5574302781552560E-002
  0.26367999999999997        1.2923927246276092        6.9625675744644497E-002
  0.26816000000000001        1.3155679730702088        7.3829104343360860E-002
  0.27264000000000005        1.3388146897448456        7.8186106509611497E-002
  0.27711999999999998        1.3621342360833419        8.2698159115484199E-002
  0.28160000000000002        1.3855279530756186        8.7366698675406529E-002
  0.28608000000000000        1.4089971616073926        9.2193121783631732E-002
  0.29055999999999998        1.4325431627809344        9.7178785324735520E-002
  0.29503999999999997        1.4561672382179480       0.10232500649225820     
  0.29951999999999995        1.4798706503793506       0.10763306265271652     
  0.30399999999999999        1.5036546426777813       0.11310419105715891     
  0.30848000000000003        1.5275204399543991       0.11873958849767804     
  0.31296000000000002        1.5514692485403949       0.12454041083843063     
  0.31744000000000000        1.5755022565019305       0.13050777251603812     
  0.32191999999999998        1.5996206338241343       0.13664274599975509     
  0.32639999999999997        1.6238255325775677       0.14294636123431648     
  0.33088000000000001        1.6481180870671475       0.14941960508104221     
  0.33535999999999999        1.6724994139675353       0.15606342077183119     
  0.33983999999999998        1.6969706124409052       0.16287870738712565     
  0.34432000000000001        1.7215327642440013       0.16986631936947619     
  0.34880000000000000        1.7461869338230223       0.17702706608135874     
  0.35327999999999998        1.7709341684313678       0.18436171142081151     
  0.35776000000000002        1.7957754980676064       0.19187097346659299     
  0.36224000000000001        1.8207119357590837       0.19955552424708897     
  0.36671999999999999        1.8457444774740703       0.20741598951612142     
  0.37119999999999997        1.8708741022174842       0.21545294863166434     
  0.37567999999999996        1.8961017720836668       0.22366693450220021     
  0.38016000000000000        1.9214284323085529       0.23205843360905071     
  0.38463999999999998        1.9468550113160541       0.24062788610411176     
  0.38912000000000002        1.9723824207666014       0.24937568598477866     
  0.39360000000000001        1.9980115556058158       0.25830218134473282     
  0.39807999999999999        2.0237432941418971       0.26740767470560278     
  0.40255999999999997        2.0495784979777421       0.27669242339083849     
  0.40704000000000001        2.0755180122526307       0.28615664003550551     
  0.41152000000000000        2.1015626655664339       0.29580049309767203     
  0.41599999999999998        2.1277132700779320       0.30562410747160251     
  0.42047999999999996        2.1539706215666534       0.31562756515510065     
  0.42496000000000000        2.1803354995037285       0.32581090597753926     
  0.42943999999999999        2.2068086671264164       0.33617412838351940     
  0.43392000000000003        2.2333908715469106       0.34671719027591114     
  0.43839999999999996        2.2600828437179548       0.35744000987002350     
  0.44288000000000000        2.2868852987134853       0.36834246666883819     
  0.44736000000000004        2.3137989356946083       0.37942440239927555     
  0.45183999999999996        2.3408244380461678       0.39068562202466323     
  0.45631999999999995        2.3679624734863447       0.40212589478105598     
  0.46079999999999999        2.3952136941824476       0.41374495524153915     
  0.46528000000000003        2.4225787369030201       0.42554250441284397     
  0.46976000000000007        2.4500582230159393       0.43751821080578379     
  0.47423999999999999        2.4776527588259909       0.44967171161674219     
  0.47871999999999992        2.5053629355722298       0.46200261382318208     
  0.48319999999999996        2.5331893296061385       0.47451049533651807     
  0.48768000000000000        2.5611325025435510       0.48719490615138006     
  0.49216000000000004        2.5891930014187916       0.50005536949562868     
  0.49663999999999997        2.6173713588739007       0.51309138298826729     
  0.50111999999999990        2.6456680931977070       0.52630241974238401     
  0.50559999999999994        2.6740837086956182       0.53968792956684131     
  0.51007999999999998        2.7026186957178768       0.55324734004545795     
  0.51456000000000002        2.7312735308739131       0.56698005766269222     
  0.51903999999999995        2.7600486772138013       0.58088546890252135     
  0.52351999999999999        2.7889445844428336       0.59496294134190220     
  0.52800000000000002        2.8179616889679560       0.60921182466199786     
  0.53248000000000006        2.8471004143124685       0.62363145177349721     
  0.53696000000000010        2.8763611711444370       0.63822113977717265     
  0.54143999999999992        2.9057443575130666       0.65298019097654814     
  0.54591999999999996        2.9352503590443493       0.66790789385030103     
  0.55040000000000000        2.9648795491714881       0.68300352401310527     
  0.55488000000000004        2.9946322891851631       0.69826634507469076     
  0.55936000000000008        3.0245089286694666       0.71369560963163359     
  0.56383999999999990        3.0545098055300577       0.72929056006174486     
  0.56831999999999994        3.0846352462400999       0.74505042938040544     
  0.57279999999999998        3.1148855660402410       0.76097444204974218     
  0.57728000000000002        3.1452610691725114       0.77706181477480563     
  0.58176000000000005        3.1757620489334561       0.79331175718624314     
  0.58623999999999987        3.2063887881091966       0.80972347267486644     
  0.59071999999999991        3.2371415590040318       0.82629615900573916     
  0.59519999999999995        3.2680206236837064       0.84302900900606259     
  0.59967999999999999        3.2990262341725156       0.85992121120357823     
  0.60416000000000003        3.3301586326832862       0.87697195045592968     
  0.60863999999999996        3.3614180516633758       0.89418040845369251     
  0.61312000000000000        3.3928047142218407       0.91154576440469914     
  0.61760000000000004        3.4243188341550024       0.92906719547401706     
  0.62208000000000008        3.4559606161775767       0.94674387731201737     
  0.62655999999999989        3.4877302561123846       0.96457498453463453     
  0.63103999999999993        3.5196279410733391       0.98255969117802588     
  0.63551999999999997        3.5516538496870722        1.0006971711552959     
  0.64000000000000001        3.5838081521171370        1.0189865985595317     
  0.64448000000000005        3.6160910104864619        1.0374271482142909     
  0.64895999999999987        3.6485025788845920        1.0560179959232174     
  0.65343999999999991        3.6810430035843522        1.0747583188428511     
  0.65791999999999995        3.7137124232140430        1.0936472958057986     
  0.66239999999999999        3.7465109689257248        1.1126841076239220     
  0.66688000000000003        3.7794387645618097        1.1318679373734670     
  0.67135999999999996        3.8124959268181069        1.1511979706610753     
  0.67584000000000000        3.8456825654050184        1.1706733958732092     
  0.68032000000000004        3.8789987832359758        1.1902934044395657     
  0.68480000000000008        3.9124446764582950        1.2100571909229372     
  0.68928000000000011        3.9460203347978644        1.2299639534157381     
  0.69375999999999993        3.9797258415782273        1.2500128935932537     
  0.69823999999999997        4.0135612739012858        1.2702032169202317     
  0.70272000000000001        4.0475267027912416        1.2905341328107756     
  0.70720000000000005        4.0816221933383821        1.3110048547751594     
  0.71168000000000009        4.1158478048366129        1.3316146005543883     
  0.71615999999999991        4.1502035909209116        1.3523625922436364     
  0.72063999999999995        4.1846895997010369        1.3732480564045577     
  0.72511999999999999        4.2193058738925986        1.3942702241677034     
  0.72960000000000003        4.2540524509456468        1.4154283313241991     
  0.73408000000000007        4.2889293631704399        1.4367216184090590     
  0.73855999999999988        4.3239366378610775        1.4581493307751399     
  0.74303999999999992        4.3590742974166012        1.4797107186598155     
  0.74751999999999996        4.3943423594631508        1.5014050372806518     
  0.75200000000000000        4.4297408369501694        1.5232315467283204     
  0.75647999999999993        4.4652697382947437        1.5451895122524397     
  0.76095999999999997        4.5009290674704667        1.5672782041336064     
  0.76544000000000001        4.5367188241219019        1.5894968977569757     
  0.76992000000000005        4.5726390036718643        1.6118448736376507     
  0.77440000000000009        4.6086895974216171        1.6343214174388121     
  0.77887999999999991        4.6448705926553746        1.6569258199876769     
  0.78335999999999995        4.6811819727383046        1.6796573772847274     
  0.78783999999999998        4.7176237172135362        1.7025153905097437     
  0.79232000000000002        4.7541958018962287        1.7254991660215180     
  0.79680000000000006        4.7908981989669028        1.7486080153569932     
  0.80127999999999988        4.8277308770627432        1.7718412552240126     
  0.80575999999999992        4.8646938013624794        1.7951982074906985     
  0.81023999999999996        4.9017869336781255        1.8186781991747245     
  0.81472000000000000        4.9390102325336969        1.8422805624253622     
  0.81920000000000004        4.9763636532519993        1.8660046345070915     
  0.82367999999999986        5.0138471480322435        1.8898497577771582     
  0.82815999999999990        5.0514606660303878        1.9138152796630004     
  0.83263999999999994        5.0892041534356744        1.9379005526373274     
  0.83711999999999998        5.1270775535438604        1.9621049341900281     
  0.84160000000000001        5.1650808068329992        1.9864277867998852     
  0.84607999999999994        5.2032138510343469        2.0108684779044941     
  0.85055999999999998        5.2414766211997215        2.0354263798663799     
  0.85504000000000002        5.2798690497545255        2.0601008699330694     
  0.85952000000000006        5.3183910666373713        2.0848913302362626     
  0.86400000000000010        5.3570425991673272        2.1097971477747728     
  0.86847999999999992        5.3958235725273980        2.1348177141271125     
  0.87295999999999996        5.4347339092841933        2.1599524258356348     
  0.87744000000000000        5.4737735298042010        2.1852006840824925     
  0.88192000000000004        5.5129423522206240        2.2105618947200210     
  0.88639999999999985        5.5522402924891283        2.2360354682316839     
  0.89087999999999989        5.5916672644488985        2.2616208196934067     
  0.89535999999999993        5.6312231798745040        2.2873173687316783     
  0.89983999999999997        5.6709079485292095        2.3131245394839866     
  0.90432000000000001        5.7107214782220286        2.3390417605587830     
  0.90879999999999994        5.7506636748520368        2.3650684649911051     
  0.91327999999999998        5.7907344424631857        2.3912040902030762     
  0.91776000000000002        5.8309336832926721        2.4174480779640244     
  0.92224000000000006        5.8712612978139216        2.4437998743441183     
  0.92672000000000010        5.9117171847899170        2.4702589296786472     
  0.93120000000000014        5.9523012413145588        2.4968246985222131     
  0.93567999999999996        5.9930133628559732        2.5234966396091472     
  0.94016000000000000        6.0338534433035287        2.5502742158108340     
  0.94464000000000004        6.0748213750059730        2.5771568940964666     
  0.94912000000000007        6.1159170488168870        2.6041441454912175     
  0.95360000000000011        6.1571403541300249        2.6312354450325968     
  0.95807999999999993        6.1984911789238115        2.6584302717349946     
  0.96255999999999997        6.2399694097959015        2.6857281085454314     
  0.96704000000000001        6.2815749320035774        2.7131284423057114     
  0.97152000000000005        6.3233076294947308        2.7406307637086327     
  0.97600000000000009        6.3651673849506611        2.7682345672640287     
  0.98047999999999991        6.4071540798197644        2.7959393512577848     
  0.98495999999999995        6.4492675943461748        2.8237446177097518     
  0.98943999999999999        6.4915078076075670        2.8516498723384789     
  0.99392000000000003        6.5338745975486674        2.8796546245244086     
  0.99840000000000007        6.5763678410097537        2.9077583872680131     
   1.0028800000000000        6.6189874137586608        2.9359606771547284     
   1.0073600000000000        6.6617331905215531        2.9642610143189656     
   1.0118400000000001        6.7046050450137535        2.9926589224063669     
   1.0163200000000001        6.7476028499661354        3.0211539285374811     
   1.0208000000000002        6.7907264771571691        3.0497455632734987     
   1.0252800000000000        6.8339757974330997        3.0784333605780190     
   1.0297600000000000        6.8773506807442066        3.1072168577855104     
   1.0342400000000000        6.9208509961652309        3.1360955955648451     
   1.0387200000000001        6.9644766119215147        3.1650691178858525     
   1.0431999999999999        7.0082273954174932        3.1941369719862220     
   1.0476799999999999        7.0521032132553376        3.2232987083359137     
   1.0521600000000000        7.0961039312680718        3.2525538806092973     
   1.0566400000000000        7.1402294145324579        3.2819020456464720     
   1.0611200000000001        7.1844795273991302        3.3113427634258814     
   1.0655999999999999        7.2288541335130247        3.3408755970324275     
   1.0700799999999999        7.2733530958357830        3.3705001126243483     
   1.0745600000000000        7.3179762766648251        3.4002158794030755     
   1.0790400000000000        7.3627235376577449        3.4300224695855039     
   1.0835200000000000        7.4075947398479771        3.4599194583690576     
   1.0879999999999999        7.4525897436735775        3.4899064239092872     
   1.0924799999999999        7.4977084089828328        3.5199829472821946     
   1.0969599999999999        7.5429505950697173        3.5501486124643540     
   1.1014400000000000        7.5883161606787759        3.5804030062977579     
   1.1059200000000000        7.6338049640305696        3.6107457184656431     
   1.1104000000000001        7.6794168628383552        3.6411763414639906     
   1.1148800000000001        7.7251517143252677        3.6716944705752970     
   1.1193600000000001        7.7710093752396636        3.7022997038385941     
   1.1238400000000002        7.8169897018739762        3.7329916420276139     
   1.1283200000000002        7.8630925500810713        3.7637698886217570     
   1.1328000000000000        7.9093177752884323        3.7946340497813726     
   1.1372800000000001        7.9556652325156447        3.8255837343232328     
   1.1417600000000001        8.0021347763873756        3.8566185536928645     
   1.1462400000000001        8.0487262611521846        3.8877381219446749     
   1.1507200000000002        8.0954395406908972        3.9189420557119643     
   1.1552000000000000        8.1422744685369643        3.9502299741874531     
   1.1596800000000000        8.1892308978885371        3.9816014990988946     
   1.1641600000000001        8.2363086816211606        4.0130562546847983     
   1.1686400000000001        8.2835076722981835        4.0445938676694952     
   1.1731199999999999        8.3308277221921010        4.0762139672466962     
   1.1776000000000000        8.3782686832889048        4.1079161850502013     
   1.1820800000000000        8.4258304073065382        4.1397001551377954     
   1.1865600000000001        8.4735127457019317        4.1715655139641479     
   1.1910400000000001        8.5213155496876798        4.2035119003638988     
   1.1955199999999999        8.5692386702399439        4.2355389555274421     
   1.2000000000000000        8.6172819581131908        4.2676463229829524     
   8.0000000000000002E-002  0.38432530211199878        1.5880325882599953E-003
   8.4480000000000000E-002  0.40594040888033789        1.7451292149986786E-003
   8.8959999999999997E-002  0.42756432397332195        1.9224955280787320E-003
   9.3439999999999995E-002  0.44919772415656600        2.1242630738409489E-003
   9.7920000000000007E-002  0.47084142479389030        2.3548034718882103E-003
  0.10240000000000000       0.49249637174571892        2.6186826955735439E-003
  0.10688000000000000       0.51416363117574548        2.9206176520908942E-003
  0.11135999999999999       0.53584438016344038        3.2654351156085927E-003
  0.11584000000000001       0.55753989690983863        3.6580331083946806E-003
  0.12032000000000000       0.57925155096191394        4.1033448344486943E-003
  0.12480000000000001       0.60098078848551983        4.6050781399548215E-003
  0.12928000000000001       0.62272895769073511        5.1617172766640898E-003
  0.13375999999999999       0.64449745122190083        5.7821680734589168E-003
  0.13824000000000000       0.66628783309607487        6.4727050025987325E-003
  0.14272000000000001       0.68810175116033301        7.2386494982492550E-003
  0.14720000000000000       0.70994090974292190        8.0848975018946029E-003
  0.15168000000000001       0.73180705386153555        9.0160502465882648E-003
  0.15615999999999999       0.75370195774764115        1.0036464809998655E-002
  0.16064000000000001       0.77562741571112381        1.1150278768378903E-002
  0.16511999999999999       0.79758523455281960        1.2361424935803415E-002
  0.16960000000000000       0.81957722714173831        1.3673642154535466E-002
  0.17407999999999998       0.84160520693333629        1.5090484647719501E-002
  0.17856000000000000       0.86367098328654868        1.6615331033196717E-002
  0.18304000000000001       0.88577635747926931        1.8251393446822313E-002
  0.18751999999999999       0.90792311934001690        2.0001726904901700E-002
  0.19200000000000000       0.93011304442766529        2.1869238874354602E-002
  0.19647999999999999       0.95234789169966627        2.3856698942538959E-002
  0.20096000000000000       0.97462940161319311        2.5966748447124380E-002
  0.20544000000000001       0.99695929460867205        2.8201909922550755E-002
  0.20992000000000000        1.0193392699286128        3.0564596230137873E-002
  0.21439999999999998        1.0417710047274846        3.3057119258271719E-002
  0.21888000000000002        1.0642561534328834        3.5681698101852136E-002
  0.22335999999999998        1.0867963473205033        3.8440466653916094E-002
  0.22784000000000001        1.1093931942690181        4.1335480565058404E-002
  0.23232000000000000        1.1320482786647894        4.4368723546764584E-002
  0.23680000000000001        1.1547631614293021        4.7542113012801396E-002
  0.24127999999999999        1.1775393801449330        5.0857505067394088E-002
  0.24575999999999998        1.2003784492577325        5.4316698861119193E-002
  0.25024000000000002        1.2232818603399538        5.7921440344371841E-002
  0.25471999999999995        1.2462510823953126        6.1673425455063144E-002
  0.25919999999999999        1.2692875621941995        6.5574302781552560E-002
  0.26367999999999997        1.2923927246276092        6.9625675744644497E-002
  0.26816000000000001        1.3155679730702088        7.3829104343360860E-002
  0.27264000000000005        1.3388146897448456        7.8186106509611497E-002
  0.27711999999999998        1.3621342360833419        8.2698159115484199E-002
  0.28160000000000002        1.3855279530756186        8.7366698675406529E-002
  0.28608000000000000        1.4089971616073926        9.2193121783631732E-002
  0.29055999999999998        1.4325431627809344        9.7178785324735520E-002
  0.29503999999999997        1.4561672382179480       0.10232500649225820     
  0.29951999999999995        1.4798706503793506       0.10763306265271652     
  0.30399999999999999        1.5036546426777813       0.11310419105715891     
  0.30848000000000003        1.5275204399543991       0.11873958849767804     
  0.31296000000000002        1.5514692485403949       0.12454041083843063     
  0.31744000000000000        1.5755022565019305       0.13050777251603812     
  0.32191999999999998        1.5996206338241343       0.13664274599975509     
  0.32639999999999997        1.6238255325775677       0.14294636123431648     
  0.33088000000000001        1.6481180870671475       0.14941960508104221     
  0.33535999999999999        1.6724994139675353       0.15606342077183119     
  0.33983999999999998        1.6969706124409052       0.16287870738712565     
  0.34432000000000001        1.7215327642440013       0.16986631936947619     
  0.34880000000000000        1.7461869338230223       0.17702706608135874     
  0.35327999999999998        1.7709341684313678       0.18436171142081151     
  0.35776000000000002        1.7957754980676064       0.19187097346659299     
  0.36224000000000001        1.8207119357590837       0.19955552424708897     
  0.36671999999999999        1.8457444774740703       0.20741598951612142     
  0.37119999999999997        1.8708741022174842       0.21545294863166434     
  0.37567999999999996        1.8961017720836668       0.22366693450220021     
  0.38016000000000000        1.9214284323085529       0.23205843360905071     
  0.38463999999999998        1.9468550113160541       0.24062788610411176     
  0.38912000000000002        1.9723824207666014       0.24937568598477866     
  0.39360000000000001        1.9980115556058158       0.25830218134473282     
  0.39807999999999999        2.0237432941418971       0.26740767470560278     
  0.40255999999999997        2.0495784979777421       0.27669242339083849     
  0.40704000000000001        2.0755180122526307       0.28615664003550551     
  0.41152000000000000        2.1015626655664339       0.29580049309767203     
  0.41599999999999998        2.1277132700779320       0.30562410747160251     
  0.42047999999999996        2.1539706215666534       0.31562756515510065     
  0.42496000000000000        2.1803354995037285       0.32581090597753926     
  0.42943999999999999        2.2068086671264164       0.33617412838351940     
  0.43392000000000003        2.2333908715469106       0.34671719027591114     
  0.43839999999999996        2.2600828437179548       0.35744000987002350     
  0.44288000000000000        2.2868852987134853       0.36834246666883819     
  0.44736000000000004        2.3137989356946083       0.37942440239927555     
  0.45183999999999996        2.3408244380461678       0.39068562202466323     
  0.45631999999999995        2.3679624734863447       0.40212589478105598     
  0.46079999999999999        2.3952136941824476       0.41374495524153915     
  0.46528000000000003        2.4225787369030201       0.42554250441284397     
  0.46976000000000007        2.4500582230159393       0.43751821080578379     
  0.47423999999999999        2.4776527588259909       0.44967171161674219     
  0.47871999999999992        2.5053629355722298       0.46200261382318208     
  0.48319999999999996        2.5331893296061385       0.47451049533651807     
  0.48768000000000000        2.5611325025435510       0.48719490615138006     
  0.49216000000000004        2.5891930014187916       0.50005536949562868     
  0.49663999999999997        2.6173713588739007       0.51309138298826729     
  0.50111999999999990        2.6456680931977070       0.52630241974238401     
  0.50559999999999994        2.6740837086956182       0.53968792956684131     
  0.51007999999999998        2.7026186957178768       0.55324734004545795     
  0.51456000000000002        2.7312735308739131       0.56698005766269222     
  0.51903999999999995        2.7600486772138013       0.58088546890252135     
  0.52351999999999999        2.7889445844428336       0.59496294134190220     
  0.52800000000000002        2.8179616889679560       0.60921182466199786     
  0.53248000000000006        2.8471004143124685       0.62363145177349721     
  0.53696000000000010        2.8763611711444370       0.63822113977717265     
  0.54143999999999992        2.9057443575130666       0.65298019097654814     
  0.54591999999999996        2.9352503590443493       0.66790789385030103     
  0.55040000000000000        2.9648795491714881       0.68300352401310527     
  0.55488000000000004        2.9946322891851631       0.69826634507469076     
  0.55936000000000008        3.0245089286694666       0.71369560963163359     
  0.56383999999999990        3.0545098055300577       0.72929056006174486     
  0.56831999999999994        3.0846352462400999       0.74505042938040544     
  0.57279999999999998        3.1148855660402410       0.76097444204974218     
  0.57728000000000002        3.1452610691725114       0.77706181477480563     
  0.58176000000000005        3.1757620489334561       0.79331175718624314     
  0.58623999999999987        3.2063887881091966       0.80972347267486644     
  0.59071999999999991        3.2371415590040318       0.82629615900573916     
  0.59519999999999995        3.2680206236837064       0.84302900900606259     
  0.59967999999999999        3.2990262341725156       0.85992121120357823     
  0.60416000000000003        3.3301586326832862       0.87697195045592968     
  0.60863999999999996        3.3614180516633758       0.89418040845369251     
  0.61312000000000000        3.3928047142218407       0.91154576440469914     
  0.61760000000000004        3.4243188341550024       0.92906719547401706     
  0.62208000000000008        3.4559606161775767       0.94674387731201737     
  0.62655999999999989        3.4877302561123846       0.96457498453463453     
  0.63103999999999993        3.5196279410733391       0.98255969117802588     
  0.63551999999999997        3.5516538496870722        1.0006971711552959     
  0.64000000000000001        3.5838081521171370        1.0189865985595317     
  0.64448000000000005        3.6160910104864619        1.0374271482142909     
  0.64895999999999987        3.6485025788845920        1.0560179959232174     
  0.65343999999999991        3.6810430035843522        1.0747583188428511     
  0.65791999999999995        3.7137124232140430        1.0936472958057986     
  0.66239999999999999        3.7465109689257248        1.1126841076239220     
  0.66688000000000003        3.7794387645618097        1.1318679373734670     
  0.67135999999999996        3.8124959268181069        1.1511979706610753     
  0.67584000000000000        3.8456825654050184        1.1706733958732092     
  0.68032000000000004        3.8789987832359758        1.1902934044395657     
  0.68480000000000008        3.9124446764582950        1.2100571909229372     
  0.68928000000000011        3.9460203347978644        1.2299639534157381     
  0.69375999999999993        3.9797258415782273        1.2500128935932537     
  0.69823999999999997        4.0135612739012858        1.2702032169202317     
  0.70272000000000001        4.0475267027912416        1.2905341328107756     
  0.70720000000000005        4.0816221933383821        1.3110048547751594     
  0.71168000000000009        4.1158478048366129        1.3316146005543883     
  0.71615999999999991        4.1502035909209116        1.3523625922436364     
  0.72063999999999995        4.1846895997010369        1.3732480564045577     
  0.72511999999999999        4.2193058738925986        1.3942702241677034     
  0.72960000000000003        4.2540524509456468        1.4154283313241991     
  0.73408000000000007        4.2889293631704399        1.4367216184090590     
  0.73855999999999988        4.3239366378610775        1.4581493307751399     
  0.74303999999999992        4.3590742974166012        1.4797107186598155     
  0.74751999999999996        4.3943423594631508        1.5014050372806518     
  0.75200000000000000        4.4297408369501694        1.5232315467283204     
  0.75647999999999993        4.4652697382947437        1.5451895122524397     
  0.76095999999999997        4.5009290674704667        1.5672782041336064     
  0.76544000000000001        4.5367188241219019        1.5894968977569757     
  0.76992000000000005        4.5726390036718643        1.6118448736376507     
  0.77440000000000009        4.6086895974216171        1.6343214174388121     
  0.77887999999999991        4.6448705926553746        1.6569258199876769     
  0.78335999999999995        4.6811819727383046        1.6796573772847274     
  0.78783999999999998        4.7176237172135362        1.7025153905097437     
  0.79232000000000002        4.7541958018962287        1.7254991660215180     
  0.79680000000000006        4.7908981989669028        1.7486080153569932     
  0.80127999999999988        4.8277308770627432        1.7718412552240126     
  0.80575999999999992        4.8646938013624794        1.7951982074906985     
  0.81023999999999996        4.9017869336781255        1.8186781991747245     
  0.81472000000000000        4.9390102325336969        1.8422805624253622     
  0.81920000000000004        4.9763636532519993        1.8660046345070915     
  0.82367999999999986        5.0138471480322435        1.8898497577771582     
  0.82815999999999990        5.0514606660303878        1.9138152796630004     
  0.83263999999999994        5.0892041534356744        1.9379005526373274     
  0.83711999999999998        5.1270775535438604        1.9621049341900281     
  0.84160000000000001        5.1650808068329992        1.9864277867998852     
  0.84607999999999994        5.2032138510343469        2.0108684779044941     
  0.85055999999999998        5.2414766211997215        2.0354263798663799     
  0.85504000000000002        5.2798690497545255        2.0601008699330694     
  0.85952000000000006        5.3183910666373713        2.0848913302362626     
  0.86400000000000010        5.3570425991673272        2.1097971477747728     
  0.86847999999999992        5.3958235725273980        2.1348177141271125     
  0.87295999999999996        5.4347339092841933        2.1599524258356348     
  0.87744000000000000        5.4737735298042010        2.1852006840824925     
  0.88192000000000004        5.5129423522206240        2.2105618947200210     
  0.88639999999999985        5.5522402924891283        2.2360354682316839     
  0.89087999999999989        5.5916672644488985        2.2616208196934067     
  0.89535999999999993        5.6312231798745040        2.2873173687316783     
  0.89983999999999997        5.6709079485292095        2.3131245394839866     
  0.90432000000000001        5.7107214782220286        2.3390417605587830     
  0.90879999999999994        5.7506636748520368        2.3650684649911051     
  0.91327999999999998        5.7907344424631857        2.3912040902030762     
  0.91776000000000002        5.8309336832926721        2.4174480779640244     
  0.92224000000000006        5.8712612978139216        2.4437998743441183     
  0.92672000000000010        5.9117171847899170        2.4702589296786472     
  0.93120000000000014        5.9523012413145588        2.4968246985222131     
  0.93567999999999996        5.9930133628559732        2.5234966396091472     
  0.94016000000000000        6.0338534433035287        2.5502742158108340     
  0.94464000000000004        6.0748213750059730        2.5771568940964666     
  0.94912000000000007        6.1159170488168870        2.6041441454912175     
  0.95360000000000011        6.1571403541300249        2.6312354450325968     
  0.95807999999999993        6.1984911789238115        2.6584302717349946     
  0.96255999999999997        6.2399694097959015        2.6857281085454314     
  0.96704000000000001        6.2815749320035774        2.7131284423057114     
  0.97152000000000005        6.3233076294947308        2.7406307637086327     
  0.97600000000000009        6.3651673849506611        2.7682345672640287     
  0.98047999999999991        6.4071540798197644        2.7959393512577848     
  0.98495999999999995        6.4492675943461748        2.8237446177097518     
  0.98943999999999999        6.4915078076075670        2.8516498723384789     
  0.99392000000000003        6.5338745975486674        2.8796546245244086     
  0.99840000000000007        6.5763678410097537        2.9077583872680131     
   1.0028800000000000        6.6189874137586608        2.9359606771547284     
   1.0073600000000000        6.6617331905215531        2.9642610143189656     
   1.0118400000000001        6.7046050450137535        2.9926589224063669     
   1.0163200000000001        6.7476028499661354        3.0211539285374811     
   1.0208000000000002        6.7907264771571691        3.0497455632734987     
   1.0252800000000000        6.8339757974330997        3.0784333605780190     
   1.0297600000000000        6.8773506807442066        3.1072168577855104     
   1.0342400000000000        6.9208509961652309        3.1360955955648451     
   1.0387200000000001        6.9644766119215147        3.1650691178858525     
   1.0431999999999999        7.0082273954174932        3.1941369719862220     
   1.0476799999999999        7.0521032132553376        3.2232987083359137     
   1.0521600000000000        7.0961039312680718        3.2525538806092973     
   1.0566400000000000        7.1402294145324579        3.2819020456464720     
   1.0611200000000001        7.1844795273991302        3.3113427634258814     
   1.0655999999999999        7.2288541335130247        3.3408755970324275     
   1.0700799999999999        7.2733530958357830        3.3705001126243483     
   1.0745600000000000        7.3179762766648251        3.4002158794030755     
   1.0790400000000000        7.3627235376577449        3.4300224695855039     
   1.0835200000000000        7.4075947398479771        3.4599194583690576     
   1.0879999999999999        7.4525897436735775        3.4899064239092872     
   1.0924799999999999        7.4977084089828328        3.5199829472821946     
   1.0969599999999999        7.5429505950697173        3.5501486124643540     
   1.1014400000000000        7.5883161606787759        3.5804030062977579     
   1.1059200000000000        7.6338049640305696        3.6107457184656431     
   1.1104000000000001        7.6794168628383552        3.6411763414639906     
   1.1148800000000001        7.7251517143252677        3.6716944705752970     
   1.1193600000000001        7.7710093752396636        3.7022997038385941     
   1.1238400000000002        7.8169897018739762        3.7329916420276139     
   1.1283200000000002        7.8630925500810713        3.7637698886217570     
   1.1328000000000000        7.9093177752884323        3.7946340497813726     
   1.1372800000000001        7.9556652325156447        3.8255837343232328     
   1.1417600000000001        8.0021347763873756        3.8566185536928645     
   1.1462400000000001        8.0487262611521846        3.8877381219446749     
   1.1507200000000002        8.0954395406908972        3.9189420557119643     
   1.1552000000000000        8.1422744685369643        3.9502299741874531     
   1.1596800000000000        8.1892308978885371        3.9816014990988946     
   1.1641600000000001        8.2363086816211606        4.0130562546847983     
   1.1686400000000001        8.2835076722981835        4.0445938676694952     
   1.1731199999999999        8.3308277221921010        4.0762139672466962     
   1.1776000000000000        8.3782686832889048        4.1079161850502013     
   1.1820800000000000        8.4258304073065382        4.1397001551377954     
   1.1865600000000001        8.4735127457019317        4.1715655139641479     
   1.1910400000000001        8.5213155496876798        4.2035119003638988     
   1.1955199999999999        8.5692386702399439        4.2355389555274421     
   1.2000000000000000        8.6172819581131908        4.2676463229829524     
