5.0000000000000003E-002 0.23834759964875865 -2.0362442429497155E-003
5.3800000000000001E-002 0.25628497535672534 -2.6482943809924969E-003
5.7599999999999998E-002 0.27417598956005967 -3.3492777729938845E-003
6.1400000000000003E-002 0.29201781755690859 -4.1393072938341689E-003
6.5200000000000008E-002 0.30980800681289289 -5.0175594141686087E-003
6.9000000000000006E-002 0.32754446408384313 -5.9823556602979231E-003
7.2799999999999990E-002 0.34522544109857212 -7.0312362139552179E-003
7.6600000000000001E-002 0.36284951957969053 -8.1610261103565642E-003
8.0400000000000013E-002 0.38041559612041270 -9.3678946668408619E-003
8.4199999999999997E-002 0.39792286725585779 -1.0647408856813031E-002
8.7999999999999995E-002 0.41537081494191769 -1.1994581394248006E-002
9.1800000000000007E-002 0.43275919256525536 -1.3403914335111218E-002
9.5600000000000004E-002 0.45008801161328715 -1.4869439040107388E-002
9.9400000000000002E-002 0.46735752852318313 -1.6384753369687897E-002
0.10320000000000000 0.48456823318190134 -1.7943057034178003E-002
0.10700000000000000 0.50172083644768362 -1.9537185997433430E-002
0.11080000000000001 0.51881625930310615 -2.1159646922435514E-002
0.11460000000000002 0.53585562173135148 -2.2802652621578046E-002
0.11840000000000001 0.55284023247881142 -2.4458159599858684E-002
0.12220000000000000 0.56977157789616228 -2.6117908737895556E-002
0.12600000000000000 0.58665131173531371 -2.7773470472491939E-002
0.12980000000000003 0.60348124431440819 -2.9416295865287805E-002
0.13360000000000000 0.62026333141977452 -3.1037775184218280E-002
0.13739999999999999 0.63699966268617669 -3.2629305896920716E-002
0.14120000000000002 0.65369244922136427 -3.4182371939696844E-002
0.14500000000000002 0.67034401025802981 -3.5688635934658645E-002
0.14879999999999999 0.68695675860817451 -3.7140045163897198E-002
0.15260000000000001 0.70353318472757398 -3.8528950357235019E-002
0.15640000000000001 0.72007583928754437 -3.9848233449326871E-002
0.16020000000000001 0.73658731429998137 -4.1091436503187057E-002
0.16400000000000001 0.75307022308228444 -4.2252879646768382E-002
0.16780000000000000 0.76952717961980899 -4.3327752512303724E-002
0.17160000000000000 0.78596077818231391 -4.4312163113494223E-002
0.17540000000000003 0.80237357425618894 -4.5203131777391402E-002
0.17920000000000003 0.81876806790406165 -4.5998525692512691E-002
0.18300000000000000 0.83514669051034540 -4.6696939921921254E-002
0.18680000000000002 0.85151179552880285 -4.7297540098477066E-002
0.19060000000000002 0.86786565339804977 -4.7799887416644274E-002
0.19439999999999999 0.88421045035436896 -4.8203766632449470E-002
0.19820000000000002 0.90054829053123542 -4.8509033409690205E-002
0.20200000000000001 0.91688120052268163 -4.8715490714441922E-002
0.20580000000000001 0.93321113579940362 -4.8822797364296365E-002
0.20960000000000004 0.94953998770893122 -4.8830406854490173E-002
0.21340000000000001 0.96586959118650018 -4.8737531578479917E-002
0.21720000000000000 0.98220173219868678 -4.8543126475605693E-002
0.22100000000000003 0.99853815486100117 -4.8245886204274113E-002
0.22479999999999997 1.0148805680368043 -4.7844250699380697E-002
0.22860000000000000 1.0312306041453212 -4.7346228603631968E-002
0.23240000000000000 1.0475896809438054 -4.6751301546739968E-002
0.23619999999999999 1.0639593690168840 -4.6045949302534722E-002
0.23999999999999999 1.0803413259682881 -4.5224259787897188E-002
0.24380000000000002 1.0967372385734719 -4.4281611976959387E-002
0.24760000000000001 1.1131488088349142 -4.3213874492672139E-002
0.25140000000000001 1.1295777480983908 -4.2017137655030935E-002
0.25519999999999998 1.1460257743889311 -4.0687578079623192E-002
0.25900000000000001 1.1624946115719703 -3.9221362878374508E-002
0.26279999999999998 1.1789859899159110 -3.7614558118206090E-002
0.26660000000000000 1.1955016480582565 -3.5863019555683856E-002
0.27040000000000003 1.2120433366929046 -3.3962242477214855E-002
0.27420000000000000 1.2286128246699097 -3.1907135203074186E-002
0.27799999999999997 1.2452119088254641 -2.9691649820669578E-002
0.28179999999999999 1.2618424301332731 -2.7308126916034032E-002
0.28559999999999997 1.2785063017449023 -2.4745996500507256E-002
0.28939999999999999 1.2952055628936119 -2.1988739520903539E-002
0.29320000000000002 1.3119425040074604 -1.9004368618038229E-002
0.29699999999999999 1.3287201607817427 -1.5662621670040205E-002
0.30080000000000001 1.3378265120921751 -1.2883234493035311E-002
0.30460000000000004 1.3378265120979191 -1.2883224235053900E-002
0.30840000000000001 1.3378265121013615 -1.2883216827564497E-002
0.31219999999999998 1.3378265121013693 -1.2883216816288384E-002
0.31600000000000000 1.3378265121013757 -1.2883216801074271E-002
0.31979999999999997 1.3378265121014299 -1.2883216672252970E-002
0.32360000000000000 1.3378265121014492 -1.2883216623525835E-002
0.32740000000000002 1.3378265121014510 -1.2883216623502117E-002
0.33119999999999999 1.3378265121014621 -1.2883216601362112E-002
0.33500000000000002 1.3378265121015500 -1.2883216379006277E-002
0.33879999999999999 1.3378265121015500 -1.2883216379006277E-002
0.34259999999999996 1.3378265121015616 -1.2883216352100055E-002
0.34639999999999999 1.3378265121015620 -1.2883216351878198E-002
0.35020000000000001 1.3378265121015740 -1.2883216323752654E-002
0.35399999999999998 1.3378265121015740 -1.2883216323752654E-002
0.35780000000000001 1.3378265121015744 -1.2883216323752323E-002
0.36160000000000003 1.3378265121015744 -1.2883216323752323E-002
0.36540000000000000 1.3378265121016633 -1.2883216095213621E-002
0.36920000000000003 1.3378265121016633 -1.2883216095213621E-002
0.37300000000000000 1.3378265121016635 -1.2883216093130213E-002
0.37679999999999997 1.3378265121016706 -1.2883216078565836E-002
0.38059999999999999 1.3378265121016735 -1.2883216073010458E-002
0.38440000000000002 1.3378265121016735 -1.2883216073010458E-002
0.38819999999999999 1.3378265121016728 -1.2883216073010626E-002
0.39200000000000002 1.3378265121016735 -1.2883216073010458E-002
0.39580000000000004 1.3378265121016735 -1.2883216073010458E-002
0.39959999999999996 1.3378265121016735 -1.2883216073010458E-002
0.40339999999999998 1.3378265121016757 -1.2883216071081628E-002
0.40720000000000001 1.3378265121016943 -1.2883216023887504E-002
0.41099999999999998 1.3378265121017485 -1.2883215887532997E-002
0.41480000000000000 1.3378265121017490 -1.2883215887506381E-002
0.41860000000000003 1.3378265121017490 -1.2883215887506381E-002
0.42240000000000005 1.3378265121017494 -1.2883215887506318E-002
0.42620000000000002 1.3378265121017614 -1.2883215863357852E-002
0.43000000000000005 1.3378265121017614 -1.2883215863357531E-002
0.43380000000000002 1.3378265121017614 -1.2883215863132123E-002
0.43759999999999999 1.3378265121017614 -1.2883215863132123E-002
0.44140000000000007 1.3378265121017614 -1.2883215863132121E-002
0.44519999999999998 1.3378265121018007 -1.2883215770986025E-002
0.44900000000000007 1.3378265121018773 -1.2883215576018278E-002
0.45280000000000004 1.3378265121019364 -1.2883215431475590E-002
0.45660000000000006 1.3378265121019364 -1.2883215431475590E-002
0.46040000000000003 1.3378265121019375 -1.2883215431445140E-002
0.46420000000000000 1.3378265121019872 -1.2883215311381402E-002
0.46800000000000003 1.3378265121019872 -1.2883215311379854E-002
0.47180000000000011 1.3378265121020250 -1.2883215225206274E-002
0.47560000000000008 1.3378265121020294 -1.2883215223485234E-002
0.47939999999999999 1.3378265121020294 -1.2883215223485234E-002
0.48320000000000007 1.3378265121020294 -1.2883215223485234E-002
0.48700000000000004 1.3378265121021062 -1.2883215022359368E-002
0.49080000000000007 1.3378265121021073 -1.2883215022356414E-002
0.49460000000000004 1.3378265121021102 -1.2883215020957385E-002
0.49840000000000007 1.3378265121021191 -1.2883215002234551E-002
0.50220000000000009 1.3378265121021198 -1.2883215002220861E-002
0.50600000000000001 1.3378265121021331 -1.2883214980495473E-002
0.50980000000000003 1.3378265121021331 -1.2883214980495473E-002
0.51360000000000006 1.3378265121021331 -1.2883214980495473E-002
0.51740000000000008 1.3378265121021331 -1.2883214980495473E-002
0.52120000000000000 1.3378265121021331 -1.2883214980495473E-002
0.52500000000000013 1.3378265121021331 -1.2883214980495473E-002
0.52880000000000005 1.3378265121021331 -1.2883214980495473E-002
0.53260000000000007 1.3378265121021331 -1.2883214980495473E-002
0.53640000000000010 1.3378265121021331 -1.2883214980495473E-002
0.54020000000000001 1.3378265121021331 -1.2883214980495473E-002
0.54400000000000004 1.3378265121021331 -1.2883214980495473E-002
0.54780000000000006 1.3378265121021331 -1.2883214980495473E-002
0.55160000000000009 1.3378265121021331 -1.2883214980495473E-002
0.55540000000000000 1.3378265121021342 -1.2883214979245173E-002
0.55920000000000014 1.3378265121021344 -1.2883214979220230E-002
0.56300000000000006 1.3378265121021418 -1.2883214966878378E-002
0.56680000000000008 1.3378265121021418 -1.2883214966878378E-002
0.57060000000000011 1.3378265121021418 -1.2883214966878378E-002
0.57440000000000002 1.3378265121021529 -1.2883214942474066E-002
0.57820000000000005 1.3378265121022108 -1.2883214797540791E-002
0.58200000000000007 1.3378265121022215 -1.2883214773669494E-002
0.58580000000000010 1.3378265121022255 -1.2883214769423874E-002
0.58960000000000001 1.3378265121022255 -1.2883214769423874E-002
0.59340000000000015 1.3378265121022699 -1.2883214652391048E-002
0.59720000000000006 1.3378265121022688 -1.2883214652391232E-002
0.60099999999999998 1.3378265121022688 -1.2883214652391232E-002
0.60480000000000012 1.3378265121022719 -1.2883214649995915E-002
0.60860000000000003 1.3378265121022832 -1.2883214627232556E-002
0.61240000000000006 1.3378265121022894 -1.2883214615949184E-002
0.61620000000000008 1.3378265121022932 -1.2883214604677026E-002
0.62000000000000011 1.3378265121022990 -1.2883214592485993E-002
0.62380000000000002 1.3378265121022990 -1.2883214592485993E-002
0.62760000000000005 1.3378265121022990 -1.2883214592485993E-002
0.63140000000000007 1.3378265121022990 -1.2883214592485993E-002
0.63519999999999999 1.3378265121023003 -1.2883214592378402E-002
0.63900000000000012 1.3586492419206118 -9.2151736859574195E-003
0.64280000000000004 1.3586492419206118 -9.2151736859574195E-003
0.64660000000000006 1.3586492419234582 -9.2151732962969576E-003
0.65040000000000009 1.3586492419234582 -9.2151732962969576E-003
0.65420000000000011 1.3586492419234582 -9.2151732962969576E-003
0.65800000000000003 1.3586492419234582 -9.2151732962969576E-003
0.66180000000000005 1.3586492419234582 -9.2151732962969576E-003
0.66560000000000008 1.3586492419234582 -9.2151732962969576E-003
0.66940000000000000 1.3586492419234582 -9.2151732962969576E-003
0.67320000000000013 1.3586492419224154 -9.2151734404146042E-003
0.67700000000000005 1.3586492419119864 -9.2151748814736645E-003
0.68080000000000007 1.3586492419119864 -9.2151748814736645E-003
0.68460000000000010 1.3586492419119864 -9.2151748814736645E-003
0.68840000000000012 1.3586492419119864 -9.2151748814736905E-003
0.69220000000000004 1.3586492419119864 -9.2151748814736905E-003
0.69600000000000006 1.3586492419119864 -9.2151748814736905E-003
0.69980000000000009 1.3586492419119864 -9.2151748814736142E-003
0.70360000000000000 1.3586492419119864 -9.2151748814736142E-003
0.70740000000000014 1.3586492419119864 -9.2151748814736142E-003
0.71120000000000005 1.3586492419119864 -9.2151748814736662E-003
0.71500000000000008 1.3586492419119864 -9.2151748814736662E-003
0.71880000000000011 1.3586492419119864 -9.2151748814736662E-003
0.72260000000000002 1.3586492419119875 -9.2151748813705803E-003
0.72640000000000005 1.3586492419211240 -9.2151736217107507E-003
0.73020000000000007 1.3586492419210194 -9.2151736363951936E-003
0.73400000000000010 1.3586492419274461 -9.2151727492160510E-003
0.73780000000000001 1.3586492419274461 -9.2151727492160510E-003
0.74160000000000015 1.3586492419274461 -9.2151727492160510E-003
0.74540000000000006 1.3586492419274461 -9.2151727492160510E-003
0.74919999999999998 1.3586492419273157 -9.2151727673203381E-003
0.75300000000000011 1.3586492419169083 -9.2151742064147842E-003
0.75680000000000003 1.3586492419213614 -9.2151735943577454E-003
0.76060000000000005 1.3586492419108758 -9.2151750432031363E-003
0.76440000000000008 1.3586492419183545 -9.2151740122506307E-003
0.76820000000000010 1.3586492419183545 -9.2151740122506307E-003
0.77200000000000002 1.3586492419194067 -9.2151738675041346E-003
0.77580000000000016 1.3586492419194194 -9.2151738657402539E-003
0.77960000000000007 1.3586492419164851 -9.2151742733243627E-003
0.78339999999999999 1.3586492419164851 -9.2151742733243627E-003
0.78720000000000012 1.3586492419164851 -9.2151742733243627E-003
0.79100000000000004 1.3586492419164851 -9.2151742733243627E-003
0.79480000000000006 1.3586492419164851 -9.2151742733243627E-003
0.79860000000000009 1.3586492419164851 -9.2151742733243627E-003
0.80240000000000011 1.3586492419164851 -9.2151742733243627E-003
0.80620000000000003 1.3586492419164851 -9.2151742733243627E-003
0.81000000000000016 1.3586492419164851 -9.2151742733243627E-003
0.81380000000000008 1.3586492419164851 -9.2151742733243627E-003
0.81759999999999999 1.3586492419164851 -9.2151742733243627E-003
0.82140000000000013 1.3586492419164851 -9.2151742733243627E-003
0.82520000000000004 1.3586492419164851 -9.2151742733243627E-003
0.82900000000000007 1.3586492419164851 -9.2151742733243627E-003
0.83280000000000010 1.3586492419164851 -9.2151742733243627E-003
0.83660000000000012 1.3586492419164851 -9.2151742733243627E-003
0.84040000000000004 1.3586492419164922 -9.2151742722940480E-003
0.84420000000000006 1.3586492419164922 -9.2151742722940480E-003
0.84799999999999998 1.3586492419164922 -9.2151742722940480E-003
0.85180000000000000 1.3586492419164922 -9.2151742722940480E-003
0.85560000000000014 1.3586492419164922 -9.2151742722940480E-003
0.85940000000000005 1.3586492419164922 -9.2151742722940480E-003
0.86319999999999997 1.3586492419164922 -9.2151742722940480E-003
0.86699999999999999 1.3586492419172382 -9.2151741692598783E-003
0.87079999999999991 1.3586492419172382 -9.2151741692598783E-003
0.87460000000000004 1.3586492419172382 -9.2151741692598783E-003
0.87840000000000007 1.3586492419172382 -9.2151741692598783E-003
0.88219999999999998 1.3586492419172382 -9.2151741692598783E-003
0.88600000000000001 1.3586492419172382 -9.2151741692598783E-003
0.88980000000000015 1.3586492419172382 -9.2151741692598783E-003
0.89360000000000006 1.3586492419172382 -9.2151741692598783E-003
0.89739999999999998 1.3586492419172382 -9.2151741692598783E-003
0.90120000000000000 1.3586492419172382 -9.2151741692598783E-003
0.90499999999999992 1.3586492419172382 -9.2151741692598783E-003
0.90879999999999994 1.3586492419172382 -9.2151741692598783E-003
0.91260000000000008 1.3586492419172382 -9.2151741692598783E-003
0.91639999999999999 1.3586492419172382 -9.2151741692598783E-003
0.92019999999999991 1.3586492419172382 -9.2151741692598783E-003
0.92399999999999993 1.3586492419172382 -9.2151741692598783E-003
0.92780000000000007 1.3586492419172382 -9.2151741692598783E-003
0.93159999999999998 1.3586492419172382 -9.2151741692598783E-003
0.93540000000000001 1.3586492419172382 -9.2151741692598783E-003
0.93919999999999992 1.3586492419172382 -9.2151741692598783E-003
0.94299999999999995 1.3586492419172382 -9.2151741692598783E-003
0.94680000000000009 1.3586492419172382 -9.2151741692598783E-003
0.95060000000000000 1.3586492419172382 -9.2151741692598783E-003
0.95439999999999992 1.3586492419172382 -9.2151741692598783E-003
0.95819999999999994 1.3586492419172382 -9.2151741692598783E-003
0.96199999999999986 1.3586492419172382 -9.2151741692598783E-003
0.96579999999999999 1.3586492419172382 -9.2151741692598783E-003
0.96960000000000002 1.3586492419172382 -9.2151741692598783E-003
0.97339999999999993 1.3586492419172382 -9.2151741692598783E-003
0.97719999999999996 1.3586492419172382 -9.2151741692598783E-003
0.98100000000000009 1.3586492419172382 -9.2151741692598783E-003
0.98480000000000001 1.3586492419172382 -9.2151741692598783E-003
0.98859999999999992 1.3586492419172382 -9.2151741692598783E-003
0.99239999999999995 1.3586492419172382 -9.2151741692598783E-003
0.99619999999999986 1.3586492419172382 -9.2151741692598783E-003
1.0000000000000000 1.3586492419172382 -9.2151741692598783E-003
