1 5.0000000000000003E-002  0.23870222785759443  5.3036203809240969E-004
1 5.1899999999999995E-002  0.24779446308140304  6.1007590623660655E-004
1 5.3800000000000001E-002  0.25688973351196798  6.9666638362051510E-004
1 5.5700000000000006E-002  0.26598817716346884  7.9029104380930204E-004
1 5.7599999999999998E-002  0.27508992796957438  8.9109746893809938E-004
1 5.9499999999999997E-002  0.28419511562839822  9.9922399749677489E-004
1 6.1400000000000003E-002  0.29330386582917484  1.1148004142393052E-003
1 6.3300000000000009E-002  0.30241630043989687  1.2379486123156661E-003
1 6.5200000000000008E-002  0.31153253749370868  1.3687832329698246E-003
1 6.7099999999999993E-002  0.32065269139850794  1.5074122640552304E-003
1 6.9000000000000006E-002  0.32977687304811099  1.6539376144825615E-003
1 7.0900000000000005E-002  0.33890518995186003  1.8084556599468234E-003
1 7.2799999999999990E-002  0.34803774634217655  1.9710577621991454E-003
1 7.4700000000000003E-002  0.35717464339945731  2.1418307618135761E-003
1 7.6600000000000001E-002  0.36631597924463533  2.3208574492127655E-003
1 7.8500000000000000E-002  0.37546184915419190  2.5082170099274014E-003
1 8.0400000000000013E-002  0.38461234566546060  2.7039854491428959E-003
1 8.2300000000000012E-002  0.39376755870046526  2.9082359948685989E-003
1 8.4199999999999997E-002  0.40292757568779647  3.1210394810907661E-003
1 8.6099999999999996E-002  0.41209248168069224  3.3424647116979760E-003
1 8.7999999999999995E-002  0.42126235947486718  3.5725788062257271E-003
1 8.9899999999999994E-002  0.43043728972000117  3.8114475281200827E-003
1 9.1800000000000007E-002  0.43961735103309030  4.0591355965490360E-003
1 9.3700000000000006E-002  0.44880262010425076  4.3157069823124171E-003
1 9.5600000000000004E-002  0.45799317178184679  4.5812251885937990E-003
1 9.7500000000000017E-002  0.46718907925454084  4.8557535184569041E-003
1 9.9400000000000002E-002  0.47639041403243548  5.1393553267198716E-003
1 0.10130000000000000  0.48559724612085114  5.4320942608933765E-003
1 0.10320000000000000  0.49480964409456718  5.7340344888883550E-003
1 0.10510000000000000  0.50402767518858038  6.0452409152683545E-003
1 0.10700000000000000  0.51325140538599212  6.3657793864559022E-003
1 0.10890000000000001  0.52248089950314847  6.6957168854499278E-003
1 0.11080000000000001  0.53171622127237339  7.0351217165994006E-003
1 0.11270000000000001  0.54095743342173708  7.3840636809938522E-003
1 0.11460000000000002  0.55020459775274599  7.7426142429057382E-003
1 0.11649999999999999  0.55945777521532547  8.1108466878397050E-003
1 0.11840000000000001  0.56871702598043261  8.4888362725723202E-003
1 0.12030000000000000  0.57798240951046653  8.8766603676812220E-003
1 0.12220000000000000  0.58725398462719636  9.2743985929380872E-003
1 0.12410000000000000  0.59653180957802754  9.6821329459861917E-003
1 0.12600000000000000  0.60581594209934342  1.0099947924640676E-002
1 0.12790000000000001  0.61510643947863930  1.0527930643267455E-002
1 0.12980000000000003  0.62440335861411456  1.0966170943420237E-002
1 0.13169999999999998  0.63370675607251226  1.1414761499224055E-002
1 0.13360000000000000  0.64301668808142687  1.1873619892612966E-002
1 0.13550000000000001  0.65233317035502425  1.2336915762227871E-002
1 0.13739999999999999  0.66165617896398987  1.2806688416659936E-002
1 0.13930000000000001  0.67098572506832987  1.3284400019842680E-002
1 0.14120000000000002  0.68032183224849663  1.3770687099588771E-002
1 0.14310000000000000  0.68966453031778530  1.4265967330818311E-002
1 0.14500000000000002  0.69901385312507713  1.4770561141930798E-002
1 0.14690000000000000  0.70836983745679871  1.5284736732031656E-002
1 0.14879999999999999  0.71773252239962015  1.5808731254547192E-002
1 0.15070000000000000  0.72710194893558311  1.6342762291745951E-002
1 0.15260000000000001  0.73647815967051067  1.6887034687788672E-002
1 0.15450000000000000  0.74586119864350442  1.7441744908139666E-002
1 0.15640000000000001  0.75525111119027333  1.8007083971963902E-002
1 0.15830000000000002  0.76464794384305135  1.8583239509375304E-002
1 0.16020000000000001  0.77405174425623491  1.9170397255591831E-002
1 0.16210000000000002  0.78346256115099988  1.9768742168150277E-002
1 0.16400000000000001  0.79288044427399962  2.0378459283353363E-002
1 0.16589999999999999  0.80230544436682172  2.0999734387197395E-002
1 0.16780000000000000  0.81173761314349102  2.1632754551252187E-002
1 0.16970000000000002  0.82117700327473686  2.2277708567971687E-002
1 0.17160000000000000  0.83062366837727097  2.2934787309776907E-002
1 0.17350000000000002  0.84007766300721554  2.3604184029451171E-002
1 0.17540000000000003  0.84953904265674807  2.4286094614487476E-002
1 0.17730000000000001  0.85900786375377403  2.4980717805007092E-002
1 0.17920000000000003  0.86848418366320723  2.5688255382193426E-002
1 0.18110000000000001  0.87796806069056710  2.6408912332804606E-002
1 0.18300000000000000  0.88745955408708888  2.7142896993948465E-002
1 0.18490000000000001  0.89695872405553301  2.7890421181161865E-002
1 0.18680000000000002  0.90646563175744765  2.8651700302576310E-002
1 0.18870000000000001  0.91598033932111789  2.9426953460959086E-002
1 0.19060000000000002  0.92550290985006889  3.0216403545272684E-002
1 0.19250000000000003  0.93503340743232399  3.1020277313048166E-002
1 0.19439999999999999  0.94457189714974121  3.1838805464320177E-002
1 0.19630000000000000  0.95411844508807164  3.2672222708211698E-002
1 0.19820000000000002  0.96367311834689429  3.3520767822455555E-002
1 0.20010000000000000  0.97323598504090103  3.4384683706383749E-002
1 0.20200000000000001  0.98280711434617085  3.5264217428435045E-002
1 0.20390000000000003  0.99238657645661754  3.6159620266457096E-002
1 0.20580000000000001  1.0019744426302708  3.7071147743654560E-002
1 0.20770000000000002  1.0115707851905111  3.7999059658267234E-002
1 0.20960000000000004  1.0211756775362115  3.8943620107884908E-002
1 0.21149999999999999  1.0307891941516900  3.9905097508207484E-002
1 0.21340000000000001  1.0404114106164570  4.0883764606294289E-002
1 0.21529999999999999  1.0500424036147267  4.1879898488181015E-002
1 0.21720000000000000  1.0596822509445749  4.2893780580801268E-002
1 0.21909999999999999  1.0693310315268654  4.3925696648112869E-002
1 0.22100000000000003  1.0789888254137363  4.4975936781255402E-002
1 0.22289999999999999  1.0886557137967061  4.6044795382621226E-002
1 0.22479999999999997  1.0983317790143383  4.7132571143646509E-002
1 0.22670000000000001  1.1080171045594644  4.8239567016182948E-002
1 0.22860000000000000  1.1177117750858632  4.9366090177204280E-002
1 0.23050000000000001  1.1274158764143760  5.0512451986709478E-002
1 0.23240000000000000  1.1371294955385531  5.1678967938611924E-002
1 0.23430000000000001  1.1468527206295331  5.2865957604368602E-002
1 0.23619999999999999  1.1565856410403916  5.4073744569218624E-002
1 0.23810000000000003  1.1663283473097645  5.5302656360771418E-002
1 0.23999999999999999  1.1760809311647802  5.6553024369803265E-002
1 0.24189999999999998  1.1858434855231685  5.7825183763001803E-002
1 0.24380000000000002  1.1956161044946629  5.9119473387552336E-002
1 0.24570000000000000  1.2053988833815827  6.0436235667338238E-002
1 0.24760000000000001  1.2151919186784854  6.1775816490619091E-002
1 0.24950000000000000  1.2249953080709981  6.3138565089019841E-002
1 0.25140000000000001  1.2348091504337113  6.4524833907726287E-002
1 0.25330000000000003  1.2446335458271272  6.5934978466732630E-002
1 0.25519999999999998  1.2544685954935764  6.7369357213087816E-002
1 0.25710000000000000  1.2643144018522070  6.8828331364018336E-002
1 0.25900000000000001  1.2741710684928325  7.0312264740912886E-002
1 0.26090000000000002  1.2840387001687283  7.1821523594126274E-002
1 0.26279999999999998  1.2939174027884242  7.3356476418587405E-002
1 0.26469999999999999  1.3038072834061913  7.4917493760253764E-002
1 0.26660000000000000  1.3137084502115106  7.6504948013481761E-002
1 0.26849999999999996  1.3236210125173085  7.8119213209345228E-002
1 0.27040000000000003  1.3335450807469942  7.9760664795094097E-002
1 0.27229999999999999  1.3434807664262904  8.1429679405097169E-002
1 0.27420000000000000  1.3534281821435834  8.3126634621969994E-002
1 0.27610000000000001  1.3633874415698621  8.4851908731914324E-002
1 0.27799999999999997  1.3733586594161955  8.6605880469423385E-002
1 0.27989999999999998  1.3833419514206382  8.8388928755511145E-002
1 0.28179999999999999  1.3933374343277998  9.0201432428244396E-002
1 0.28370000000000001  1.4033452258669366  9.2043769966168823E-002
1 0.28559999999999997  1.4133654447289659  9.3916319205123139E-002
1 0.28750000000000003  1.4233982105419025  9.5819457048819778E-002
1 0.28939999999999999  1.4334436438452909  9.7753559173715671E-002
1 0.29130000000000000  1.4435018660631398  9.9718999728662966E-002
1 0.29320000000000002  1.4535729994756721  0.10171615102991848
1 0.29509999999999997  1.4636571671898106  0.10374538325209166
1 0.29699999999999999  1.4737544931082858  0.10580706411567561
1 0.29890000000000000  1.4838651018978206  0.10790155857175729
1 0.30080000000000001  1.4939891189557835  0.11002922848468159
1 0.30269999999999997  1.5041266703757588  0.11219043231323206
1 0.30460000000000004  1.5142778829120822  0.11438552479121365
1 0.30649999999999999  1.5244428839431270  0.11661485660811778
1 0.30840000000000001  1.5346218014336039  0.11887877409057870
1 0.31030000000000002  1.5448147638957386  0.12117761888552171
1 0.31219999999999998  1.5550219003495622  0.12351172764568748
1 0.31409999999999999  1.5652433402821546  0.12588143171842139
1 0.31600000000000000  1.5754792136060760  0.12828705683843741
1 0.31790000000000002  1.5857296506168810  0.13072892282544307
1 0.31979999999999997  1.5959947819499407  0.13320734328737016
1 0.32170000000000004  1.6062747385364768  0.13572262533003060
1 0.32360000000000000  1.6165696515588950  0.13827506927392380
1 0.32549999999999996  1.6268796524056446  0.14086496837902682
1 0.32740000000000002  1.6372048726254360  0.14349260857824914
1 0.32929999999999998  1.6475454438810353  0.14615826822029121
1 0.33119999999999999  1.6579014979026601  0.14886221782257195
1 0.33310000000000001  1.6682731664464663  0.15160471983582843
1 0.33500000000000002  1.6786605812252278  0.15438602841548604
1 0.33689999999999998  1.6890638738950050  0.15720638921422189
1 0.33879999999999999  1.6994831759844526  0.16006603917762371
1 0.34070000000000000  1.7099186188532280  0.16296520635760048
1 0.34259999999999996  1.7203703336447769  0.16590410973827369
1 0.34450000000000003  1.7308384512388295  0.16888295907563078
1 0.34639999999999999  1.7413231022042726  0.17190195475138673
1 0.34830000000000000  1.7518244167523815  0.17496128764132848
1 0.35020000000000001  1.7623425246902897  0.17806113899838671
1 0.35210000000000002  1.7728775553748988  0.18120168035058776
1 0.35399999999999998  1.7834296376673116  0.18438307341408883
1 0.35589999999999999  1.7939988998877396  0.18760547002131936
1 0.35780000000000001  1.8045854697710866  0.19086901206429024
1 0.35969999999999996  1.8151894744232144  0.19417383145303663
1 0.36160000000000003  1.8258110402779337  0.19752005008911780
1 0.36349999999999999  1.8364502930600235  0.20090777985543218
1 0.36540000000000000  1.8471073577223478  0.20433712261365641
1 0.36730000000000002  1.8577823584387521  0.20780817023073966
1 0.36920000000000003  1.8684754185419974  0.21132100460488684
1 0.37109999999999999  1.8791866604907734  0.21487569771286336
1 0.37300000000000000  1.8899162058325665  0.21847231166946116
1 0.37490000000000001  1.9006641751673290  0.22211089880010751
1 0.37679999999999997  1.9114306881123624  0.22579150172618390
1 0.37870000000000004  1.9222158632683897  0.22951415346266732
1 0.38059999999999999  1.9330198181867773  0.23327887752749410
1 0.38250000000000001  1.9438426693380297  0.23708568806221739
1 0.38440000000000002  1.9546845320815138  0.24093458996335834
1 0.38629999999999998  1.9655455206417098  0.24482557902581953
1 0.38819999999999999  1.9764257480586194  0.24875864208604004
1 0.39010000000000000  1.9873253261958641  0.25273375719440339
1 0.39200000000000002  1.9982443656915700  0.25675089377507365
1 0.39389999999999997  2.0091829759407944  0.26081001280435429
1 0.39580000000000004  2.0201412650732080  0.26491106699402389
1 0.39770000000000000  2.0311193399320517  0.26905400098114596
1 0.39959999999999996  2.0421173060543745  0.27323875152379545
1 0.40150000000000002  2.0531352676525780  0.27746524770210035
1 0.40339999999999998  2.0641733275973508  0.28173341112391304
1 0.40529999999999999  2.0752315874072944  0.28604315613712966
1 0.40720000000000001  2.0863101472114933  0.29039439003256001
1 0.40910000000000002  2.0974091057726789  0.29478701327658524
1 0.41099999999999998  2.1085285604494923  0.29922091971825182
1 0.41290000000000004  2.1196686071926871  0.30369599681277631
1 0.41480000000000000  2.1308293405354859  0.30821212584329682
1 0.41669999999999996  2.1420108535853881  0.31276918214342397
1 0.41860000000000003  2.1532132380169813  0.31736703532017080
1 0.42049999999999998  2.1644365840659483  0.32200554947667887
1 0.42240000000000005  2.1756809805297328  0.32668458343756746
1 0.42430000000000007  2.1869465147403013  0.33140399095689566
1 0.42620000000000002  2.1982332725987255  0.33616362095877034
1 0.42809999999999998  2.2095413385471159  0.34096331774082583
1 0.43000000000000005  2.2208707955747862  0.34580292119386430
1 0.43190000000000006  2.2322217252186412  0.35068226701543087
1 0.43380000000000002  2.2435942075643474  0.35560118692050507
1 0.43570000000000003  2.2549883212483772  0.36055950884923510
1 0.43759999999999999  2.2664041434610511  0.36555705717138598
1 0.43950000000000006  2.2778417499551828  0.37059365289085178
1 0.44140000000000007  2.2893012150298233  0.37566911382787921
1 0.44330000000000003  2.3007826115687227  0.38078325483593045
1 0.44519999999999998  2.3122860110230281  0.38593588797444323
1 0.44710000000000000  2.3238114834242158  0.39112682269816412
1 0.44900000000000007  2.3353590973915987  0.39635586603777540
1 0.45090000000000002  2.3469289201403103  0.40162282277605710
1 0.45280000000000004  2.3585210174900926  0.40692749561950597
1 0.45469999999999999  2.3701354538743784  0.41226968536527969
1 0.45660000000000006  2.3817722923501892  0.41764919106345438
1 0.45850000000000007  2.3934315946083160  0.42306581017453609
1 0.46040000000000003  2.4051134209878691  0.42851933872625247
1 0.46229999999999999  2.4168178304717460  0.43400957144467228
1 0.46420000000000000  2.4285448807228964  0.43953630192346660
1 0.46610000000000007  2.4402946280791422  0.44509932274418040
1 0.46800000000000003  2.4520671275699066  0.45069842561444318
1 0.46990000000000004  2.4638624329290137  0.45633340149679524
1 0.47180000000000011  2.4756805966075515  0.46200404073277757
1 0.47370000000000007  2.4875216697873372  0.46771013316236915
1 0.47560000000000008  2.4993857023942705  0.47345146823878170
1 0.47750000000000004  2.5112727431121868  0.47922783513873507
1 0.47939999999999999  2.5231828393967910  0.48503902286825129
1 0.48130000000000006  2.5351160374898174  0.49088482036401887
1 0.48320000000000007  2.5470723824333934  0.49676501659044331
1 0.48510000000000003  2.5590519180861580  0.50267940063769834
1 0.48700000000000004  2.5710546871306850  0.50862776178878477
1 0.48890000000000011  2.5830807310997823  0.51460988963743459
1 0.49080000000000007  2.5951300903829044  0.52062557414578914
1 0.49270000000000008  2.6072028042435114  0.52667460572707103
1 0.49460000000000004  2.6192989108337064  0.53275677531858423
1 0.49650000000000000  2.6314184472094717  0.53887187445087859
1 0.49840000000000007  2.6435614493455657  0.54501969531353844
1 0.50030000000000008  2.6557279521504853  0.55120003081734648
1 0.50220000000000009  2.6679179894816745  0.55741267465320021
1 0.50409999999999999  2.6801315941603288  0.56365742134764774
1 0.50600000000000001  2.6923687979865742  0.56993406631534671
1 0.50790000000000013  2.7046296317543401  0.57624240590843223
1 0.50980000000000003  2.7169141252662401  0.58258223746290050
1 0.51170000000000004  2.7292223073485049  0.58895335934214676
1 0.51360000000000006  2.7415542058657238  0.59535557097778036
1 0.51550000000000007  2.7539098477355837  0.60178867290773108
1 0.51740000000000008  2.7662892589435319  0.60825246681184686
1 0.51930000000000009  2.7786924645572575  0.61474675554492120
1 0.52120000000000000  2.7911194887352559  0.62127134317346133
1 0.52310000000000001  2.8035703547649686  0.62782603497972134
1 0.52500000000000013  2.8160450850414200  0.63441063752527538
1 0.52690000000000003  2.8285437011048540  0.64102495864977060
1 0.52880000000000005  2.8410662236490500  0.64766880749959077
1 0.53070000000000006  2.8536126725350819  0.65434199454799591
1 0.53260000000000007  2.8661830668051258  0.66104433161352627
1 0.53450000000000009  2.8787774246961022  0.66777563187663658
1 0.53640000000000010  2.8913957636528873  0.67453570989445555
1 0.53830000000000000  2.9040381003422402  0.68132438161434583
1 0.54020000000000001  2.9167044506652626  0.68814146438534662
1 0.54210000000000014  2.9293948297707950  0.69498677696861322
1 0.54400000000000004  2.9421092520685943  0.70186013954637616
1 0.54590000000000005  2.9548477312415735  0.70876137372937964
1 0.54780000000000006  2.9676102802584396  0.71569030256310628
1 0.54970000000000008  2.9803969113867117  0.72264675053310279
1 0.55160000000000009  2.9932076362042106  0.72963054356871315
1 0.55350000000000010  3.0060424656115781  0.73664150904587078
1 0.55540000000000000  3.0189014098443070  0.74367947578919869
1 0.55730000000000002  3.0317844784843220  0.75074427407260469
1 0.55920000000000014  3.0446916804717459  0.75783573561931272
1 0.56110000000000004  3.0576230241163627  0.76495369360092047
1 0.56300000000000006  3.0705785171089133  0.77209798263561535
1 0.56490000000000007  3.0835581665321543  0.77926843878555252
1 0.56680000000000008  3.0965619788721663  0.78646489955375465
1 0.56870000000000009  3.1095899600287944  0.79368720387992919
1 0.57060000000000011  3.1226421153265798  0.80093519213601561
1 0.57250000000000001  3.1357184495252683  0.80820870612087992
1 0.57440000000000002  3.1488189668300377  0.81550758905453902
1 0.57630000000000015  3.1619436709017297  0.82283168557175268
1 0.57820000000000005  3.1750925648671569  0.83018084171538264
1 0.58010000000000006  3.1882656512889569  0.83755490493310802
1 0.58200000000000007  3.2014629323344126  0.84495372405252211
1 0.58389999999999997  3.2146844095462068  0.85237714929936403
1 0.58580000000000010  3.2279300840113687  0.85982503227112850
1 0.58770000000000011  3.2411999563308851  0.86729722593276259
1 0.58960000000000001  3.2544940266279867  0.87479358460724177
1 0.59150000000000003  3.2678122945581416  0.88231396396641570
1 0.59340000000000015  3.2811547593174049  0.88985822102119849
1 0.59530000000000005  3.2945214196510775  0.89742621411127521
1 0.59720000000000006  3.3079122738621889  0.90501780289512856
1 0.59910000000000008  3.3213273198200972  0.91263284833947655
1 0.60099999999999998  3.3347665549690375  0.92027121270878165
1 0.60290000000000010  3.3482299763353027  0.92793275955420951
1 0.60480000000000012  3.3617175805363031  0.93561735370283461
1 0.60670000000000002  3.3752293637878492  0.94332486124653736
1 0.60860000000000003  3.3887653219116967  0.95105514953068659
1 0.61050000000000015  3.4023254503439118  0.95880808714293242
1 0.61240000000000006  3.4159097441415862  0.96658354390184897
1 0.61430000000000007  3.4295181979900495  0.97438139084505559
1 0.61620000000000008  3.4431508062112082  0.98220150021831842
1 0.61809999999999998  3.4568075627691659  0.99004374546336749
1 0.62000000000000011  3.4704884612781384  0.99790800120647016
1 0.62190000000000012  3.4841934950091580  1.0057941432468815
1 0.62380000000000002  3.4979226568964616  1.0137020485449195
1 0.62570000000000003  3.5116759395442370  1.0216315952104162
1 0.62760000000000005  3.5254533352333084  1.0295826624909583
1 0.62950000000000006  3.5392548359272187  1.0375551307602238
1 0.63140000000000007  3.5530804332786761  1.0455488815062051
1 0.63330000000000009  3.5669301186357458  1.0535637973197240
1 0.63519999999999999  3.5808038830474382  1.0615997618825734
1 0.63710000000000011  3.5947017172704059  1.0696566599561566
1 0.63900000000000012  3.6086236117739077  1.0777343773697521
1 0.64090000000000003  3.6225695567461984  1.0858328010090492
1 0.64280000000000004  3.6365395421000346  1.0939518188049038
1 0.64470000000000005  3.6505335574777353  1.1020913197215574
1 0.64660000000000006  3.6645515922572329  1.1102511937457276
1 0.64850000000000008  3.6785936355569948  1.1184313318750312
1 0.65040000000000009  3.6926596762410768  1.1266316261068161
1 0.65229999999999999  3.7067497029250918  1.1348519694273842
1 0.65420000000000011  3.7208637039801684  1.1430922558005139
1 0.65610000000000013  3.7350016675388114  1.1513523801568706
1 0.65800000000000003  3.7491635814990483  1.1596322383827584
1 0.65990000000000004  3.7633494335297790  1.1679317273097520
1 0.66180000000000005  3.7775592110750598  1.1762507447036359
1 0.66370000000000007  3.7917929013591074  1.1845891892541724
1 0.66560000000000008  3.8060504913902213  1.1929469605641370
1 0.66750000000000009  3.8203319679659131  1.2013239591393978
1 0.66940000000000000  3.8346373176765671  1.2097200863781332
1 0.67130000000000012  3.8489665269106368  1.2181352445610742
1 0.67320000000000013  3.8633195818577355  1.2265693368409882
1 0.67510000000000003  3.8776964685136899  1.2350222672328894
1 0.67700000000000005  3.8920971726840325  1.2434939406040619
1 0.67890000000000006  3.9065216799882627  1.2519842626641899
1 0.68080000000000007  3.9209699758635939  1.2604931399557189
1 0.68270000000000008  3.9354420455691250  1.2690204798444247
1 0.68460000000000010  3.9499378741889681  1.2775661905094422
1 0.68650000000000000  3.9644574466366005  1.2861301809343157
1 0.68840000000000012  3.9790007476582439  1.2947123608975444
1 0.69030000000000014  3.9935677618360961  1.3033126409632698
1 0.69220000000000004  4.0081584735925393  1.3119309324724766
1 0.69410000000000005  4.0227728671930363  1.3205671475337650
1 0.69600000000000006  4.0374109267496872  1.3292211990145884
1 0.69790000000000008  4.0520726362243202  1.3378930005323877
1 0.69980000000000009  4.0667579794322926  1.3465824664461761
1 0.70170000000000010  4.0814669400451571  1.3552895118475949
1 0.70360000000000000  4.0961995015940245  1.3640140525528484
1 0.70550000000000002  4.1109556474726432  1.3727560050940768
1 0.70740000000000014  4.1257353609402854  1.3815152867111551
1 0.70930000000000004  4.1405386251249787  1.3902918153437152
1 0.71120000000000005  4.1553654230261925  1.3990855096228514
1 0.71310000000000007  4.1702157375177480  1.4078962888632884
1 0.71500000000000008  4.1850895513508570  1.4167240730556243
1 0.71690000000000009  4.1999868471564676  1.4255687828584027
1 0.71880000000000011  4.2149076074484482  1.4344303395906137
1 0.72070000000000001  4.2298518146258957  1.4433086652240255
1 0.72260000000000002  4.2448194509759887  1.4522036823758522
1 0.72450000000000014  4.2598104986761705  1.4611153143012059
1 0.72640000000000005  4.2748249397974227  1.4700434848861097
1 0.72830000000000006  4.2898627563057232  1.4789881186399929
1 0.73020000000000007  4.3049239300655939  1.4879491406889611
1 0.73210000000000008  4.3200084428415044  1.4969264767685073
1 0.73400000000000010  4.3351162763009246  1.5059200532168484
1 0.73590000000000011  4.3502474120160928  1.5149297969679065
1 0.73780000000000001  4.3654018314669045  1.5239556355448802
1 0.73970000000000002  4.3805795160424674  1.5329974970533322
1 0.74160000000000015  4.3957804470437605  1.5420553101748837
1 0.74350000000000005  4.4110046056854237  1.5511290041604502
1 0.74540000000000006  4.4262519730984229  1.5602185088244231
1 0.74730000000000008  4.4415225303312340  1.5693237545376442
1 0.74919999999999998  4.4568162583530384  1.5784446722220236
1 0.75110000000000010  4.4721331380545486  1.5875811933437911
1 0.75300000000000011  4.4874731502507599  1.5967332499077056
1 0.75490000000000002  4.5028362756824372  1.6059007744511204
1 0.75680000000000003  4.5182224950184340  1.6150837000381566
1 0.75870000000000015  4.5336317888571287  1.6242819602537444
1 0.76060000000000005  4.5490641377284300  1.6334954891980678
1 0.76250000000000007  4.5645195220957495  1.6427242214808728
1 0.76440000000000008  4.5799979223573475  1.6519680922158435
1 0.76629999999999998  4.5954993188482636  1.6612270370151208
1 0.76820000000000010  4.6110236918423073  1.6705009919840710
1 0.77010000000000012  4.6265710215533185  1.6797898937157170
1 0.77200000000000002  4.6421412881370037  1.6890936792856028
1 0.77390000000000003  4.6577344716923825  1.6984122862465145
1 0.77580000000000016  4.6733505522636394  1.7077456526234034
1 0.77770000000000006  4.6889895098413277  1.7170937169082461
1 0.77960000000000007  4.7046513243643675  1.7264564180552313
1 0.78150000000000008  4.7203359757210146  1.7358336954756381
1 0.78339999999999999  4.7360434437508188  1.7452254890331331
1 0.78530000000000011  4.7517737082455902  1.7546317390387440
1 0.78720000000000012  4.7675267489511572  1.7640523862463786
1 0.78910000000000002  4.7833025455689056  1.7734873718481567
1 0.79100000000000004  4.7991010777566041  1.7829366374695270
1 0.79290000000000016  4.8149223251302713  1.7924001251650294
1 0.79480000000000006  4.8307662672652008  1.8018777774136459
1 0.79670000000000007  4.8466328836973993  1.8113695371144340
1 0.79860000000000009  4.8625221539248260  1.8208753475820858
1 0.80049999999999999  4.8784340574086063  1.8303951525427613
1 0.80240000000000011  4.8943685735744253  1.8399288961297913
1 0.80430000000000013  4.9103256818134655  1.8494765228793908
1 0.80620000000000003  4.9263053614838013  1.8590379777265087
1 0.80810000000000004  4.9423075919116508  1.8686132060010101
1 0.81000000000000016  4.9583323523922349  1.8782021534233315
1 0.81190000000000007  4.9743796221910364  1.8878047661006065
1 0.81380000000000008  4.9904493805451162  1.8974209905228723
1 0.81570000000000009  5.0065416066639488  1.9070507735590954
1 0.81759999999999999  5.0226562797304890  1.9166940624532098
1 0.81950000000000012  5.0387933789022270  1.9263508048205331
1 0.82140000000000013  5.0549528833126347  1.9360209486441271
1 0.82330000000000003  5.0711347720715070  1.9457044422708407
1 0.82520000000000004  5.0873390242663774  1.9554012344078679
1 0.82710000000000006  5.1035656189636294  1.9651112741192569
1 0.82900000000000007  5.1198145352089295  1.9748345108220722
1 0.83090000000000008  5.1360857520285439  1.9845708942831406
1 0.83280000000000010  5.1523792484304911  1.9943203746157201
1 0.83470000000000000  5.1686950034049053  2.0040829022757762
1 0.83660000000000012  5.1850329959251606  2.0138584280588350
1 0.83850000000000013  5.2013932049490617  2.0236469030966497
1 0.84040000000000004  5.2177756094191299  2.0334482788538799
1 0.84230000000000005  5.2341801882640375  2.0432625071250174
1 0.84420000000000006  5.2506069203990364  2.0530895400309888
1 0.84609999999999996  5.2670557847268817  2.0629293300160958
1 0.84799999999999998  5.2835267601388036  2.0727818298449918
1 0.84989999999999999  5.3000198255148536  2.0826469925994444
1 0.85180000000000000  5.3165349597255860  2.0925247716756155
1 0.85370000000000013  5.3330721416316145  2.1024151207806105
1 0.85560000000000014  5.3496313500853576  2.1123179939299996
1 0.85750000000000004  5.3662125639312066  2.1222333454445566
1 0.85940000000000005  5.3828157620063433  2.1321611299474732
1 0.86130000000000007  5.3994409231421434  2.1421013023618376
1 0.86319999999999997  5.4160880261636057  2.1520538179072597
1 0.86509999999999998  5.4327570498910900  2.1620186320975066
1 0.86699999999999999  5.4494479731404315  2.1719957007376491
1 0.86890000000000001  5.4661607747239804  2.1819849799213129
1 0.87079999999999991  5.4828954334509801  2.1919864260281310
1 0.87270000000000014  5.4996519281282676  2.2019999957209553
1 0.87460000000000004  5.5164302375609111  2.2120256459433305
1 0.87650000000000006  5.5332303405530938  2.2220633339170361
1 0.87840000000000007  5.5500522159081704  2.2321130171392927
1 0.88029999999999997  5.5668958424294912  2.2421746533802871
1 0.88219999999999998  5.5837611989217351  2.2522482006812075
1 0.88410000000000000  5.6006482641900641  2.2623336173509001
1 0.88600000000000001  5.6175570170417339  2.2724308619641702
1 0.88789999999999991  5.6344874362864008  2.2825398933591008
1 0.88980000000000015  5.6514395007366298  2.2926606706347372
1 0.89170000000000005  5.6684131892083709  2.3027931531487473
1 0.89360000000000006  5.6854084805215335  2.3129373005151073
1 0.89550000000000007  5.7024253535005744  2.3230930726018491
1 0.89739999999999998  5.7194637869748410  2.3332604295287456
1 0.89929999999999999  5.7365237597792147  2.3434393316651780
1 0.90120000000000000  5.7536052507546236  2.3536297396278716
1 0.90309999999999990  5.7707082387485231  2.3638316142788174
1 0.90499999999999992  5.7878327026149972  2.3740449167228714
1 0.90689999999999993  5.8049786212159464  2.3842696083060542
1 0.90879999999999994  5.8221459734206746  2.3945056506129077
1 0.91070000000000007  5.8393347381071337  2.4047530054649560
1 0.91260000000000008  5.8565448941618881  2.4150116349183470
1 0.91449999999999998  5.8737764204806719  2.4252815012618840
1 0.91639999999999999  5.8910292959688997  2.4355625670150554
1 0.91830000000000001  5.9083034995418560  2.4458547949260163
1 0.92019999999999991  5.9255990101254303  2.4561581479697345
1 0.92209999999999992  5.9429158066561305  2.4664725893458606
1 0.92399999999999993  5.9602538680818959  2.4767980824770479
1 0.92589999999999995  5.9776131733621023  2.4871345910068552
1 0.92780000000000007  5.9949937014681405  2.4974820787979781
1 0.92970000000000008  6.0123954313839940  2.5078405099305261
1 0.93159999999999998  6.0298183421059317  2.5182098486998279
1 0.93350000000000000  6.0472624126438150  2.5285900596151363
1 0.93540000000000001  6.0647276220204667  2.5389811073972961
1 0.93729999999999991  6.0822139492728251  2.5493829569774200
1 0.93919999999999992  6.0997213734517235  2.5597955734948523
1 0.94109999999999994  6.1172498736226792  2.5702189222956910
1 0.94299999999999995  6.1347994288659446  2.5806529689308988
1 0.94490000000000007  6.1523700182767351  2.5910976791545828
1 0.94680000000000009  6.1699616209658039  2.6015530189225271
1 0.94869999999999999  6.1875742160595379  2.6120189543902459
1 0.95060000000000000  6.2052077827005805  2.6224954519117460
1 0.95250000000000001  6.2228623000476802  2.6329824780374844
1 0.95439999999999992  6.2405377472762966  2.6434799995130476
1 0.95629999999999993  6.2582341035788076  2.6539879832775322
1 0.95819999999999994  6.2759513481650426  2.6645063964619871
1 0.96009999999999995  6.2936894602617111  2.6750352063875749
1 0.96199999999999986  6.3114484191138152  2.6855743805645678
1 0.96390000000000009  6.3292282039840568  2.6961238866903359
1 0.96579999999999999  6.3470287941537435  2.7066836926482987
1 0.96770000000000000  6.3648501689222128  2.7172537665059115
1 0.96960000000000002  6.3826923076080728  2.7278340765137652
1 0.97149999999999992  6.4005551895487631  2.7384245911037688
1 0.97339999999999993  6.4184387941008945  2.7490252788877503
1 0.97529999999999994  6.4363431006407046  2.7596361086561916
1 0.97719999999999996  6.4542680885641150  2.7702570493766294
1 0.97909999999999986  6.4722137372871700  2.7808880701925309
1 0.98100000000000009  6.4901800262457927  2.7915291404215341
1 0.98290000000000000  6.5081669348965594  2.8021802295544602
1 0.98480000000000001  6.5261744427167683  2.8128413072538323
1 0.98670000000000002  6.5442025292041492  2.8235123433523235
1 0.98859999999999992  6.5622511738778710  2.8341933078518520
1 0.99049999999999994  6.5803203562781789  2.8448841709219477
1 0.99239999999999995  6.5984100559666405  2.8555849028985110
1 0.99429999999999996  6.6165202525267848  2.8662954742827740
1 0.99619999999999986  6.6346509255637072  2.8770158557396526
1 0.99810000000000010  6.6528020547044227  2.8877460180967418
1 1.0000000000000000  6.6709736195984917  2.8984859323430991
2 5.0000000000000003E-002  0.23873791784449316  5.6217480771214752E-004
2 5.1899999999999995E-002  0.24783275681517780  6.4395323166272465E-004
2 5.3800000000000001E-002  0.25693070708347482  7.3263484038303510E-004
2 5.5700000000000006E-002  0.26603190484497802  8.2837324660249372E-004
2 5.7599999999999998E-002  0.27513648220158143  9.3131211052184450E-004
2 5.9499999999999997E-002  0.28424456701545453  1.0415858940309814E-003
2 6.1400000000000003E-002  0.29335628313431705  1.1593205572755312E-003
2 6.3300000000000009E-002  0.30247175057817050  1.2846342266141580E-003
2 6.5200000000000008E-002  0.31159108553308279  1.4176378394996226E-003
2 6.7099999999999993E-002  0.32071440056020467  1.5584357479023251E-003
2 6.9000000000000006E-002  0.32984180470914776  1.7071262970354455E-003
2 7.0900000000000005E-002  0.33897340364961054  1.8638023748933090E-003
2 7.2799999999999990E-002  0.34810929978032545  2.0285519349168371E-003
2 7.4700000000000003E-002  0.35724959245550780  2.2014584916908433E-003
2 7.6600000000000001E-002  0.36639437798007130  2.3826015944558225E-003
2 7.8500000000000000E-002  0.37554374982464017  2.5720572744796183E-003
2 8.0400000000000013E-002  0.38469779873297844  2.7698984713360520E-003
2 8.2300000000000012E-002  0.39385661284697432  2.9761954374377150E-003
2 8.4199999999999997E-002  0.40302027782930389  3.1910161222437486E-003
2 8.6099999999999996E-002  0.41218887698368289  3.4144265368829850E-003
2 8.7999999999999995E-002  0.42136249137189336  3.6464911003463527E-003
2 8.9899999999999994E-002  0.43054119992795775  3.8872729679337763E-003
2 9.1800000000000007E-002  0.43972507957144358  4.1368343429484967E-003
2 9.3700000000000006E-002  0.44891420531355736  4.3952367723161141E-003
2 9.5600000000000004E-002  0.45810865034481546  4.6625414268662586E-003
2 9.7500000000000017E-002  0.46730848621512949  4.9388093680710864E-003
2 9.9400000000000002E-002  0.47651378281780732  5.2241017991017033E-003
2 0.10130000000000000  0.48572460856253086  5.5184803047411612E-003
2 0.10320000000000000  0.49494103045057769  5.8220070779672964E-003
2 0.10510000000000000  0.50416311416570603  6.1347451349368122E-003
2 0.10700000000000000  0.51339092416255694  6.4567585188594206E-003
2 0.10890000000000001  0.52262452375190593  6.7881124932629572E-003
2 0.11080000000000001  0.53186397518388717  7.1288737252921596E-003
2 0.11270000000000001  0.54110933972771491  7.4791104595105882E-003
2 0.11460000000000002  0.55036067774972375  7.8388926827673584E-003
2 0.11649999999999999  0.55961804878834320  8.2082922805916027E-003
2 0.11840000000000001  0.56888151162683642  8.5873831855990349E-003
2 0.12030000000000000  0.57815112436386462  8.9762415183269346E-003
2 0.12220000000000000  0.58742694448132471  9.3749457209654219E-003
2 0.12410000000000000  0.59670902891049726  9.7835766843532585E-003
2 0.12600000000000000  0.60599743409576445  1.0202217868653709E-002
2 0.12790000000000001  0.61529221605634199  1.0630955418058080E-002
2 0.12980000000000003  0.62459343044581361  1.1069878269807735E-002
2 0.13169999999999998  0.63390113261012049  1.1519078258026793E-002
2 0.13360000000000000  0.64321534518676748  1.1973007544667683E-002
2 0.13550000000000001  0.65253603846282882  1.2432806615294011E-002
2 0.13739999999999999  0.66186321916046920  1.2900250934043553E-002
2 0.13930000000000001  0.67119690817762878  1.3376021177110340E-002
2 0.14120000000000002  0.68053713317954712  1.3860551739623136E-002
2 0.14310000000000000  0.68988392613433558  1.4354170735672486E-002
2 0.14500000000000002  0.69923732210875578  1.4857149982065779E-002
2 0.14690000000000000  0.70859735857679007  1.5369728077053866E-002
2 0.14879999999999999  0.71796407498380255  1.5892122751106002E-002
2 0.15070000000000000  0.72733751245486755  1.6424538159393775E-002
2 0.15260000000000001  0.73671771359113736  1.6967169504716169E-002
2 0.15450000000000000  0.74610472232405944  1.7520206131518595E-002
2 0.15640000000000001  0.75549858380804624  1.8083833687754378E-002
2 0.15830000000000002  0.76489934434124685  1.8658235689669112E-002
2 0.16020000000000001  0.77430705130581745  1.9243594688461377E-002
2 0.16210000000000002  0.78372175312409753  1.9840093162359834E-002
2 0.16400000000000001  0.79314349922506899  2.0447914214166741E-002
2 0.16589999999999999  0.80257234001996813  2.1067242127071822E-002
2 0.16780000000000000  0.81200832688507862  2.1698262815705149E-002
2 0.16970000000000002  0.82145151214956835  2.2341164197601997E-002
2 0.17160000000000000  0.83090194908766457  2.2996136503605977E-002
2 0.17350000000000002  0.84035969191468429  2.3663372540567704E-002
2 0.17540000000000003  0.84982479578560921  2.4343067916277605E-002
2 0.17730000000000001  0.85929731679591148  2.5035421233926054E-002
2 0.17920000000000003  0.86877731198469732  2.5740634261921042E-002
2 0.18110000000000001  0.87826483933905097  2.6458912083407556E-002
2 0.18300000000000000  0.88775995779975991  2.7190463228724992E-002
2 0.18490000000000001  0.89726272726815082  2.7935499793612695E-002
2 0.18680000000000002  0.90677320861391619  2.8694237545054839E-002
2 0.18870000000000001  0.91629146368329251  2.9466896016620392E-002
2 0.19060000000000002  0.92581755530825260  3.0253698594322833E-002
2 0.19250000000000003  0.93535154731582870  3.1054872594214376E-002
2 0.19439999999999999  0.94489350453799892  3.1870649332488753E-002
2 0.19630000000000000  0.95444349282160679  3.2701264188628815E-002
2 0.19820000000000002  0.96400157902976824  3.3546956661995093E-002
2 0.20010000000000000  0.97356783108838585  3.4407970423121284E-002
2 0.20200000000000001  0.98314231794225215  3.5284553357788462E-002
2 0.20390000000000003  0.99272510960175064  3.6176957606927886E-002
2 0.20580000000000001  1.0023162771442493  3.7085439600394968E-002
2 0.20770000000000002  1.0119158927243588  3.8010260085454751E-002
2 0.20960000000000004  1.0215240295841732  3.8951684149933559E-002
2 0.21149999999999999  1.0311407620632393  3.9909981239977479E-002
2 0.21340000000000001  1.0407661656083200  4.0885425172357576E-002
2 0.21529999999999999  1.0504003167829736  4.1878294141288110E-002
2 0.21720000000000000  1.0600432932767043  4.2888870719559651E-002
2 0.21909999999999999  1.0696951739139009  4.3917441853952376E-002
2 0.22100000000000003  1.0793560386623064  4.4964298854706951E-002
2 0.22289999999999999  1.0890259686411730  4.6029737378939090E-002
2 0.22479999999999997  1.0987050461288805  4.7114057407777889E-002
2 0.22670000000000001  1.1083933545701341  4.8217563217050098E-002
2 0.22860000000000000  1.1180909785826634  4.9340563341349258E-002
2 0.23050000000000001  1.1277980039633135  5.0483370531249704E-002
2 0.23240000000000000  1.1375145176936110  5.1646301703449506E-002
2 0.23430000000000001  1.1472406079447008  5.2829677883681848E-002
2 0.23619999999999999  1.1569763640815212  5.4033824142134007E-002
2 0.23810000000000003  1.1667218766665368  5.5259069521234709E-002
2 0.23999999999999999  1.1764772374625057  5.6505746955520769E-002
2 0.24189999999999998  1.1862425394345857  5.7774193183462011E-002
2 0.24380000000000002  1.1960178767516967  5.9064748651043823E-002
2 0.24570000000000000  1.2058033447869545  6.0377757406886272E-002
2 0.24760000000000001  1.2155990401173380  6.1713566988786328E-002
2 0.24950000000000000  1.2254050605223668  6.3072528301524808E-002
2 0.25140000000000001  1.2352215049819955  6.4454995485760877E-002
2 0.25330000000000003  1.2450484736733776  6.5861325777933286E-002
2 0.25519999999999998  1.2548860679667313  6.7291879361090060E-002
2 0.25710000000000000  1.2647343904201800  6.8747019206495008E-002
2 0.25900000000000001  1.2745935447735477  7.0227110906045165E-002
2 0.26090000000000002  1.2844636359409731  7.1732522495410150E-002
2 0.26279999999999998  1.2943447700025601  7.3263624267901478E-002
2 0.26469999999999999  1.3042370541947566  7.4820788579126496E-002
2 0.26660000000000000  1.3141405968996682  7.6404389642473855E-002
2 0.26849999999999996  1.3240555076331109  7.8014803315476375E-002
2 0.27040000000000003  1.3339818970314670  7.9652406877218918E-002
2 0.27229999999999999  1.3439198768373537  8.1317578796976930E-002
2 0.27420000000000000  1.3538695598899178  8.3010698494433280E-002
2 0.27610000000000001  1.3638310600840644  8.4732146090200522E-002
2 0.27799999999999997  1.3738044923884194  8.6482302150930460E-002
2 0.27989999999999998  1.3837899728015850  8.8261547423790304E-002
2 0.28179999999999999  1.3937876183376159  9.0070262564987832E-002
2 0.28370000000000001  1.4037975470037523  9.1908827860733039E-002
2 0.28559999999999997  1.4138198777773017  9.3777622941596403E-002
2 0.28750000000000003  1.4238547305807918  9.5677026490681480E-002
2 0.28939999999999999  1.4339022262560799  9.7607415945911408E-002
2 0.29130000000000000  1.4439624865370397  9.9569167197231204E-002
2 0.29320000000000002  1.4540356340210552  0.10156265427909804
2 0.29509999999999997  1.4641217921390992  0.10358824905888211
2 0.29699999999999999  1.4742210851247535  0.10564632092197446
2 0.29890000000000000  1.4843336379817282  0.10773723645391658
2 0.30080000000000001  1.4944595764505593  0.10986135912067928
2 0.30269999999999997  1.5045990269736276  0.11201904894743014
2 0.30460000000000004  1.5147521166594404  0.11421066219674178
2 0.30649999999999999  1.5249189732455448  0.11643655104689936
2 0.30840000000000001  1.5350997250604532  0.11869706327117421
2 0.31030000000000002  1.5452945009845456  0.12099254191873109
2 0.31219999999999998  1.5555034304099311  0.12332332499810837
2 0.31409999999999999  1.5657266431993593  0.12568974516397638
2 0.31600000000000000  1.5759642696442806  0.12809212940799011
2 0.31790000000000002  1.5862164404219956  0.13053079875460838
2 0.31979999999999997  1.5964832865521166  0.13300606796264755
2 0.32170000000000004  1.6067649393521628  0.13551824523333214
2 0.32360000000000000  1.6170615303926623  0.13806763192570268
2 0.32549999999999996  1.6273731914515113  0.14065452228004813
2 0.32740000000000002  1.6377000544678704  0.14327920315019524
2 0.32929999999999998  1.6480422514956108  0.14594195374534716
2 0.33119999999999999  1.6583999146563206  0.14864304538210599
2 0.33310000000000001  1.6687731760920468  0.15138274124742801
2 0.33500000000000002  1.6791621679226947  0.15416129617392005
2 0.33689999999999998  1.6895670221779808  0.15697895642293011
2 0.33879999999999999  1.6999878707809786  0.15983595948896329
2 0.34070000000000000  1.7104248454788302  0.16273253390848280
2 0.34259999999999996  1.7208780778005472  0.16566889908666102
2 0.34450000000000003  1.7313476990093837  0.16864526513727940
2 0.34639999999999999  1.7418338400553202  0.17166183273688479
2 0.34830000000000000  1.7523366315279412  0.17471879299365609
2 0.35020000000000001  1.7628562036096669  0.17781632733104621
2 0.35210000000000002  1.7733926860293689  0.18095460738656688
2 0.35399999999999998  1.7839462080164736  0.18413379492569437
2 0.35589999999999999  1.7945168982556892  0.18735404177105250
2 0.35780000000000001  1.8051048848423115  0.19061548974690479
2 0.35969999999999996  1.8157102952382091  0.19391827063887490
2 0.36160000000000003  1.8263332562286503  0.19726250616884294
2 0.36349999999999999  1.8369738938851203  0.20064830798628566
2 0.36540000000000000  1.8476323335019378  0.20407577766724552
2 0.36730000000000002  1.8583086995895446  0.20754500674263673
2 0.36920000000000003  1.8690031158117060  0.21105607672592652
2 0.37109999999999999  1.8797157049527391  0.21460905916230905
2 0.37300000000000000  1.8904465888800062  0.21820401569011807
2 0.37490000000000001  1.9011958885075060  0.22184099811535965
2 0.37679999999999997  1.9119637237606784  0.22552004849911148
2 0.37870000000000004  1.9227502135423282  0.22924119925718459
2 0.38059999999999999  1.9335554756997408  0.23300447327162907
2 0.38250000000000001  1.9443796269930982  0.23680988401348782
2 0.38440000000000002  1.9552227830651734  0.24065743567630896
2 0.38629999999999998  1.9660850584174969  0.24454712332171091
2 0.38819999999999999  1.9769665663605400  0.24847893302462085
2 0.39010000000000000  1.9878674190221204  0.25245284204793406
2 0.39200000000000002  1.9987877272979913  0.25646881900442348
2 0.39389999999999997  2.0097276008343394  0.26052682403722405
2 0.39580000000000004  2.0206871480055053  0.26462680900524171
2 0.39770000000000000  2.0316664758928455  0.26876871767504190
2 0.39959999999999996  2.0426656902650353  0.27295248591857174
2 0.40150000000000002  2.0536848955596598  0.27717804191617951
2 0.40339999999999998  2.0647241948661481  0.28144530636423798
2 0.40529999999999999  2.0757836899154989  0.28575419268934593
2 0.40720000000000001  2.0868634810426858  0.29010460725291515
2 0.40910000000000002  2.0979636672101862  0.29449644958576238
2 0.41099999999999998  2.1090843459701794  0.29892961259683476
2 0.41290000000000004  2.1202256134607054  0.30340398279831210
2 0.41480000000000000  2.1313875643962614  0.30791944052896758
2 0.41669999999999996  2.1425702920595953  0.31247586017827600
2 0.41860000000000003  2.1537738882946225  0.31707311041069991
2 0.42049999999999998  2.1649984435005480  0.32171105438984171
2 0.42240000000000005  2.1762440466270823  0.32638955000193914
2 0.42430000000000007  2.1875107851749891  0.33110845008077633
2 0.42620000000000002  2.1987987451753401  0.33586760261798876
2 0.42809999999999998  2.2101080112170157  0.34066685099909638
2 0.43000000000000005  2.2214386664252892  0.34550603420848203
2 0.43190000000000006  2.2327907924677901  0.35038498704698745
2 0.43380000000000002  2.2441644695558440  0.35530354034353101
2 0.43570000000000003  2.2555597764466011  0.36026152116365145
2 0.43759999999999999  2.2669767904462290  0.36525875301470673
2 0.43950000000000006  2.2784155874187011  0.37029505605109791
2 0.44140000000000007  2.2898762417694836  0.37537024725702334
2 0.44330000000000003  2.3013588264844342  0.38048414066405489
2 0.44519999999999998  2.3128634131122761  0.38563654752430154
2 0.44710000000000000  2.3243900717779211  0.39082727650023452
2 0.44900000000000007  2.3359388711899318  0.39605613384569383
2 0.45090000000000002  2.3475098786487205  0.40132292358239435
2 0.45280000000000004  2.3591031600553145  0.40662744767185399
2 0.45469999999999999  2.3707187799208018  0.41196950618257477
2 0.45660000000000006  2.3823568013760776  0.41734889745252368
2 0.45850000000000007  2.3940172861823128  0.42276541824677821
2 0.46040000000000003  2.4057002947455315  0.42821886391444314
2 0.46229999999999999  2.4174058861122734  0.43370902851984050
2 0.46420000000000000  2.4291341180059498  0.43923570501187992
2 0.46610000000000007  2.4408850468216268  0.44479868534422595
2 0.46800000000000003  2.4526587276430556  0.45039776061357917
2 0.46990000000000004  2.4644552142554530  0.45603272118842969
2 0.47180000000000011  2.4762745591586515  0.46170335683303976
2 0.47370000000000007  2.4881168135803526  0.46740945682677593
2 0.47560000000000008  2.4999820274898670  0.47315081007883480
2 0.47750000000000004  2.5118702496119436  0.47892720523830096
2 0.47939999999999999  2.5237815274407538  0.48473843079977758
2 0.48130000000000006  2.5357159072542501  0.49058427520457354
2 0.48320000000000007  2.5476734341285368  0.49646452693756249
2 0.48510000000000003  2.5596541519541161  0.50237897462496117
2 0.48700000000000004  2.5716581034434962  0.50832740710123780
2 0.48890000000000011  2.5836853301572238  0.51430961352661919
2 0.49080000000000007  2.5957358725109274  0.52032538344469592
2 0.49270000000000008  2.6078097697921678  0.52637450686471232
2 0.49460000000000004  2.6199070601756378  0.53245677433422711
2 0.49650000000000000  2.6320277807381154  0.53857197700815684
2 0.49840000000000007  2.6441719674737145  0.54471990671415926
2 0.50030000000000008  2.6563396553087104  0.55090035601453613
2 0.50220000000000009  2.6685308781168877  0.55711311826479903
2 0.50409999999999999  2.6807456687344811  0.56335798766898870
2 0.50600000000000001  2.6929840589753327  0.56963475933181518
2 0.50790000000000013  2.7052460796457880  0.57594322930759845
2 0.50980000000000003  2.7175317605597615  0.58228319464648903
2 0.51170000000000004  2.7298411305536132  0.58865445343763168
2 0.51360000000000006  2.7421742175010122  0.59505680484968482
2 0.51550000000000007  2.7545310483277716  0.60149004916864279
2 0.51740000000000008  2.7669116490263366  0.60795398783301691
2 0.51930000000000009  2.7793160446706677  0.61444842346675843
2 0.52120000000000000  2.7917442594244068  0.62097315991552937
2 0.52310000000000001  2.8041963165798354  0.62752800225065042
2 0.52500000000000013  2.8166722385353160  0.63411275683205404
2 0.52690000000000003  2.8291720468342514  0.64072723130716702
2 0.52880000000000005  2.8416957621726269  0.64737123463889645
2 0.53070000000000006  2.8542434044132152  0.65404457712582265
2 0.53260000000000007  2.8668149925991266  0.66074707042003145
2 0.53450000000000009  2.8794105449676186  0.66747852754368764
2 0.53640000000000010  2.8920300789636797  0.67423876290351892
2 0.53830000000000000  2.9046736112531457  0.68102759230384213
2 0.54020000000000001  2.9173411577361077  0.68784483295818677
2 0.54210000000000014  2.9300327335598912  0.69469030349916328
2 0.54400000000000004  2.9427483531321572  0.70156382398727457
2 0.54590000000000005  2.9554880301332727  0.70846521591802669
2 0.54780000000000006  2.9682517775294959  0.71539430222820410
2 0.54970000000000008  2.9810396075848860  0.72235090730057627
2 0.55160000000000009  2.9938515318739225  0.72933485696760825
2 0.55350000000000010  3.0066875612936079  0.73634597851421058
2 0.55540000000000000  3.0195477060752753  0.74338410067923144
2 0.55730000000000002  3.0324319757966864  0.75044905365616354
2 0.55920000000000014  3.0453403793933900  0.75754066909285933
2 0.56110000000000004  3.0582729251704128  0.76465878009035648
2 0.56300000000000006  3.0712296208136003  0.77180322120100397
2 0.56490000000000007  3.0842104734006979  0.77897382842558882
2 0.56680000000000008  3.0972154894123758  0.78617043921002128
2 0.56870000000000009  3.1102446747431238  0.79339289244111422
2 0.57060000000000011  3.1232980347120125  0.80064102844182816
2 0.57250000000000001  3.1363755740729631  0.80791468896581986
2 0.57440000000000002  3.1494772970254967  0.81521371719159164
2 0.57630000000000015  3.1626032072246351  0.82253795771590255
2 0.57820000000000005  3.1757533077911186  0.82988725654685414
2 0.58010000000000006  3.1889276012818359  0.83726146110072663
2 0.58200000000000007  3.2021260898575092  0.84466042017645715
2 0.58389999999999997  3.2153487750552117  0.85208398397448859
2 0.58580000000000010  3.2285956579556543  0.85953200406951424
2 0.58770000000000011  3.2418667391535538  0.86700433340641136
2 0.58960000000000001  3.2551620187660211  0.87450082629060366
2 0.59150000000000003  3.2684814964424054  0.88202133837902552
2 0.59340000000000015  3.2818251713724402  0.88956572666970501
2 0.59530000000000005  3.2951930422951219  0.89713384949179931
2 0.59720000000000006  3.3085851075074015  0.90472556649538027
2 0.59910000000000008  3.3220013648727100  0.91234073864084331
2 0.60099999999999998  3.3354418118286575  0.91997922818792066
2 0.60290000000000010  3.3489064453957051  0.92764089868521049
2 0.60480000000000012  3.3623952621849940  0.93532561495867006
2 0.60670000000000002  3.3759082584065045  0.94303324310098124
2 0.60860000000000003  3.3894454298758609  0.95076365045956901
2 0.61050000000000015  3.4030067720231396  0.95851670562587044
2 0.61240000000000006  3.4165922798993758  0.96629227842330845
2 0.61430000000000007  3.4302019481844841  0.97409023989615973
2 0.61620000000000008  3.4438357711941370  0.98191046229755796
2 0.61809999999999998  3.4574937428868866  0.98975281907806123
2 0.62000000000000011  3.4711758568714486  0.99761718487400997
2 0.62190000000000012  3.4848821064128406  1.0055034354953469
2 0.62380000000000002  3.4986124844400694  1.0134114479144960
2 0.62570000000000003  3.5123669835516638  1.0213411002540207
2 0.62760000000000005  3.5261455960234009  1.0292922717753721
2 0.62950000000000006  3.5399483138132792  1.0372648428665932
2 0.63140000000000007  3.5537751285686738  1.0452586950310190
2 0.63330000000000009  3.5676260316326047  1.0532737108754733
2 0.63519999999999999  3.5815010140491768  1.0613097740985178
2 0.63710000000000011  3.5954000665697667  1.0693667694787072
2 0.63900000000000012  3.6093231796588601  1.0774445828631782
2 0.64090000000000003  3.6232703435000051  1.0855431011561418
2 0.64280000000000004  3.6372415480010232  1.0936622123071758
2 0.64470000000000005  3.6512367827997410  1.1018018052999945
2 0.64660000000000006  3.6652560372694722  1.1099617701409683
2 0.64850000000000008  3.6792993005238754  1.1181419978477498
2 0.65040000000000009  3.6933665614233195  1.1263423804384738
2 0.65229999999999999  3.7074578085783489  1.1345628109199106
2 0.65420000000000011  3.7215730303564887  1.1428031832771801
2 0.65610000000000013  3.7357122148857309  1.1510633924620393
2 0.65800000000000003  3.7498753500602398  1.1593433343825637
2 0.65990000000000004  3.7640624235448037  1.1676429058919031
2 0.66180000000000005  3.7782734227797792  1.1759620047779338
2 0.66370000000000007  3.7925083349854112  1.1843005297524094
2 0.66560000000000008  3.8067671471664033  1.1926583804403392
2 0.66750000000000009  3.8210498461165265  1.2010354573698545
2 0.66940000000000000  3.8353564184229771  1.2094316619616960
2 0.67130000000000012  3.8496868504702761  1.2178468965188791
2 0.67320000000000013  3.8640411284451068  1.2262810642167969
2 0.67510000000000003  3.8784192383394922  1.2347340690928519
2 0.67700000000000005  3.8928211659562919  1.2432058160370936
2 0.67890000000000006  3.9072468969117411  1.2516962107816643
2 0.68080000000000007  3.9216964166398434  1.2602051598914978
2 0.68270000000000008  3.9361697103968232  1.2687325707548365
2 0.68460000000000010  3.9506667632640227  1.2772783515733597
2 0.68650000000000000  3.9651875601519437  1.2858424113528155
2 0.68840000000000012  3.9797320858042204  1.2944246598941895
2 0.69030000000000014  3.9943003248004003  1.3030250077837429
2 0.69220000000000004  4.0088922615602014  1.3116433663845601
2 0.69410000000000005  4.0235078803466191  1.3202796478272480
2 0.69600000000000006  4.0381471652692937  1.3289337650011575
2 0.69790000000000008  4.0528101002878820  1.3376056315455704
2 0.69980000000000009  4.0674966692154193  1.3462951618410561
2 0.70170000000000010  4.0822068557212150  1.3550022710007761
2 0.70360000000000000  4.0969406433339897  1.3637268748621354
2 0.70550000000000002  4.1116980154457403  1.3724688899785906
2 0.70740000000000014  4.1264789553136767  1.3812282336109758
2 0.70930000000000004  4.1412834460637713  1.3900048237197224
2 0.71120000000000005  4.1561114706938591  1.3987985789566830
2 0.71310000000000007  4.1709630120759140  1.4076094186570480
2 0.71500000000000008  4.1858380529590864  1.4164372628315376
2 0.71690000000000009  4.2007365759731154  1.4252820321590061
2 0.71880000000000011  4.2156585636299813  1.4341436479782321
2 0.72070000000000001  4.2306039983272541  1.4430220322806691
2 0.72260000000000002  4.2455728623505626  1.4519171077030555
2 0.72450000000000014  4.2605651378763358  1.4608287975199616
2 0.72640000000000005  4.2755808069734629  1.4697570256360952
2 0.72830000000000006  4.2906198516074365  1.4787017165802141
2 0.73020000000000007  4.3056822536407751  1.4876627954966868
2 0.73210000000000008  4.3207679948372739  1.4966401881397360
2 0.73400000000000010  4.3358770568628859  1.5056338208655358
2 0.73590000000000011  4.3510094212891337  1.5146436206262734
2 0.73780000000000001  4.3661650695944711  1.5236695149627575
2 0.73970000000000002  4.3813439831671799  1.5327114319980917
2 0.74160000000000015  4.3965461433073498  1.5417693004312552
2 0.74350000000000005  4.4117715312286894  1.5508430495303009
2 0.74540000000000006  4.4270201280613097  1.5599326091264778
2 0.74730000000000008  4.4422919148529711  1.5690379096073237
2 0.74919999999999998  4.4575868725719578  1.5781588819110843
2 0.75110000000000010  4.4729049821083127  1.5872954575201812
2 0.75300000000000011  4.4882462242763959  1.5964475684554338
2 0.75490000000000002  4.5036105798164359  1.6056151472699161
2 0.75680000000000003  4.5189980293965082  1.6147981270431673
2 0.75870000000000015  4.5344085536146164  1.6239964413755401
2 0.76060000000000005  4.5498421330001966  1.6332100243822349
2 0.76250000000000007  4.5652987480159712  1.6424388106877719
2 0.76440000000000008  4.5807783790600460  1.6516827354205601
2 0.76629999999999998  4.5962810064669757  1.6609417342070765
2 0.76820000000000010  4.6118066105103770  1.6702157431669331
2 0.77010000000000012  4.6273551714035479  1.6795046989070115
2 0.77200000000000002  4.6429266693019908  1.6888085385166220
2 0.77390000000000003  4.6585210843045806  1.6981271995620444
2 0.77580000000000016  4.6741383964552083  1.7074606200815226
2 0.77770000000000006  4.6897785857444845  1.7168087385802455
2 0.77960000000000007  4.7054416321109009  1.7261714940251356
2 0.78150000000000008  4.7211275154427161  1.7355488258401335
2 0.78339999999999999  4.7368362155794426  1.7449406739013169
2 0.78530000000000011  4.7525677123127421  1.7543469785319572
2 0.78720000000000012  4.7683219853886349  1.7637676804981073
2 0.78910000000000002  4.7840990145084268  1.7732027210035646
2 0.79100000000000004  4.7998987793298848  1.7826520416854528
2 0.79290000000000016  4.8157212594691439  1.7921155846096848
2 0.79480000000000006  4.8315664345016529  1.8015932922664852
2 0.79670000000000007  4.8474342839634446  1.8110851075658587
2 0.79860000000000009  4.8633247873525800  1.8205909738333450
2 0.80049999999999999  4.8792379241306270  1.8301108348057891
2 0.80240000000000011  4.8951736737231766  1.8396446346268036
2 0.80430000000000013  4.9111320155218090  1.8491923178428837
2 0.80620000000000003  4.9271129288848430  1.8587538293990642
2 0.80810000000000004  4.9431163931387436  1.8683291146350391
2 0.81000000000000016  4.9591423875789467  1.8779181192808478
2 0.81190000000000007  4.9751908914713372  1.8875207894531596
2 0.81380000000000008  4.9912618840533058  1.8971370716513232
2 0.81570000000000009  5.0073553445345977  1.9067669127533204
2 0.81759999999999999  5.0234712520984708  1.9164102600120601
2 0.81950000000000012  5.0396095859032508  1.9260670610518174
2 0.82140000000000013  5.0557703250823511  1.9357372638640020
2 0.82330000000000003  5.0719534487460338  1.9454208168039224
2 0.82520000000000004  5.0881589359826505  1.9551176685871829
2 0.82710000000000006  5.1043867658585622  1.9648277682856594
2 0.82900000000000007  5.1206369174202377  1.9745510653245104
2 0.83090000000000008  5.1369093696943757  1.9842875094783154
2 0.83280000000000010  5.1532041016894192  1.9940370508678240
2 0.83470000000000000  5.1695210923960468  2.0037996399564828
2 0.83660000000000012  5.1858603207882767  2.0135752275470868
2 0.83850000000000013  5.2022217658243575  2.0233637647785372
2 0.84040000000000004  5.2186054064475123  2.0331652031224796
2 0.84230000000000005  5.2350112215868672  2.0429794943801505
2 0.84420000000000006  5.2514391901581563  2.0528065906790900
2 0.84609999999999996  5.2678892910649093  2.0626464444701909
2 0.84799999999999998  5.2843615031989613  2.0724990085245500
2 0.84989999999999999  5.3008558054411665  2.0823642359301400
2 0.85180000000000000  5.3173721766621904  2.0922420800890160
2 0.85370000000000013  5.3339105957238564  2.1021324947145326
2 0.85560000000000014  5.3504710414789489  2.1120354338278635
2 0.85750000000000004  5.3670534927725217  2.1219508517554724
2 0.85940000000000005  5.3836579284426431  2.1318787031262163
2 0.86130000000000007  5.4002843273211463  2.1418189428685044
2 0.86319999999999997  5.4169326682339394  2.1517715262072650
2 0.86509999999999998  5.4336029300017632  2.1617364086613335
2 0.86699999999999999  5.4502950914414985  2.1717135460408969
2 0.86890000000000001  5.4670091313660754  2.1817028944444972
2 0.87079999999999991  5.4837450285853864  2.1917044102564440
2 0.87270000000000014  5.5005027619072724  2.2017180501444269
2 0.87460000000000004  5.5172823101371957  2.2117437710563483
2 0.87650000000000006  5.5340836520802803  2.2217815302184967
2 0.87840000000000007  5.5509067665406100  2.2318312851324027
2 0.88029999999999997  5.5677516323225511  2.2418929935726273
2 0.88219999999999998  5.5846182282310197  2.2519666135840963
2 0.88410000000000000  5.6015065330722535  2.2620521034798817
2 0.88600000000000001  5.6184165256543679  2.2721494218385980
2 0.88789999999999991  5.6353481847876061  2.2822585275020746
2 0.88980000000000015  5.6523014892854659  2.2923793795730503
2 0.89170000000000005  5.6692764179645243  2.3025119374126799
2 0.89360000000000006  5.6862729496456677  2.3126561606385039
2 0.89550000000000007  5.7032910631540803  2.3228120091218591
2 0.89739999999999998  5.7203307373198875  2.3329794429857489
2 0.89929999999999999  5.7373919509788687  2.3431584226027646
2 0.90120000000000000  5.7544746829726643  2.3533489085927046
2 0.90309999999999990  5.7715789121495060  2.3635508618204648
2 0.90499999999999992  5.7887046173644032  2.3737642433938473
2 0.90689999999999993  5.8058517774799068  2.3839890146615401
2 0.90879999999999994  5.8230203713663480  2.3942251372109813
2 0.91070000000000007  5.8402103779023831  2.4044725728661804
2 0.91260000000000008  5.8574217759753564  2.4147312836858306
2 0.91449999999999998  5.8746545444819755  2.4250012319612333
2 0.91639999999999999  5.8919086623283636  2.4352823802141996
2 0.91830000000000001  5.9091841084308054  2.4455746911952407
2 0.92019999999999991  5.9264808617157758  2.4558781278813888
2 0.92209999999999992  5.9437989011207728  2.4661926534745109
2 0.92399999999999993  5.9611382055944055  2.4765182313992153
2 0.92589999999999995  5.9784987540971262  2.4868548253011595
2 0.92780000000000007  5.9958805256010139  2.4972023990448471
2 0.92970000000000008  6.0132834990907913  2.5075609167121971
2 0.93159999999999998  6.0307076535638435  2.5179303426003807
2 0.93350000000000000  6.0481529680305366  2.5283106412201852
2 0.93540000000000001  6.0656194215146657  2.5387017772941136
2 0.93729999999999991  6.0831069930541108  2.5491037157548959
2 0.93919999999999992  6.1006156617004113  2.5595164217432824
2 0.94109999999999994  6.1181454065199681  2.5699398606067798
2 0.94299999999999995  6.1356962065938516  2.5803739978976972
2 0.94490000000000007  6.1532680410180278  2.5908187993713838
2 0.94680000000000009  6.1708608889041692  2.6012742309848522
2 0.94869999999999999  6.1884747293795641  2.6117402588948444
2 0.95060000000000000  6.2061095415875958  2.6222168494563820
2 0.95250000000000001  6.2237653046877695  2.6327039692209362
2 0.95439999999999992  6.2414419978564712  2.6432015849351407
2 0.95629999999999993  6.2591396002870212  2.6537096635389972
2 0.95819999999999994  6.2768580911896334  2.6642281721642966
2 0.96009999999999995  6.2945974497922785  2.6747570781331218
2 0.96199999999999986  6.3123576553406631  2.6852963489564901
2 0.96390000000000009  6.3301386870983301  2.6958459523325105
2 0.96579999999999999  6.3479405243471634  2.7064058561450666
2 0.96770000000000000  6.3657631463876267  2.7169760284624074
2 0.96960000000000002  6.3836065325389937  2.7275564375356067
2 0.97149999999999992  6.4014706621394666  2.7381470517970015
2 0.97339999999999993  6.4193555145466199  2.7487478398590017
2 0.97529999999999994  6.4372610691373415  2.7593587705123674
2 0.97719999999999996  6.4551873053085487  2.7699798127251105
2 0.97909999999999986  6.4731342024767748  2.7806109356408411
2 0.98100000000000009  6.4911017400789959  2.7912521085775914
2 0.98290000000000000  6.5090898975726024  2.8019033010264356
2 0.98480000000000001  6.5270986544354272  2.8125644826499259
2 0.98670000000000002  6.5451279901662636  2.8232356232810010
2 0.98859999999999992  6.5631778842848814  2.8339166929215920
2 0.99049999999999994  6.5812483163324469  2.8446076617413625
2 0.99239999999999995  6.5993392658712731  2.8553085000762017
2 0.99429999999999996  6.6174507124856561  2.8660191784272988
2 0.99619999999999986  6.6355826357813337  2.8767396674594750
2 0.99810000000000010  6.6537350153862755  2.8874699380002706
2 1.0000000000000000  6.6719078309508131  2.8982099610386762
3 5.0000000000000003E-002  0.23875910910290446  5.8036919467092615E-004
3 5.1899999999999995E-002  0.24785546529252350  6.6324429092855491E-004
3 5.3800000000000001E-002  0.25695497297155173  7.5302396937968689E-004
3 5.5700000000000006E-002  0.26605776691122762  8.4985878831349217E-004
3 5.7599999999999998E-002  0.27516397778219387  9.5388939862678141E-004
3 5.9499999999999997E-002  0.28427373201229161  1.0652473041083085E-003
3 6.1400000000000003E-002  0.29338715201302973  1.1840555642369933E-003
3 6.3300000000000009E-002  0.30250435636761158  1.3104294677900460E-003
3 6.5200000000000008E-002  0.31162545982813805  1.4444771824716827E-003
3 6.7099999999999993E-002  0.32075057352527553  1.5863003630535439E-003
3 6.9000000000000006E-002  0.32987980508372911  1.7359947341611184E-003
3 7.0900000000000005E-002  0.33901325875584615  1.8936506434660207E-003
3 7.2799999999999990E-002  0.34815103553296983  2.0593535875360553E-003
3 7.4700000000000003E-002  0.35729323337022600  2.2331847103064868E-003
3 7.6600000000000001E-002  0.36643994718685646  2.4152212789471136E-003
3 7.8500000000000000E-002  0.37559126908110146  2.6055371332495015E-003
3 8.0400000000000013E-002  0.38474728843836331  2.8042031134625847E-003
3 8.2300000000000012E-002  0.39390809205816085  3.0112874661202783E-003
3 8.4199999999999997E-002  0.40307376427745206  3.2268562291377103E-003
3 8.6099999999999996E-002  0.41224438709186845  3.4509735970354736E-003
3 8.7999999999999995E-002  0.42142004027387503  3.6837022674571819E-003
3 8.9899999999999994E-002  0.43060080148813196  3.9251037696414401E-003
3 9.1800000000000007E-002  0.43978674640409160  4.1752387758766385E-003
3 9.3700000000000006E-002  0.44897794880483827  4.4341673966580911E-003
3 9.5600000000000004E-002  0.45817448067440686  4.7019494603345912E-003
3 9.7500000000000017E-002  0.46737641237746214  4.9786447788832816E-003
3 9.9400000000000002E-002  0.47658381264569244  5.2643133979836118E-003
3 0.10130000000000000  0.48579674875008538  5.5590158356564993E-003
3 0.10320000000000000  0.49501528657667038  5.8628133074730077E-003
3 0.10510000000000000  0.50423949071788543  6.1757679400468888E-003
3 0.10700000000000000  0.51346942456118450  6.4979429732601995E-003
3 0.10890000000000001  0.52270515037465393  6.8294029518084906E-003
3 0.11080000000000001  0.53194672939003695  7.1702139066654744E-003
3 0.11270000000000001  0.54119422188317834  7.5204435269963319E-003
3 0.11460000000000002  0.55044768725162807  7.8801613230632239E-003
3 0.11649999999999999  0.55970718408998488  8.2494387805753140E-003
3 0.11840000000000001  0.56897277026245119  8.6283495070379850E-003
3 0.12030000000000000  0.57824450297361685  9.0169693705233599E-003
3 0.12220000000000000  0.58752243883602662  9.4153766312268291E-003
3 0.12410000000000000  0.59680663393643030  9.8236520663775515E-003
3 0.12600000000000000  0.60609714389926572  1.0241879088710203E-002
3 0.12790000000000001  0.61539402394817599  1.0670143859047861E-002
3 0.12980000000000003  0.62469732896571262  1.1108535393197115E-002
3 0.13169999999999998  0.63400710825886819  1.1555247303162135E-002
3 0.13360000000000000  0.64332334451849049  1.2005857118265356E-002
3 0.13550000000000001  0.65264602424267781  1.2463389443717188E-002
3 0.13739999999999999  0.66197516171362447  1.2928829581462492E-002
3 0.13930000000000001  0.67131078067987993  1.3402711202943202E-002
3 0.14120000000000002  0.68065291029072295  1.3885408815544044E-002
3 0.14310000000000000  0.69000158337657547  1.4377219654397762E-002
3 0.14500000000000002  0.69935683552899663  1.4878397493274489E-002
3 0.14690000000000000  0.70871870454419716  1.5389169551541505E-002
3 0.14879999999999999  0.71808723006135355  1.5909746023536279E-002
3 0.15070000000000000  0.72746245331426473  1.6440325916499014E-002
3 0.15260000000000001  0.73684441695609693  1.6981100855936959E-002
3 0.15450000000000000  0.74623316493121761  1.7532257688600204E-002
3 0.15640000000000001  0.75562874238105504  1.8093980333861542E-002
3 0.15830000000000002  0.76503119557363619  1.8666451143694925E-002
3 0.16020000000000001  0.77444057185062098  1.9249851929389557E-002
3 0.16210000000000002  0.78385691958758297  1.9844364755199934E-002
3 0.16400000000000001  0.79328028816496765  2.0450172564789912E-002
3 0.16589999999999999  0.80271072794580334  2.1067459684649452E-002
3 0.16780000000000000  0.81214829026075563  2.1696412235768372E-002
3 0.16970000000000002  0.82159302739742468  2.2337218474873011E-002
3 0.17160000000000000  0.83104499259401643  2.2990069081400801E-002
3 0.17350000000000002  0.84050424003601432  2.3655157401806265E-002
3 0.17540000000000003  0.84997082485544340  2.4332679659612874E-002
3 0.17730000000000001  0.85944480313257066  2.5022835138136509E-002
3 0.17920000000000003  0.86892623189904272  2.5725826340497158E-002
3 0.18110000000000001  0.87841516914275442  2.6441859131228315E-002
3 0.18300000000000000  0.88791167381367087  2.7171142862002194E-002
3 0.18490000000000001  0.89741580583092906  2.7913890484357148E-002
3 0.18680000000000002  0.90692762609047095  2.8670318650807238E-002
3 0.18870000000000001  0.91644719647344919  2.9440647806106966E-002
3 0.19060000000000002  0.92597457985540355  3.0225102269784601E-002
3 0.19250000000000003  0.93550984011534566  3.1023910310692571E-002
3 0.19439999999999999  0.94505304214580876  3.1837304214574424E-002
3 0.19630000000000000  0.95460425185345565  3.2665520344757379E-002
3 0.19820000000000002  0.96416353620576489  3.3508799197496150E-002
3 0.20010000000000000  0.97373096318668451  3.4367385450106057E-002
3 0.20200000000000001  0.98330660184337304  3.5241528004831629E-002
3 0.20390000000000003  0.99289052228729768  3.6131480026675593E-002
3 0.20580000000000001  1.0024827957046465  3.7037498976012773E-002
3 0.20770000000000002  1.0120834943664014  3.7959846635924499E-002
3 0.20960000000000004  1.0216926916383351  3.8898789134299824E-002
3 0.21149999999999999  1.0313104619909539  3.9854596960615322E-002
3 0.21340000000000001  1.0409368810089776  4.0827544977338218E-002
3 0.21529999999999999  1.0505720254007715  4.1817912425897850E-002
3 0.21720000000000000  1.0602159730074014  4.2825982927041012E-002
3 0.21909999999999999  1.0698688028112704  4.3852044475484277E-002
3 0.22100000000000003  1.0795305949445722  4.4896389428716599E-002
3 0.22289999999999999  1.0892014306970830  4.5959314489663651E-002
3 0.22479999999999997  1.0988813925238059  4.7041120683233704E-002
3 0.22670000000000001  1.1085705640518519  4.8142113326355193E-002
3 0.22860000000000000  1.1182690300870424  4.9262601991412691E-002
3 0.23050000000000001  1.1279768766197877  5.0402900462871054E-002
3 0.23240000000000000  1.1376941908305183  5.1563326686805064E-002
3 0.23430000000000001  1.1474210610943831  5.2744202713232630E-002
3 0.23619999999999999  1.1571575769854048  5.3945854630961305E-002
3 0.23810000000000003  1.1669038292798726  5.5168612494753001E-002
3 0.23999999999999999  1.1766599099590234  5.6412810244624322E-002
3 0.24189999999999998  1.1864259122109917  5.7678785617090736E-002
3 0.24380000000000002  1.1962019304319935  5.8966880048127564E-002
3 0.24570000000000000  1.2059880602265669  6.0277438567705288E-002
3 0.24760000000000001  1.2157843984071139  6.1610809685740217E-002
3 0.24950000000000000  1.2255910429924062  6.2967345269234989E-002
3 0.25140000000000001  1.2354080932052780  6.4347400410594030E-002
3 0.25330000000000003  1.2452356494692505  6.5751333286887564E-002
3 0.25519999999999998  1.2550738134042478  6.7179505010020110E-002
3 0.25710000000000000  1.2649226878212894  6.8632279467692459E-002
3 0.25900000000000001  1.2747823767160278  7.0110023155178072E-002
3 0.26090000000000002  1.2846529852613207  7.1613104997756277E-002
3 0.26279999999999998  1.2945346197986234  7.3141896163935682E-002
3 0.26469999999999999  1.3044273878282706  7.4696769869417978E-002
3 0.26660000000000000  1.3143313979985538  7.6278101171866869E-002
3 0.26849999999999996  1.3242467600936640  7.7886266756602610E-002
3 0.27040000000000003  1.3341735850203986  7.9521644713307110E-002
3 0.27229999999999999  1.3441119847935865  8.1184614303916103E-002
3 0.27420000000000000  1.3540620725203567  8.2875555721907496E-002
3 0.27610000000000001  1.3640239623888535  8.4594849843444328E-002
3 0.27799999999999997  1.3739977696266001  8.6342877969054987E-002
3 0.27989999999999998  1.3839836105161076  8.8120021560182032E-002
3 0.28179999999999999  1.3939816023503300  8.9926661965546592E-002
3 0.28370000000000001  1.4039918634163810  9.1763180141814449E-002
3 0.28559999999999997  1.4140145129719535  9.3629956367210637E-002
3 0.28750000000000003  1.4240496712205648  9.5527369948972443E-002
3 0.28939999999999999  1.4340974592853715  9.7455798925116952E-002
3 0.29130000000000000  1.4441579991817262  9.9415619760925722E-002
3 0.29320000000000002  1.4542314137884842  0.10140720704083779
3 0.29509999999999997  1.4643178268179486  0.10343093315628535
3 0.29699999999999999  1.4744173627846937  0.10548716799019567
3 0.29890000000000000  1.4845301469729149  0.10757627859866659
3 0.30080000000000001  1.4946563054029618  0.10969862889066509
3 0.30269999999999997  1.5047959647962739  0.11185457930638144
3 0.30460000000000004  1.5149492525393535  0.11404448649497752
3 0.30649999999999999  1.5251162966466483  0.11626870299254101
3 0.30840000000000001  1.5352972257222668  0.11852757690097612
3 0.31030000000000002  1.5454921689206960  0.12082145156864441
3 0.31219999999999998  1.5557012559065719  0.12315066527357328
3 0.31409999999999999  1.5659246168133669  0.12551555090997082
3 0.31600000000000000  1.5761623822013751  0.12791643567899116
3 0.31790000000000002  1.5864146830146577  0.13035364078439671
3 0.31979999999999997  1.5966816505373558  0.13282748113408077
3 0.32170000000000004  1.6069634163492232  0.13533826504814067
3 0.32360000000000000  1.6172601122804910  0.13788629397427996
3 0.32549999999999996  1.6275718703661586  0.14047186221143398
3 0.32740000000000002  1.6378988227997326  0.14309525664218858
3 0.32929999999999998  1.6482411018865541  0.14575675647483885
3 0.33119999999999999  1.6585988399967000  0.14845663299573564
3 0.33310000000000001  1.6689721695175688  0.15119514933254521
3 0.33500000000000002  1.6793612228112671  0.15397256022997746
3 0.33689999999999998  1.6897661321462283  0.15678911183327221
3 0.33879999999999999  1.7001870296809567  0.15964504149321146
3 0.34070000000000000  1.7106240473944194  0.16254057757540286
3 0.34259999999999996  1.7210773170438989  0.16547593928767590
3 0.34450000000000003  1.7315469701171313  0.16845133652059888
3 0.34639999999999999  1.7420331377848992  0.17146696970242273
3 0.34830000000000000  1.7525359508536364  0.17452302966861255
3 0.35020000000000001  1.7630555397187289  0.17761969754633616
3 0.35210000000000002  1.7735920343180163  0.18075714465403322
3 0.35399999999999998  1.7841455640858643  0.18393553241621902
3 0.35589999999999999  1.7947162579078153  0.18715501229356757
3 0.35780000000000001  1.8053042440758464  0.19041572572829094
3 0.35969999999999996  1.8159096502443628  0.19371780410485892
3 0.36160000000000003  1.8265326033869209  0.19706136872585009
3 0.36349999999999999  1.8371732297591286  0.20044653080431443
3 0.36540000000000000  1.8478316548350437  0.20387339146366518
3 0.36730000000000002  1.8585080033006980  0.20734204176714552
3 0.36920000000000003  1.8692023989911042  0.21085256274642364
3 0.37109999999999999  1.8799149648575697  0.21440502545190163
3 0.37300000000000000  1.8906458229301382  0.21799949101507832
3 0.37490000000000001  1.9013950942812459  0.22163601072419248
3 0.37679999999999997  1.9121628989904873  0.22531462611261363
3 0.37870000000000004  1.9229493561105735  0.22903536905956476
3 0.38059999999999999  1.9337545836344745  0.23279826190261971
3 0.38250000000000001  1.9445786984638731  0.23660331756147251
3 0.38440000000000002  1.9554218163788433  0.24045053967244084
3 0.38629999999999998  1.9662840520141494  0.24433992273501534
3 0.38819999999999999  1.9771655188092905  0.24827145225797145
3 0.39010000000000000  1.9880663290171638  0.25224510493507601
3 0.39200000000000002  1.9989865936545650  0.25626084880779648
3 0.39389999999999997  2.0099264224847802  0.26031864344672540
3 0.39580000000000004  2.0208859239953383  0.26441844013778154
3 0.39770000000000000  2.0318652053769486  0.26856018207493881
3 0.39959999999999996  2.0428643725038440  0.27274380455873748
3 0.40150000000000002  2.0538835299154661  0.27696923520004813
3 0.40339999999999998  2.0649227807994266  0.28123639412839974
3 0.40529999999999999  2.0759822269813411  0.28554519420691016
3 0.40720000000000001  2.0870619688871699  0.28989554123740446
3 0.40910000000000002  2.0981621055670896  0.29428733419579717
3 0.41099999999999998  2.1092827346574574  0.29872046544125175
3 0.41290000000000004  2.1204239523772586  0.30319482094189232
3 0.41480000000000000  2.1315858535186623  0.30771028049865828
3 0.41669999999999996  2.1427685314389366  0.31226671796986094
3 0.41860000000000003  2.1539720780534233  0.31686400149594235
3 0.42049999999999998  2.1651965838297516  0.32150199372402954
3 0.42240000000000005  2.1764421377830949  0.32618055203176682
3 0.42430000000000007  2.1877088274768570  0.33089952875260353
3 0.42620000000000002  2.1989967390019021  0.33565877138633859
3 0.42809999999999998  2.2103059570042580  0.34045812283553578
3 0.43000000000000005  2.2216365646636724  0.34529742161063193
3 0.43190000000000006  2.2329886436997324  0.35017650204781409
3 0.43380000000000002  2.2443622743731853  0.35509519452079524
3 0.43570000000000003  2.2557575354882555  0.36005332564952874
3 0.43759999999999999  2.2671745043957987  0.36505071850550846
3 0.43950000000000006  2.2786132570022199  0.37008719281715152
3 0.44140000000000007  2.2900738677533492  0.37516256515255791
3 0.44330000000000003  2.3015564096730423  0.38027664913720982
3 0.44519999999999998  2.3130609543461946  0.38542925562716490
3 0.44710000000000000  2.3245875719318612  0.39062019289884270
3 0.44900000000000007  2.3361363311707759  0.39584926683009525
3 0.45090000000000002  2.3477072993937305  0.40111628107665515
3 0.45280000000000004  2.3593005425303741  0.40642103724401119
3 0.45469999999999999  2.3709161251186068  0.41176333505457485
3 0.45660000000000006  2.3825541103145933  0.41714297251005428
3 0.45850000000000007  2.3942145599031495  0.42255974604904706
3 0.46040000000000003  2.4058975343124143  0.42801345070384056
3 0.46229999999999999  2.4176030926095322  0.43350388023148750
3 0.46420000000000000  2.4293312925371593  0.43903082728306098
3 0.46610000000000007  2.4410821905082707  0.44459408352373925
3 0.46800000000000003  2.4528558416231592  0.45019343977088278
3 0.46990000000000004  2.4646522996823550  0.45582868612265592
3 0.47180000000000011  2.4764716171998313  0.46149961208191359
3 0.47370000000000007  2.4883138454162630  0.46720600667531637
3 0.47560000000000008  2.5001790343128278  0.47294765856788046
3 0.47750000000000004  2.5120672326250824  0.47872435617292669
3 0.47939999999999999  2.5239784878570286  0.48453588775749801
3 0.48130000000000006  2.5359128462954859  0.49038204154339599
3 0.48320000000000007  2.5478703530244897  0.49626260580382092
3 0.48510000000000003  2.5598510519415791  0.50217736896101661
3 0.48700000000000004  2.5718549857654764  0.50812611965293919
3 0.48890000000000011  2.5838821960621896  0.51410864685064317
3 0.49080000000000007  2.5959327232519733  0.52012473991568864
3 0.49270000000000008  2.6080066066262950  0.52617418868217680
3 0.49460000000000004  2.6201038843631199  0.53225678352935546
3 0.49650000000000000  2.6322245935417863  0.53837231545030517
3 0.49840000000000007  2.6443687701583656  0.54452057611734828
3 0.50030000000000008  2.6565364491405328  0.55070135794357666
3 0.50220000000000009  2.6687276643628177  0.55691445414138097
3 0.50409999999999999  2.6809424486617606  0.56315965877751062
3 0.50600000000000001  2.6931808338509007  0.56943676682501421
3 0.50790000000000013  2.7054428507359107  0.57574557421215433
3 0.50980000000000003  2.7177285291295177  0.58208587786825727
3 0.51170000000000004  2.7300378978664508  0.58845747576686003
3 0.51360000000000006  2.7423709848184039  0.59486016696601540
3 0.51550000000000007  2.7547278169086851  0.60129375164587140
3 0.51740000000000008  2.7671084201271032  0.60775803114390081
3 0.51930000000000009  2.7795128195444234  0.61425280798740756
3 0.52120000000000000  2.7919410393209612  0.62077788592987437
3 0.52310000000000001  2.8043931027450717  0.62733306995448157
3 0.52500000000000013  2.8168690322113177  0.63391816633736864
3 0.52690000000000003  2.8293688492587168  0.64053298264583813
3 0.52880000000000005  2.8418925745787020  0.64717732776659853
3 0.53070000000000006  2.8544402280293428  0.65385101192562023
3 0.53260000000000007  2.8670118286487791  0.66055384670596695
3 0.53450000000000009  2.8796073946690752  0.66728564506409704
3 0.53640000000000010  2.8922269435298000  0.67404622134430903
3 0.53830000000000000  2.9048704918912098  0.68083539129166137
3 0.54020000000000001  2.9175380556477650  0.68765297206339848
3 0.54210000000000014  2.9302296499409120  0.69449878223878903
3 0.54400000000000004  2.9429452891722279  0.70137264182778092
3 0.54590000000000005  2.9556849870160731  0.70827437227803536
3 0.54780000000000006  2.9684487564322759  0.71520379648098209
3 0.54970000000000008  2.9812366096787297  0.72216073877662734
3 0.55160000000000009  2.9940485583233380  0.72914502495698208
3 0.55350000000000010  3.0068846132565374  0.73615648226879926
3 0.55540000000000000  3.0197447847031049  0.74319493941496817
3 0.55730000000000002  3.0326290822339899  0.75026022655512858
3 0.55920000000000014  3.0455375147781147  0.75735217530528354
3 0.56110000000000004  3.0584700906335747  0.76447061873655708
3 0.56300000000000006  3.0714268174793395  0.77161539137318458
3 0.56490000000000007  3.0844077023862329  0.77878632918969937
3 0.56680000000000008  3.0974127518279575  0.78598326960740983
3 0.56870000000000009  3.1104419716921035  0.79320605149017587
3 0.57060000000000011  3.1234953672905750  0.80045451513948374
3 0.57250000000000001  3.1365729433703362  0.80772850228907378
3 0.57440000000000002  3.1496747041238558  0.81502785609894546
3 0.57630000000000015  3.1628006531990400  0.82235242114867890
3 0.57820000000000005  3.1759507937095504  0.82970204343050835
3 0.58010000000000006  3.1891251282051121  0.83707657034607419
3 0.58200000000000007  3.2023236588397639  0.84447585068104980
3 0.58389999999999997  3.2155463871429277  0.85189973462327506
3 0.58580000000000010  3.2287933141886187  0.85934807373637523
3 0.58770000000000011  3.2420644405643539  0.86682072095495599
3 0.58960000000000001  3.2553597663804426  0.87431753057539241
3 0.59150000000000003  3.2686792912787874  0.88183835824603907
3 0.59340000000000015  3.2820230144423732  0.88938306095765540
3 0.59530000000000005  3.2953909346033301  0.89695149703292953
3 0.59720000000000006  3.3087830500514483  0.90454352611598521
3 0.59910000000000008  3.3221993586432426  0.91215900916231463
3 0.60099999999999998  3.3356398578095452  0.91979780842745140
3 0.60290000000000010  3.3491045445638234  0.92745978745629276
3 0.60480000000000012  3.3625934155106045  0.93514481107202319
3 0.60670000000000002  3.3761064668527387  0.94285274536491659
3 0.60860000000000003  3.3896436943994153  0.95058345768080299
3 0.61050000000000015  3.4032050935737455  0.95833681660982561
3 0.61240000000000006  3.4167906594202884  0.96611269197496397
3 0.61430000000000007  3.4304003866120878  0.97391095482024281
3 0.61620000000000008  3.4440342694584594  0.98173147739933297
3 0.61809999999999998  3.4576923019111847  0.98957413316348908
3 0.62000000000000011  3.4713744775723789  0.99743879675023706
3 0.62190000000000012  3.4850807897011262  1.0053253439714782
3 0.62380000000000002  3.4988112312194350  1.0132336518013503
3 0.62570000000000003  3.5125657947198099  1.0211635983650040
3 0.62760000000000005  3.5263444724713180  1.0291150629264485
3 0.62950000000000006  3.5401472564261041  1.0370879258769894
3 0.63140000000000007  3.5539741382251711  1.0450820687232194
3 0.63330000000000009  3.5678251092052431  1.0530973740755913
3 0.63519999999999999  3.5817001604042220  1.0611337256364710
3 0.63710000000000011  3.5955992825676253  1.0691910081886888
3 0.63900000000000012  3.6095224661538472  1.0772691075837963
3 0.64090000000000003  3.6234697013404271  1.0853679107304497
3 0.64280000000000004  3.6374409780290131  1.0934873055830558
3 0.64470000000000005  3.6514362858518297  1.1016271811303684
3 0.64660000000000006  3.6654556141762211  1.1097874273838813
3 0.64850000000000008  3.6794989521102965  1.1179679353666951
3 0.65040000000000009  3.6935662885083125  1.1261685971022457
3 0.65229999999999999  3.7076576119754163  1.1343893056030376
3 0.65420000000000011  3.7217729108732307  1.1426299548598120
3 0.65610000000000013  3.7359121733242615  1.1508904398303297
3 0.65800000000000003  3.7500753872171328  1.1591706564285424
3 0.65990000000000004  3.7642625402114138  1.1674705015138254
3 0.66180000000000005  3.7784736197414848  1.1757898728800615
3 0.66370000000000007  3.7927086130225565  1.1841286692452635
3 0.66560000000000008  3.8069675070540625  1.1924867902409082
3 0.66750000000000009  3.8212502886242432  1.2008641364014441
3 0.66940000000000000  3.8355569443150861  1.2092606091540192
3 0.67130000000000012  3.8498874605059927  1.2176761108082388
3 0.67320000000000013  3.8642418233783387  1.2261105445460014
3 0.67510000000000003  3.8786200189194253  1.2345638144114006
3 0.67700000000000005  3.8930220329266447  1.2430358253009717
3 0.67890000000000006  3.9074478510112982  1.2515264829535531
3 0.68080000000000007  3.9218974586026798  1.2600356939409689
3 0.68270000000000008  3.9363708409519522  1.2685633656579567
3 0.68460000000000010  3.9508679831353239  1.2771094063128667
3 0.68650000000000000  3.9653888700589532  1.2856737249184595
3 0.68840000000000012  3.9799334864612481  1.2942562312821850
3 0.69030000000000014  3.9945018169173845  1.3028568359971937
3 0.69220000000000004  4.0090938458421608  1.3114754504332808
3 0.69410000000000005  4.0237095574941693  1.3201119867278410
3 0.69600000000000006  4.0383489359781217  1.3287663577768378
3 0.69790000000000008  4.0530119652494063  1.3374384772263999
3 0.69980000000000009  4.0676986291161388  1.3461282594635466
3 0.70170000000000010  4.0824089112436255  1.3548356196084437
3 0.70360000000000000  4.0971427951560200  1.3635604735050344
3 0.70550000000000002  4.1119002642408855  1.3723027377134083
3 0.70740000000000014  4.1266813017509758  1.3810623295010109
3 0.70930000000000004  4.1414858908082843  1.3898391668349686
3 0.71120000000000005  4.1563140144060133  1.3986331683735267
3 0.71310000000000007  4.1711656554120147  1.4074442534584637
3 0.71500000000000008  4.1860407965714321  1.4162723421071299
3 0.71690000000000009  4.2009394205096928  1.4251173550047236
3 0.71880000000000011  4.2158615097347694  1.4339792134965155
3 0.72070000000000001  4.2308070466400958  1.4428578395803424
3 0.72260000000000002  4.2457760135073803  1.4517531558993182
3 0.72450000000000014  4.2607683925087763  1.4606650857341397
3 0.72640000000000005  4.2757841657098004  1.4695935529962836
3 0.72830000000000006  4.2908233150713162  1.4785384822201688
3 0.73020000000000007  4.3058858224525238  1.4874997985567810
3 0.73210000000000008  4.3209716696128933  1.4964774277661823
3 0.73400000000000010  4.3360808382150955  1.5054712962110064
3 0.73590000000000011  4.3512133098265044  1.5144813308492402
3 0.73780000000000001  4.3663690659219920  1.5235074592277764
3 0.73970000000000002  4.3815480878860802  1.5325496094757278
3 0.74160000000000015  4.3967503570152928  1.5416077102980414
3 0.74350000000000005  4.4119758545196550  1.5506816909686525
3 0.74540000000000006  4.4272245615255761  1.5597714813244787
3 0.74730000000000008  4.4424964590773648  1.5688770117590340
3 0.74919999999999998  4.4577915281396701  1.5779982132162340
3 0.75110000000000010  4.4731097495991703  1.5871350171842205
3 0.75300000000000011  4.4884511042666482  1.5962873556894082
3 0.75490000000000002  4.5038155728790281  1.6054551612905796
3 0.75680000000000003  4.5192031361009608  1.6146383670728142
3 0.75870000000000015  4.5346137745268802  1.6238369066418319
3 0.76060000000000005  4.5500474686829682  1.6330507141183308
3 0.76250000000000007  4.5655041990287692  1.6422797241323486
3 0.76440000000000008  4.5809839459590496  1.6515238718175862
3 0.76629999999999998  4.5964866898051016  1.6607830928058624
3 0.76820000000000010  4.6120124108370542  1.6700573232218765
3 0.77010000000000012  4.6275610892655097  1.6793464996780421
3 0.77200000000000002  4.6431327052424392  1.6886505592685772
3 0.77390000000000003  4.6587272388636611  1.6979694395649860
3 0.77580000000000016  4.6743446701700018  1.7073030786106176
3 0.77770000000000006  4.6899849791488650  1.7166514149155154
3 0.77960000000000007  4.7056481457358181  1.7260143874517739
3 0.78150000000000008  4.7213341498161858  1.7353919356482062
3 0.78339999999999999  4.7370429712262165  1.7447839993857766
3 0.78530000000000011  4.7527745897548623  1.7541905189926239
3 0.78720000000000012  4.7685289851450783  1.7636114352395369
3 0.78910000000000002  4.7843061370950712  1.7730466893350429
3 0.79100000000000004  4.8001060252599776  1.7824962229210277
3 0.79290000000000016  4.8159286292528591  1.7919599780680053
3 0.79480000000000006  4.8317739286464620  1.8014378972708778
3 0.79670000000000007  4.8476419029739066  1.8109299234442098
3 0.79860000000000009  4.8635325317306242  1.8204359999180475
3 0.80049999999999999  4.8794457943751235  1.8299560704337030
3 0.80240000000000011  4.8953816703305000  1.8394900791392585
3 0.80430000000000013  4.9113401389854010  1.8490379705855422
3 0.80620000000000003  4.9273211796955607  1.8585996897219961
3 0.80810000000000004  4.9433247717847300  1.8681751818926151
3 0.81000000000000016  4.9593508945456648  1.8777643928317138
3 0.81190000000000007  4.9753995272416756  1.8873672686601901
3 0.81380000000000008  4.9914706491075851  1.8969837558816018
3 0.81570000000000009  5.0075642393504287  1.9066138013780554
3 0.81759999999999999  5.0236802771510041  1.9162573524065918
3 0.81950000000000012  5.0398187416648286  1.9259143565953816
3 0.82140000000000013  5.0559796120230738  1.9355847619400868
3 0.82330000000000003  5.0721628673334953  1.9452685167999684
3 0.82520000000000004  5.0883684866816683  1.9549655698944297
3 0.82710000000000006  5.1045964491318028  1.9646758702994336
3 0.82900000000000007  5.1208467337277828  1.9743993674439602
3 0.83090000000000008  5.1371193194938822  1.9841360111063606
3 0.83280000000000010  5.1534141854361764  1.9938857514112782
3 0.83470000000000000  5.1697313105428657  2.0036485388258094
3 0.83660000000000012  5.1860706737856672  2.0134243241565795
3 0.83850000000000013  5.2024322541205752  2.0232130585461872
3 0.84040000000000004  5.2188160304883136  2.0330146934698266
3 0.84230000000000005  5.2352219818157284  2.0428291807324142
3 0.84420000000000006  5.2516500870164169  2.0526564724651672
3 0.84609999999999996  5.2681003249914928  2.0624965211224251
3 0.84799999999999998  5.2845726746305957  2.0723492794788347
3 0.84989999999999999  5.3010671148123407  2.0822147006258969
3 0.85180000000000000  5.3175836244050858  2.0920927379690086
3 0.85370000000000013  5.3341221822685077  2.1019833452250078
3 0.85560000000000014  5.3506827672531729  2.1118864764184653
3 0.85750000000000004  5.3672653582021210  2.1218020858792559
3 0.85940000000000005  5.3838699339512717  2.1317301282395373
3 0.86130000000000007  5.4004964733300067  2.1416705584309081
3 0.86319999999999997  5.4171449551623034  2.1516233316816371
3 0.86509999999999998  5.4338153582670614  2.1615884035139041
3 0.86699999999999999  5.4505076614586017  2.1715657297408768
3 0.86890000000000001  5.4672218435481854  2.1815552664644340
3 0.87079999999999991  5.4839578833434404  2.1915569700720190
3 0.87270000000000014  5.5007157596501504  2.2015707972343459
3 0.87460000000000004  5.5174954512720475  2.2115967049025680
3 0.87650000000000006  5.5342969370118720  2.2216346503058908
3 0.87840000000000007  5.5511201956718654  2.2316845909489071
3 0.88029999999999997  5.5679652060544118  2.2417464846091475
3 0.88219999999999998  5.5848319469626171  2.2518202893346770
3 0.88410000000000000  5.6017203972005642  2.2619059634413312
3 0.88600000000000001  5.6186305355744217  2.2720034655106933
3 0.88789999999999991  5.6355623408928208  2.2821127543876329
3 0.88980000000000015  5.6525157919669891  2.2922337891775886
3 0.89170000000000005  5.6694908676119793  2.3023665292447451
3 0.89360000000000006  5.6864875466465143  2.3125109342092740
3 0.89550000000000007  5.7035058078938894  2.3226669639453368
3 0.89739999999999998  5.7205456301826150  2.3328345785788542
3 0.89929999999999999  5.7376069923465804  2.3430137384851073
3 0.90120000000000000  5.7546898732254750  2.3532044042865290
3 0.90309999999999990  5.7717942516658196  2.3634065368507891
3 0.90499999999999992  5.7889201065207709  2.3736200972883541
3 0.90689999999999993  5.8060674166512936  2.3838450469506491
3 0.90879999999999994  5.8232361609257248  2.3940813474276279
3 0.91070000000000007  5.8404263182210894  2.4043289605459859
3 0.91260000000000008  5.8576378674230272  2.4145878483669683
3 0.91449999999999998  5.8748707874264392  2.4248579731844853
3 0.91639999999999999  5.8921250571356039  2.4351392975227797
3 0.91830000000000001  5.9094006554653395  2.4454317841350210
3 0.92019999999999991  5.9266975613402533  2.4557353960006600
3 0.92209999999999992  5.9440157536963136  2.4660500963241088
3 0.92399999999999993  5.9613552114804662  2.4763758485324399
3 0.92589999999999995  5.9787159136513157  2.4867126162736644
3 0.92780000000000007  5.9960978391795461  2.4970603634148256
3 0.92970000000000008  6.0135009670480208  2.5074190540400938
3 0.93159999999999998  6.0309252762526979  2.5177886524492021
3 0.93350000000000000  6.0483707458021057  2.5281691231551195
3 0.93540000000000001  6.0658373547188065  2.5385604308828920
3 0.93729999999999991  6.0833250820387379  2.5489625405674139
3 0.93919999999999992  6.1008339068121886  2.5593754173518501
3 0.94109999999999994  6.1183638081036902  2.5697990265859234
3 0.94299999999999995  6.1359147649928181  2.5802333338241463
3 0.94490000000000007  6.1534867565740861  2.5906783048242610
3 0.94680000000000009  6.1710797619576363  2.6011339055454346
3 0.94869999999999999  6.1886937602692926  2.6116001021467041
3 0.95060000000000000  6.2063287306506583  2.6220768609851079
3 0.95250000000000001  6.2239846522601967  2.6325641486146032
3 0.95439999999999992  6.2416615042723302  2.6430619317836594
3 0.95629999999999993  6.2593592658790937  2.6535701774346014
3 0.95819999999999994  6.2770779162894010  2.6640888527013593
3 0.96009999999999995  6.2948174347296106  2.6746179249081501
3 0.96199999999999986  6.3125778004438633  2.6851573615679567
3 0.96390000000000009  6.3303589926944763  2.6957071303810767
3 0.96579999999999999  6.3481609907617891  2.7062671992334617
3 0.96770000000000000  6.3659837739447980  2.7168375361953552
3 0.96960000000000002  6.3838273215615713  2.7274181095199408
3 0.97149999999999992  6.4016916129487003  2.7380088876415267
3 0.97339999999999993  6.4195766274624830  2.7486098391745513
3 0.97529999999999994  6.4374823444783207  2.7592209329117101
3 0.97719999999999996  6.4554087433917671  2.7698421378230211
3 0.97909999999999986  6.4733558036182890  2.7804734230541950
3 0.98100000000000009  6.4913235045930513  2.7911147579249671
3 0.98290000000000000  6.5093118257724045  2.8017661119285191
3 0.98480000000000001  6.5273207466329017  2.8124274547293404
3 0.98670000000000002  6.5453502466717008  2.8230987561621279
3 0.98859999999999992  6.5634003054075380  2.8337799862308493
3 0.99049999999999994  6.5814709023799649  2.8444711151068676
3 0.99239999999999995  6.5995620171503013  2.8551721131281269
3 0.99429999999999996  6.6176736293013425  2.8658829507975461
3 0.99619999999999986  6.6358057184377062  2.8766035987818732
3 0.99810000000000010  6.6539582641861523  2.8873340279104944
3 1.0000000000000000  6.6721312461954110  2.8980742091740543
