0.172648 12.9429 12.9429
0.18329484422110554 12.73255751000216 13.010686617780694
0.19394168844221105 12.626710431238017 13.057980734114732
0.20458853266331659 12.435550690477937 13.121135328520202
0.2152353768844221 12.347486583198258 13.182058482566262
0.22588222110552764 12.26066208809649 13.243777299855928
0.23652906532663315 12.16705711437167 13.289906052746405
0.2471759095477387 12.064661731221491 13.152209195610919
0.2578227537688442 11.956482095303672 12.98093969190038
0.26846959798994974 11.904645141351098 13.003735620136128
0.27911644221105525 11.894568449784094 13.062846195918361
0.28976328643216076 11.888866740137786 13.121251820098939
0.3004101306532663 11.874651335952205 13.182996914938874
0.31105697487437184 11.865491896176794 13.22457976256196
0.3217038190954774 11.818074116778488 13.124890715551283
0.3323506633165829 11.769877935897057 13.03664679779669
0.34299750753768843 11.776230353573725 13.087667565622858
0.35364435175879394 11.790024437253408 13.131621230886484
0.36429119597989945 11.794492727973704 13.169070002419886
0.374938040201005 11.780179742062277 13.161576001974352
0.38558488442211053 11.757222414611094 13.095963600664602
0.3962317286432161 11.745577119628638 13.073231331023385
0.4068785728643216 11.750050854108942 13.110194828920305
0.4175254170854271 11.758252580105756 13.129964559892983
0.42817226130653263 11.74623092683528 13.094126699041546
0.43881910552763814 11.732469497313007 13.04588703229008
0.44946594974874365 11.739757910875435 13.050539792823976
0.4601127939698493 11.742465500709184 13.074321124759335
0.4707596381909548 11.737194370189156 13.052287391448445
0.4814064824120603 11.733277826562636 13.016468692830234
0.4920533266331658 11.73522984653069 13.015813420051563
0.5027001708542713 11.74020515375625 13.036997294942855
0.5133470150753768 11.743327088239276 13.035684719725529
0.5239938592964823 11.742795425794606 13.005511433766921
0.534640703517588 11.74473401766056 12.997721374168915
0.5452875477386935 11.7514080750203 13.014357884726147
0.555934391959799 11.759444888026604 13.0134965791357
0.5665812361809045 11.761557140715517 12.990399955166403
0.57722808040201 11.765291913557917 12.973985754491624
0.5878749246231155 11.770903657682858 12.982249828678464
0.598521768844221 11.777301768316105 12.995237376361729
0.6091686130653267 11.780044048444166 12.979677903091474
0.6198154572864322 11.785072049357037 12.961011216260102
0.6304623015075377 11.791998995696876 12.957870344333777
0.6411091457286432 11.79923785779579 12.957945998591383
0.6517559899497487 11.805733273080557 12.947942633785159
0.6624028341708542 11.81138951224334 12.937264112835994
0.6730496783919598 11.818256455045146 12.928751990597208
0.6836965226130653 11.827108182141293 12.923028616518648
0.6943433668341709 11.83510720879368 12.913451699868435
0.7049902110552764 11.84142425183798 12.902526619326474
0.7156370552763819 11.848911289697492 12.890976293177937
0.7262838994974874 11.856175896780131 12.880506531229512
0.7369307437185929 11.862918293248706 12.871169125451791
0.7475775879396985 11.870512522328882 12.86262695930735
0.758224432160804 11.877538725342918 12.854474260698067
0.7688712763819096 11.884539402400861 12.847802631868959
0.7795181206030151 11.891950507025665 12.839465354317886
0.7901649648241206 11.899865157158963 12.834863567929258
0.8008118090452261 11.9097203568121 12.828647972359922
0.8114586532663316 11.919370802834816 12.823127327933577
0.8221054974874372 11.928319081658984 12.816569897808753
0.8327523417085427 11.936500627210464 12.811527676416391
0.8433991859296482 11.9447051019393 12.80650827689481
0.8540460301507538 11.952873257905278 12.800709333431193
0.8646928743718593 11.961514275006541 12.79674884465121
0.8753397185929648 11.970081559127182 12.793406077612499
0.8859865628140703 11.979283226853449 12.789747968265376
0.8966334070351759 11.988903247028448 12.786273331846486
0.9072802512562814 11.996731480089542 12.78330408130773
0.9179270954773869 12.004086498302492 12.779789295988202
0.9285739396984924 12.012562511339866 12.776547919383367
0.939220783919598 12.020844210955065 12.773896386813478
0.9498676281407035 12.029390897093304 12.770990564993856
0.960514472361809 12.037950574741801 12.770201762773981
0.9711613165829146 12.04663553244441 12.768300142903325
0.9818081608040201 12.054381738312594 12.766767144899452
0.9924550050251256 12.062431860592897 12.76567342388864
1.0031018492462311 12.071168443813871 12.764672063793558
1.0137486934673365 12.07919939659034 12.762700698071244
1.0243955376884422 12.08669017849404 12.761867192312813
1.0350423819095476 12.094248127061864 12.760574698821866
1.0456892261306532 12.102541832919425 12.759715283990648
1.0563360703517588 12.111239919264126 12.758402887181617
1.0669829145728642 12.119762441929172 12.756531356678197
1.0776297587939698 12.127879639260307 12.755338355589219
1.0882766030150752 12.1353324079253 12.754819316772894
1.0989234472361809 12.142265672565891 12.753513075050755
1.1095702914572863 12.149069193609392 12.752794251389277
1.1202171356783919 12.156662583527234 12.751936754783186
1.1308639798994975 12.164818924819901 12.751391216105004
1.141510824120603 12.172214467793241 12.750978929237737
1.1521576683417085 12.180530322631018 12.749992397057701
1.162804512562814 12.188401543041703 12.748802561626977
1.1734513567839195 12.196246218966687 12.748434558392649
1.184098201005025 12.203000411062087 12.748191671366303
1.1947450452261306 12.20925829378489 12.74785723904181
1.205391889447236 12.216292280904092 12.747495945138143
1.2160387336683416 12.223138368027426 12.747403106746466
1.226685577889447 12.229580610842875 12.746599003290882
1.2373324221105526 12.23630704595423 12.74558432614823
1.2479792663316582 12.24261198793402 12.744315480915366
1.2586261105527636 12.249324943244384 12.743422401029719
1.2692729547738693 12.255468200769734 12.74256884689622
1.2799197989949747 12.261714354766138 12.741442665531652
1.2905666432160803 12.267268566592676 12.739855915500135
1.3012134874371857 12.272715190160625 12.73819257288629
1.3118603316582913 12.27820314035031 12.737756390709691
1.322507175879397 12.283776437907415 12.738188992404172
1.3331540201005023 12.289053109870622 12.738324042335572
1.343800864321608 12.294978859201874 12.73752082410282
1.3544477085427133 12.300516586779791 12.736743045573371
1.365094552763819 12.30614031917689 12.735685964639199
1.3757413969849244 12.311478715025133 12.73402107970307
1.38638824120603 12.316772568716488 12.732159930130878
1.3970350854271356 12.320926568977937 12.730489215410898
1.407681929648241 12.32600046009511 12.729160643798293
1.4183287738693466 12.329878281593949 12.727818142217304
1.428975618090452 12.334858240417052 12.726743862856111
1.4396224623115577 12.339052874405029 12.726015393117988
1.450269306532663 12.343331926541959 12.724138911160638
1.4609161507537687 12.346956208453747 12.72331567026818
1.4715629949748743 12.350613434448906 12.721267298677292
1.4822098391959797 12.35481793790953 12.719103083791063
1.4928566834170853 12.358783357286754 12.717529771983756
1.5035035276381907 12.362378788593224 12.715178781493425
1.5141503718592964 12.365445041699166 12.71296430525604
1.5247972160804018 12.368775199647361 12.710752934441945
1.5354440603015074 12.371263974131312 12.708665449185693
1.546090904522613 12.37431540252876 12.706190451719475
1.5567377487437184 12.37700180792675 12.703951101118113
1.567384592964824 12.379169885427135 12.70131870012755
1.5780314371859294 12.381895638866178 12.697968116334492
1.588678281407035 12.383845574556721 12.695789817479993
1.5993251256281404 12.386290133459651 12.693703072516483
1.609971969849246 12.388371687461307 12.69085298320558
1.6206188140703517 12.389866549090925 12.687572593150653
1.631265658291457 12.391711032610303 12.683837445395108
1.6419125025125627 12.393592602272069 12.680487203513167
1.652559346733668 12.394515493726754 12.676852930492798
1.6632061909547737 12.395689545119861 12.673053543002741
1.6738530351758791 12.39618515401968 12.66872970825613
1.6844998793969848 12.396850954478252 12.664442676306493
1.6951467236180904 12.396033326385444 12.65939973037941
1.7057935678391958 12.396306704714444 12.655037198988163
1.7164404120603014 12.39646520224502 12.650413492939556
1.7270872562814068 12.396733626453333 12.646171115712791
1.7377341005025124 12.396248741829815 12.641077478099785
1.7483809447236178 12.395623495115103 12.636371968772309
1.7590277889447234 12.394798720846 12.63121269404162
1.769674633165829 12.393889541773955 12.625029934301944
1.7803214773869345 12.392200493943786 12.618279918439445
1.79096832160804 12.390310731077834 12.612184583990656
1.8016151658291455 12.388175612863032 12.607120701401206
1.8122620100502511 12.386426123504183 12.599669046375864
1.8229088542713565 12.383694984158868 12.592734380254052
1.8335556984924621 12.381260399583526 12.585343910856805
1.8442025427135678 12.378758003863952 12.578714468339621
1.8548493869346732 12.37552792486399 12.56954169444622
1.8654962311557788 12.371192898748802 12.561764015206554
1.8761430753768842 12.367429297949478 12.555434483066604
1.8867899195979898 12.363375366519236 12.545668731472462
1.8974367638190952 12.35808981033503 12.537955882308204
1.9080836080402008 12.35355825949702 12.528101171275095
1.9187304522613065 12.348147740589699 12.518265422395196
1.9293772964824119 12.342668729368247 12.507776277372853
1.9400241407035175 12.33685678538331 12.497547680455625
1.9506709849246229 12.330745900801377 12.48756118016341
1.9613178291457285 12.323623175763386 12.47623053087833
1.971964673366834 12.316467720293904 12.46349517916602
1.9826115175879395 12.308551369249507 12.450350180256587
1.9932583618090451 12.299880049701464 12.437502576918636
2.0039052060301508 12.2913344772434 12.425973399507427
2.014552050251256 12.282137307204565 12.412514289178286
2.0251988944723616 12.271936996775155 12.396996521614133
2.0358457386934674 12.261483695966103 12.381306554026724
2.046492582914573 12.250565567406936 12.363832962062578
2.057139427135678 12.23872250751591 12.348486716698599
2.067786271356784 12.226141823460976 12.330254417137114
2.0784331155778895 12.213183832637764 12.31139743350901
2.089079959798995 12.198825840422657 12.291452400877352
2.0997268040201003 12.183330623853536 12.271728391259686
2.110373648241206 12.166056956951424 12.249449995593768
2.1210204924623115 12.14779158607531 12.225014029132225
2.131667336683417 12.127670536714096 12.20064567472609
2.1423141809045227 12.10592594512813 12.173994856054025
2.152961025125628 12.082139440840283 12.145887486450183
2.1636078693467335 12.05634067137332 12.114637673984898
2.1742547135678394 12.027597767332102 12.08118058640103
2.184901557788945 11.995519949594124 12.045795861661245
2.19554840201005 11.960015672062132 12.012065720512675
2.2061952462311556 11.919349171573536 11.97507067869011
2.2168420904522614 11.87353779039119 11.933531810603315
2.227488934673367 11.818499251583761 11.884955674172158
2.2381357788944722 11.749109276528742 11.827533159644377
2.248782623115578 11.650722188605124 11.760475587893618
2.2594294673366835 11.495188315798346 11.710244252323665
2.270076311557789 11.483599379964339 11.676546250483185
2.2807231557788943 11.471948334307914 11.6018573239531
2.29137 11.3953 11.3953
