1  0.100000E+00   0.327197E+00   0.170940E+03   0.329532E+00   0.209161E-01
1  0.129500E+00   0.293492E+00   0.176821E+03   0.295553E+00   0.270697E-01
1  0.159000E+00   0.250730E+00   0.181163E+03   0.252428E+00   0.332166E-01
1  0.188500E+00   0.182668E+00   0.164828E+03   0.183784E+00   0.393570E-01
1  0.218000E+00   0.127964E+00   0.139695E+03   0.128619E+00   0.454912E-01
1  0.247500E+00   0.998892E-01   0.114611E+03   0.100308E+00   0.516192E-01
1  0.277000E+00   0.905610E-01   0.983840E+02   0.908992E-01   0.577413E-01
1  0.306500E+00   0.883147E-01   0.840688E+02   0.886345E-01   0.638576E-01
1  0.336000E+00   0.880487E-01   0.744519E+02   0.883714E-01   0.702954E-01
1  0.365500E+00   0.918048E-01   0.497921E+02   0.921986E-01   0.764304E-01
1  0.395000E+00   0.100364E+00   0.403330E+02   0.100901E+00   0.825557E-01
1  0.424500E+00   0.111876E+00   0.381971E+02   0.112618E+00   0.886706E-01
1  0.454000E+00   0.125531E+00   0.292324E+02   0.126541E+00   0.947746E-01
1  0.483500E+00   0.140822E+00   0.243952E+02   0.142163E+00   0.100867E+00
1  0.513000E+00   0.157408E+00   0.214627E+02   0.159145E+00   0.106948E+00
1  0.542500E+00   0.175043E+00   0.195381E+02   0.177245E+00   0.113017E+00
1  0.572000E+00   0.193547E+00   0.181998E+02   0.196283E+00   0.119073E+00
1  0.601500E+00   0.212780E+00   0.172361E+02   0.216122E+00   0.125117E+00
1  0.631000E+00   0.232633E+00   0.165171E+02   0.236655E+00   0.131147E+00
1  0.660500E+00   0.252810E+00   0.159709E+02   0.257578E+00   0.137164E+00
1  0.690000E+00   0.272981E+00   0.155568E+02   0.278552E+00   0.143168E+00
1  0.719500E+00   0.293310E+00   0.152173E+02   0.299747E+00   0.149159E+00
1  0.749000E+00   0.313827E+00   0.149434E+02   0.321195E+00   0.155135E+00
1  0.778500E+00   0.334544E+00   0.147155E+02   0.342910E+00   0.161098E+00
1  0.808000E+00   0.355469E+00   0.145329E+02   0.364904E+00   0.167047E+00
1  0.837500E+00   0.376611E+00   0.143680E+02   0.387187E+00   0.172982E+00
1  0.867000E+00   0.397977E+00   0.142353E+02   0.409770E+00   0.178903E+00
1  0.896500E+00   0.419578E+00   0.141207E+02   0.432665E+00   0.184808E+00
1  0.926000E+00   0.441421E+00   0.140147E+02   0.455883E+00   0.190699E+00
1  0.955500E+00   0.463516E+00   0.139248E+02   0.479437E+00   0.196575E+00
1  0.985000E+00   0.485872E+00   0.138487E+02   0.503339E+00   0.202435E+00
1  0.101450E+01   0.508498E+00   0.137754E+02   0.527603E+00   0.208280E+00
1  0.104400E+01   0.531403E+00   0.137171E+02   0.552239E+00   0.214108E+00
1  0.107350E+01   0.554594E+00   0.136650E+02   0.577260E+00   0.219920E+00
1  0.110300E+01   0.578079E+00   0.136187E+02   0.602676E+00   0.225716E+00
1  0.113250E+01   0.601862E+00   0.135657E+02   0.628498E+00   0.231495E+00
1  0.116200E+01   0.625948E+00   0.135260E+02   0.654733E+00   0.237256E+00
1  0.119150E+01   0.650340E+00   0.134912E+02   0.681388E+00   0.243000E+00
1  0.122100E+01   0.675039E+00   0.134646E+02   0.708468E+00   0.248726E+00
1  0.125050E+01   0.700043E+00   0.134271E+02   0.735977E+00   0.254434E+00
1  0.128000E+01   0.725349E+00   0.134054E+02   0.763914E+00   0.260123E+00
1  0.130950E+01   0.750952E+00   0.133813E+02   0.792278E+00   0.265793E+00
1  0.133900E+01   0.776842E+00   0.133582E+02   0.821065E+00   0.271443E+00
1  0.136850E+01   0.803011E+00   0.133390E+02   0.850266E+00   0.277074E+00
1  0.139800E+01   0.829443E+00   0.133206E+02   0.879870E+00   0.282685E+00
1  0.142750E+01   0.856123E+00   0.132944E+02   0.909864E+00   0.288276E+00
1  0.145700E+01   0.883031E+00   0.132854E+02   0.940231E+00   0.293846E+00
1  0.148650E+01   0.910146E+00   0.132682E+02   0.970950E+00   0.299395E+00
1  0.151600E+01   0.937443E+00   0.132518E+02   0.100200E+01   0.304922E+00
1  0.154550E+01   0.964895E+00   0.132359E+02   0.103334E+01   0.310428E+00
1  0.157500E+01   0.992472E+00   0.132313E+02   0.106496E+01   0.315911E+00
1  0.160450E+01   0.102014E+01   0.132155E+02   0.109682E+01   0.321372E+00
1  0.163400E+01   0.104788E+01   0.132046E+02   0.112888E+01   0.326811E+00
1  0.166350E+01   0.107564E+01   0.131959E+02   0.116110E+01   0.332226E+00
1  0.169300E+01   0.110339E+01   0.131844E+02   0.119345E+01   0.337618E+00
1  0.172250E+01   0.113109E+01   0.131748E+02   0.122588E+01   0.342987E+00
1  0.175200E+01   0.115871E+01   0.131649E+02   0.125835E+01   0.348332E+00
1  0.178150E+01   0.118621E+01   0.131546E+02   0.129082E+01   0.353653E+00
1  0.181100E+01   0.121355E+01   0.131492E+02   0.132325E+01   0.358950E+00
1  0.184050E+01   0.124070E+01   0.131412E+02   0.135558E+01   0.364222E+00
1  0.187000E+01   0.126762E+01   0.131335E+02   0.138778E+01   0.369471E+00
1  0.189950E+01   0.129428E+01   0.131213E+02   0.141981E+01   0.374694E+00
1  0.192900E+01   0.132065E+01   0.131164E+02   0.145162E+01   0.379893E+00
1  0.195850E+01   0.134669E+01   0.131018E+02   0.148318E+01   0.385068E+00
1  0.198800E+01   0.137238E+01   0.130953E+02   0.151445E+01   0.390217E+00
1  0.201750E+01   0.139770E+01   0.130802E+02   0.154539E+01   0.395342E+00
1  0.204700E+01   0.142261E+01   0.130722E+02   0.157598E+01   0.400442E+00
1  0.207650E+01   0.144710E+01   0.130681E+02   0.160617E+01   0.405518E+00
1  0.210600E+01   0.147115E+01   0.130594E+02   0.163594E+01   0.410568E+00
1  0.213550E+01   0.149474E+01   0.130438E+02   0.166528E+01   0.415594E+00
1  0.216500E+01   0.151786E+01   0.130344E+02   0.169415E+01   0.420595E+00
1  0.219450E+01   0.154050E+01   0.130312E+02   0.172253E+01   0.425572E+00
1  0.222400E+01   0.156265E+01   0.130133E+02   0.175041E+01   0.430524E+00
1  0.225350E+01   0.158430E+01   0.130086E+02   0.177777E+01   0.435452E+00
1  0.228300E+01   0.160544E+01   0.129996E+02   0.180461E+01   0.440356E+00
1  0.231250E+01   0.162608E+01   0.129808E+02   0.183090E+01   0.445235E+00
1  0.234200E+01   0.164620E+01   0.129712E+02   0.185664E+01   0.450091E+00
1  0.237150E+01   0.166582E+01   0.129613E+02   0.188184E+01   0.454923E+00
1  0.240100E+01   0.168493E+01   0.129478E+02   0.190647E+01   0.459731E+00
1  0.243050E+01   0.170353E+01   0.129427E+02   0.193054E+01   0.464516E+00
1  0.246000E+01   0.172164E+01   0.129282E+02   0.195405E+01   0.469278E+00
1  0.248950E+01   0.173924E+01   0.129143E+02   0.197700E+01   0.474017E+00
1  0.251900E+01   0.175636E+01   0.128989E+02   0.199939E+01   0.478733E+00
1  0.254850E+01   0.177299E+01   0.128927E+02   0.202123E+01   0.483427E+00
1  0.257800E+01   0.178915E+01   0.128731E+02   0.204251E+01   0.488098E+00
1  0.260750E+01   0.180484E+01   0.128639E+02   0.206325E+01   0.492747E+00
1  0.263700E+01   0.182007E+01   0.128549E+02   0.208346E+01   0.497374E+00
1  0.266650E+01   0.183486E+01   0.128376E+02   0.210313E+01   0.501979E+00
1  0.269600E+01   0.184920E+01   0.128272E+02   0.212228E+01   0.506563E+00
1  0.272550E+01   0.186311E+01   0.128124E+02   0.214091E+01   0.511126E+00
1  0.275500E+01   0.187660E+01   0.127961E+02   0.215904E+01   0.515667E+00
1  0.278450E+01   0.188968E+01   0.127870E+02   0.217666E+01   0.520188E+00
1  0.281400E+01   0.190236E+01   0.127729E+02   0.219380E+01   0.524689E+00
1  0.284350E+01   0.191465E+01   0.127638E+02   0.221047E+01   0.529169E+00
1  0.287300E+01   0.192656E+01   0.127514E+02   0.222666E+01   0.533629E+00
1  0.290250E+01   0.193810E+01   0.127316E+02   0.224240E+01   0.538069E+00
1  0.293200E+01   0.194927E+01   0.127224E+02   0.225769E+01   0.542490E+00
1  0.296150E+01   0.196010E+01   0.127049E+02   0.227254E+01   0.546891E+00
1  0.299100E+01   0.197059E+01   0.126983E+02   0.228697E+01   0.551273E+00
1  0.302050E+01   0.198075E+01   0.126836E+02   0.230098E+01   0.555636E+00
1  0.305000E+01   0.199059E+01   0.126687E+02   0.231458E+01   0.559980E+00
1  0.307950E+01   0.200012E+01   0.126572E+02   0.232778E+01   0.564306E+00
1  0.310900E+01   0.200935E+01   0.126371E+02   0.234060E+01   0.568614E+00
1  0.313850E+01   0.201828E+01   0.126234E+02   0.235305E+01   0.572904E+00
1  0.316800E+01   0.202693E+01   0.126092E+02   0.236512E+01   0.577176E+00
1  0.319750E+01   0.203530E+01   0.126020E+02   0.237684E+01   0.581430E+00
1  0.322700E+01   0.204341E+01   0.125817E+02   0.238822E+01   0.585667E+00
1  0.325650E+01   0.205126E+01   0.125667E+02   0.239925E+01   0.589886E+00
1  0.328600E+01   0.205886E+01   0.125583E+02   0.240996E+01   0.594089E+00
1  0.331550E+01   0.206621E+01   0.125400E+02   0.242035E+01   0.598275E+00
1  0.334500E+01   0.207333E+01   0.125303E+02   0.243042E+01   0.602444E+00
1  0.337450E+01   0.208022E+01   0.125183E+02   0.244020E+01   0.606598E+00
1  0.340400E+01   0.208689E+01   0.125039E+02   0.244968E+01   0.610734E+00
1  0.343350E+01   0.209334E+01   0.124896E+02   0.245887E+01   0.614855E+00
1  0.346300E+01   0.209959E+01   0.124772E+02   0.246779E+01   0.618960E+00
1  0.349250E+01   0.210564E+01   0.124627E+02   0.247643E+01   0.623050E+00
1  0.352200E+01   0.211149E+01   0.124523E+02   0.248482E+01   0.627124E+00
1  0.355150E+01   0.211715E+01   0.124331E+02   0.249295E+01   0.631183E+00
1  0.358100E+01   0.212263E+01   0.124241E+02   0.250083E+01   0.635227E+00
1  0.361050E+01   0.212793E+01   0.124158E+02   0.250847E+01   0.639256E+00
1  0.364000E+01   0.213307E+01   0.124019E+02   0.251588E+01   0.643270E+00
1  0.366950E+01   0.213803E+01   0.123831E+02   0.252306E+01   0.647270E+00
1  0.369900E+01   0.214284E+01   0.123718E+02   0.253002E+01   0.651255E+00
1  0.372850E+01   0.214749E+01   0.123631E+02   0.253677E+01   0.655227E+00
1  0.375800E+01   0.215198E+01   0.123510E+02   0.254330E+01   0.659184E+00
1  0.378750E+01   0.215633E+01   0.123345E+02   0.254964E+01   0.663127E+00
1  0.381700E+01   0.216054E+01   0.123190E+02   0.255577E+01   0.667057E+00
1  0.384650E+01   0.216462E+01   0.123117E+02   0.256172E+01   0.670973E+00
1  0.387600E+01   0.216855E+01   0.122935E+02   0.256748E+01   0.674876E+00
1  0.390550E+01   0.217236E+01   0.122794E+02   0.257306E+01   0.678766E+00
1  0.393500E+01   0.217605E+01   0.122671E+02   0.257847E+01   0.682642E+00
1  0.396450E+01   0.217961E+01   0.122587E+02   0.258370E+01   0.686506E+00
1  0.399400E+01   0.218306E+01   0.122485E+02   0.258877E+01   0.690356E+00
1  0.402350E+01   0.218639E+01   0.122381E+02   0.259368E+01   0.694194E+00
1  0.405300E+01   0.218961E+01   0.122180E+02   0.259843E+01   0.698020E+00
1  0.408250E+01   0.219272E+01   0.122144E+02   0.260303E+01   0.701833E+00
1  0.411200E+01   0.219573E+01   0.121978E+02   0.260749E+01   0.705634E+00
1  0.414150E+01   0.219864E+01   0.121880E+02   0.261179E+01   0.709423E+00
1  0.417100E+01   0.220145E+01   0.121786E+02   0.261596E+01   0.713200E+00
1  0.420050E+01   0.220416E+01   0.121576E+02   0.262000E+01   0.716965E+00
1  0.423000E+01   0.220679E+01   0.121487E+02   0.262390E+01   0.720719E+00
1  0.425950E+01   0.220932E+01   0.121364E+02   0.262767E+01   0.724461E+00
1  0.428900E+01   0.221177E+01   0.121291E+02   0.263132E+01   0.728191E+00
1  0.431850E+01   0.221413E+01   0.121115E+02   0.263485E+01   0.731910E+00
1  0.434800E+01   0.221641E+01   0.121077E+02   0.263825E+01   0.735618E+00
1  0.437750E+01   0.221861E+01   0.120895E+02   0.264155E+01   0.739315E+00
1  0.440700E+01   0.222074E+01   0.120774E+02   0.264473E+01   0.743001E+00
1  0.443650E+01   0.222279E+01   0.120651E+02   0.264781E+01   0.746675E+00
1  0.446600E+01   0.222477E+01   0.120628E+02   0.265077E+01   0.750340E+00
1  0.449550E+01   0.222667E+01   0.120519E+02   0.265364E+01   0.753993E+00
1  0.452500E+01   0.222851E+01   0.120347E+02   0.265641E+01   0.757636E+00
1  0.455450E+01   0.223028E+01   0.120238E+02   0.265907E+01   0.761269E+00
1  0.458400E+01   0.223199E+01   0.120167E+02   0.266165E+01   0.764891E+00
1  0.461350E+01   0.223364E+01   0.120079E+02   0.266413E+01   0.768503E+00
1  0.464300E+01   0.223522E+01   0.119885E+02   0.266652E+01   0.772105E+00
1  0.467250E+01   0.223675E+01   0.119782E+02   0.266883E+01   0.775697E+00
1  0.470200E+01   0.223821E+01   0.119702E+02   0.267105E+01   0.779279E+00
1  0.473150E+01   0.223962E+01   0.119607E+02   0.267318E+01   0.782851E+00
1  0.476100E+01   0.224098E+01   0.119476E+02   0.267524E+01   0.786413E+00
1  0.479050E+01   0.224228E+01   0.119382E+02   0.267722E+01   0.789966E+00
1  0.482000E+01   0.224354E+01   0.119289E+02   0.267912E+01   0.793509E+00
1  0.484950E+01   0.224474E+01   0.119225E+02   0.268095E+01   0.797043E+00
1  0.487900E+01   0.224589E+01   0.119110E+02   0.268271E+01   0.800568E+00
1  0.490850E+01   0.224700E+01   0.119024E+02   0.268439E+01   0.804083E+00
1  0.493800E+01   0.224806E+01   0.118909E+02   0.268601E+01   0.807589E+00
1  0.496750E+01   0.224908E+01   0.118744E+02   0.268756E+01   0.811086E+00
1  0.499700E+01   0.225005E+01   0.118710E+02   0.268904E+01   0.814574E+00
1  0.502650E+01   0.225098E+01   0.118548E+02   0.269047E+01   0.818053E+00
1  0.505600E+01   0.225187E+01   0.118451E+02   0.269183E+01   0.821523E+00
1  0.508550E+01   0.225272E+01   0.118382E+02   0.269313E+01   0.824984E+00
1  0.511500E+01   0.225353E+01   0.118258E+02   0.269437E+01   0.828437E+00
1  0.514450E+01   0.225430E+01   0.118200E+02   0.269555E+01   0.831882E+00
1  0.517400E+01   0.225504E+01   0.118112E+02   0.269668E+01   0.835317E+00
1  0.520350E+01   0.225574E+01   0.118025E+02   0.269776E+01   0.838744E+00
1  0.523300E+01   0.225640E+01   0.117873E+02   0.269878E+01   0.842163E+00
1  0.526250E+01   0.225703E+01   0.117804E+02   0.269975E+01   0.845574E+00
1  0.529200E+01   0.225763E+01   0.117706E+02   0.270067E+01   0.848976E+00
1  0.532150E+01   0.225820E+01   0.117602E+02   0.270154E+01   0.852371E+00
1  0.535100E+01   0.225873E+01   0.117573E+02   0.270237E+01   0.855757E+00
1  0.538050E+01   0.225924E+01   0.117485E+02   0.270314E+01   0.859135E+00
1  0.541000E+01   0.225971E+01   0.117331E+02   0.270388E+01   0.862505E+00
1  0.543950E+01   0.226016E+01   0.117216E+02   0.270457E+01   0.865868E+00
1  0.546900E+01   0.226058E+01   0.117192E+02   0.270521E+01   0.869223E+00
1  0.549850E+01   0.226097E+01   0.117103E+02   0.270581E+01   0.872569E+00
1  0.552800E+01   0.226133E+01   0.117013E+02   0.270638E+01   0.875909E+00
1  0.555750E+01   0.226167E+01   0.116892E+02   0.270690E+01   0.879240E+00
1  0.558700E+01   0.226198E+01   0.116815E+02   0.270738E+01   0.882565E+00
1  0.561650E+01   0.226227E+01   0.116743E+02   0.270783E+01   0.885881E+00
1  0.564600E+01   0.226253E+01   0.116666E+02   0.270824E+01   0.889191E+00
1  0.567550E+01   0.226277E+01   0.116508E+02   0.270861E+01   0.892493E+00
1  0.570500E+01   0.226299E+01   0.116419E+02   0.270895E+01   0.895787E+00
1  0.573450E+01   0.226318E+01   0.116372E+02   0.270925E+01   0.899075E+00
1  0.576400E+01   0.226336E+01   0.116276E+02   0.270952E+01   0.902355E+00
1  0.579350E+01   0.226351E+01   0.116208E+02   0.270976E+01   0.905628E+00
1  0.582300E+01   0.226364E+01   0.116153E+02   0.270997E+01   0.908894E+00
1  0.585250E+01   0.226376E+01   0.116050E+02   0.271014E+01   0.912154E+00
1  0.588200E+01   0.226385E+01   0.115989E+02   0.271028E+01   0.915406E+00
1  0.591150E+01   0.226392E+01   0.115833E+02   0.271040E+01   0.918651E+00
1  0.594100E+01   0.226398E+01   0.115807E+02   0.271049E+01   0.921890E+00
1  0.597050E+01   0.226401E+01   0.115700E+02   0.271054E+01   0.925122E+00
2  0.100000E+00   0.327197E+00   0.170940E+03   0.329532E+00   0.209161E-01
2  0.129500E+00   0.293492E+00   0.176821E+03   0.295553E+00   0.270697E-01
2  0.159000E+00   0.250278E+00   0.180849E+03   0.251972E+00   0.332166E-01
2  0.188500E+00   0.181834E+00   0.164048E+03   0.182942E+00   0.393570E-01
2  0.218000E+00   0.129116E+00   0.141467E+03   0.129782E+00   0.454912E-01
2  0.247500E+00   0.100202E+00   0.115554E+03   0.100623E+00   0.516192E-01
2  0.277000E+00   0.906147E-01   0.987446E+02   0.909534E-01   0.577413E-01
2  0.306500E+00   0.882804E-01   0.820416E+02   0.885979E-01   0.638576E-01
2  0.336000E+00   0.883754E-01   0.703856E+02   0.887003E-01   0.702814E-01
2  0.365500E+00   0.931734E-01   0.469251E+02   0.935795E-01   0.764142E-01
2  0.395000E+00   0.102388E+00   0.407200E+02   0.102946E+00   0.825371E-01
2  0.424500E+00   0.114339E+00   0.363764E+02   0.115110E+00   0.886496E-01
2  0.454000E+00   0.128315E+00   0.283553E+02   0.129360E+00   0.947511E-01
2  0.483500E+00   0.143840E+00   0.239214E+02   0.145224E+00   0.100841E+00
2  0.513000E+00   0.160596E+00   0.211959E+02   0.162382E+00   0.106920E+00
2  0.542500E+00   0.178349E+00   0.193864E+02   0.180606E+00   0.112986E+00
2  0.572000E+00   0.196928E+00   0.181111E+02   0.199725E+00   0.119039E+00
2  0.601500E+00   0.216200E+00   0.171953E+02   0.219608E+00   0.125080E+00
2  0.631000E+00   0.236069E+00   0.164954E+02   0.240159E+00   0.131108E+00
2  0.660500E+00   0.256051E+00   0.159697E+02   0.260884E+00   0.137122E+00
2  0.690000E+00   0.276077E+00   0.155622E+02   0.281710E+00   0.143124E+00
2  0.719500E+00   0.296260E+00   0.152345E+02   0.302753E+00   0.149111E+00
2  0.749000E+00   0.316622E+00   0.149684E+02   0.324040E+00   0.155086E+00
2  0.778500E+00   0.337175E+00   0.147516E+02   0.345586E+00   0.161046E+00
2  0.808000E+00   0.357929E+00   0.145690E+02   0.367401E+00   0.166993E+00
2  0.837500E+00   0.378894E+00   0.144099E+02   0.389497E+00   0.172926E+00
2  0.867000E+00   0.400079E+00   0.142752E+02   0.411887E+00   0.178844E+00
2  0.896500E+00   0.421493E+00   0.141559E+02   0.434582E+00   0.184748E+00
2  0.926000E+00   0.443147E+00   0.140546E+02   0.457597E+00   0.190636E+00
2  0.955500E+00   0.465051E+00   0.139633E+02   0.480945E+00   0.196510E+00
2  0.985000E+00   0.487215E+00   0.138874E+02   0.504639E+00   0.202368E+00
2  0.101450E+01   0.509650E+00   0.138138E+02   0.528692E+00   0.208211E+00
2  0.104400E+01   0.532363E+00   0.137512E+02   0.553118E+00   0.214038E+00
2  0.107350E+01   0.555365E+00   0.136928E+02   0.577929E+00   0.219848E+00
2  0.110300E+01   0.578662E+00   0.136390E+02   0.603136E+00   0.225643E+00
2  0.113250E+01   0.602260E+00   0.135936E+02   0.628750E+00   0.231420E+00
2  0.116200E+01   0.626165E+00   0.135527E+02   0.654779E+00   0.237180E+00
2  0.119150E+01   0.650379E+00   0.135227E+02   0.681232E+00   0.242922E+00
2  0.122100E+01   0.674905E+00   0.134813E+02   0.708114E+00   0.248647E+00
2  0.125050E+01   0.699741E+00   0.134545E+02   0.735429E+00   0.254353E+00
2  0.128000E+01   0.724885E+00   0.134208E+02   0.763176E+00   0.260041E+00
2  0.130950E+01   0.750332E+00   0.134024E+02   0.791356E+00   0.265710E+00
2  0.133900E+01   0.776073E+00   0.133732E+02   0.819964E+00   0.271360E+00
2  0.136850E+01   0.802099E+00   0.133502E+02   0.848993E+00   0.276990E+00
2  0.139800E+01   0.828395E+00   0.133374E+02   0.878432E+00   0.282600E+00
2  0.142750E+01   0.854947E+00   0.133185E+02   0.908267E+00   0.288190E+00
2  0.145700E+01   0.881734E+00   0.132996E+02   0.938483E+00   0.293759E+00
2  0.148650E+01   0.908735E+00   0.132808E+02   0.969057E+00   0.299307E+00
2  0.151600E+01   0.935927E+00   0.132683E+02   0.999968E+00   0.304833E+00
2  0.154550E+01   0.963281E+00   0.132492E+02   0.103119E+01   0.310338E+00
2  0.157500E+01   0.990769E+00   0.132359E+02   0.106269E+01   0.315821E+00
2  0.160450E+01   0.101836E+01   0.132265E+02   0.109443E+01   0.321282E+00
2  0.163400E+01   0.104602E+01   0.132126E+02   0.112638E+01   0.326720E+00
2  0.166350E+01   0.107371E+01   0.132063E+02   0.115851E+01   0.332135E+00
2  0.169300E+01   0.110140E+01   0.131978E+02   0.119077E+01   0.337526E+00
2  0.172250E+01   0.112905E+01   0.131815E+02   0.122312E+01   0.342895E+00
2  0.175200E+01   0.115662E+01   0.131750E+02   0.125552E+01   0.348239E+00
2  0.178150E+01   0.118408E+01   0.131608E+02   0.128792E+01   0.353560E+00
2  0.181100E+01   0.121139E+01   0.131581E+02   0.132029E+01   0.358857E+00
2  0.184050E+01   0.123852E+01   0.131461E+02   0.135257E+01   0.364129E+00
2  0.187000E+01   0.126541E+01   0.131367E+02   0.138472E+01   0.369377E+00
2  0.189950E+01   0.129206E+01   0.131313E+02   0.141671E+01   0.374600E+00
2  0.192900E+01   0.131841E+01   0.131142E+02   0.144849E+01   0.379799E+00
2  0.195850E+01   0.134444E+01   0.131075E+02   0.148002E+01   0.384974E+00
2  0.198800E+01   0.137013E+01   0.131024E+02   0.151126E+01   0.390123E+00
2  0.201750E+01   0.139544E+01   0.130909E+02   0.154218E+01   0.395248E+00
2  0.204700E+01   0.142036E+01   0.130809E+02   0.157275E+01   0.400348E+00
2  0.207650E+01   0.144485E+01   0.130733E+02   0.160293E+01   0.405423E+00
2  0.210600E+01   0.146891E+01   0.130608E+02   0.163270E+01   0.410473E+00
2  0.213550E+01   0.149251E+01   0.130506E+02   0.166202E+01   0.415499E+00
2  0.216500E+01   0.151565E+01   0.130448E+02   0.169089E+01   0.420500E+00
2  0.219450E+01   0.153830E+01   0.130349E+02   0.171927E+01   0.425477E+00
2  0.222400E+01   0.156046E+01   0.130147E+02   0.174715E+01   0.430429E+00
2  0.225350E+01   0.158213E+01   0.130077E+02   0.177452E+01   0.435357E+00
2  0.228300E+01   0.160329E+01   0.129940E+02   0.180136E+01   0.440260E+00
2  0.231250E+01   0.162394E+01   0.129895E+02   0.182766E+01   0.445140E+00
2  0.234200E+01   0.164409E+01   0.129760E+02   0.185342E+01   0.449996E+00
2  0.237150E+01   0.166373E+01   0.129593E+02   0.187862E+01   0.454828E+00
2  0.240100E+01   0.168286E+01   0.129545E+02   0.190326E+01   0.459636E+00
2  0.243050E+01   0.170148E+01   0.129391E+02   0.192735E+01   0.464421E+00
2  0.246000E+01   0.171961E+01   0.129293E+02   0.195087E+01   0.469183E+00
2  0.248950E+01   0.173724E+01   0.129207E+02   0.197384E+01   0.473922E+00
2  0.251900E+01   0.175438E+01   0.129051E+02   0.199624E+01   0.478638E+00
2  0.254850E+01   0.177103E+01   0.128884E+02   0.201809E+01   0.483331E+00
2  0.257800E+01   0.178721E+01   0.128820E+02   0.203940E+01   0.488002E+00
2  0.260750E+01   0.180292E+01   0.128657E+02   0.206016E+01   0.492651E+00
2  0.263700E+01   0.181818E+01   0.128554E+02   0.208038E+01   0.497278E+00
2  0.266650E+01   0.183298E+01   0.128423E+02   0.210006E+01   0.501884E+00
2  0.269600E+01   0.184734E+01   0.128235E+02   0.211923E+01   0.506468E+00
2  0.272550E+01   0.186128E+01   0.128190E+02   0.213788E+01   0.511030E+00
2  0.275500E+01   0.187479E+01   0.128035E+02   0.215602E+01   0.515572E+00
2  0.278450E+01   0.188789E+01   0.127901E+02   0.217367E+01   0.520093E+00
2  0.281400E+01   0.190059E+01   0.127773E+02   0.219083E+01   0.524593E+00
2  0.284350E+01   0.191290E+01   0.127619E+02   0.220751E+01   0.529073E+00
2  0.287300E+01   0.192483E+01   0.127492E+02   0.222372E+01   0.533533E+00
2  0.290250E+01   0.193638E+01   0.127368E+02   0.223948E+01   0.537974E+00
2  0.293200E+01   0.194758E+01   0.127201E+02   0.225478E+01   0.542394E+00
2  0.296150E+01   0.195843E+01   0.127081E+02   0.226965E+01   0.546795E+00
2  0.299100E+01   0.196894E+01   0.126944E+02   0.228410E+01   0.551177E+00
2  0.302050E+01   0.197912E+01   0.126763E+02   0.229812E+01   0.555541E+00
2  0.305000E+01   0.198897E+01   0.126709E+02   0.231174E+01   0.559885E+00
2  0.307950E+01   0.199852E+01   0.126505E+02   0.232496E+01   0.564211E+00
2  0.310900E+01   0.200776E+01   0.126360E+02   0.233780E+01   0.568519E+00
2  0.313850E+01   0.201671E+01   0.126257E+02   0.235026E+01   0.572808E+00
2  0.316800E+01   0.202538E+01   0.126083E+02   0.236235E+01   0.577080E+00
2  0.319750E+01   0.203377E+01   0.125977E+02   0.237409E+01   0.581334E+00
2  0.322700E+01   0.204189E+01   0.125814E+02   0.238548E+01   0.585571E+00
2  0.325650E+01   0.204975E+01   0.125670E+02   0.239653E+01   0.589791E+00
2  0.328600E+01   0.205736E+01   0.125564E+02   0.240725E+01   0.593994E+00
2  0.331550E+01   0.206473E+01   0.125484E+02   0.241765E+01   0.598180E+00
2  0.334500E+01   0.207187E+01   0.125343E+02   0.242774E+01   0.602349E+00
2  0.337450E+01   0.207877E+01   0.125205E+02   0.243753E+01   0.606502E+00
2  0.340400E+01   0.208545E+01   0.125082E+02   0.244703E+01   0.610639E+00
2  0.343350E+01   0.209192E+01   0.124950E+02   0.245623E+01   0.614760E+00
2  0.346300E+01   0.209818E+01   0.124815E+02   0.246516E+01   0.618865E+00
2  0.349250E+01   0.210424E+01   0.124621E+02   0.247383E+01   0.622955E+00
2  0.352200E+01   0.211010E+01   0.124547E+02   0.248222E+01   0.627029E+00
2  0.355150E+01   0.211578E+01   0.124361E+02   0.249037E+01   0.631088E+00
2  0.358100E+01   0.212127E+01   0.124265E+02   0.249826E+01   0.635131E+00
2  0.361050E+01   0.212659E+01   0.124122E+02   0.250592E+01   0.639160E+00
2  0.364000E+01   0.213173E+01   0.123945E+02   0.251334E+01   0.643175E+00
2  0.366950E+01   0.213671E+01   0.123815E+02   0.252053E+01   0.647175E+00
2  0.369900E+01   0.214152E+01   0.123730E+02   0.252750E+01   0.651160E+00
2  0.372850E+01   0.214618E+01   0.123569E+02   0.253426E+01   0.655131E+00
2  0.375800E+01   0.215069E+01   0.123432E+02   0.254081E+01   0.659088E+00
2  0.378750E+01   0.215505E+01   0.123304E+02   0.254715E+01   0.663032E+00
2  0.381700E+01   0.215927E+01   0.123208E+02   0.255330E+01   0.666962E+00
2  0.384650E+01   0.216335E+01   0.123078E+02   0.255926E+01   0.670878E+00
2  0.387600E+01   0.216730E+01   0.122979E+02   0.256503E+01   0.674781E+00
2  0.390550E+01   0.217112E+01   0.122791E+02   0.257063E+01   0.678670E+00
2  0.393500E+01   0.217481E+01   0.122695E+02   0.257604E+01   0.682547E+00
2  0.396450E+01   0.217839E+01   0.122593E+02   0.258129E+01   0.686410E+00
2  0.399400E+01   0.218184E+01   0.122475E+02   0.258637E+01   0.690261E+00
2  0.402350E+01   0.218518E+01   0.122343E+02   0.259129E+01   0.694099E+00
2  0.405300E+01   0.218841E+01   0.122205E+02   0.259605E+01   0.697925E+00
2  0.408250E+01   0.219153E+01   0.122112E+02   0.260066E+01   0.701738E+00
2  0.411200E+01   0.219455E+01   0.122012E+02   0.260512E+01   0.705539E+00
2  0.414150E+01   0.219746E+01   0.121811E+02   0.260944E+01   0.709328E+00
2  0.417100E+01   0.220028E+01   0.121722E+02   0.261362E+01   0.713105E+00
2  0.420050E+01   0.220300E+01   0.121598E+02   0.261766E+01   0.716870E+00
2  0.423000E+01   0.220564E+01   0.121544E+02   0.262157E+01   0.720623E+00
2  0.425950E+01   0.220818E+01   0.121351E+02   0.262535E+01   0.724365E+00
2  0.428900E+01   0.221063E+01   0.121311E+02   0.262901E+01   0.728095E+00
2  0.431850E+01   0.221300E+01   0.121112E+02   0.263255E+01   0.731815E+00
2  0.434800E+01   0.221529E+01   0.120999E+02   0.263596E+01   0.735522E+00
2  0.437750E+01   0.221750E+01   0.120881E+02   0.263927E+01   0.739219E+00
2  0.440700E+01   0.221963E+01   0.120797E+02   0.264246E+01   0.742905E+00
2  0.443650E+01   0.222169E+01   0.120680E+02   0.264554E+01   0.746580E+00
2  0.446600E+01   0.222367E+01   0.120536E+02   0.264852E+01   0.750244E+00
2  0.449550E+01   0.222558E+01   0.120445E+02   0.265139E+01   0.753897E+00
2  0.452500E+01   0.222743E+01   0.120359E+02   0.265416E+01   0.757540E+00
2  0.455450E+01   0.222921E+01   0.120294E+02   0.265684E+01   0.761173E+00
2  0.458400E+01   0.223092E+01   0.120096E+02   0.265942E+01   0.764795E+00
2  0.461350E+01   0.223257E+01   0.119986E+02   0.266191E+01   0.768407E+00
2  0.464300E+01   0.223416E+01   0.119969E+02   0.266431E+01   0.772009E+00
2  0.467250E+01   0.223569E+01   0.119840E+02   0.266662E+01   0.775601E+00
2  0.470200E+01   0.223716E+01   0.119680E+02   0.266885E+01   0.779183E+00
2  0.473150E+01   0.223858E+01   0.119651E+02   0.267100E+01   0.782755E+00
2  0.476100E+01   0.223994E+01   0.119509E+02   0.267306E+01   0.786317E+00
2  0.479050E+01   0.224125E+01   0.119360E+02   0.267505E+01   0.789870E+00
2  0.482000E+01   0.224251E+01   0.119326E+02   0.267696E+01   0.793413E+00
2  0.484950E+01   0.224371E+01   0.119163E+02   0.267879E+01   0.796947E+00
2  0.487900E+01   0.224487E+01   0.119104E+02   0.268055E+01   0.800472E+00
2  0.490850E+01   0.224598E+01   0.118990E+02   0.268225E+01   0.803987E+00
2  0.493800E+01   0.224705E+01   0.118893E+02   0.268387E+01   0.807493E+00
2  0.496750E+01   0.224807E+01   0.118820E+02   0.268543E+01   0.810990E+00
2  0.499700E+01   0.224905E+01   0.118663E+02   0.268692E+01   0.814478E+00
2  0.502650E+01   0.224998E+01   0.118593E+02   0.268835E+01   0.817957E+00
2  0.505600E+01   0.225088E+01   0.118523E+02   0.268971E+01   0.821427E+00
2  0.508550E+01   0.225173E+01   0.118431E+02   0.269102E+01   0.824888E+00
2  0.511500E+01   0.225255E+01   0.118317E+02   0.269227E+01   0.828341E+00
2  0.514450E+01   0.225332E+01   0.118150E+02   0.269346E+01   0.831785E+00
2  0.517400E+01   0.225406E+01   0.118090E+02   0.269459E+01   0.835221E+00
2  0.520350E+01   0.225477E+01   0.118006E+02   0.269568E+01   0.838648E+00
2  0.523300E+01   0.225544E+01   0.117919E+02   0.269670E+01   0.842067E+00
2  0.526250E+01   0.225607E+01   0.117833E+02   0.269768E+01   0.845478E+00
2  0.529200E+01   0.225668E+01   0.117749E+02   0.269861E+01   0.848880E+00
2  0.532150E+01   0.225725E+01   0.117668E+02   0.269948E+01   0.852274E+00
2  0.535100E+01   0.225778E+01   0.117532E+02   0.270031E+01   0.855661E+00
2  0.538050E+01   0.225829E+01   0.117463E+02   0.270110E+01   0.859039E+00
2  0.541000E+01   0.225877E+01   0.117386E+02   0.270183E+01   0.862409E+00
2  0.543950E+01   0.225922E+01   0.117220E+02   0.270253E+01   0.865772E+00
2  0.546900E+01   0.225964E+01   0.117136E+02   0.270318E+01   0.869126E+00
2  0.549850E+01   0.226004E+01   0.117052E+02   0.270379E+01   0.872473E+00
2  0.552800E+01   0.226040E+01   0.117014E+02   0.270436E+01   0.875812E+00
2  0.555750E+01   0.226074E+01   0.116939E+02   0.270488E+01   0.879144E+00
2  0.558700E+01   0.226106E+01   0.116819E+02   0.270537E+01   0.882468E+00
2  0.561650E+01   0.226135E+01   0.116692E+02   0.270582E+01   0.885785E+00
2  0.564600E+01   0.226162E+01   0.116630E+02   0.270624E+01   0.889094E+00
2  0.567550E+01   0.226186E+01   0.116499E+02   0.270661E+01   0.892396E+00
2  0.570500E+01   0.226208E+01   0.116449E+02   0.270696E+01   0.895691E+00
2  0.573450E+01   0.226228E+01   0.116404E+02   0.270727E+01   0.898978E+00
2  0.576400E+01   0.226246E+01   0.116312E+02   0.270754E+01   0.902258E+00
2  0.579350E+01   0.226261E+01   0.116165E+02   0.270778E+01   0.905532E+00
2  0.582300E+01   0.226275E+01   0.116117E+02   0.270799E+01   0.908798E+00
2  0.585250E+01   0.226286E+01   0.116007E+02   0.270817E+01   0.912057E+00
2  0.588200E+01   0.226296E+01   0.115999E+02   0.270832E+01   0.915309E+00
2  0.591150E+01   0.226304E+01   0.115895E+02   0.270844E+01   0.918555E+00
2  0.594100E+01   0.226309E+01   0.115820E+02   0.270853E+01   0.921793E+00
2  0.597050E+01   0.226313E+01   0.115682E+02   0.270859E+01   0.925025E+00
3  0.100000E+00   0.327197E+00   0.170940E+03   0.329532E+00   0.209161E-01
3  0.129500E+00   0.293492E+00   0.176821E+03   0.295553E+00   0.270697E-01
3  0.159000E+00   0.251825E+00   0.181924E+03   0.253533E+00   0.332166E-01
3  0.188500E+00   0.183499E+00   0.165603E+03   0.184622E+00   0.393570E-01
3  0.218000E+00   0.129507E+00   0.142065E+03   0.130176E+00   0.454912E-01
3  0.247500E+00   0.100408E+00   0.116176E+03   0.100832E+00   0.516192E-01
3  0.277000E+00   0.906851E-01   0.992173E+02   0.910244E-01   0.577413E-01
3  0.306500E+00   0.882682E-01   0.811796E+02   0.885847E-01   0.638576E-01
3  0.336000E+00   0.886106E-01   0.683632E+02   0.889372E-01   0.702733E-01
3  0.365500E+00   0.939291E-01   0.462441E+02   0.943421E-01   0.764048E-01
3  0.395000E+00   0.103444E+00   0.406242E+02   0.104013E+00   0.825264E-01
3  0.424500E+00   0.115596E+00   0.355422E+02   0.116381E+00   0.886375E-01
3  0.454000E+00   0.129704E+00   0.279540E+02   0.130766E+00   0.947377E-01
3  0.483500E+00   0.145310E+00   0.237171E+02   0.146712E+00   0.100826E+00
3  0.513000E+00   0.162108E+00   0.210773E+02   0.163915E+00   0.106903E+00
3  0.542500E+00   0.179872E+00   0.193143E+02   0.182151E+00   0.112968E+00
3  0.572000E+00   0.198437E+00   0.180837E+02   0.201256E+00   0.119020E+00
3  0.601500E+00   0.217673E+00   0.171794E+02   0.221103E+00   0.125060E+00
3  0.631000E+00   0.237472E+00   0.164937E+02   0.241584E+00   0.131086E+00
3  0.660500E+00   0.257298E+00   0.159777E+02   0.262146E+00   0.137100E+00
3  0.690000E+00   0.277194E+00   0.155761E+02   0.282835E+00   0.143100E+00
3  0.719500E+00   0.297245E+00   0.152526E+02   0.303742E+00   0.149086E+00
3  0.749000E+00   0.317474E+00   0.149865E+02   0.324889E+00   0.155060E+00
3  0.778500E+00   0.337892E+00   0.147659E+02   0.346291E+00   0.161019E+00
3  0.808000E+00   0.358510E+00   0.145870E+02   0.367961E+00   0.166965E+00
3  0.837500E+00   0.379338E+00   0.144217E+02   0.389911E+00   0.172897E+00
3  0.867000E+00   0.400387E+00   0.142946E+02   0.412154E+00   0.178814E+00
3  0.896500E+00   0.421667E+00   0.141716E+02   0.434704E+00   0.184717E+00
3  0.926000E+00   0.443188E+00   0.140742E+02   0.457575E+00   0.190605E+00
3  0.955500E+00   0.464962E+00   0.139793E+02   0.480780E+00   0.196478E+00
3  0.985000E+00   0.487000E+00   0.138956E+02   0.504334E+00   0.202336E+00
3  0.101450E+01   0.509311E+00   0.138295E+02   0.528251E+00   0.208178E+00
3  0.104400E+01   0.531906E+00   0.137647E+02   0.552543E+00   0.214004E+00
3  0.107350E+01   0.554792E+00   0.137027E+02   0.577224E+00   0.219814E+00
3  0.110300E+01   0.577979E+00   0.136546E+02   0.602306E+00   0.225608E+00
3  0.113250E+01   0.601472E+00   0.136136E+02   0.627799E+00   0.231385E+00
3  0.116200E+01   0.625277E+00   0.135688E+02   0.653713E+00   0.237144E+00
3  0.119150E+01   0.649397E+00   0.135321E+02   0.680055E+00   0.242886E+00
3  0.122100E+01   0.673834E+00   0.134984E+02   0.706831E+00   0.248611E+00
3  0.125050E+01   0.698586E+00   0.134628E+02   0.734045E+00   0.254317E+00
3  0.128000E+01   0.723653E+00   0.134324E+02   0.761698E+00   0.260005E+00
3  0.130950E+01   0.749027E+00   0.134100E+02   0.789789E+00   0.265673E+00
3  0.133900E+01   0.774702E+00   0.133799E+02   0.818314E+00   0.271323E+00
3  0.136850E+01   0.800667E+00   0.133581E+02   0.847265E+00   0.276953E+00
3  0.139800E+01   0.826909E+00   0.133423E+02   0.876633E+00   0.282563E+00
3  0.142750E+01   0.853411E+00   0.133212E+02   0.906402E+00   0.288153E+00
3  0.145700E+01   0.880154E+00   0.133050E+02   0.936557E+00   0.293722E+00
3  0.148650E+01   0.907118E+00   0.132808E+02   0.967078E+00   0.299270E+00
3  0.151600E+01   0.934276E+00   0.132685E+02   0.997939E+00   0.304796E+00
3  0.154550E+01   0.961602E+00   0.132564E+02   0.102912E+01   0.310301E+00
3  0.157500E+01   0.989067E+00   0.132447E+02   0.106058E+01   0.315784E+00
3  0.160450E+01   0.101664E+01   0.132281E+02   0.109229E+01   0.321245E+00
3  0.163400E+01   0.104428E+01   0.132189E+02   0.112421E+01   0.326683E+00
3  0.166350E+01   0.107196E+01   0.132049E+02   0.115632E+01   0.332098E+00
3  0.169300E+01   0.109965E+01   0.131917E+02   0.118856E+01   0.337490E+00
3  0.172250E+01   0.112730E+01   0.131878E+02   0.122089E+01   0.342858E+00
3  0.175200E+01   0.115487E+01   0.131789E+02   0.125328E+01   0.348203E+00
3  0.178150E+01   0.118234E+01   0.131612E+02   0.128567E+01   0.353524E+00
3  0.181100E+01   0.120965E+01   0.131559E+02   0.131803E+01   0.358821E+00
3  0.184050E+01   0.123678E+01   0.131406E+02   0.135031E+01   0.364093E+00
3  0.187000E+01   0.126369E+01   0.131398E+02   0.138247E+01   0.369342E+00
3  0.189950E+01   0.129035E+01   0.131244E+02   0.141446E+01   0.374565E+00
3  0.192900E+01   0.131672E+01   0.131183E+02   0.144625E+01   0.379764E+00
3  0.195850E+01   0.134277E+01   0.131054E+02   0.147778E+01   0.384939E+00
3  0.198800E+01   0.136847E+01   0.131023E+02   0.150904E+01   0.390088E+00
3  0.201750E+01   0.139381E+01   0.130885E+02   0.153997E+01   0.395213E+00
3  0.204700E+01   0.141874E+01   0.130816E+02   0.157055E+01   0.400313E+00
3  0.207650E+01   0.144326E+01   0.130677E+02   0.160075E+01   0.405389E+00
3  0.210600E+01   0.146734E+01   0.130586E+02   0.163053E+01   0.410439E+00
3  0.213550E+01   0.149096E+01   0.130519E+02   0.165988E+01   0.415465E+00
3  0.216500E+01   0.151412E+01   0.130439E+02   0.168876E+01   0.420467E+00
3  0.219450E+01   0.153679E+01   0.130241E+02   0.171716E+01   0.425444E+00
3  0.222400E+01   0.155898E+01   0.130190E+02   0.174506E+01   0.430396E+00
3  0.225350E+01   0.158067E+01   0.130077E+02   0.177245E+01   0.435324E+00
3  0.228300E+01   0.160185E+01   0.129981E+02   0.179931E+01   0.440228E+00
3  0.231250E+01   0.162253E+01   0.129887E+02   0.182563E+01   0.445107E+00
3  0.234200E+01   0.164270E+01   0.129737E+02   0.185141E+01   0.449963E+00
3  0.237150E+01   0.166236E+01   0.129677E+02   0.187663E+01   0.454795E+00
3  0.240100E+01   0.168151E+01   0.129496E+02   0.190129E+01   0.459604E+00
3  0.243050E+01   0.170016E+01   0.129410E+02   0.192540E+01   0.464389E+00
3  0.246000E+01   0.171831E+01   0.129248E+02   0.194895E+01   0.469151E+00
3  0.248950E+01   0.173596E+01   0.129117E+02   0.197193E+01   0.473890E+00
3  0.251900E+01   0.175312E+01   0.129025E+02   0.199436E+01   0.478606E+00
3  0.254850E+01   0.176979E+01   0.128945E+02   0.201623E+01   0.483300E+00
3  0.257800E+01   0.178599E+01   0.128773E+02   0.203755E+01   0.487971E+00
3  0.260750E+01   0.180173E+01   0.128676E+02   0.205833E+01   0.492620E+00
3  0.263700E+01   0.181700E+01   0.128506E+02   0.207857E+01   0.497248E+00
3  0.266650E+01   0.183182E+01   0.128372E+02   0.209828E+01   0.501853E+00
3  0.269600E+01   0.184620E+01   0.128301E+02   0.211746E+01   0.506437E+00
3  0.272550E+01   0.186015E+01   0.128181E+02   0.213613E+01   0.511000E+00
3  0.275500E+01   0.187368E+01   0.127974E+02   0.215429E+01   0.515542E+00
3  0.278450E+01   0.188680E+01   0.127900E+02   0.217195E+01   0.520063E+00
3  0.281400E+01   0.189951E+01   0.127773E+02   0.218913E+01   0.524563E+00
3  0.284350E+01   0.191184E+01   0.127607E+02   0.220583E+01   0.529044E+00
3  0.287300E+01   0.192378E+01   0.127473E+02   0.222206E+01   0.533504E+00
3  0.290250E+01   0.193536E+01   0.127378E+02   0.223783E+01   0.537944E+00
3  0.293200E+01   0.194657E+01   0.127236E+02   0.225315E+01   0.542365E+00
3  0.296150E+01   0.195743E+01   0.127050E+02   0.226804E+01   0.546766E+00
3  0.299100E+01   0.196796E+01   0.126958E+02   0.228250E+01   0.551148E+00
3  0.302050E+01   0.197815E+01   0.126757E+02   0.229654E+01   0.555511E+00
3  0.305000E+01   0.198802E+01   0.126629E+02   0.231017E+01   0.559856E+00
3  0.307950E+01   0.199757E+01   0.126466E+02   0.232341E+01   0.564182E+00
3  0.310900E+01   0.200683E+01   0.126342E+02   0.233626E+01   0.568490E+00
3  0.313850E+01   0.201579E+01   0.126233E+02   0.234873E+01   0.572780E+00
3  0.316800E+01   0.202447E+01   0.126111E+02   0.236084E+01   0.577052E+00
3  0.319750E+01   0.203287E+01   0.125948E+02   0.237259E+01   0.581306E+00
3  0.322700E+01   0.204100E+01   0.125881E+02   0.238399E+01   0.585543E+00
3  0.325650E+01   0.204888E+01   0.125663E+02   0.239505E+01   0.589763E+00
3  0.328600E+01   0.205650E+01   0.125517E+02   0.240579E+01   0.593966E+00
3  0.331550E+01   0.206388E+01   0.125469E+02   0.241620E+01   0.598152E+00
3  0.334500E+01   0.207102E+01   0.125265E+02   0.242630E+01   0.602321E+00
3  0.337450E+01   0.207794E+01   0.125116E+02   0.243610E+01   0.606474E+00
3  0.340400E+01   0.208463E+01   0.124982E+02   0.244561E+01   0.610611E+00
3  0.343350E+01   0.209111E+01   0.124844E+02   0.245483E+01   0.614732E+00
3  0.346300E+01   0.209737E+01   0.124716E+02   0.246377E+01   0.618837E+00
3  0.349250E+01   0.210344E+01   0.124625E+02   0.247244E+01   0.622927E+00
3  0.352200E+01   0.210932E+01   0.124520E+02   0.248085E+01   0.627001E+00
3  0.355150E+01   0.211500E+01   0.124315E+02   0.248900E+01   0.631060E+00
3  0.358100E+01   0.212050E+01   0.124235E+02   0.249691E+01   0.635104E+00
3  0.361050E+01   0.212582E+01   0.124107E+02   0.250457E+01   0.639133E+00
3  0.364000E+01   0.213097E+01   0.123920E+02   0.251200E+01   0.643148E+00
3  0.366950E+01   0.213596E+01   0.123863E+02   0.251920E+01   0.647148E+00
3  0.369900E+01   0.214078E+01   0.123662E+02   0.252618E+01   0.651133E+00
3  0.372850E+01   0.214545E+01   0.123586E+02   0.253295E+01   0.655104E+00
3  0.375800E+01   0.214996E+01   0.123417E+02   0.253951E+01   0.659062E+00
3  0.378750E+01   0.215433E+01   0.123318E+02   0.254586E+01   0.663005E+00
3  0.381700E+01   0.215856E+01   0.123166E+02   0.255202E+01   0.666935E+00
3  0.384650E+01   0.216265E+01   0.123099E+02   0.255799E+01   0.670851E+00
3  0.387600E+01   0.216660E+01   0.122898E+02   0.256377E+01   0.674754E+00
3  0.390550E+01   0.217043E+01   0.122789E+02   0.256937E+01   0.678644E+00
3  0.393500E+01   0.217412E+01   0.122690E+02   0.257479E+01   0.682520E+00
3  0.396450E+01   0.217770E+01   0.122541E+02   0.258004E+01   0.686384E+00
3  0.399400E+01   0.218116E+01   0.122435E+02   0.258513E+01   0.690235E+00
3  0.402350E+01   0.218451E+01   0.122348E+02   0.259006E+01   0.694073E+00
3  0.405300E+01   0.218774E+01   0.122208E+02   0.259483E+01   0.697898E+00
3  0.408250E+01   0.219087E+01   0.122058E+02   0.259944E+01   0.701712E+00
3  0.411200E+01   0.219389E+01   0.122007E+02   0.260391E+01   0.705513E+00
3  0.414150E+01   0.219681E+01   0.121846E+02   0.260824E+01   0.709302E+00
3  0.417100E+01   0.219964E+01   0.121732E+02   0.261242E+01   0.713079E+00
3  0.420050E+01   0.220236E+01   0.121635E+02   0.261647E+01   0.716844E+00
3  0.423000E+01   0.220500E+01   0.121468E+02   0.262039E+01   0.720598E+00
3  0.425950E+01   0.220755E+01   0.121353E+02   0.262418E+01   0.724339E+00
3  0.428900E+01   0.221001E+01   0.121270E+02   0.262784E+01   0.728070E+00
3  0.431850E+01   0.221238E+01   0.121167E+02   0.263138E+01   0.731789E+00
3  0.434800E+01   0.221467E+01   0.120974E+02   0.263481E+01   0.735497E+00
3  0.437750E+01   0.221689E+01   0.120884E+02   0.263812E+01   0.739194E+00
3  0.440700E+01   0.221902E+01   0.120839E+02   0.264131E+01   0.742879E+00
3  0.443650E+01   0.222108E+01   0.120678E+02   0.264440E+01   0.746554E+00
3  0.446600E+01   0.222307E+01   0.120528E+02   0.264738E+01   0.750219E+00
3  0.449550E+01   0.222499E+01   0.120461E+02   0.265026E+01   0.753872E+00
3  0.452500E+01   0.222684E+01   0.120388E+02   0.265304E+01   0.757515E+00
3  0.455450E+01   0.222862E+01   0.120281E+02   0.265572E+01   0.761148E+00
3  0.458400E+01   0.223034E+01   0.120089E+02   0.265831E+01   0.764770E+00
3  0.461350E+01   0.223199E+01   0.120057E+02   0.266080E+01   0.768382E+00
3  0.464300E+01   0.223358E+01   0.119892E+02   0.266321E+01   0.771984E+00
3  0.467250E+01   0.223512E+01   0.119823E+02   0.266553E+01   0.775576E+00
3  0.470200E+01   0.223659E+01   0.119728E+02   0.266776E+01   0.779158E+00
3  0.473150E+01   0.223801E+01   0.119573E+02   0.266991E+01   0.782730E+00
3  0.476100E+01   0.223938E+01   0.119452E+02   0.267198E+01   0.786292E+00
3  0.479050E+01   0.224069E+01   0.119378E+02   0.267397E+01   0.789845E+00
3  0.482000E+01   0.224195E+01   0.119324E+02   0.267588E+01   0.793388E+00
3  0.484950E+01   0.224316E+01   0.119165E+02   0.267772E+01   0.796922E+00
3  0.487900E+01   0.224432E+01   0.119057E+02   0.267949E+01   0.800447E+00
3  0.490850E+01   0.224544E+01   0.119010E+02   0.268119E+01   0.803962E+00
3  0.493800E+01   0.224651E+01   0.118856E+02   0.268281E+01   0.807468E+00
3  0.496750E+01   0.224753E+01   0.118811E+02   0.268438E+01   0.810965E+00
3  0.499700E+01   0.224851E+01   0.118683E+02   0.268587E+01   0.814453E+00
3  0.502650E+01   0.224945E+01   0.118574E+02   0.268730E+01   0.817932E+00
3  0.505600E+01   0.225035E+01   0.118447E+02   0.268867E+01   0.821402E+00
3  0.508550E+01   0.225120E+01   0.118354E+02   0.268999E+01   0.824864E+00
3  0.511500E+01   0.225202E+01   0.118229E+02   0.269124E+01   0.828317E+00
3  0.514450E+01   0.225280E+01   0.118171E+02   0.269243E+01   0.831761E+00
3  0.517400E+01   0.225354E+01   0.118070E+02   0.269357E+01   0.835197E+00
3  0.520350E+01   0.225425E+01   0.117943E+02   0.269465E+01   0.838624E+00
3  0.523300E+01   0.225492E+01   0.117915E+02   0.269569E+01   0.842043E+00
3  0.526250E+01   0.225556E+01   0.117788E+02   0.269667E+01   0.845453E+00
3  0.529200E+01   0.225617E+01   0.117707E+02   0.269760E+01   0.848856E+00
3  0.532150E+01   0.225674E+01   0.117559E+02   0.269848E+01   0.852250E+00
3  0.535100E+01   0.225728E+01   0.117468E+02   0.269931E+01   0.855636E+00
3  0.538050E+01   0.225779E+01   0.117428E+02   0.270010E+01   0.859015E+00
3  0.541000E+01   0.225827E+01   0.117364E+02   0.270084E+01   0.862385E+00
3  0.543950E+01   0.225872E+01   0.117279E+02   0.270154E+01   0.865747E+00
3  0.546900E+01   0.225915E+01   0.117193E+02   0.270219E+01   0.869102E+00
3  0.549850E+01   0.225954E+01   0.117045E+02   0.270280E+01   0.872449E+00
3  0.552800E+01   0.225991E+01   0.116966E+02   0.270337E+01   0.875788E+00
3  0.555750E+01   0.226025E+01   0.116921E+02   0.270390E+01   0.879120E+00
3  0.558700E+01   0.226057E+01   0.116834E+02   0.270440E+01   0.882444E+00
3  0.561650E+01   0.226086E+01   0.116656E+02   0.270485E+01   0.885761E+00
3  0.564600E+01   0.226113E+01   0.116605E+02   0.270527E+01   0.889070E+00
3  0.567550E+01   0.226138E+01   0.116520E+02   0.270565E+01   0.892372E+00
3  0.570500E+01   0.226160E+01   0.116489E+02   0.270599E+01   0.895667E+00
3  0.573450E+01   0.226180E+01   0.116390E+02   0.270631E+01   0.898954E+00
3  0.576400E+01   0.226198E+01   0.116295E+02   0.270658E+01   0.902234E+00
3  0.579350E+01   0.226214E+01   0.116225E+02   0.270683E+01   0.905508E+00
3  0.582300E+01   0.226228E+01   0.116146E+02   0.270704E+01   0.908774E+00
3  0.585250E+01   0.226239E+01   0.116040E+02   0.270722E+01   0.912033E+00
3  0.588200E+01   0.226249E+01   0.115983E+02   0.270738E+01   0.915285E+00
3  0.591150E+01   0.226257E+01   0.115897E+02   0.270750E+01   0.918531E+00
3  0.594100E+01   0.226263E+01   0.115748E+02   0.270759E+01   0.921769E+00
3  0.597050E+01   0.226267E+01   0.115742E+02   0.270766E+01   0.925001E+00
