1  0.955500E+00   0.463516E+00   0.139248E+02   0.479437E+00   0.196575E+00
1  0.985000E+00   0.485872E+00   0.138487E+02   0.503339E+00   0.202435E+00
1  0.101450E+01   0.508498E+00   0.137754E+02   0.527603E+00   0.208280E+00
1  0.104400E+01   0.531403E+00   0.137171E+02   0.552239E+00   0.214108E+00
1  0.107350E+01   0.554594E+00   0.136650E+02   0.577260E+00   0.219920E+00
2  0.955500E+00   0.465051E+00   0.139633E+02   0.480945E+00   0.196510E+00
2  0.985000E+00   0.487215E+00   0.138874E+02   0.504639E+00   0.202368E+00
2  0.101450E+01   0.509650E+00   0.138138E+02   0.528692E+00   0.208211E+00
2  0.104400E+01   0.532363E+00   0.137512E+02   0.553118E+00   0.214038E+00
2  0.107350E+01   0.555365E+00   0.136928E+02   0.577929E+00   0.219848E+00
3  0.955500E+00   0.464962E+00   0.139793E+02   0.480780E+00   0.196478E+00
3  0.985000E+00   0.487000E+00   0.138956E+02   0.504334E+00   0.202336E+00
3  0.101450E+01   0.509311E+00   0.138295E+02   0.528251E+00   0.208178E+00
3  0.104400E+01   0.531906E+00   0.137647E+02   0.552543E+00   0.214004E+00
3  0.107350E+01   0.554792E+00   0.137027E+02   0.577224E+00   0.219814E+00
4  0.955500E+00   0.464053E+00   0.139786E+02   0.479792E+00   0.196473E+00
4  0.985000E+00   0.486036E+00   0.139001E+02   0.503284E+00   0.202331E+00
4  0.101450E+01   0.508297E+00   0.138283E+02   0.527143E+00   0.208173E+00
4  0.104400E+01   0.530846E+00   0.137614E+02   0.551383E+00   0.214000E+00
4  0.107350E+01   0.553692E+00   0.137100E+02   0.576016E+00   0.219810E+00
5  0.955500E+00   0.461081E+00   0.139793E+02   0.476626E+00   0.196485E+00
5  0.985000E+00   0.482996E+00   0.138959E+02   0.500037E+00   0.202344E+00
5  0.101450E+01   0.505202E+00   0.138168E+02   0.523828E+00   0.208188E+00
5  0.104400E+01   0.527707E+00   0.137564E+02   0.548012E+00   0.214016E+00
5  0.107350E+01   0.550520E+00   0.136955E+02   0.572601E+00   0.219827E+00
