 0.100000E+00   0.327197E+00   0.170940E+03   0.329532E+00   0.209161E-01
 0.129500E+00   0.293492E+00   0.176821E+03   0.295553E+00   0.270697E-01
 0.159000E+00   0.250278E+00   0.180849E+03   0.251972E+00   0.332166E-01
 0.188500E+00   0.181748E+00   0.163968E+03   0.182856E+00   0.393570E-01
 0.218000E+00   0.128295E+00   0.140206E+03   0.128954E+00   0.454912E-01
 0.247500E+00   0.999908E-01   0.114918E+03   0.100410E+00   0.516192E-01
 0.277000E+00   0.906839E-01   0.992094E+02   0.910233E-01   0.577413E-01
 0.306500E+00   0.883121E-01   0.834312E+02   0.886303E-01   0.638576E-01
 0.336000E+00   0.880941E-01   0.763548E+02   0.884125E-01   0.701958E-01
 0.365500E+00   0.901107E-01   0.561066E+02   0.904642E-01   0.763238E-01
 0.395000E+00   0.950567E-01   0.440131E+02   0.954843E-01   0.824441E-01
 0.424500E+00   0.101837E+00   0.406871E+02   0.102370E+00   0.885566E-01
 0.454000E+00   0.109898E+00   0.388369E+02   0.110564E+00   0.946609E-01
 0.483500E+00   0.119001E+00   0.316763E+02   0.119828E+00   0.100757E+00
 0.513000E+00   0.128988E+00   0.269615E+02   0.130006E+00   0.106844E+00
 0.542500E+00   0.139767E+00   0.237990E+02   0.141008E+00   0.112922E+00
 0.572000E+00   0.151287E+00   0.215504E+02   0.152786E+00   0.118991E+00
 0.601500E+00   0.163523E+00   0.198890E+02   0.165317E+00   0.125050E+00
 0.631000E+00   0.176459E+00   0.186223E+02   0.178590E+00   0.131100E+00
 0.660500E+00   0.189840E+00   0.176456E+02   0.192344E+00   0.137139E+00
 0.690000E+00   0.203735E+00   0.168640E+02   0.206656E+00   0.143167E+00
 0.719500E+00   0.218231E+00   0.162393E+02   0.221617E+00   0.149185E+00
 0.749000E+00   0.233374E+00   0.157117E+02   0.237278E+00   0.155192E+00
 0.778500E+00   0.249198E+00   0.152763E+02   0.253681E+00   0.161187E+00
 0.808000E+00   0.265732E+00   0.149081E+02   0.270858E+00   0.167171E+00
 0.837500E+00   0.282999E+00   0.145870E+02   0.288841E+00   0.173142E+00
 0.867000E+00   0.301018E+00   0.143224E+02   0.307652E+00   0.179100E+00
 0.896500E+00   0.319801E+00   0.140872E+02   0.327312E+00   0.185045E+00
 0.926000E+00   0.339356E+00   0.138931E+02   0.347836E+00   0.190976E+00
 0.955500E+00   0.359687E+00   0.137155E+02   0.369233E+00   0.196893E+00
 0.985000E+00   0.380792E+00   0.135694E+02   0.391509E+00   0.202796E+00
 0.101450E+01   0.402666E+00   0.134418E+02   0.414666E+00   0.208683E+00
 0.104400E+01   0.425297E+00   0.133274E+02   0.438700E+00   0.214555E+00
 0.107350E+01   0.448674E+00   0.132391E+02   0.463603E+00   0.220410E+00
 0.110300E+01   0.472776E+00   0.131570E+02   0.489366E+00   0.226249E+00
 0.113250E+01   0.497583E+00   0.130844E+02   0.515973E+00   0.232071E+00
 0.116200E+01   0.523071E+00   0.130271E+02   0.543405E+00   0.237875E+00
 0.119150E+01   0.549211E+00   0.129716E+02   0.571640E+00   0.243661E+00
 0.122100E+01   0.575972E+00   0.129284E+02   0.600654E+00   0.249429E+00
 0.125050E+01   0.603321E+00   0.128954E+02   0.630417E+00   0.255177E+00
 0.128000E+01   0.631221E+00   0.128636E+02   0.660898E+00   0.260907E+00
 0.130950E+01   0.659635E+00   0.128352E+02   0.692063E+00   0.266616E+00
 0.133900E+01   0.688521E+00   0.128145E+02   0.723874E+00   0.272305E+00
 0.136850E+01   0.717837E+00   0.127992E+02   0.756292E+00   0.277974E+00
 0.139800E+01   0.747538E+00   0.127850E+02   0.789274E+00   0.283621E+00
 0.142750E+01   0.777580E+00   0.127801E+02   0.822776E+00   0.289247E+00
 0.145700E+01   0.807914E+00   0.127683E+02   0.856750E+00   0.294851E+00
 0.148650E+01   0.838492E+00   0.127577E+02   0.891149E+00   0.300432E+00
 0.151600E+01   0.869266E+00   0.127631E+02   0.925922E+00   0.305991E+00
 0.154550E+01   0.900185E+00   0.127607E+02   0.961016E+00   0.311527E+00
 0.157500E+01   0.931200E+00   0.127529E+02   0.996379E+00   0.317040E+00
 0.160450E+01   0.962260E+00   0.127574E+02   0.103196E+01   0.322529E+00
 0.163400E+01   0.993317E+00   0.127598E+02   0.106770E+01   0.327994E+00
 0.166350E+01   0.102432E+01   0.127561E+02   0.110354E+01   0.333435E+00
 0.169300E+01   0.105523E+01   0.127570E+02   0.113944E+01   0.338851E+00
 0.172250E+01   0.108598E+01   0.127643E+02   0.117533E+01   0.344243E+00
 0.175200E+01   0.111655E+01   0.127672E+02   0.121117E+01   0.349610E+00
 0.178150E+01   0.114688E+01   0.127681E+02   0.124690E+01   0.354952E+00
 0.181100E+01   0.117693E+01   0.127676E+02   0.128247E+01   0.360269E+00
 0.184050E+01   0.120667E+01   0.127691E+02   0.131783E+01   0.365561E+00
 0.187000E+01   0.123606E+01   0.127660E+02   0.135294E+01   0.370827E+00
 0.189950E+01   0.126506E+01   0.127702E+02   0.138776E+01   0.376068E+00
 0.192900E+01   0.129365E+01   0.127767E+02   0.142223E+01   0.381284E+00
 0.195850E+01   0.132179E+01   0.127779E+02   0.145633E+01   0.386474E+00
 0.198800E+01   0.134946E+01   0.127700E+02   0.149002E+01   0.391638E+00
 0.201750E+01   0.137664E+01   0.127741E+02   0.152326E+01   0.396777E+00
 0.204700E+01   0.140331E+01   0.127681E+02   0.155602E+01   0.401891E+00
 0.207650E+01   0.142945E+01   0.127741E+02   0.158827E+01   0.406979E+00
 0.210600E+01   0.145504E+01   0.127750E+02   0.162000E+01   0.412041E+00
 0.213550E+01   0.148008E+01   0.127646E+02   0.165118E+01   0.417079E+00
 0.216500E+01   0.150456E+01   0.127675E+02   0.168179E+01   0.422091E+00
 0.219450E+01   0.152846E+01   0.127611E+02   0.171182E+01   0.427078E+00
 0.222400E+01   0.155179E+01   0.127562E+02   0.174125E+01   0.432040E+00
 0.225350E+01   0.157455E+01   0.127581E+02   0.177007E+01   0.436977E+00
 0.228300E+01   0.159672E+01   0.127494E+02   0.179828E+01   0.441890E+00
 0.231250E+01   0.161832E+01   0.127424E+02   0.182587E+01   0.446778E+00
 0.234200E+01   0.163934E+01   0.127371E+02   0.185284E+01   0.451642E+00
 0.237150E+01   0.165979E+01   0.127349E+02   0.187917E+01   0.456482E+00
 0.240100E+01   0.167968E+01   0.127241E+02   0.190489E+01   0.461298E+00
 0.243050E+01   0.169901E+01   0.127206E+02   0.192997E+01   0.466090E+00
 0.246000E+01   0.171779E+01   0.127145E+02   0.195444E+01   0.470858E+00
 0.248950E+01   0.173602E+01   0.127075E+02   0.197829E+01   0.475604E+00
 0.251900E+01   0.175373E+01   0.126943E+02   0.200153E+01   0.480326E+00
 0.254850E+01   0.177091E+01   0.126906E+02   0.202416E+01   0.485026E+00
 0.257800E+01   0.178757E+01   0.126774E+02   0.204620E+01   0.489703E+00
 0.260750E+01   0.180374E+01   0.126736E+02   0.206765E+01   0.494357E+00
 0.263700E+01   0.181941E+01   0.126678E+02   0.208851E+01   0.498990E+00
 0.266650E+01   0.183461E+01   0.126592E+02   0.210881E+01   0.503600E+00
 0.269600E+01   0.184933E+01   0.126449E+02   0.212855E+01   0.508189E+00
 0.272550E+01   0.186360E+01   0.126301E+02   0.214774E+01   0.512757E+00
 0.275500E+01   0.187743E+01   0.126232E+02   0.216639E+01   0.517303E+00
 0.278450E+01   0.189082E+01   0.126147E+02   0.218451E+01   0.521828E+00
 0.281400E+01   0.190379E+01   0.126063E+02   0.220212E+01   0.526333E+00
 0.284350E+01   0.191635E+01   0.125918E+02   0.221922E+01   0.530817E+00
 0.287300E+01   0.192851E+01   0.125818E+02   0.223583E+01   0.535281E+00
 0.290250E+01   0.194029E+01   0.125755E+02   0.225196E+01   0.539725E+00
 0.293200E+01   0.195169E+01   0.125595E+02   0.226762E+01   0.544150E+00
 0.296150E+01   0.196272E+01   0.125477E+02   0.228282E+01   0.548555E+00
 0.299100E+01   0.197341E+01   0.125359E+02   0.229758E+01   0.552940E+00
 0.302050E+01   0.198375E+01   0.125315E+02   0.231190E+01   0.557307E+00
 0.305000E+01   0.199376E+01   0.125191E+02   0.232579E+01   0.561654E+00
 0.307950E+01   0.200344E+01   0.125075E+02   0.233928E+01   0.565984E+00
 0.310900E+01   0.201282E+01   0.124960E+02   0.235236E+01   0.570294E+00
 0.313850E+01   0.202189E+01   0.124772E+02   0.236506E+01   0.574587E+00
 0.316800E+01   0.203067E+01   0.124688E+02   0.237737E+01   0.578862E+00
 0.319750E+01   0.203916E+01   0.124614E+02   0.238931E+01   0.583119E+00
 0.322700E+01   0.204738E+01   0.124468E+02   0.240090E+01   0.587359E+00
 0.325650E+01   0.205534E+01   0.124339E+02   0.241214E+01   0.591581E+00
 0.328600E+01   0.206303E+01   0.124213E+02   0.242303E+01   0.595787E+00
 0.331550E+01   0.207048E+01   0.124116E+02   0.243360E+01   0.599975E+00
 0.334500E+01   0.207769E+01   0.123956E+02   0.244385E+01   0.604147E+00
 0.337450E+01   0.208466E+01   0.123855E+02   0.245379E+01   0.608303E+00
 0.340400E+01   0.209140E+01   0.123748E+02   0.246342E+01   0.612442E+00
 0.343350E+01   0.209793E+01   0.123590E+02   0.247276E+01   0.616565E+00
 0.346300E+01   0.210424E+01   0.123518E+02   0.248181E+01   0.620673E+00
 0.349250E+01   0.211035E+01   0.123377E+02   0.249059E+01   0.624765E+00
 0.352200E+01   0.211627E+01   0.123289E+02   0.249910E+01   0.628841E+00
 0.355150E+01   0.212198E+01   0.123163E+02   0.250735E+01   0.632902E+00
 0.358100E+01   0.212752E+01   0.123082E+02   0.251535E+01   0.636948E+00
 0.361050E+01   0.213287E+01   0.122964E+02   0.252309E+01   0.640979E+00
 0.364000E+01   0.213805E+01   0.122782E+02   0.253060E+01   0.644996E+00
 0.366950E+01   0.214305E+01   0.122703E+02   0.253788E+01   0.648997E+00
 0.369900E+01   0.214790E+01   0.122601E+02   0.254493E+01   0.652985E+00
 0.372850E+01   0.215259E+01   0.122435E+02   0.255176E+01   0.656958E+00
 0.375800E+01   0.215712E+01   0.122367E+02   0.255838E+01   0.660917E+00
 0.378750E+01   0.216150E+01   0.122212E+02   0.256480E+01   0.664863E+00
 0.381700E+01   0.216574E+01   0.122064E+02   0.257101E+01   0.668794E+00
 0.384650E+01   0.216984E+01   0.121990E+02   0.257703E+01   0.672712E+00
 0.387600E+01   0.217381E+01   0.121823E+02   0.258285E+01   0.676617E+00
 0.390550E+01   0.217764E+01   0.121694E+02   0.258850E+01   0.680508E+00
 0.393500E+01   0.218135E+01   0.121606E+02   0.259396E+01   0.684386E+00
 0.396450E+01   0.218494E+01   0.121465E+02   0.259926E+01   0.688252E+00
 0.399400E+01   0.218840E+01   0.121442E+02   0.260438E+01   0.692104E+00
 0.402350E+01   0.219175E+01   0.121329E+02   0.260934E+01   0.695944E+00
 0.405300E+01   0.219499E+01   0.121170E+02   0.261414E+01   0.699771E+00
 0.408250E+01   0.219812E+01   0.121024E+02   0.261879E+01   0.703586E+00
 0.411200E+01   0.220114E+01   0.120972E+02   0.262329E+01   0.707389E+00
 0.414150E+01   0.220407E+01   0.120860E+02   0.262764E+01   0.711179E+00
 0.417100E+01   0.220689E+01   0.120678E+02   0.263185E+01   0.714958E+00
 0.420050E+01   0.220962E+01   0.120655E+02   0.263592E+01   0.718724E+00
 0.423000E+01   0.221225E+01   0.120477E+02   0.263985E+01   0.722479E+00
 0.425950E+01   0.221480E+01   0.120412E+02   0.264366E+01   0.726223E+00
 0.428900E+01   0.221725E+01   0.120241E+02   0.264734E+01   0.729954E+00
 0.431850E+01   0.221963E+01   0.120138E+02   0.265090E+01   0.733675E+00
 0.434800E+01   0.222192E+01   0.120112E+02   0.265434E+01   0.737384E+00
 0.437750E+01   0.222413E+01   0.119996E+02   0.265766E+01   0.741082E+00
 0.440700E+01   0.222626E+01   0.119834E+02   0.266087E+01   0.744770E+00
 0.443650E+01   0.222831E+01   0.119766E+02   0.266396E+01   0.748446E+00
 0.446600E+01   0.223030E+01   0.119609E+02   0.266696E+01   0.752111E+00
 0.449550E+01   0.223221E+01   0.119536E+02   0.266984E+01   0.755766E+00
 0.452500E+01   0.223405E+01   0.119386E+02   0.267263E+01   0.759411E+00
 0.455450E+01   0.223583E+01   0.119303E+02   0.267532E+01   0.763045E+00
 0.458400E+01   0.223754E+01   0.119251E+02   0.267791E+01   0.766668E+00
 0.461350E+01   0.223919E+01   0.119154E+02   0.268041E+01   0.770281E+00
 0.464300E+01   0.224077E+01   0.119045E+02   0.268281E+01   0.773885E+00
 0.467250E+01   0.224230E+01   0.118951E+02   0.268513E+01   0.777478E+00
 0.470200E+01   0.224377E+01   0.118782E+02   0.268737E+01   0.781061E+00
 0.473150E+01   0.224518E+01   0.118754E+02   0.268952E+01   0.784634E+00
 0.476100E+01   0.224654E+01   0.118578E+02   0.269159E+01   0.788198E+00
 0.479050E+01   0.224785E+01   0.118466E+02   0.269358E+01   0.791752E+00
 0.482000E+01   0.224910E+01   0.118433E+02   0.269549E+01   0.795297E+00
 0.484950E+01   0.225030E+01   0.118346E+02   0.269733E+01   0.798832E+00
 0.487900E+01   0.225146E+01   0.118263E+02   0.269909E+01   0.802358E+00
 0.490850E+01   0.225256E+01   0.118149E+02   0.270079E+01   0.805874E+00
 0.493800E+01   0.225362E+01   0.117980E+02   0.270241E+01   0.809381E+00
 0.496750E+01   0.225464E+01   0.117958E+02   0.270397E+01   0.812879E+00
 0.499700E+01   0.225561E+01   0.117831E+02   0.270546E+01   0.816369E+00
 0.502650E+01   0.225654E+01   0.117748E+02   0.270689E+01   0.819849E+00
 0.505600E+01   0.225743E+01   0.117599E+02   0.270825E+01   0.823320E+00
 0.508550E+01   0.225828E+01   0.117538E+02   0.270956E+01   0.826783E+00
 0.511500E+01   0.225909E+01   0.117426E+02   0.271080E+01   0.830237E+00
 0.514450E+01   0.225986E+01   0.117361E+02   0.271199E+01   0.833682E+00
 0.517400E+01   0.226059E+01   0.117230E+02   0.271312E+01   0.837119E+00
 0.520350E+01   0.226129E+01   0.117215E+02   0.271420E+01   0.840548E+00
 0.523300E+01   0.226195E+01   0.117058E+02   0.271522E+01   0.843968E+00
 0.526250E+01   0.226258E+01   0.116984E+02   0.271619E+01   0.847379E+00
 0.529200E+01   0.226318E+01   0.116857E+02   0.271712E+01   0.850783E+00
 0.532150E+01   0.226374E+01   0.116769E+02   0.271799E+01   0.854178E+00
 0.535100E+01   0.226428E+01   0.116725E+02   0.271881E+01   0.857566E+00
 0.538050E+01   0.226478E+01   0.116625E+02   0.271959E+01   0.860945E+00
 0.541000E+01   0.226525E+01   0.116565E+02   0.272032E+01   0.864316E+00
 0.543950E+01   0.226569E+01   0.116416E+02   0.272101E+01   0.867680E+00
 0.546900E+01   0.226611E+01   0.116417E+02   0.272165E+01   0.871036E+00
 0.549850E+01   0.226650E+01   0.116302E+02   0.272225E+01   0.874384E+00
 0.552800E+01   0.226686E+01   0.116242E+02   0.272282E+01   0.877724E+00
 0.555750E+01   0.226719E+01   0.116136E+02   0.272334E+01   0.881057E+00
 0.558700E+01   0.226750E+01   0.116030E+02   0.272382E+01   0.884382E+00
 0.561650E+01   0.226778E+01   0.115913E+02   0.272426E+01   0.887700E+00
 0.564600E+01   0.226805E+01   0.115838E+02   0.272467E+01   0.891010E+00
 0.567550E+01   0.226828E+01   0.115804E+02   0.272504E+01   0.894313E+00
 0.570500E+01   0.226850E+01   0.115733E+02   0.272537E+01   0.897609E+00
 0.573450E+01   0.226869E+01   0.115656E+02   0.272567E+01   0.900898E+00
 0.576400E+01   0.226886E+01   0.115530E+02   0.272594E+01   0.904179E+00
 0.579350E+01   0.226901E+01   0.115442E+02   0.272617E+01   0.907453E+00
 0.582300E+01   0.226914E+01   0.115396E+02   0.272637E+01   0.910721E+00
 0.585250E+01   0.226925E+01   0.115292E+02   0.272654E+01   0.913981E+00
 0.588200E+01   0.226934E+01   0.115176E+02   0.272668E+01   0.917234E+00
 0.591150E+01   0.226941E+01   0.115130E+02   0.272679E+01   0.920481E+00
 0.594100E+01   0.226946E+01   0.115024E+02   0.272687E+01   0.923720E+00
 0.597050E+01   0.226949E+01   0.114986E+02   0.272693E+01   0.926953E+00
