 0.100000E+00   0.327197E+00   0.170940E+03   0.329532E+00   0.209161E-01
 0.129500E+00   0.293492E+00   0.176821E+03   0.295553E+00   0.270697E-01
 0.159000E+00   0.251149E+00   0.181454E+03   0.252851E+00   0.332166E-01
 0.188500E+00   0.181233E+00   0.163487E+03   0.182337E+00   0.393570E-01
 0.218000E+00   0.128847E+00   0.141054E+03   0.129510E+00   0.454912E-01
 0.247500E+00   0.999160E-01   0.114692E+03   0.100335E+00   0.516192E-01
 0.277000E+00   0.905737E-01   0.984696E+02   0.909121E-01   0.577413E-01
 0.306500E+00   0.882930E-01   0.825003E+02   0.886103E-01   0.638576E-01
 0.336000E+00   0.881559E-01   0.742845E+02   0.884744E-01   0.701876E-01
 0.365500E+00   0.905347E-01   0.544586E+02   0.908914E-01   0.763144E-01
 0.395000E+00   0.957059E-01   0.433080E+02   0.961387E-01   0.824336E-01
 0.424500E+00   0.102615E+00   0.405038E+02   0.103154E+00   0.885449E-01
 0.454000E+00   0.110755E+00   0.385693E+02   0.111428E+00   0.946481E-01
 0.483500E+00   0.119904E+00   0.312962E+02   0.120739E+00   0.100743E+00
 0.513000E+00   0.129916E+00   0.267429E+02   0.130942E+00   0.106829E+00
 0.542500E+00   0.140705E+00   0.236669E+02   0.141954E+00   0.112906E+00
 0.572000E+00   0.152226E+00   0.214732E+02   0.153732E+00   0.118974E+00
 0.601500E+00   0.164457E+00   0.198499E+02   0.166259E+00   0.125032E+00
 0.631000E+00   0.177366E+00   0.185945E+02   0.179503E+00   0.131080E+00
 0.660500E+00   0.190687E+00   0.176319E+02   0.193196E+00   0.137118E+00
 0.690000E+00   0.204543E+00   0.168640E+02   0.207467E+00   0.143146E+00
 0.719500E+00   0.219005E+00   0.162365E+02   0.222392E+00   0.149162E+00
 0.749000E+00   0.234117E+00   0.157246E+02   0.238021E+00   0.155168E+00
 0.778500E+00   0.249914E+00   0.152806E+02   0.254394E+00   0.161162E+00
 0.808000E+00   0.266422E+00   0.149167E+02   0.271544E+00   0.167145E+00
 0.837500E+00   0.283666E+00   0.146052E+02   0.289500E+00   0.173115E+00
 0.867000E+00   0.301661E+00   0.143302E+02   0.308285E+00   0.179072E+00
 0.896500E+00   0.320420E+00   0.141029E+02   0.327919E+00   0.185016E+00
 0.926000E+00   0.339949E+00   0.138997E+02   0.348414E+00   0.190946E+00
 0.955500E+00   0.360252E+00   0.137268E+02   0.369780E+00   0.196862E+00
 0.985000E+00   0.381326E+00   0.135809E+02   0.392021E+00   0.202764E+00
 0.101450E+01   0.403164E+00   0.134481E+02   0.415139E+00   0.208650E+00
 0.104400E+01   0.425756E+00   0.133369E+02   0.439128E+00   0.214520E+00
 0.107350E+01   0.449087E+00   0.132500E+02   0.463980E+00   0.220375E+00
 0.110300E+01   0.473138E+00   0.131621E+02   0.489685E+00   0.226213E+00
 0.113250E+01   0.497887E+00   0.130959E+02   0.516227E+00   0.232034E+00
 0.116200E+01   0.523311E+00   0.130290E+02   0.543587E+00   0.237837E+00
 0.119150E+01   0.549381E+00   0.129808E+02   0.571743E+00   0.243622E+00
 0.122100E+01   0.576065E+00   0.129414E+02   0.600669E+00   0.249389E+00
 0.125050E+01   0.603332E+00   0.129037E+02   0.630338E+00   0.255137E+00
 0.128000E+01   0.631145E+00   0.128644E+02   0.660719E+00   0.260866E+00
 0.130950E+01   0.659466E+00   0.128427E+02   0.691776E+00   0.266575E+00
 0.133900E+01   0.688255E+00   0.128241E+02   0.723476E+00   0.272263E+00
 0.136850E+01   0.717472E+00   0.128091E+02   0.755777E+00   0.277931E+00
 0.139800E+01   0.747072E+00   0.127906E+02   0.788638E+00   0.283578E+00
 0.142750E+01   0.777009E+00   0.127846E+02   0.822017E+00   0.289203E+00
 0.145700E+01   0.807239E+00   0.127780E+02   0.855866E+00   0.294806E+00
 0.148650E+01   0.837714E+00   0.127633E+02   0.890140E+00   0.300388E+00
 0.151600E+01   0.868385E+00   0.127626E+02   0.924787E+00   0.305946E+00
 0.154550E+01   0.899204E+00   0.127603E+02   0.959757E+00   0.311482E+00
 0.157500E+01   0.930121E+00   0.127557E+02   0.994998E+00   0.316994E+00
 0.160450E+01   0.961088E+00   0.127581E+02   0.103046E+01   0.322483E+00
 0.163400E+01   0.992055E+00   0.127540E+02   0.106608E+01   0.327948E+00
 0.166350E+01   0.102297E+01   0.127583E+02   0.110181E+01   0.333389E+00
 0.169300E+01   0.105380E+01   0.127642E+02   0.113760E+01   0.338806E+00
 0.172250E+01   0.108448E+01   0.127617E+02   0.117340E+01   0.344198E+00
 0.175200E+01   0.111498E+01   0.127625E+02   0.120914E+01   0.349565E+00
 0.178150E+01   0.114525E+01   0.127619E+02   0.124478E+01   0.354907E+00
 0.181100E+01   0.117525E+01   0.127683E+02   0.128027E+01   0.360225E+00
 0.184050E+01   0.120493E+01   0.127747E+02   0.131557E+01   0.365517E+00
 0.187000E+01   0.123428E+01   0.127730E+02   0.135061E+01   0.370783E+00
 0.189950E+01   0.126324E+01   0.127767E+02   0.138536E+01   0.376025E+00
 0.192900E+01   0.129180E+01   0.127730E+02   0.141979E+01   0.381241E+00
 0.195850E+01   0.131991E+01   0.127697E+02   0.145384E+01   0.386431E+00
 0.198800E+01   0.134756E+01   0.127729E+02   0.148748E+01   0.391596E+00
 0.201750E+01   0.137472E+01   0.127736E+02   0.152068E+01   0.396735E+00
 0.204700E+01   0.140138E+01   0.127690E+02   0.155341E+01   0.401849E+00
 0.207650E+01   0.142750E+01   0.127722E+02   0.158564E+01   0.406938E+00
 0.210600E+01   0.145309E+01   0.127748E+02   0.161735E+01   0.412001E+00
 0.213550E+01   0.147813E+01   0.127714E+02   0.164852E+01   0.417039E+00
 0.216500E+01   0.150261E+01   0.127648E+02   0.167912E+01   0.422051E+00
 0.219450E+01   0.152652E+01   0.127611E+02   0.170914E+01   0.427039E+00
 0.222400E+01   0.154986E+01   0.127602E+02   0.173857E+01   0.432002E+00
 0.225350E+01   0.157262E+01   0.127507E+02   0.176739E+01   0.436940E+00
 0.228300E+01   0.159481E+01   0.127507E+02   0.179560E+01   0.441853E+00
 0.231250E+01   0.161642E+01   0.127426E+02   0.182320E+01   0.446742E+00
 0.234200E+01   0.163746E+01   0.127383E+02   0.185017E+01   0.451606E+00
 0.237150E+01   0.165793E+01   0.127348E+02   0.187652E+01   0.456446E+00
 0.240100E+01   0.167783E+01   0.127231E+02   0.190224E+01   0.461263E+00
 0.243050E+01   0.169718E+01   0.127241E+02   0.192734E+01   0.466056E+00
 0.246000E+01   0.171598E+01   0.127080E+02   0.195183E+01   0.470825E+00
 0.248950E+01   0.173424E+01   0.127021E+02   0.197569E+01   0.475571E+00
 0.251900E+01   0.175196E+01   0.126925E+02   0.199895E+01   0.480294E+00
 0.254850E+01   0.176916E+01   0.126854E+02   0.202160E+01   0.484994E+00
 0.257800E+01   0.178585E+01   0.126778E+02   0.204365E+01   0.489672E+00
 0.260750E+01   0.180204E+01   0.126710E+02   0.206512E+01   0.494327E+00
 0.263700E+01   0.181773E+01   0.126663E+02   0.208601E+01   0.498960E+00
 0.266650E+01   0.183295E+01   0.126543E+02   0.210633E+01   0.503571E+00
 0.269600E+01   0.184770E+01   0.126446E+02   0.212609E+01   0.508160E+00
 0.272550E+01   0.186199E+01   0.126296E+02   0.214529E+01   0.512728E+00
 0.275500E+01   0.187583E+01   0.126277E+02   0.216397E+01   0.517275E+00
 0.278450E+01   0.188924E+01   0.126169E+02   0.218211E+01   0.521801E+00
 0.281400E+01   0.190224E+01   0.126018E+02   0.219974E+01   0.526306E+00
 0.284350E+01   0.191482E+01   0.125891E+02   0.221686E+01   0.530791E+00
 0.287300E+01   0.192700E+01   0.125795E+02   0.223349E+01   0.535256E+00
 0.290250E+01   0.193880E+01   0.125688E+02   0.224964E+01   0.539700E+00
 0.293200E+01   0.195022E+01   0.125594E+02   0.226532E+01   0.544125E+00
 0.296150E+01   0.196127E+01   0.125529E+02   0.228054E+01   0.548530E+00
 0.299100E+01   0.197197E+01   0.125413E+02   0.229532E+01   0.552916E+00
 0.302050E+01   0.198233E+01   0.125271E+02   0.230966E+01   0.557283E+00
 0.305000E+01   0.199236E+01   0.125195E+02   0.232358E+01   0.561632E+00
 0.307950E+01   0.200206E+01   0.125053E+02   0.233708E+01   0.565961E+00
 0.310900E+01   0.201145E+01   0.124937E+02   0.235019E+01   0.570273E+00
 0.313850E+01   0.202054E+01   0.124821E+02   0.236290E+01   0.574566E+00
 0.316800E+01   0.202934E+01   0.124643E+02   0.237523E+01   0.578841E+00
 0.319750E+01   0.203785E+01   0.124602E+02   0.238720E+01   0.583099E+00
 0.322700E+01   0.204608E+01   0.124473E+02   0.239880E+01   0.587339E+00
 0.325650E+01   0.205405E+01   0.124314E+02   0.241005E+01   0.591562E+00
 0.328600E+01   0.206176E+01   0.124258E+02   0.242097E+01   0.595767E+00
 0.331550E+01   0.206923E+01   0.124057E+02   0.243155E+01   0.599956E+00
 0.334500E+01   0.207645E+01   0.123946E+02   0.244182E+01   0.604129E+00
 0.337450E+01   0.208343E+01   0.123842E+02   0.245177E+01   0.608285E+00
 0.340400E+01   0.209019E+01   0.123775E+02   0.246142E+01   0.612424E+00
 0.343350E+01   0.209673E+01   0.123584E+02   0.247078E+01   0.616548E+00
 0.346300E+01   0.210306E+01   0.123469E+02   0.247985E+01   0.620656E+00
 0.349250E+01   0.210918E+01   0.123400E+02   0.248864E+01   0.624748E+00
 0.352200E+01   0.211511E+01   0.123227E+02   0.249717E+01   0.628825E+00
 0.355150E+01   0.212084E+01   0.123129E+02   0.250543E+01   0.632886E+00
 0.358100E+01   0.212638E+01   0.123011E+02   0.251344E+01   0.636933E+00
 0.361050E+01   0.213174E+01   0.122861E+02   0.252120E+01   0.640964E+00
 0.364000E+01   0.213693E+01   0.122791E+02   0.252872E+01   0.644981E+00
 0.366950E+01   0.214195E+01   0.122650E+02   0.253601E+01   0.648983E+00
 0.369900E+01   0.214681E+01   0.122587E+02   0.254308E+01   0.652971E+00
 0.372850E+01   0.215150E+01   0.122423E+02   0.254992E+01   0.656944E+00
 0.375800E+01   0.215605E+01   0.122351E+02   0.255656E+01   0.660904E+00
 0.378750E+01   0.216044E+01   0.122161E+02   0.256298E+01   0.664849E+00
 0.381700E+01   0.216469E+01   0.122114E+02   0.256921E+01   0.668781E+00
 0.384650E+01   0.216880E+01   0.121928E+02   0.257524E+01   0.672699E+00
 0.387600E+01   0.217278E+01   0.121877E+02   0.258108E+01   0.676604E+00
 0.390550E+01   0.217662E+01   0.121705E+02   0.258673E+01   0.680496E+00
 0.393500E+01   0.218034E+01   0.121598E+02   0.259221E+01   0.684374E+00
 0.396450E+01   0.218393E+01   0.121497E+02   0.259751E+01   0.688240E+00
 0.399400E+01   0.218741E+01   0.121395E+02   0.260265E+01   0.692093E+00
 0.402350E+01   0.219076E+01   0.121297E+02   0.260762E+01   0.695933E+00
 0.405300E+01   0.219401E+01   0.121144E+02   0.261243E+01   0.699760E+00
 0.408250E+01   0.219715E+01   0.121043E+02   0.261709E+01   0.703575E+00
 0.411200E+01   0.220018E+01   0.120940E+02   0.262160E+01   0.707378E+00
 0.414150E+01   0.220311E+01   0.120859E+02   0.262596E+01   0.711169E+00
 0.417100E+01   0.220594E+01   0.120710E+02   0.263018E+01   0.714948E+00
 0.420050E+01   0.220868E+01   0.120630E+02   0.263426E+01   0.718715E+00
 0.423000E+01   0.221132E+01   0.120532E+02   0.263820E+01   0.722470E+00
 0.425950E+01   0.221387E+01   0.120367E+02   0.264202E+01   0.726214E+00
 0.428900E+01   0.221633E+01   0.120284E+02   0.264571E+01   0.729946E+00
 0.431850E+01   0.221871E+01   0.120167E+02   0.264928E+01   0.733666E+00
 0.434800E+01   0.222101E+01   0.120098E+02   0.265272E+01   0.737376E+00
 0.437750E+01   0.222322E+01   0.119952E+02   0.265605E+01   0.741074E+00
 0.440700E+01   0.222536E+01   0.119813E+02   0.265927E+01   0.744762E+00
 0.443650E+01   0.222742E+01   0.119725E+02   0.266238E+01   0.748438E+00
 0.446600E+01   0.222941E+01   0.119645E+02   0.266537E+01   0.752104E+00
 0.449550E+01   0.223133E+01   0.119493E+02   0.266827E+01   0.755759E+00
 0.452500E+01   0.223318E+01   0.119444E+02   0.267106E+01   0.759404E+00
 0.455450E+01   0.223496E+01   0.119269E+02   0.267376E+01   0.763038E+00
 0.458400E+01   0.223668E+01   0.119241E+02   0.267636E+01   0.766662E+00
 0.461350E+01   0.223833E+01   0.119142E+02   0.267887E+01   0.770275E+00
 0.464300E+01   0.223992E+01   0.118953E+02   0.268128E+01   0.773879E+00
 0.467250E+01   0.224146E+01   0.118947E+02   0.268361E+01   0.777472E+00
 0.470200E+01   0.224293E+01   0.118759E+02   0.268585E+01   0.781056E+00
 0.473150E+01   0.224435E+01   0.118679E+02   0.268801E+01   0.784629E+00
 0.476100E+01   0.224571E+01   0.118619E+02   0.269008E+01   0.788193E+00
 0.479050E+01   0.224702E+01   0.118489E+02   0.269208E+01   0.791747E+00
 0.482000E+01   0.224828E+01   0.118436E+02   0.269400E+01   0.795292E+00
 0.484950E+01   0.224949E+01   0.118337E+02   0.269584E+01   0.798827E+00
 0.487900E+01   0.225064E+01   0.118183E+02   0.269761E+01   0.802353E+00
 0.490850E+01   0.225176E+01   0.118099E+02   0.269931E+01   0.805870E+00
 0.493800E+01   0.225282E+01   0.117979E+02   0.270095E+01   0.809377E+00
 0.496750E+01   0.225384E+01   0.117878E+02   0.270251E+01   0.812876E+00
 0.499700E+01   0.225482E+01   0.117851E+02   0.270401E+01   0.816365E+00
 0.502650E+01   0.225575E+01   0.117745E+02   0.270544E+01   0.819845E+00
 0.505600E+01   0.225664E+01   0.117606E+02   0.270681E+01   0.823317E+00
 0.508550E+01   0.225750E+01   0.117523E+02   0.270812E+01   0.826780E+00
 0.511500E+01   0.225831E+01   0.117459E+02   0.270937E+01   0.830234E+00
 0.514450E+01   0.225908E+01   0.117390E+02   0.271057E+01   0.833679E+00
 0.517400E+01   0.225982E+01   0.117216E+02   0.271170E+01   0.837117E+00
 0.520350E+01   0.226052E+01   0.117119E+02   0.271279E+01   0.840545E+00
 0.523300E+01   0.226119E+01   0.117047E+02   0.271382E+01   0.843965E+00
 0.526250E+01   0.226182E+01   0.116962E+02   0.271479E+01   0.847377E+00
 0.529200E+01   0.226242E+01   0.116909E+02   0.271572E+01   0.850781E+00
 0.532150E+01   0.226299E+01   0.116817E+02   0.271660E+01   0.854177E+00
 0.535100E+01   0.226353E+01   0.116685E+02   0.271743E+01   0.857564E+00
 0.538050E+01   0.226403E+01   0.116665E+02   0.271821E+01   0.860944E+00
 0.541000E+01   0.226451E+01   0.116560E+02   0.271895E+01   0.864315E+00
 0.543950E+01   0.226496E+01   0.116492E+02   0.271964E+01   0.867679E+00
 0.546900E+01   0.226537E+01   0.116341E+02   0.272029E+01   0.871035E+00
 0.549850E+01   0.226576E+01   0.116278E+02   0.272089E+01   0.874383E+00
 0.552800E+01   0.226613E+01   0.116198E+02   0.272146E+01   0.877723E+00
 0.555750E+01   0.226647E+01   0.116140E+02   0.272199E+01   0.881056E+00
 0.558700E+01   0.226678E+01   0.115963E+02   0.272247E+01   0.884382E+00
 0.561650E+01   0.226707E+01   0.115880E+02   0.272292E+01   0.887700E+00
 0.564600E+01   0.226733E+01   0.115808E+02   0.272333E+01   0.891010E+00
 0.567550E+01   0.226757E+01   0.115737E+02   0.272370E+01   0.894313E+00
 0.570500E+01   0.226779E+01   0.115713E+02   0.272404E+01   0.897609E+00
 0.573450E+01   0.226798E+01   0.115635E+02   0.272435E+01   0.900898E+00
 0.576400E+01   0.226816E+01   0.115471E+02   0.272462E+01   0.904180E+00
 0.579350E+01   0.226831E+01   0.115441E+02   0.272486E+01   0.907454E+00
 0.582300E+01   0.226844E+01   0.115375E+02   0.272506E+01   0.910721E+00
 0.585250E+01   0.226855E+01   0.115299E+02   0.272524E+01   0.913982E+00
 0.588200E+01   0.226864E+01   0.115153E+02   0.272538E+01   0.917235E+00
 0.591150E+01   0.226871E+01   0.115153E+02   0.272549E+01   0.920482E+00
 0.594100E+01   0.226877E+01   0.115030E+02   0.272558E+01   0.923722E+00
 0.597050E+01   0.226881E+01   0.114950E+02   0.272564E+01   0.926955E+00
