 0.100000E+00   0.327197E+00   0.170940E+03   0.329532E+00   0.209161E-01
 0.129500E+00   0.293492E+00   0.176821E+03   0.295553E+00   0.270697E-01
 0.159000E+00   0.250560E+00   0.181045E+03   0.252256E+00   0.332166E-01
 0.188500E+00   0.181755E+00   0.163975E+03   0.182863E+00   0.393570E-01
 0.218000E+00   0.128020E+00   0.139783E+03   0.128677E+00   0.454912E-01
 0.247500E+00   0.100274E+00   0.115771E+03   0.100696E+00   0.516192E-01
 0.277000E+00   0.905629E-01   0.983969E+02   0.909011E-01   0.577413E-01
 0.306500E+00   0.882491E-01   0.801863E+02   0.885647E-01   0.638576E-01
 0.336000E+00   0.939295E-01   0.466929E+02   0.943053E-01   0.700644E-01
 0.365500E+00   0.102953E+00   0.401602E+02   0.103440E+00   0.761706E-01
 0.395000E+00   0.113247E+00   0.386973E+02   0.113876E+00   0.822680E-01
 0.424500E+00   0.124275E+00   0.313222E+02   0.125076E+00   0.883564E-01
 0.454000E+00   0.135805E+00   0.267952E+02   0.136804E+00   0.944357E-01
 0.483500E+00   0.147724E+00   0.238611E+02   0.148949E+00   0.100506E+00
 0.513000E+00   0.159978E+00   0.218218E+02   0.161456E+00   0.106567E+00
 0.542500E+00   0.172546E+00   0.203107E+02   0.174307E+00   0.112618E+00
 0.572000E+00   0.185140E+00   0.191828E+02   0.187207E+00   0.118659E+00
 0.601500E+00   0.197693E+00   0.183092E+02   0.200087E+00   0.124691E+00
 0.631000E+00   0.210404E+00   0.176014E+02   0.213153E+00   0.130713E+00
 0.660500E+00   0.223360E+00   0.170139E+02   0.226493E+00   0.136725E+00
 0.690000E+00   0.236629E+00   0.165152E+02   0.240182E+00   0.142727E+00
 0.719500E+00   0.250272E+00   0.160956E+02   0.254282E+00   0.148719E+00
 0.749000E+00   0.264342E+00   0.157215E+02   0.268851E+00   0.154700E+00
 0.778500E+00   0.278887E+00   0.153943E+02   0.283943E+00   0.160671E+00
 0.808000E+00   0.293952E+00   0.151128E+02   0.299606E+00   0.166629E+00
 0.837500E+00   0.309577E+00   0.148562E+02   0.315886E+00   0.172577E+00
 0.867000E+00   0.325798E+00   0.146286E+02   0.332824E+00   0.178512E+00
 0.896500E+00   0.342646E+00   0.144228E+02   0.350458E+00   0.184434E+00
 0.926000E+00   0.360148E+00   0.142433E+02   0.368820E+00   0.190344E+00
 0.955500E+00   0.378328E+00   0.140805E+02   0.387941E+00   0.196240E+00
 0.985000E+00   0.397204E+00   0.139409E+02   0.407844E+00   0.202122E+00
 0.101450E+01   0.416790E+00   0.138066E+02   0.428552E+00   0.207990E+00
 0.104400E+01   0.437096E+00   0.136857E+02   0.450080E+00   0.213844E+00
 0.107350E+01   0.458127E+00   0.135804E+02   0.472441E+00   0.219682E+00
 0.110300E+01   0.479882E+00   0.134883E+02   0.495642E+00   0.225504E+00
 0.113250E+01   0.502360E+00   0.133995E+02   0.519686E+00   0.231311E+00
 0.116200E+01   0.525550E+00   0.133264E+02   0.544573E+00   0.237100E+00
 0.119150E+01   0.549441E+00   0.132616E+02   0.570296E+00   0.242873E+00
 0.122100E+01   0.574015E+00   0.131987E+02   0.596844E+00   0.248628E+00
 0.125050E+01   0.599250E+00   0.131514E+02   0.624204E+00   0.254364E+00
 0.128000E+01   0.625123E+00   0.131006E+02   0.652354E+00   0.260083E+00
 0.130950E+01   0.651603E+00   0.130611E+02   0.681272E+00   0.265782E+00
 0.133900E+01   0.678657E+00   0.130307E+02   0.710930E+00   0.271462E+00
 0.136850E+01   0.706248E+00   0.129932E+02   0.741294E+00   0.277121E+00
 0.139800E+01   0.734337E+00   0.129704E+02   0.772330E+00   0.282760E+00
 0.142750E+01   0.762881E+00   0.129487E+02   0.803995E+00   0.288379E+00
 0.145700E+01   0.791834E+00   0.129280E+02   0.836248E+00   0.293976E+00
 0.148650E+01   0.821147E+00   0.129085E+02   0.869041E+00   0.299551E+00
 0.151600E+01   0.850772E+00   0.128987E+02   0.902324E+00   0.305105E+00
 0.154550E+01   0.880655E+00   0.128852E+02   0.936044E+00   0.310636E+00
 0.157500E+01   0.910745E+00   0.128738E+02   0.970147E+00   0.316144E+00
 0.160450E+01   0.940988E+00   0.128651E+02   0.100458E+01   0.321628E+00
 0.163400E+01   0.971329E+00   0.128593E+02   0.103928E+01   0.327090E+00
 0.166350E+01   0.100172E+01   0.128483E+02   0.107419E+01   0.332528E+00
 0.169300E+01   0.103209E+01   0.128463E+02   0.110925E+01   0.337941E+00
 0.172250E+01   0.106241E+01   0.128385E+02   0.114440E+01   0.343330E+00
 0.175200E+01   0.109262E+01   0.128381E+02   0.117959E+01   0.348695E+00
 0.178150E+01   0.112266E+01   0.128275E+02   0.121475E+01   0.354035E+00
 0.181100E+01   0.115250E+01   0.128315E+02   0.124984E+01   0.359350E+00
 0.184050E+01   0.118209E+01   0.128275E+02   0.128479E+01   0.364641E+00
 0.187000E+01   0.121138E+01   0.128227E+02   0.131955E+01   0.369906E+00
 0.189950E+01   0.124034E+01   0.128219E+02   0.135409E+01   0.375145E+00
 0.192900E+01   0.126892E+01   0.128225E+02   0.138834E+01   0.380360E+00
 0.195850E+01   0.129711E+01   0.128159E+02   0.142226E+01   0.385549E+00
 0.198800E+01   0.132486E+01   0.128088E+02   0.145582E+01   0.390712E+00
 0.201750E+01   0.135215E+01   0.128087E+02   0.148898E+01   0.395851E+00
 0.204700E+01   0.137896E+01   0.128032E+02   0.152170E+01   0.400964E+00
 0.207650E+01   0.140526E+01   0.127987E+02   0.155394E+01   0.406051E+00
 0.210600E+01   0.143104E+01   0.128004E+02   0.158570E+01   0.411113E+00
 0.213550E+01   0.145629E+01   0.127951E+02   0.161693E+01   0.416150E+00
 0.216500E+01   0.148098E+01   0.127882E+02   0.164761E+01   0.421162E+00
 0.219450E+01   0.150512E+01   0.127878E+02   0.167774E+01   0.426149E+00
 0.222400E+01   0.152869E+01   0.127771E+02   0.170728E+01   0.431111E+00
 0.225350E+01   0.155170E+01   0.127715E+02   0.173624E+01   0.436048E+00
 0.228300E+01   0.157413E+01   0.127708E+02   0.176459E+01   0.440961E+00
 0.231250E+01   0.159599E+01   0.127572E+02   0.179234E+01   0.445849E+00
 0.234200E+01   0.161728E+01   0.127521E+02   0.181948E+01   0.450713E+00
 0.237150E+01   0.163800E+01   0.127419E+02   0.184599E+01   0.455552E+00
 0.240100E+01   0.165815E+01   0.127352E+02   0.187189E+01   0.460368E+00
 0.243050E+01   0.167775E+01   0.127329E+02   0.189717E+01   0.465160E+00
 0.246000E+01   0.169680E+01   0.127238E+02   0.192183E+01   0.469929E+00
 0.248950E+01   0.171530E+01   0.127152E+02   0.194588E+01   0.474675E+00
 0.251900E+01   0.173327E+01   0.127044E+02   0.196933E+01   0.479397E+00
 0.254850E+01   0.175071E+01   0.126969E+02   0.199217E+01   0.484097E+00
 0.257800E+01   0.176763E+01   0.126857E+02   0.201441E+01   0.488774E+00
 0.260750E+01   0.178405E+01   0.126816E+02   0.203607E+01   0.493428E+00
 0.263700E+01   0.179998E+01   0.126728E+02   0.205714E+01   0.498061E+00
 0.266650E+01   0.181542E+01   0.126552E+02   0.207765E+01   0.502671E+00
 0.269600E+01   0.183039E+01   0.126531E+02   0.209760E+01   0.507260E+00
 0.272550E+01   0.184490E+01   0.126362E+02   0.211699E+01   0.511828E+00
 0.275500E+01   0.185895E+01   0.126290E+02   0.213585E+01   0.516374E+00
 0.278450E+01   0.187258E+01   0.126205E+02   0.215418E+01   0.520900E+00
 0.281400E+01   0.188577E+01   0.126038E+02   0.217199E+01   0.525405E+00
 0.284350E+01   0.189855E+01   0.125935E+02   0.218929E+01   0.529889E+00
 0.287300E+01   0.191093E+01   0.125819E+02   0.220610E+01   0.534353E+00
 0.290250E+01   0.192292E+01   0.125763E+02   0.222243E+01   0.538797E+00
 0.293200E+01   0.193452E+01   0.125666E+02   0.223828E+01   0.543222E+00
 0.296150E+01   0.194576E+01   0.125500E+02   0.225368E+01   0.547626E+00
 0.299100E+01   0.195664E+01   0.125378E+02   0.226862E+01   0.552012E+00
 0.302050E+01   0.196718E+01   0.125268E+02   0.228313E+01   0.556379E+00
 0.305000E+01   0.197737E+01   0.125148E+02   0.229721E+01   0.560727E+00
 0.307950E+01   0.198724E+01   0.125064E+02   0.231088E+01   0.565056E+00
 0.310900E+01   0.199680E+01   0.124917E+02   0.232414E+01   0.569367E+00
 0.313850E+01   0.200604E+01   0.124780E+02   0.233701E+01   0.573660E+00
 0.316800E+01   0.201499E+01   0.124732E+02   0.234950E+01   0.577934E+00
 0.319750E+01   0.202366E+01   0.124552E+02   0.236162E+01   0.582192E+00
 0.322700E+01   0.203204E+01   0.124488E+02   0.237337E+01   0.586431E+00
 0.325650E+01   0.204015E+01   0.124369E+02   0.238477E+01   0.590654E+00
 0.328600E+01   0.204801E+01   0.124251E+02   0.239583E+01   0.594859E+00
 0.331550E+01   0.205561E+01   0.124044E+02   0.240656E+01   0.599048E+00
 0.334500E+01   0.206296E+01   0.123970E+02   0.241697E+01   0.603220E+00
 0.337450E+01   0.207008E+01   0.123842E+02   0.242706E+01   0.607376E+00
 0.340400E+01   0.207697E+01   0.123711E+02   0.243684E+01   0.611515E+00
 0.343350E+01   0.208363E+01   0.123608E+02   0.244633E+01   0.615638E+00
 0.346300E+01   0.209008E+01   0.123445E+02   0.245554E+01   0.619746E+00
 0.349250E+01   0.209632E+01   0.123352E+02   0.246446E+01   0.623837E+00
 0.352200E+01   0.210236E+01   0.123206E+02   0.247311E+01   0.627914E+00
 0.355150E+01   0.210821E+01   0.123081E+02   0.248150E+01   0.631975E+00
 0.358100E+01   0.211386E+01   0.122967E+02   0.248963E+01   0.636021E+00
 0.361050E+01   0.211934E+01   0.122863E+02   0.249752E+01   0.640052E+00
 0.364000E+01   0.212463E+01   0.122731E+02   0.250516E+01   0.644068E+00
 0.366950E+01   0.212976E+01   0.122657E+02   0.251257E+01   0.648070E+00
 0.369900E+01   0.213471E+01   0.122526E+02   0.251975E+01   0.652057E+00
 0.372850E+01   0.213951E+01   0.122375E+02   0.252670E+01   0.656031E+00
 0.375800E+01   0.214415E+01   0.122237E+02   0.253345E+01   0.659990E+00
 0.378750E+01   0.214864E+01   0.122176E+02   0.253998E+01   0.663935E+00
 0.381700E+01   0.215298E+01   0.122025E+02   0.254632E+01   0.667866E+00
 0.384650E+01   0.215719E+01   0.121900E+02   0.255245E+01   0.671784E+00
 0.387600E+01   0.216125E+01   0.121836E+02   0.255840E+01   0.675689E+00
 0.390550E+01   0.216518E+01   0.121702E+02   0.256416E+01   0.679580E+00
 0.393500E+01   0.216898E+01   0.121598E+02   0.256973E+01   0.683458E+00
 0.396450E+01   0.217266E+01   0.121417E+02   0.257514E+01   0.687323E+00
 0.399400E+01   0.217622E+01   0.121300E+02   0.258037E+01   0.691176E+00
 0.402350E+01   0.217966E+01   0.121242E+02   0.258544E+01   0.695015E+00
 0.405300E+01   0.218298E+01   0.121064E+02   0.259035E+01   0.698843E+00
 0.408250E+01   0.218620E+01   0.121009E+02   0.259510E+01   0.702657E+00
 0.411200E+01   0.218930E+01   0.120851E+02   0.259969E+01   0.706460E+00
 0.414150E+01   0.219231E+01   0.120803E+02   0.260415E+01   0.710250E+00
 0.417100E+01   0.219521E+01   0.120634E+02   0.260845E+01   0.714029E+00
 0.420050E+01   0.219802E+01   0.120544E+02   0.261262E+01   0.717795E+00
 0.423000E+01   0.220073E+01   0.120487E+02   0.261666E+01   0.721550E+00
 0.425950E+01   0.220335E+01   0.120356E+02   0.262056E+01   0.725293E+00
 0.428900E+01   0.220588E+01   0.120170E+02   0.262433E+01   0.729025E+00
 0.431850E+01   0.220832E+01   0.120158E+02   0.262798E+01   0.732745E+00
 0.434800E+01   0.221068E+01   0.119989E+02   0.263151E+01   0.736455E+00
 0.437750E+01   0.221296E+01   0.119912E+02   0.263492E+01   0.740153E+00
 0.440700E+01   0.221516E+01   0.119794E+02   0.263821E+01   0.743840E+00
 0.443650E+01   0.221729E+01   0.119630E+02   0.264140E+01   0.747516E+00
 0.446600E+01   0.221933E+01   0.119612E+02   0.264448E+01   0.751181E+00
 0.449550E+01   0.222131E+01   0.119490E+02   0.264745E+01   0.754836E+00
 0.452500E+01   0.222322E+01   0.119386E+02   0.265032E+01   0.758480E+00
 0.455450E+01   0.222506E+01   0.119299E+02   0.265308E+01   0.762114E+00
 0.458400E+01   0.222683E+01   0.119200E+02   0.265576E+01   0.765737E+00
 0.461350E+01   0.222854E+01   0.119068E+02   0.265833E+01   0.769350E+00
 0.464300E+01   0.223018E+01   0.118904E+02   0.266082E+01   0.772953E+00
 0.467250E+01   0.223176E+01   0.118876E+02   0.266322E+01   0.776546E+00
 0.470200E+01   0.223329E+01   0.118694E+02   0.266553E+01   0.780129E+00
 0.473150E+01   0.223476E+01   0.118661E+02   0.266775E+01   0.783703E+00
 0.476100E+01   0.223617E+01   0.118523E+02   0.266989E+01   0.787266E+00
 0.479050E+01   0.223753E+01   0.118470E+02   0.267196E+01   0.790820E+00
 0.482000E+01   0.223884E+01   0.118352E+02   0.267394E+01   0.794364E+00
 0.484950E+01   0.224009E+01   0.118262E+02   0.267585E+01   0.797899E+00
 0.487900E+01   0.224130E+01   0.118098E+02   0.267769E+01   0.801425E+00
 0.490850E+01   0.224245E+01   0.118029E+02   0.267945E+01   0.804941E+00
 0.493800E+01   0.224356E+01   0.117963E+02   0.268114E+01   0.808448E+00
 0.496750E+01   0.224463E+01   0.117822E+02   0.268276E+01   0.811946E+00
 0.499700E+01   0.224565E+01   0.117735E+02   0.268432E+01   0.815435E+00
 0.502650E+01   0.224662E+01   0.117703E+02   0.268581E+01   0.818915E+00
 0.505600E+01   0.224756E+01   0.117514E+02   0.268724E+01   0.822386E+00
 0.508550E+01   0.224845E+01   0.117464E+02   0.268861E+01   0.825848E+00
 0.511500E+01   0.224930E+01   0.117386E+02   0.268992E+01   0.829302E+00
 0.514450E+01   0.225012E+01   0.117266E+02   0.269117E+01   0.832747E+00
 0.517400E+01   0.225090E+01   0.117238E+02   0.269236E+01   0.836184E+00
 0.520350E+01   0.225164E+01   0.117131E+02   0.269350E+01   0.839612E+00
 0.523300E+01   0.225234E+01   0.116977E+02   0.269458E+01   0.843032E+00
 0.526250E+01   0.225301E+01   0.116955E+02   0.269562E+01   0.846443E+00
 0.529200E+01   0.225365E+01   0.116826E+02   0.269660E+01   0.849847E+00
 0.532150E+01   0.225425E+01   0.116754E+02   0.269753E+01   0.853242E+00
 0.535100E+01   0.225482E+01   0.116640E+02   0.269841E+01   0.856629E+00
 0.538050E+01   0.225537E+01   0.116515E+02   0.269924E+01   0.860008E+00
 0.541000E+01   0.225588E+01   0.116470E+02   0.270003E+01   0.863379E+00
 0.543950E+01   0.225636E+01   0.116393E+02   0.270077E+01   0.866742E+00
 0.546900E+01   0.225681E+01   0.116247E+02   0.270147E+01   0.870098E+00
 0.549850E+01   0.225723E+01   0.116161E+02   0.270212E+01   0.873446E+00
 0.552800E+01   0.225763E+01   0.116069E+02   0.270274E+01   0.876786E+00
 0.555750E+01   0.225800E+01   0.116030E+02   0.270331E+01   0.880118E+00
 0.558700E+01   0.225834E+01   0.115995E+02   0.270384E+01   0.883443E+00
 0.561650E+01   0.225866E+01   0.115874E+02   0.270434E+01   0.886761E+00
 0.564600E+01   0.225895E+01   0.115804E+02   0.270479E+01   0.890071E+00
 0.567550E+01   0.225923E+01   0.115676E+02   0.270521E+01   0.893374E+00
 0.570500E+01   0.225947E+01   0.115612E+02   0.270560E+01   0.896669E+00
 0.573450E+01   0.225970E+01   0.115562E+02   0.270595E+01   0.899957E+00
 0.576400E+01   0.225990E+01   0.115488E+02   0.270626E+01   0.903238E+00
 0.579350E+01   0.226008E+01   0.115410E+02   0.270654E+01   0.906512E+00
 0.582300E+01   0.226024E+01   0.115273E+02   0.270679E+01   0.909779E+00
 0.585250E+01   0.226038E+01   0.115244E+02   0.270701E+01   0.913039E+00
 0.588200E+01   0.226050E+01   0.115148E+02   0.270719E+01   0.916292E+00
 0.591150E+01   0.226060E+01   0.115004E+02   0.270735E+01   0.919538E+00
 0.594100E+01   0.226068E+01   0.114941E+02   0.270747E+01   0.922778E+00
 0.597050E+01   0.226074E+01   0.114905E+02   0.270757E+01   0.926010E+00
