 0.100000E+00   0.327197E+00   0.170940E+03   0.329532E+00   0.209161E-01
 0.129500E+00   0.293492E+00   0.176821E+03   0.295553E+00   0.270697E-01
 0.159000E+00   0.251825E+00   0.181924E+03   0.253533E+00   0.332166E-01
 0.188500E+00   0.180991E+00   0.163261E+03   0.182092E+00   0.393570E-01
 0.218000E+00   0.129201E+00   0.141596E+03   0.129867E+00   0.454912E-01
 0.247500E+00   0.100196E+00   0.115538E+03   0.100618E+00   0.516192E-01
 0.277000E+00   0.906159E-01   0.987524E+02   0.909546E-01   0.577413E-01
 0.306500E+00   0.883000E-01   0.827682E+02   0.886177E-01   0.638576E-01
 0.336000E+00   0.881347E-01   0.742455E+02   0.884536E-01   0.702036E-01
 0.365500E+00   0.906535E-01   0.539952E+02   0.910142E-01   0.763317E-01
 0.395000E+00   0.961586E-01   0.425722E+02   0.966020E-01   0.824519E-01
 0.424500E+00   0.103517E+00   0.400702E+02   0.104076E+00   0.885640E-01
 0.454000E+00   0.112172E+00   0.372374E+02   0.112877E+00   0.946677E-01
 0.483500E+00   0.121869E+00   0.303243E+02   0.122750E+00   0.100763E+00
 0.513000E+00   0.132435E+00   0.260074E+02   0.133523E+00   0.106849E+00
 0.542500E+00   0.143766E+00   0.231115E+02   0.145096E+00   0.112925E+00
 0.572000E+00   0.155802E+00   0.210432E+02   0.157408E+00   0.118993E+00
 0.601500E+00   0.168509E+00   0.195054E+02   0.170432E+00   0.125050E+00
 0.631000E+00   0.181866E+00   0.183405E+02   0.184147E+00   0.131097E+00
 0.660500E+00   0.195597E+00   0.174307E+02   0.198273E+00   0.137134E+00
 0.690000E+00   0.209777E+00   0.167121E+02   0.212890E+00   0.143160E+00
 0.719500E+00   0.224494E+00   0.161212E+02   0.228092E+00   0.149176E+00
 0.749000E+00   0.239794E+00   0.156400E+02   0.243930E+00   0.155180E+00
 0.778500E+00   0.255715E+00   0.152306E+02   0.260447E+00   0.161173E+00
 0.808000E+00   0.272289E+00   0.148796E+02   0.277681E+00   0.167154E+00
 0.837500E+00   0.289542E+00   0.145808E+02   0.295663E+00   0.173122E+00
 0.867000E+00   0.307496E+00   0.143265E+02   0.314423E+00   0.179078E+00
 0.896500E+00   0.326169E+00   0.141119E+02   0.333983E+00   0.185021E+00
 0.926000E+00   0.345574E+00   0.139184E+02   0.354365E+00   0.190950E+00
 0.955500E+00   0.365720E+00   0.137554E+02   0.375583E+00   0.196864E+00
 0.985000E+00   0.386610E+00   0.136064E+02   0.397648E+00   0.202764E+00
 0.101450E+01   0.408246E+00   0.134807E+02   0.420568E+00   0.208649E+00
 0.104400E+01   0.430622E+00   0.133808E+02   0.444345E+00   0.214519E+00
 0.107350E+01   0.453730E+00   0.132797E+02   0.468977E+00   0.220372E+00
 0.110300E+01   0.477556E+00   0.131980E+02   0.494458E+00   0.226209E+00
 0.113250E+01   0.502086E+00   0.131332E+02   0.520780E+00   0.232029E+00
 0.116200E+01   0.527297E+00   0.130665E+02   0.547926E+00   0.237832E+00
 0.119150E+01   0.553167E+00   0.130222E+02   0.575881E+00   0.243617E+00
 0.122100E+01   0.579666E+00   0.129749E+02   0.604621E+00   0.249383E+00
 0.125050E+01   0.606766E+00   0.129408E+02   0.634122E+00   0.255130E+00
 0.128000E+01   0.634431E+00   0.129008E+02   0.664354E+00   0.260858E+00
 0.130950E+01   0.662625E+00   0.128835E+02   0.695286E+00   0.266566E+00
 0.133900E+01   0.691308E+00   0.128618E+02   0.726881E+00   0.272254E+00
 0.136850E+01   0.720439E+00   0.128395E+02   0.759100E+00   0.277921E+00
 0.139800E+01   0.749973E+00   0.128251E+02   0.791901E+00   0.283567E+00
 0.142750E+01   0.779864E+00   0.128094E+02   0.825240E+00   0.289192E+00
 0.145700E+01   0.810066E+00   0.128013E+02   0.859070E+00   0.294795E+00
 0.148650E+01   0.840527E+00   0.128010E+02   0.893341E+00   0.300375E+00
 0.151600E+01   0.871199E+00   0.127869E+02   0.928002E+00   0.305933E+00
 0.154550E+01   0.902031E+00   0.127851E+02   0.963000E+00   0.311468E+00
 0.157500E+01   0.932971E+00   0.127840E+02   0.998280E+00   0.316979E+00
 0.160450E+01   0.963969E+00   0.127835E+02   0.103379E+01   0.322467E+00
 0.163400E+01   0.994972E+00   0.127843E+02   0.106947E+01   0.327931E+00
 0.166350E+01   0.102593E+01   0.127867E+02   0.110526E+01   0.333371E+00
 0.169300E+01   0.105680E+01   0.127883E+02   0.114111E+01   0.338786E+00
 0.172250E+01   0.108752E+01   0.127902E+02   0.117697E+01   0.344177E+00
 0.175200E+01   0.111806E+01   0.127905E+02   0.121277E+01   0.349543E+00
 0.178150E+01   0.114837E+01   0.127909E+02   0.124848E+01   0.354884E+00
 0.181100E+01   0.117840E+01   0.127879E+02   0.128403E+01   0.360199E+00
 0.184050E+01   0.120812E+01   0.127861E+02   0.131937E+01   0.365490E+00
 0.187000E+01   0.123749E+01   0.127941E+02   0.135446E+01   0.370755E+00
 0.189950E+01   0.126648E+01   0.127976E+02   0.138925E+01   0.375995E+00
 0.192900E+01   0.129504E+01   0.127967E+02   0.142371E+01   0.381209E+00
 0.195850E+01   0.132317E+01   0.127923E+02   0.145779E+01   0.386397E+00
 0.198800E+01   0.135082E+01   0.127953E+02   0.149145E+01   0.391560E+00
 0.201750E+01   0.137798E+01   0.127907E+02   0.152466E+01   0.396698E+00
 0.204700E+01   0.140463E+01   0.127881E+02   0.155740E+01   0.401810E+00
 0.207650E+01   0.143075E+01   0.127944E+02   0.158963E+01   0.406897E+00
 0.210600E+01   0.145632E+01   0.127863E+02   0.162133E+01   0.411958E+00
 0.213550E+01   0.148134E+01   0.127834E+02   0.165249E+01   0.416994E+00
 0.216500E+01   0.150579E+01   0.127856E+02   0.168307E+01   0.422005E+00
 0.219450E+01   0.152967E+01   0.127769E+02   0.171306E+01   0.426990E+00
 0.222400E+01   0.155298E+01   0.127790E+02   0.174246E+01   0.431951E+00
 0.225350E+01   0.157570E+01   0.127742E+02   0.177126E+01   0.436887E+00
 0.228300E+01   0.159785E+01   0.127636E+02   0.179943E+01   0.441798E+00
 0.231250E+01   0.161942E+01   0.127594E+02   0.182699E+01   0.446685E+00
 0.234200E+01   0.164042E+01   0.127585E+02   0.185392E+01   0.451548E+00
 0.237150E+01   0.166085E+01   0.127509E+02   0.188022E+01   0.456386E+00
 0.240100E+01   0.168071E+01   0.127392E+02   0.190590E+01   0.461201E+00
 0.243050E+01   0.170001E+01   0.127307E+02   0.193095E+01   0.465992E+00
 0.246000E+01   0.171876E+01   0.127240E+02   0.195538E+01   0.470759E+00
 0.248950E+01   0.173697E+01   0.127230E+02   0.197919E+01   0.475503E+00
 0.251900E+01   0.175465E+01   0.127122E+02   0.200240E+01   0.480224E+00
 0.254850E+01   0.177180E+01   0.127027E+02   0.202499E+01   0.484923E+00
 0.257800E+01   0.178844E+01   0.126934E+02   0.204700E+01   0.489598E+00
 0.260750E+01   0.180458E+01   0.126800E+02   0.206841E+01   0.494252E+00
 0.263700E+01   0.182023E+01   0.126713E+02   0.208924E+01   0.498883E+00
 0.266650E+01   0.183540E+01   0.126694E+02   0.210951E+01   0.503492E+00
 0.269600E+01   0.185010E+01   0.126547E+02   0.212921E+01   0.508080E+00
 0.272550E+01   0.186435E+01   0.126503E+02   0.214837E+01   0.512646E+00
 0.275500E+01   0.187815E+01   0.126359E+02   0.216699E+01   0.517192E+00
 0.278450E+01   0.189152E+01   0.126236E+02   0.218508E+01   0.521716E+00
 0.281400E+01   0.190447E+01   0.126193E+02   0.220265E+01   0.526219E+00
 0.284350E+01   0.191701E+01   0.125999E+02   0.221973E+01   0.530703E+00
 0.287300E+01   0.192915E+01   0.125905E+02   0.223631E+01   0.535166E+00
 0.290250E+01   0.194091E+01   0.125841E+02   0.225241E+01   0.539609E+00
 0.293200E+01   0.195229E+01   0.125748E+02   0.226804E+01   0.544032E+00
 0.296150E+01   0.196331E+01   0.125615E+02   0.228322E+01   0.548436E+00
 0.299100E+01   0.197398E+01   0.125493E+02   0.229795E+01   0.552820E+00
 0.302050E+01   0.198430E+01   0.125365E+02   0.231224E+01   0.557186E+00
 0.305000E+01   0.199429E+01   0.125282E+02   0.232612E+01   0.561533E+00
 0.307950E+01   0.200396E+01   0.125109E+02   0.233958E+01   0.565861E+00
 0.310900E+01   0.201332E+01   0.125062E+02   0.235264E+01   0.570171E+00
 0.313850E+01   0.202238E+01   0.124869E+02   0.236531E+01   0.574463E+00
 0.316800E+01   0.203114E+01   0.124763E+02   0.237760E+01   0.578737E+00
 0.319750E+01   0.203962E+01   0.124721E+02   0.238952E+01   0.582993E+00
 0.322700E+01   0.204783E+01   0.124570E+02   0.240109E+01   0.587232E+00
 0.325650E+01   0.205577E+01   0.124438E+02   0.241231E+01   0.591454E+00
 0.328600E+01   0.206345E+01   0.124287E+02   0.242318E+01   0.595658E+00
 0.331550E+01   0.207089E+01   0.124160E+02   0.243373E+01   0.599846E+00
 0.334500E+01   0.207808E+01   0.124062E+02   0.244396E+01   0.604017E+00
 0.337450E+01   0.208504E+01   0.123997E+02   0.245388E+01   0.608172E+00
 0.340400E+01   0.209178E+01   0.123792E+02   0.246350E+01   0.612310E+00
 0.343350E+01   0.209829E+01   0.123767E+02   0.247282E+01   0.616433E+00
 0.346300E+01   0.210460E+01   0.123565E+02   0.248186E+01   0.620540E+00
 0.349250E+01   0.211070E+01   0.123479E+02   0.249063E+01   0.624631E+00
 0.352200E+01   0.211660E+01   0.123321E+02   0.249912E+01   0.628706E+00
 0.355150E+01   0.212231E+01   0.123224E+02   0.250735E+01   0.632767E+00
 0.358100E+01   0.212783E+01   0.123144E+02   0.251534E+01   0.636812E+00
 0.361050E+01   0.213318E+01   0.122997E+02   0.252307E+01   0.640842E+00
 0.364000E+01   0.213835E+01   0.122921E+02   0.253057E+01   0.644858E+00
 0.366950E+01   0.214335E+01   0.122773E+02   0.253783E+01   0.648859E+00
 0.369900E+01   0.214818E+01   0.122674E+02   0.254487E+01   0.652846E+00
 0.372850E+01   0.215286E+01   0.122509E+02   0.255169E+01   0.656819E+00
 0.375800E+01   0.215739E+01   0.122369E+02   0.255830E+01   0.660777E+00
 0.378750E+01   0.216177E+01   0.122252E+02   0.256470E+01   0.664722E+00
 0.381700E+01   0.216600E+01   0.122149E+02   0.257090E+01   0.668653E+00
 0.384650E+01   0.217009E+01   0.122054E+02   0.257691E+01   0.672570E+00
 0.387600E+01   0.217405E+01   0.121896E+02   0.258273E+01   0.676474E+00
 0.390550E+01   0.217788E+01   0.121870E+02   0.258836E+01   0.680365E+00
 0.393500E+01   0.218158E+01   0.121690E+02   0.259382E+01   0.684242E+00
 0.396450E+01   0.218516E+01   0.121601E+02   0.259910E+01   0.688107E+00
 0.399400E+01   0.218862E+01   0.121512E+02   0.260421E+01   0.691959E+00
 0.402350E+01   0.219197E+01   0.121398E+02   0.260916E+01   0.695798E+00
 0.405300E+01   0.219520E+01   0.121222E+02   0.261396E+01   0.699625E+00
 0.408250E+01   0.219833E+01   0.121146E+02   0.261860E+01   0.703439E+00
 0.411200E+01   0.220135E+01   0.120978E+02   0.262308E+01   0.707241E+00
 0.414150E+01   0.220426E+01   0.120862E+02   0.262743E+01   0.711031E+00
 0.417100E+01   0.220708E+01   0.120845E+02   0.263163E+01   0.714809E+00
 0.420050E+01   0.220981E+01   0.120680E+02   0.263569E+01   0.718575E+00
 0.423000E+01   0.221244E+01   0.120561E+02   0.263962E+01   0.722330E+00
 0.425950E+01   0.221498E+01   0.120436E+02   0.264342E+01   0.726073E+00
 0.428900E+01   0.221743E+01   0.120309E+02   0.264710E+01   0.729804E+00
 0.431850E+01   0.221980E+01   0.120230E+02   0.265065E+01   0.733524E+00
 0.434800E+01   0.222208E+01   0.120156E+02   0.265408E+01   0.737233E+00
 0.437750E+01   0.222429E+01   0.120063E+02   0.265739E+01   0.740930E+00
 0.440700E+01   0.222641E+01   0.119967E+02   0.266059E+01   0.744617E+00
 0.443650E+01   0.222847E+01   0.119831E+02   0.266369E+01   0.748293E+00
 0.446600E+01   0.223045E+01   0.119661E+02   0.266667E+01   0.751958E+00
 0.449550E+01   0.223236E+01   0.119566E+02   0.266955E+01   0.755612E+00
 0.452500E+01   0.223420E+01   0.119550E+02   0.267233E+01   0.759256E+00
 0.455450E+01   0.223597E+01   0.119428E+02   0.267502E+01   0.762890E+00
 0.458400E+01   0.223768E+01   0.119257E+02   0.267760E+01   0.766513E+00
 0.461350E+01   0.223932E+01   0.119165E+02   0.268010E+01   0.770126E+00
 0.464300E+01   0.224091E+01   0.119100E+02   0.268250E+01   0.773729E+00
 0.467250E+01   0.224243E+01   0.119009E+02   0.268481E+01   0.777321E+00
 0.470200E+01   0.224390E+01   0.118840E+02   0.268704E+01   0.780904E+00
 0.473150E+01   0.224531E+01   0.118749E+02   0.268919E+01   0.784477E+00
 0.476100E+01   0.224666E+01   0.118703E+02   0.269125E+01   0.788040E+00
 0.479050E+01   0.224796E+01   0.118571E+02   0.269324E+01   0.791594E+00
 0.482000E+01   0.224921E+01   0.118522E+02   0.269515E+01   0.795138E+00
 0.484950E+01   0.225041E+01   0.118371E+02   0.269698E+01   0.798673E+00
 0.487900E+01   0.225157E+01   0.118293E+02   0.269874E+01   0.802198E+00
 0.490850E+01   0.225267E+01   0.118209E+02   0.270043E+01   0.805714E+00
 0.493800E+01   0.225373E+01   0.118064E+02   0.270205E+01   0.809221E+00
 0.496750E+01   0.225474E+01   0.117980E+02   0.270360E+01   0.812719E+00
 0.499700E+01   0.225571E+01   0.117892E+02   0.270509E+01   0.816207E+00
 0.502650E+01   0.225664E+01   0.117776E+02   0.270652E+01   0.819687E+00
 0.505600E+01   0.225753E+01   0.117694E+02   0.270788E+01   0.823158E+00
 0.508550E+01   0.225837E+01   0.117595E+02   0.270918E+01   0.826621E+00
 0.511500E+01   0.225918E+01   0.117547E+02   0.271042E+01   0.830074E+00
 0.514450E+01   0.225995E+01   0.117432E+02   0.271160E+01   0.833519E+00
 0.517400E+01   0.226068E+01   0.117351E+02   0.271273E+01   0.836956E+00
 0.520350E+01   0.226138E+01   0.117264E+02   0.271381E+01   0.840384E+00
 0.523300E+01   0.226204E+01   0.117117E+02   0.271483E+01   0.843803E+00
 0.526250E+01   0.226267E+01   0.117056E+02   0.271580E+01   0.847215E+00
 0.529200E+01   0.226326E+01   0.116981E+02   0.271672E+01   0.850618E+00
 0.532150E+01   0.226382E+01   0.116891E+02   0.271758E+01   0.854013E+00
 0.535100E+01   0.226435E+01   0.116753E+02   0.271841E+01   0.857400E+00
 0.538050E+01   0.226485E+01   0.116700E+02   0.271918E+01   0.860779E+00
 0.541000E+01   0.226532E+01   0.116591E+02   0.271991E+01   0.864150E+00
 0.543950E+01   0.226577E+01   0.116490E+02   0.272059E+01   0.867513E+00
 0.546900E+01   0.226618E+01   0.116391E+02   0.272124E+01   0.870869E+00
 0.549850E+01   0.226656E+01   0.116354E+02   0.272184E+01   0.874216E+00
 0.552800E+01   0.226692E+01   0.116308E+02   0.272239E+01   0.877556E+00
 0.555750E+01   0.226726E+01   0.116186E+02   0.272291E+01   0.880889E+00
 0.558700E+01   0.226757E+01   0.116056E+02   0.272339E+01   0.884214E+00
 0.561650E+01   0.226785E+01   0.115995E+02   0.272383E+01   0.887531E+00
 0.564600E+01   0.226811E+01   0.115904E+02   0.272424E+01   0.890841E+00
 0.567550E+01   0.226834E+01   0.115870E+02   0.272460E+01   0.894144E+00
 0.570500E+01   0.226856E+01   0.115788E+02   0.272493E+01   0.897439E+00
 0.573450E+01   0.226875E+01   0.115719E+02   0.272523E+01   0.900728E+00
 0.576400E+01   0.226892E+01   0.115609E+02   0.272550E+01   0.904009E+00
 0.579350E+01   0.226906E+01   0.115536E+02   0.272573E+01   0.907283E+00
 0.582300E+01   0.226919E+01   0.115462E+02   0.272593E+01   0.910550E+00
 0.585250E+01   0.226930E+01   0.115394E+02   0.272610E+01   0.913809E+00
 0.588200E+01   0.226939E+01   0.115270E+02   0.272623E+01   0.917062E+00
 0.591150E+01   0.226946E+01   0.115220E+02   0.272634E+01   0.920309E+00
 0.594100E+01   0.226951E+01   0.115118E+02   0.272642E+01   0.923548E+00
 0.597050E+01   0.226954E+01   0.115028E+02   0.272647E+01   0.926780E+00
