 0.100000E+00   0.327197E+00   0.170940E+03   0.329532E+00   0.209161E-01
 0.129500E+00   0.293492E+00   0.176821E+03   0.295553E+00   0.270697E-01
 0.159000E+00   0.251825E+00   0.181924E+03   0.253533E+00   0.332166E-01
 0.188500E+00   0.181782E+00   0.164000E+03   0.182890E+00   0.393570E-01
 0.218000E+00   0.127689E+00   0.139271E+03   0.128342E+00   0.454912E-01
 0.247500E+00   0.999139E-01   0.114685E+03   0.100333E+00   0.516192E-01
 0.277000E+00   0.905951E-01   0.986131E+02   0.909337E-01   0.577413E-01
 0.306500E+00   0.882799E-01   0.827508E+02   0.885976E-01   0.638576E-01
 0.336000E+00   0.881108E-01   0.755579E+02   0.884292E-01   0.701958E-01
 0.365500E+00   0.902895E-01   0.553346E+02   0.906449E-01   0.763235E-01
 0.395000E+00   0.953823E-01   0.437400E+02   0.958137E-01   0.824436E-01
 0.424500E+00   0.102286E+00   0.405678E+02   0.102824E+00   0.885558E-01
 0.454000E+00   0.110461E+00   0.387667E+02   0.111135E+00   0.946598E-01
 0.483500E+00   0.119668E+00   0.313622E+02   0.120505E+00   0.100755E+00
 0.513000E+00   0.129748E+00   0.267566E+02   0.130780E+00   0.106842E+00
 0.542500E+00   0.140609E+00   0.236605E+02   0.141866E+00   0.112920E+00
 0.572000E+00   0.152199E+00   0.214531E+02   0.153716E+00   0.118988E+00
 0.601500E+00   0.164491E+00   0.198220E+02   0.166307E+00   0.125047E+00
 0.631000E+00   0.177469E+00   0.185777E+02   0.179624E+00   0.131096E+00
 0.660500E+00   0.190869E+00   0.176151E+02   0.193400E+00   0.137134E+00
 0.690000E+00   0.204774E+00   0.168456E+02   0.207724E+00   0.143163E+00
 0.719500E+00   0.219267E+00   0.162192E+02   0.222683E+00   0.149180E+00
 0.749000E+00   0.234395E+00   0.157036E+02   0.238331E+00   0.155186E+00
 0.778500E+00   0.250193E+00   0.152735E+02   0.254709E+00   0.161181E+00
 0.808000E+00   0.266692E+00   0.149092E+02   0.271851E+00   0.167164E+00
 0.837500E+00   0.283915E+00   0.145933E+02   0.289789E+00   0.173135E+00
 0.867000E+00   0.301881E+00   0.143303E+02   0.308547E+00   0.179092E+00
 0.896500E+00   0.320605E+00   0.140964E+02   0.328147E+00   0.185037E+00
 0.926000E+00   0.340096E+00   0.138974E+02   0.348604E+00   0.190968E+00
 0.955500E+00   0.360359E+00   0.137249E+02   0.369931E+00   0.196885E+00
 0.985000E+00   0.381393E+00   0.135798E+02   0.392133E+00   0.202787E+00
 0.101450E+01   0.403194E+00   0.134474E+02   0.415214E+00   0.208674E+00
 0.104400E+01   0.425754E+00   0.133376E+02   0.439172E+00   0.214545E+00
 0.107350E+01   0.449058E+00   0.132489E+02   0.464000E+00   0.220400E+00
 0.110300E+01   0.473092E+00   0.131643E+02   0.489689E+00   0.226239E+00
 0.113250E+01   0.497833E+00   0.130948E+02   0.516225E+00   0.232060E+00
 0.116200E+01   0.523258E+00   0.130284E+02   0.543589E+00   0.237864E+00
 0.119150E+01   0.549340E+00   0.129783E+02   0.571762E+00   0.243650E+00
 0.122100E+01   0.576048E+00   0.129317E+02   0.600717E+00   0.249418E+00
 0.125050E+01   0.603350E+00   0.128966E+02   0.630427E+00   0.255167E+00
 0.128000E+01   0.631208E+00   0.128641E+02   0.660861E+00   0.260896E+00
 0.130950E+01   0.659586E+00   0.128408E+02   0.691985E+00   0.266605E+00
 0.133900E+01   0.688441E+00   0.128173E+02   0.723761E+00   0.272294E+00
 0.136850E+01   0.717733E+00   0.128031E+02   0.756150E+00   0.277963E+00
 0.139800E+01   0.747415E+00   0.127863E+02   0.789108E+00   0.283610E+00
 0.142750E+01   0.777442E+00   0.127829E+02   0.822592E+00   0.289236E+00
 0.145700E+01   0.807767E+00   0.127688E+02   0.856554E+00   0.294839E+00
 0.148650E+01   0.838340E+00   0.127621E+02   0.890945E+00   0.300421E+00
 0.151600E+01   0.869112E+00   0.127584E+02   0.925714E+00   0.305980E+00
 0.154550E+01   0.900034E+00   0.127575E+02   0.960809E+00   0.311515E+00
 0.157500E+01   0.931054E+00   0.127623E+02   0.996176E+00   0.317028E+00
 0.160450E+01   0.962123E+00   0.127572E+02   0.103176E+01   0.322517E+00
 0.163400E+01   0.993190E+00   0.127564E+02   0.106751E+01   0.327982E+00
 0.166350E+01   0.102421E+01   0.127572E+02   0.110336E+01   0.333423E+00
 0.169300E+01   0.105512E+01   0.127630E+02   0.113927E+01   0.338839E+00
 0.172250E+01   0.108589E+01   0.127683E+02   0.117518E+01   0.344231E+00
 0.175200E+01   0.111647E+01   0.127685E+02   0.121103E+01   0.349598E+00
 0.178150E+01   0.114682E+01   0.127649E+02   0.124678E+01   0.354940E+00
 0.181100E+01   0.117689E+01   0.127655E+02   0.128236E+01   0.360257E+00
 0.184050E+01   0.120664E+01   0.127668E+02   0.131774E+01   0.365548E+00
 0.187000E+01   0.123604E+01   0.127774E+02   0.135287E+01   0.370814E+00
 0.189950E+01   0.126506E+01   0.127740E+02   0.138770E+01   0.376055E+00
 0.192900E+01   0.129365E+01   0.127791E+02   0.142219E+01   0.381270E+00
 0.195850E+01   0.132181E+01   0.127802E+02   0.145630E+01   0.386460E+00
 0.198800E+01   0.134949E+01   0.127770E+02   0.148999E+01   0.391624E+00
 0.201750E+01   0.137668E+01   0.127768E+02   0.152324E+01   0.396763E+00
 0.204700E+01   0.140335E+01   0.127716E+02   0.155601E+01   0.401876E+00
 0.207650E+01   0.142950E+01   0.127699E+02   0.158828E+01   0.406964E+00
 0.210600E+01   0.145510E+01   0.127768E+02   0.162001E+01   0.412026E+00
 0.213550E+01   0.148015E+01   0.127717E+02   0.165120E+01   0.417063E+00
 0.216500E+01   0.150463E+01   0.127672E+02   0.168182E+01   0.422075E+00
 0.219450E+01   0.152854E+01   0.127667E+02   0.171185E+01   0.427062E+00
 0.222400E+01   0.155187E+01   0.127632E+02   0.174128E+01   0.432024E+00
 0.225350E+01   0.157463E+01   0.127611E+02   0.177011E+01   0.436961E+00
 0.228300E+01   0.159680E+01   0.127517E+02   0.179832E+01   0.441873E+00
 0.231250E+01   0.161840E+01   0.127486E+02   0.182591E+01   0.446761E+00
 0.234200E+01   0.163943E+01   0.127371E+02   0.185288E+01   0.451625E+00
 0.237150E+01   0.165988E+01   0.127390E+02   0.187922E+01   0.456464E+00
 0.240100E+01   0.167977E+01   0.127256E+02   0.190493E+01   0.461280E+00
 0.243050E+01   0.169910E+01   0.127175E+02   0.193002E+01   0.466072E+00
 0.246000E+01   0.171788E+01   0.127109E+02   0.195448E+01   0.470840E+00
 0.248950E+01   0.173611E+01   0.127079E+02   0.197833E+01   0.475585E+00
 0.251900E+01   0.175381E+01   0.126981E+02   0.200157E+01   0.480307E+00
 0.254850E+01   0.177099E+01   0.126881E+02   0.202420E+01   0.485007E+00
 0.257800E+01   0.178766E+01   0.126782E+02   0.204624E+01   0.489683E+00
 0.260750E+01   0.180382E+01   0.126742E+02   0.206768E+01   0.494338E+00
 0.263700E+01   0.181950E+01   0.126610E+02   0.208855E+01   0.498970E+00
 0.266650E+01   0.183469E+01   0.126561E+02   0.210884E+01   0.503580E+00
 0.269600E+01   0.184941E+01   0.126452E+02   0.212858E+01   0.508169E+00
 0.272550E+01   0.186368E+01   0.126403E+02   0.214776E+01   0.512736E+00
 0.275500E+01   0.187750E+01   0.126214E+02   0.216641E+01   0.517282E+00
 0.278450E+01   0.189089E+01   0.126141E+02   0.218453E+01   0.521807E+00
 0.281400E+01   0.190386E+01   0.126087E+02   0.220213E+01   0.526312E+00
 0.284350E+01   0.191642E+01   0.125966E+02   0.221923E+01   0.530796E+00
 0.287300E+01   0.192858E+01   0.125840E+02   0.223584E+01   0.535260E+00
 0.290250E+01   0.194035E+01   0.125714E+02   0.225197E+01   0.539703E+00
 0.293200E+01   0.195175E+01   0.125630E+02   0.226762E+01   0.544128E+00
 0.296150E+01   0.196279E+01   0.125516E+02   0.228282E+01   0.548532E+00
 0.299100E+01   0.197347E+01   0.125363E+02   0.229757E+01   0.552918E+00
 0.302050E+01   0.198381E+01   0.125244E+02   0.231189E+01   0.557284E+00
 0.305000E+01   0.199381E+01   0.125170E+02   0.232579E+01   0.561632E+00
 0.307950E+01   0.200350E+01   0.125104E+02   0.233927E+01   0.565961E+00
 0.310900E+01   0.201287E+01   0.124974E+02   0.235235E+01   0.570271E+00
 0.313850E+01   0.202194E+01   0.124846E+02   0.236504E+01   0.574564E+00
 0.316800E+01   0.203072E+01   0.124682E+02   0.237735E+01   0.578838E+00
 0.319750E+01   0.203921E+01   0.124566E+02   0.238929E+01   0.583095E+00
 0.322700E+01   0.204743E+01   0.124504E+02   0.240088E+01   0.587335E+00
 0.325650E+01   0.205538E+01   0.124330E+02   0.241211E+01   0.591557E+00
 0.328600E+01   0.206308E+01   0.124229E+02   0.242301E+01   0.595762E+00
 0.331550E+01   0.207052E+01   0.124147E+02   0.243357E+01   0.599951E+00
 0.334500E+01   0.207773E+01   0.124047E+02   0.244382E+01   0.604123E+00
 0.337450E+01   0.208470E+01   0.123867E+02   0.245375E+01   0.608278E+00
 0.340400E+01   0.209144E+01   0.123721E+02   0.246338E+01   0.612417E+00
 0.343350E+01   0.209797E+01   0.123636E+02   0.247272E+01   0.616540E+00
 0.346300E+01   0.210428E+01   0.123515E+02   0.248177E+01   0.620647E+00
 0.349250E+01   0.211039E+01   0.123390E+02   0.249055E+01   0.624739E+00
 0.352200E+01   0.211630E+01   0.123298E+02   0.249906E+01   0.628815E+00
 0.355150E+01   0.212202E+01   0.123181E+02   0.250730E+01   0.632876E+00
 0.358100E+01   0.212755E+01   0.123032E+02   0.251530E+01   0.636922E+00
 0.361050E+01   0.213290E+01   0.122881E+02   0.252304E+01   0.640953E+00
 0.364000E+01   0.213808E+01   0.122843E+02   0.253055E+01   0.644969E+00
 0.366950E+01   0.214308E+01   0.122726E+02   0.253783E+01   0.648971E+00
 0.369900E+01   0.214793E+01   0.122599E+02   0.254488E+01   0.652958E+00
 0.372850E+01   0.215261E+01   0.122420E+02   0.255171E+01   0.656931E+00
 0.375800E+01   0.215715E+01   0.122359E+02   0.255833E+01   0.660890E+00
 0.378750E+01   0.216153E+01   0.122214E+02   0.256474E+01   0.664835E+00
 0.381700E+01   0.216577E+01   0.122097E+02   0.257095E+01   0.668767E+00
 0.384650E+01   0.216987E+01   0.122003E+02   0.257696E+01   0.672685E+00
 0.387600E+01   0.217383E+01   0.121909E+02   0.258279E+01   0.676589E+00
 0.390550E+01   0.217767E+01   0.121784E+02   0.258843E+01   0.680480E+00
 0.393500E+01   0.218137E+01   0.121624E+02   0.259390E+01   0.684358E+00
 0.396450E+01   0.218496E+01   0.121503E+02   0.259919E+01   0.688224E+00
 0.399400E+01   0.218842E+01   0.121430E+02   0.260431E+01   0.692076E+00
 0.402350E+01   0.219177E+01   0.121257E+02   0.260927E+01   0.695916E+00
 0.405300E+01   0.219501E+01   0.121172E+02   0.261407E+01   0.699743E+00
 0.408250E+01   0.219814E+01   0.121073E+02   0.261872E+01   0.703557E+00
 0.411200E+01   0.220116E+01   0.120965E+02   0.262321E+01   0.707360E+00
 0.414150E+01   0.220409E+01   0.120869E+02   0.262756E+01   0.711150E+00
 0.417100E+01   0.220691E+01   0.120761E+02   0.263177E+01   0.714929E+00
 0.420050E+01   0.220964E+01   0.120600E+02   0.263584E+01   0.718695E+00
 0.423000E+01   0.221227E+01   0.120480E+02   0.263978E+01   0.722450E+00
 0.425950E+01   0.221481E+01   0.120423E+02   0.264358E+01   0.726193E+00
 0.428900E+01   0.221727E+01   0.120297E+02   0.264726E+01   0.729925E+00
 0.431850E+01   0.221964E+01   0.120160E+02   0.265082E+01   0.733645E+00
 0.434800E+01   0.222193E+01   0.120067E+02   0.265426E+01   0.737355E+00
 0.437750E+01   0.222414E+01   0.119988E+02   0.265758E+01   0.741053E+00
 0.440700E+01   0.222627E+01   0.119854E+02   0.266078E+01   0.744740E+00
 0.443650E+01   0.222833E+01   0.119725E+02   0.266388E+01   0.748416E+00
 0.446600E+01   0.223031E+01   0.119663E+02   0.266687E+01   0.752081E+00
 0.449550E+01   0.223222E+01   0.119580E+02   0.266976E+01   0.755736E+00
 0.452500E+01   0.223406E+01   0.119450E+02   0.267254E+01   0.759380E+00
 0.455450E+01   0.223584E+01   0.119294E+02   0.267523E+01   0.763014E+00
 0.458400E+01   0.223755E+01   0.119268E+02   0.267782E+01   0.766638E+00
 0.461350E+01   0.223920E+01   0.119172E+02   0.268032E+01   0.770251E+00
 0.464300E+01   0.224078E+01   0.118983E+02   0.268273E+01   0.773854E+00
 0.467250E+01   0.224231E+01   0.118973E+02   0.268505E+01   0.777447E+00
 0.470200E+01   0.224378E+01   0.118788E+02   0.268728E+01   0.781030E+00
 0.473150E+01   0.224519E+01   0.118741E+02   0.268943E+01   0.784604E+00
 0.476100E+01   0.224655E+01   0.118619E+02   0.269150E+01   0.788167E+00
 0.479050E+01   0.224785E+01   0.118505E+02   0.269349E+01   0.791721E+00
 0.482000E+01   0.224911E+01   0.118420E+02   0.269540E+01   0.795266E+00
 0.484950E+01   0.225031E+01   0.118287E+02   0.269724E+01   0.798801E+00
 0.487900E+01   0.225146E+01   0.118222E+02   0.269900E+01   0.802326E+00
 0.490850E+01   0.225257E+01   0.118152E+02   0.270069E+01   0.805843E+00
 0.493800E+01   0.225363E+01   0.118040E+02   0.270232E+01   0.809350E+00
 0.496750E+01   0.225465E+01   0.117924E+02   0.270387E+01   0.812848E+00
 0.499700E+01   0.225562E+01   0.117868E+02   0.270536E+01   0.816337E+00
 0.502650E+01   0.225655E+01   0.117718E+02   0.270679E+01   0.819817E+00
 0.505600E+01   0.225743E+01   0.117659E+02   0.270816E+01   0.823288E+00
 0.508550E+01   0.225828E+01   0.117510E+02   0.270946E+01   0.826751E+00
 0.511500E+01   0.225909E+01   0.117418E+02   0.271070E+01   0.830205E+00
 0.514450E+01   0.225986E+01   0.117350E+02   0.271189E+01   0.833650E+00
 0.517400E+01   0.226060E+01   0.117231E+02   0.271302E+01   0.837087E+00
 0.520350E+01   0.226130E+01   0.117161E+02   0.271410E+01   0.840515E+00
 0.523300E+01   0.226196E+01   0.117122E+02   0.271512E+01   0.843935E+00
 0.526250E+01   0.226259E+01   0.116985E+02   0.271610E+01   0.847347E+00
 0.529200E+01   0.226318E+01   0.116912E+02   0.271702E+01   0.850750E+00
 0.532150E+01   0.226375E+01   0.116816E+02   0.271789E+01   0.854146E+00
 0.535100E+01   0.226428E+01   0.116780E+02   0.271871E+01   0.857533E+00
 0.538050E+01   0.226478E+01   0.116665E+02   0.271949E+01   0.860912E+00
 0.541000E+01   0.226525E+01   0.116592E+02   0.272022E+01   0.864284E+00
 0.543950E+01   0.226570E+01   0.116517E+02   0.272091E+01   0.867647E+00
 0.546900E+01   0.226611E+01   0.116361E+02   0.272155E+01   0.871003E+00
 0.549850E+01   0.226650E+01   0.116290E+02   0.272215E+01   0.874351E+00
 0.552800E+01   0.226686E+01   0.116185E+02   0.272271E+01   0.877691E+00
 0.555750E+01   0.226719E+01   0.116144E+02   0.272323E+01   0.881024E+00
 0.558700E+01   0.226750E+01   0.116080E+02   0.272372E+01   0.884349E+00
 0.561650E+01   0.226779E+01   0.115960E+02   0.272416E+01   0.887666E+00
 0.564600E+01   0.226805E+01   0.115893E+02   0.272456E+01   0.890977E+00
 0.567550E+01   0.226828E+01   0.115777E+02   0.272493E+01   0.894280E+00
 0.570500E+01   0.226850E+01   0.115729E+02   0.272527E+01   0.897575E+00
 0.573450E+01   0.226869E+01   0.115666E+02   0.272557E+01   0.900864E+00
 0.576400E+01   0.226886E+01   0.115489E+02   0.272583E+01   0.904145E+00
 0.579350E+01   0.226901E+01   0.115412E+02   0.272607E+01   0.907419E+00
 0.582300E+01   0.226914E+01   0.115418E+02   0.272627E+01   0.910687E+00
 0.585250E+01   0.226925E+01   0.115249E+02   0.272644E+01   0.913947E+00
 0.588200E+01   0.226934E+01   0.115184E+02   0.272658E+01   0.917200E+00
 0.591150E+01   0.226941E+01   0.115123E+02   0.272669E+01   0.920446E+00
 0.594100E+01   0.226946E+01   0.115053E+02   0.272677E+01   0.923686E+00
 0.597050E+01   0.226949E+01   0.115003E+02   0.272682E+01   0.926919E+00
