 0.100000E+00   0.327197E+00   0.170940E+03   0.329532E+00   0.209161E-01
 0.129500E+00   0.293492E+00   0.176821E+03   0.295553E+00   0.270697E-01
 0.159000E+00   0.252362E+00   0.182296E+03   0.254074E+00   0.332166E-01
 0.188500E+00   0.181523E+00   0.163758E+03   0.182629E+00   0.393570E-01
 0.218000E+00   0.129497E+00   0.142049E+03   0.130166E+00   0.454912E-01
 0.247500E+00   0.999908E-01   0.114918E+03   0.100410E+00   0.516192E-01
 0.277000E+00   0.906568E-01   0.990276E+02   0.909960E-01   0.577413E-01
 0.306500E+00   0.882555E-01   0.802821E+02   0.885712E-01   0.638576E-01
 0.336000E+00   0.938485E-01   0.467714E+02   0.942234E-01   0.700654E-01
 0.365500E+00   0.102830E+00   0.402521E+02   0.103315E+00   0.761718E-01
 0.395000E+00   0.113104E+00   0.386684E+02   0.113732E+00   0.822693E-01
 0.424500E+00   0.124138E+00   0.313810E+02   0.124937E+00   0.883579E-01
 0.454000E+00   0.135697E+00   0.268284E+02   0.136695E+00   0.944374E-01
 0.483500E+00   0.147667E+00   0.238657E+02   0.148892E+00   0.100508E+00
 0.513000E+00   0.159996E+00   0.218052E+02   0.161476E+00   0.106568E+00
 0.542500E+00   0.172661E+00   0.202973E+02   0.174427E+00   0.112620E+00
 0.572000E+00   0.185379E+00   0.191609E+02   0.187454E+00   0.118661E+00
 0.601500E+00   0.198070E+00   0.182880E+02   0.200476E+00   0.124693E+00
 0.631000E+00   0.210933E+00   0.175731E+02   0.213699E+00   0.130715E+00
 0.660500E+00   0.224054E+00   0.169854E+02   0.227212E+00   0.136727E+00
 0.690000E+00   0.237501E+00   0.164878E+02   0.241085E+00   0.142728E+00
 0.719500E+00   0.251331E+00   0.160645E+02   0.255380E+00   0.148720E+00
 0.749000E+00   0.265595E+00   0.156949E+02   0.270153E+00   0.154700E+00
 0.778500E+00   0.280340E+00   0.153780E+02   0.285455E+00   0.160670E+00
 0.808000E+00   0.295606E+00   0.150866E+02   0.301331E+00   0.166628E+00
 0.837500E+00   0.311432E+00   0.148351E+02   0.317824E+00   0.172574E+00
 0.867000E+00   0.327849E+00   0.146155E+02   0.334971E+00   0.178508E+00
 0.896500E+00   0.344886E+00   0.144090E+02   0.352808E+00   0.184430E+00
 0.926000E+00   0.362568E+00   0.142303E+02   0.371364E+00   0.190338E+00
 0.955500E+00   0.380914E+00   0.140780E+02   0.390666E+00   0.196233E+00
 0.985000E+00   0.399940E+00   0.139346E+02   0.410735E+00   0.202114E+00
 0.101450E+01   0.419658E+00   0.137992E+02   0.431588E+00   0.207981E+00
 0.104400E+01   0.440074E+00   0.136829E+02   0.453241E+00   0.213833E+00
 0.107350E+01   0.461191E+00   0.135785E+02   0.475703E+00   0.219670E+00
 0.110300E+01   0.483009E+00   0.134912E+02   0.498979E+00   0.225491E+00
 0.113250E+01   0.505522E+00   0.134036E+02   0.523071E+00   0.231296E+00
 0.116200E+01   0.528720E+00   0.133358E+02   0.547976E+00   0.237084E+00
 0.119150E+01   0.552592E+00   0.132688E+02   0.573689E+00   0.242855E+00
 0.122100E+01   0.577119E+00   0.132080E+02   0.600197E+00   0.248608E+00
 0.125050E+01   0.602282E+00   0.131554E+02   0.627486E+00   0.254344E+00
 0.128000E+01   0.628055E+00   0.131106E+02   0.655538E+00   0.260061E+00
 0.130950E+01   0.654410E+00   0.130735E+02   0.684330E+00   0.265758E+00
 0.133900E+01   0.681317E+00   0.130432E+02   0.713835E+00   0.271437E+00
 0.136850E+01   0.708741E+00   0.130118E+02   0.744023E+00   0.277096E+00
 0.139800E+01   0.736643E+00   0.129822E+02   0.774860E+00   0.282734E+00
 0.142750E+01   0.764984E+00   0.129644E+02   0.806308E+00   0.288351E+00
 0.145700E+01   0.793721E+00   0.129434E+02   0.838327E+00   0.293948E+00
 0.148650E+01   0.822809E+00   0.129265E+02   0.870871E+00   0.299522E+00
 0.151600E+01   0.852199E+00   0.129113E+02   0.903895E+00   0.305075E+00
 0.154550E+01   0.881844E+00   0.128902E+02   0.937349E+00   0.310605E+00
 0.157500E+01   0.911692E+00   0.128832E+02   0.971181E+00   0.316113E+00
 0.160450E+01   0.941694E+00   0.128743E+02   0.100534E+01   0.321598E+00
 0.163400E+01   0.971798E+00   0.128666E+02   0.103976E+01   0.327059E+00
 0.166350E+01   0.100195E+01   0.128610E+02   0.107440E+01   0.332497E+00
 0.169300E+01   0.103210E+01   0.128592E+02   0.110920E+01   0.337911E+00
 0.172250E+01   0.106220E+01   0.128534E+02   0.114410E+01   0.343300E+00
 0.175200E+01   0.109220E+01   0.128406E+02   0.117903E+01   0.348665E+00
 0.178150E+01   0.112205E+01   0.128399E+02   0.121396E+01   0.354006E+00
 0.181100E+01   0.115170E+01   0.128425E+02   0.124882E+01   0.359322E+00
 0.184050E+01   0.118111E+01   0.128357E+02   0.128356E+01   0.364613E+00
 0.187000E+01   0.121024E+01   0.128342E+02   0.131813E+01   0.369879E+00
 0.189950E+01   0.123905E+01   0.128232E+02   0.135247E+01   0.375119E+00
 0.192900E+01   0.126750E+01   0.128246E+02   0.138655E+01   0.380335E+00
 0.195850E+01   0.129557E+01   0.128245E+02   0.142032E+01   0.385525E+00
 0.198800E+01   0.132321E+01   0.128197E+02   0.145373E+01   0.390689E+00
 0.201750E+01   0.135040E+01   0.128117E+02   0.148676E+01   0.395829E+00
 0.204700E+01   0.137712E+01   0.128141E+02   0.151935E+01   0.400943E+00
 0.207650E+01   0.140335E+01   0.128025E+02   0.155150E+01   0.406032E+00
 0.210600E+01   0.142906E+01   0.128041E+02   0.158315E+01   0.411095E+00
 0.213550E+01   0.145425E+01   0.127951E+02   0.161430E+01   0.416134E+00
 0.216500E+01   0.147890E+01   0.127906E+02   0.164492E+01   0.421147E+00
 0.219450E+01   0.150300E+01   0.127886E+02   0.167498E+01   0.426135E+00
 0.222400E+01   0.152654E+01   0.127873E+02   0.170447E+01   0.431099E+00
 0.225350E+01   0.154952E+01   0.127817E+02   0.173338E+01   0.436037E+00
 0.228300E+01   0.157193E+01   0.127754E+02   0.176170E+01   0.440951E+00
 0.231250E+01   0.159378E+01   0.127675E+02   0.178942E+01   0.445841E+00
 0.234200E+01   0.161506E+01   0.127617E+02   0.181654E+01   0.450706E+00
 0.237150E+01   0.163578E+01   0.127487E+02   0.184304E+01   0.455548E+00
 0.240100E+01   0.165593E+01   0.127444E+02   0.186892E+01   0.460365E+00
 0.243050E+01   0.167554E+01   0.127375E+02   0.189420E+01   0.465159E+00
 0.246000E+01   0.169459E+01   0.127283E+02   0.191886E+01   0.469929E+00
 0.248950E+01   0.171310E+01   0.127154E+02   0.194291E+01   0.474676E+00
 0.251900E+01   0.173108E+01   0.127114E+02   0.196636E+01   0.479400E+00
 0.254850E+01   0.174854E+01   0.127035E+02   0.198921E+01   0.484101E+00
 0.257800E+01   0.176548E+01   0.126919E+02   0.201147E+01   0.488779E+00
 0.260750E+01   0.178192E+01   0.126809E+02   0.203314E+01   0.493435E+00
 0.263700E+01   0.179787E+01   0.126723E+02   0.205423E+01   0.498069E+00
 0.266650E+01   0.181333E+01   0.126621E+02   0.207476E+01   0.502681E+00
 0.269600E+01   0.182832E+01   0.126545E+02   0.209472E+01   0.507272E+00
 0.272550E+01   0.184285E+01   0.126404E+02   0.211414E+01   0.511841E+00
 0.275500E+01   0.185693E+01   0.126245E+02   0.213302E+01   0.516389E+00
 0.278450E+01   0.187057E+01   0.126233E+02   0.215137E+01   0.520915E+00
 0.281400E+01   0.188379E+01   0.126079E+02   0.216920E+01   0.525422E+00
 0.284350E+01   0.189660E+01   0.126004E+02   0.218653E+01   0.529907E+00
 0.287300E+01   0.190900E+01   0.125872E+02   0.220337E+01   0.534373E+00
 0.290250E+01   0.192101E+01   0.125787E+02   0.221972E+01   0.538818E+00
 0.293200E+01   0.193264E+01   0.125614E+02   0.223560E+01   0.543244E+00
 0.296150E+01   0.194390E+01   0.125490E+02   0.225102E+01   0.547650E+00
 0.299100E+01   0.195480E+01   0.125380E+02   0.226599E+01   0.552037E+00
 0.302050E+01   0.196536E+01   0.125296E+02   0.228052E+01   0.556405E+00
 0.305000E+01   0.197558E+01   0.125135E+02   0.229463E+01   0.560754E+00
 0.307950E+01   0.198547E+01   0.125034E+02   0.230832E+01   0.565084E+00
 0.310900E+01   0.199505E+01   0.124941E+02   0.232161E+01   0.569396E+00
 0.313850E+01   0.200431E+01   0.124754E+02   0.233451E+01   0.573690E+00
 0.316800E+01   0.201329E+01   0.124639E+02   0.234702E+01   0.577966E+00
 0.319750E+01   0.202197E+01   0.124583E+02   0.235916E+01   0.582225E+00
 0.322700E+01   0.203037E+01   0.124410E+02   0.237094E+01   0.586466E+00
 0.325650E+01   0.203851E+01   0.124303E+02   0.238236E+01   0.590689E+00
 0.328600E+01   0.204638E+01   0.124247E+02   0.239345E+01   0.594896E+00
 0.331550E+01   0.205400E+01   0.124114E+02   0.240420E+01   0.599085E+00
 0.334500E+01   0.206137E+01   0.123922E+02   0.241463E+01   0.603258E+00
 0.337450E+01   0.206851E+01   0.123852E+02   0.242474E+01   0.607415E+00
 0.340400E+01   0.207541E+01   0.123679E+02   0.243455E+01   0.611555E+00
 0.343350E+01   0.208210E+01   0.123630E+02   0.244406E+01   0.615680E+00
 0.346300E+01   0.208856E+01   0.123483E+02   0.245329E+01   0.619788E+00
 0.349250E+01   0.209482E+01   0.123328E+02   0.246223E+01   0.623881E+00
 0.352200E+01   0.210088E+01   0.123273E+02   0.247090E+01   0.627958E+00
 0.355150E+01   0.210674E+01   0.123063E+02   0.247931E+01   0.632020E+00
 0.358100E+01   0.211241E+01   0.122956E+02   0.248746E+01   0.636067E+00
 0.361050E+01   0.211790E+01   0.122825E+02   0.249537E+01   0.640099E+00
 0.364000E+01   0.212321E+01   0.122751E+02   0.250303E+01   0.644116E+00
 0.366950E+01   0.212835E+01   0.122627E+02   0.251046E+01   0.648119E+00
 0.369900E+01   0.213332E+01   0.122461E+02   0.251765E+01   0.652107E+00
 0.372850E+01   0.213813E+01   0.122426E+02   0.252463E+01   0.656081E+00
 0.375800E+01   0.214279E+01   0.122220E+02   0.253139E+01   0.660041E+00
 0.378750E+01   0.214729E+01   0.122148E+02   0.253795E+01   0.663987E+00
 0.381700E+01   0.215165E+01   0.121989E+02   0.254430E+01   0.667920E+00
 0.384650E+01   0.215586E+01   0.121954E+02   0.255045E+01   0.671838E+00
 0.387600E+01   0.215994E+01   0.121776E+02   0.255641E+01   0.675744E+00
 0.390550E+01   0.216388E+01   0.121674E+02   0.256219E+01   0.679636E+00
 0.393500E+01   0.216769E+01   0.121594E+02   0.256778E+01   0.683515E+00
 0.396450E+01   0.217138E+01   0.121446E+02   0.257320E+01   0.687381E+00
 0.399400E+01   0.217495E+01   0.121336E+02   0.257845E+01   0.691234E+00
 0.402350E+01   0.217840E+01   0.121179E+02   0.258353E+01   0.695074E+00
 0.405300E+01   0.218174E+01   0.121132E+02   0.258845E+01   0.698902E+00
 0.408250E+01   0.218496E+01   0.120942E+02   0.259322E+01   0.702717E+00
 0.411200E+01   0.218808E+01   0.120862E+02   0.259783E+01   0.706521E+00
 0.414150E+01   0.219110E+01   0.120766E+02   0.260230E+01   0.710312E+00
 0.417100E+01   0.219401E+01   0.120607E+02   0.260662E+01   0.714091E+00
 0.420050E+01   0.219682E+01   0.120522E+02   0.261080E+01   0.717858E+00
 0.423000E+01   0.219955E+01   0.120458E+02   0.261485E+01   0.721614E+00
 0.425950E+01   0.220217E+01   0.120319E+02   0.261876E+01   0.725358E+00
 0.428900E+01   0.220471E+01   0.120196E+02   0.262255E+01   0.729090E+00
 0.431850E+01   0.220717E+01   0.120082E+02   0.262621E+01   0.732811E+00
 0.434800E+01   0.220954E+01   0.120019E+02   0.262975E+01   0.736521E+00
 0.437750E+01   0.221182E+01   0.119924E+02   0.263317E+01   0.740220E+00
 0.440700E+01   0.221403E+01   0.119758E+02   0.263648E+01   0.743907E+00
 0.443650E+01   0.221616E+01   0.119690E+02   0.263967E+01   0.747584E+00
 0.446600E+01   0.221822E+01   0.119515E+02   0.264276E+01   0.751250E+00
 0.449550E+01   0.222020E+01   0.119467E+02   0.264574E+01   0.754905E+00
 0.452500E+01   0.222212E+01   0.119396E+02   0.264862E+01   0.758550E+00
 0.455450E+01   0.222396E+01   0.119272E+02   0.265140E+01   0.762184E+00
 0.458400E+01   0.222574E+01   0.119183E+02   0.265409E+01   0.765808E+00
 0.461350E+01   0.222746E+01   0.119042E+02   0.265667E+01   0.769422E+00
 0.464300E+01   0.222911E+01   0.118932E+02   0.265917E+01   0.773026E+00
 0.467250E+01   0.223070E+01   0.118841E+02   0.266158E+01   0.776619E+00
 0.470200E+01   0.223223E+01   0.118712E+02   0.266390E+01   0.780203E+00
 0.473150E+01   0.223371E+01   0.118596E+02   0.266613E+01   0.783777E+00
 0.476100E+01   0.223513E+01   0.118516E+02   0.266828E+01   0.787341E+00
 0.479050E+01   0.223649E+01   0.118412E+02   0.267036E+01   0.790895E+00
 0.482000E+01   0.223781E+01   0.118336E+02   0.267235E+01   0.794440E+00
 0.484950E+01   0.223907E+01   0.118199E+02   0.267427E+01   0.797976E+00
 0.487900E+01   0.224028E+01   0.118141E+02   0.267611E+01   0.801502E+00
 0.490850E+01   0.224144E+01   0.117999E+02   0.267788E+01   0.805018E+00
 0.493800E+01   0.224256E+01   0.117918E+02   0.267958E+01   0.808526E+00
 0.496750E+01   0.224363E+01   0.117842E+02   0.268122E+01   0.812024E+00
 0.499700E+01   0.224465E+01   0.117694E+02   0.268278E+01   0.815514E+00
 0.502650E+01   0.224563E+01   0.117666E+02   0.268428E+01   0.818994E+00
 0.505600E+01   0.224657E+01   0.117599E+02   0.268572E+01   0.822466E+00
 0.508550E+01   0.224747E+01   0.117423E+02   0.268710E+01   0.825929E+00
 0.511500E+01   0.224833E+01   0.117346E+02   0.268841E+01   0.829383E+00
 0.514450E+01   0.224915E+01   0.117276E+02   0.268967E+01   0.832829E+00
 0.517400E+01   0.224994E+01   0.117227E+02   0.269087E+01   0.836266E+00
 0.520350E+01   0.225068E+01   0.117065E+02   0.269202E+01   0.839695E+00
 0.523300E+01   0.225139E+01   0.116988E+02   0.269311E+01   0.843115E+00
 0.526250E+01   0.225207E+01   0.116857E+02   0.269415E+01   0.846527E+00
 0.529200E+01   0.225271E+01   0.116762E+02   0.269513E+01   0.849931E+00
 0.532150E+01   0.225332E+01   0.116697E+02   0.269607E+01   0.853326E+00
 0.535100E+01   0.225389E+01   0.116663E+02   0.269696E+01   0.856714E+00
 0.538050E+01   0.225444E+01   0.116494E+02   0.269780E+01   0.860093E+00
 0.541000E+01   0.225495E+01   0.116423E+02   0.269859E+01   0.863465E+00
 0.543950E+01   0.225544E+01   0.116372E+02   0.269934E+01   0.866829E+00
 0.546900E+01   0.225589E+01   0.116322E+02   0.270005E+01   0.870185E+00
 0.549850E+01   0.225632E+01   0.116145E+02   0.270071E+01   0.873533E+00
 0.552800E+01   0.225672E+01   0.116079E+02   0.270133E+01   0.876873E+00
 0.555750E+01   0.225710E+01   0.115980E+02   0.270191E+01   0.880206E+00
 0.558700E+01   0.225744E+01   0.115961E+02   0.270245E+01   0.883532E+00
 0.561650E+01   0.225777E+01   0.115830E+02   0.270295E+01   0.886850E+00
 0.564600E+01   0.225807E+01   0.115766E+02   0.270341E+01   0.890160E+00
 0.567550E+01   0.225834E+01   0.115684E+02   0.270384E+01   0.893463E+00
 0.570500E+01   0.225859E+01   0.115604E+02   0.270423E+01   0.896759E+00
 0.573450E+01   0.225882E+01   0.115559E+02   0.270458E+01   0.900048E+00
 0.576400E+01   0.225902E+01   0.115438E+02   0.270490E+01   0.903329E+00
 0.579350E+01   0.225921E+01   0.115309E+02   0.270519E+01   0.906604E+00
 0.582300E+01   0.225937E+01   0.115290E+02   0.270544E+01   0.909871E+00
 0.585250E+01   0.225951E+01   0.115180E+02   0.270566E+01   0.913131E+00
 0.588200E+01   0.225964E+01   0.115059E+02   0.270586E+01   0.916385E+00
 0.591150E+01   0.225974E+01   0.115073E+02   0.270602E+01   0.919631E+00
 0.594100E+01   0.225982E+01   0.114914E+02   0.270615E+01   0.922871E+00
 0.597050E+01   0.225989E+01   0.114844E+02   0.270625E+01   0.926104E+00
