 0.100000E+00   0.327197E+00   0.170940E+03   0.329532E+00   0.209161E-01
 0.129500E+00   0.293492E+00   0.176821E+03   0.295553E+00   0.270697E-01
 0.159000E+00   0.250730E+00   0.181163E+03   0.252428E+00   0.332166E-01
 0.188500E+00   0.181812E+00   0.164028E+03   0.182921E+00   0.393570E-01
 0.218000E+00   0.129544E+00   0.142120E+03   0.130212E+00   0.454912E-01
 0.247500E+00   0.100271E+00   0.115762E+03   0.100693E+00   0.516192E-01
 0.277000E+00   0.906138E-01   0.987386E+02   0.909525E-01   0.577413E-01
 0.306500E+00   0.883380E-01   0.855868E+02   0.886583E-01   0.638576E-01
 0.336000E+00   0.881352E-01   0.824124E+02   0.884547E-01   0.702127E-01
 0.365500E+00   0.890666E-01   0.606659E+02   0.894116E-01   0.763432E-01
 0.395000E+00   0.932860E-01   0.464639E+02   0.936977E-01   0.824662E-01
 0.424500E+00   0.995585E-01   0.402832E+02   0.100069E+00   0.885814E-01
 0.454000E+00   0.107227E+00   0.393881E+02   0.107865E+00   0.946886E-01
 0.483500E+00   0.115994E+00   0.331620E+02   0.116786E+00   0.100787E+00
 0.513000E+00   0.125683E+00   0.278874E+02   0.126660E+00   0.106878E+00
 0.542500E+00   0.136188E+00   0.244059E+02   0.137380E+00   0.112959E+00
 0.572000E+00   0.147447E+00   0.219691E+02   0.148889E+00   0.119031E+00
 0.601500E+00   0.159430E+00   0.201775E+02   0.161159E+00   0.125094E+00
 0.631000E+00   0.172125E+00   0.188282E+02   0.174181E+00   0.131147E+00
 0.660500E+00   0.185404E+00   0.177839E+02   0.187827E+00   0.137190E+00
 0.690000E+00   0.199147E+00   0.169606E+02   0.201979E+00   0.143222E+00
 0.719500E+00   0.213486E+00   0.162994E+02   0.216774E+00   0.149243E+00
 0.749000E+00   0.228474E+00   0.157497E+02   0.232270E+00   0.155254E+00
 0.778500E+00   0.244150E+00   0.152900E+02   0.248514E+00   0.161253E+00
 0.808000E+00   0.260547E+00   0.149093E+02   0.265544E+00   0.167241E+00
 0.837500E+00   0.277692E+00   0.145793E+02   0.283393E+00   0.173216E+00
 0.867000E+00   0.295607E+00   0.143029E+02   0.302090E+00   0.179178E+00
 0.896500E+00   0.314308E+00   0.140622E+02   0.321658E+00   0.185127E+00
 0.926000E+00   0.333808E+00   0.138640E+02   0.342117E+00   0.191063E+00
 0.955500E+00   0.354113E+00   0.136883E+02   0.363480E+00   0.196984E+00
 0.985000E+00   0.375225E+00   0.135348E+02   0.385756E+00   0.202891E+00
 0.101450E+01   0.397140E+00   0.134026E+02   0.408949E+00   0.208783E+00
 0.104400E+01   0.419851E+00   0.132889E+02   0.433060E+00   0.214658E+00
 0.107350E+01   0.443344E+00   0.131917E+02   0.458082E+00   0.220518E+00
 0.110300E+01   0.467604E+00   0.131066E+02   0.484007E+00   0.226361E+00
 0.113250E+01   0.492608E+00   0.130403E+02   0.510818E+00   0.232187E+00
 0.116200E+01   0.518331E+00   0.129801E+02   0.538499E+00   0.237995E+00
 0.119150E+01   0.544744E+00   0.129297E+02   0.567026E+00   0.243786E+00
 0.122100E+01   0.571815E+00   0.128815E+02   0.596372E+00   0.249557E+00
 0.125050E+01   0.599506E+00   0.128521E+02   0.626507E+00   0.255309E+00
 0.128000E+01   0.627780E+00   0.128214E+02   0.657397E+00   0.261042E+00
 0.130950E+01   0.656595E+00   0.127908E+02   0.689003E+00   0.266755E+00
 0.133900E+01   0.685905E+00   0.127772E+02   0.721286E+00   0.272447E+00
 0.136850E+01   0.715665E+00   0.127609E+02   0.754200E+00   0.278118E+00
 0.139800E+01   0.745825E+00   0.127450E+02   0.787700E+00   0.283768E+00
 0.142750E+01   0.776335E+00   0.127440E+02   0.821736E+00   0.289396E+00
 0.145700E+01   0.807144E+00   0.127340E+02   0.856256E+00   0.295002E+00
 0.148650E+01   0.838200E+00   0.127271E+02   0.891208E+00   0.300586E+00
 0.151600E+01   0.869448E+00   0.127315E+02   0.926535E+00   0.306146E+00
 0.154550E+01   0.900836E+00   0.127267E+02   0.962182E+00   0.311684E+00
 0.157500E+01   0.932310E+00   0.127258E+02   0.998092E+00   0.317198E+00
 0.160450E+01   0.963816E+00   0.127271E+02   0.103421E+01   0.322687E+00
 0.163400E+01   0.995302E+00   0.127336E+02   0.107047E+01   0.328153E+00
 0.166350E+01   0.102672E+01   0.127300E+02   0.110682E+01   0.333595E+00
 0.169300E+01   0.105801E+01   0.127365E+02   0.114320E+01   0.339011E+00
 0.172250E+01   0.108914E+01   0.127403E+02   0.117955E+01   0.344403E+00
 0.175200E+01   0.112005E+01   0.127414E+02   0.121583E+01   0.349770E+00
 0.178150E+01   0.115069E+01   0.127413E+02   0.125197E+01   0.355112E+00
 0.181100E+01   0.118104E+01   0.127471E+02   0.128793E+01   0.360428E+00
 0.184050E+01   0.121105E+01   0.127499E+02   0.132366E+01   0.365719E+00
 0.187000E+01   0.124068E+01   0.127523E+02   0.135910E+01   0.370985E+00
 0.189950E+01   0.126990E+01   0.127539E+02   0.139422E+01   0.376225E+00
 0.192900E+01   0.129868E+01   0.127575E+02   0.142898E+01   0.381439E+00
 0.195850E+01   0.132700E+01   0.127574E+02   0.146333E+01   0.386628E+00
 0.198800E+01   0.135482E+01   0.127601E+02   0.149724E+01   0.391791E+00
 0.201750E+01   0.138212E+01   0.127588E+02   0.153068E+01   0.396928E+00
 0.204700E+01   0.140890E+01   0.127633E+02   0.156362E+01   0.402040E+00
 0.207650E+01   0.143513E+01   0.127653E+02   0.159603E+01   0.407126E+00
 0.210600E+01   0.146080E+01   0.127607E+02   0.162789E+01   0.412187E+00
 0.213550E+01   0.148589E+01   0.127609E+02   0.165919E+01   0.417222E+00
 0.216500E+01   0.151041E+01   0.127622E+02   0.168990E+01   0.422233E+00
 0.219450E+01   0.153435E+01   0.127522E+02   0.172000E+01   0.427218E+00
 0.222400E+01   0.155769E+01   0.127554E+02   0.174950E+01   0.432178E+00
 0.225350E+01   0.158045E+01   0.127524E+02   0.177837E+01   0.437113E+00
 0.228300E+01   0.160262E+01   0.127473E+02   0.180662E+01   0.442023E+00
 0.231250E+01   0.162421E+01   0.127440E+02   0.183423E+01   0.446910E+00
 0.234200E+01   0.164521E+01   0.127307E+02   0.186121E+01   0.451771E+00
 0.237150E+01   0.166564E+01   0.127327E+02   0.188755E+01   0.456609E+00
 0.240100E+01   0.168549E+01   0.127197E+02   0.191326E+01   0.461423E+00
 0.243050E+01   0.170478E+01   0.127119E+02   0.193833E+01   0.466213E+00
 0.246000E+01   0.172352E+01   0.127062E+02   0.196278E+01   0.470979E+00
 0.248950E+01   0.174171E+01   0.126977E+02   0.198660E+01   0.475723E+00
 0.251900E+01   0.175936E+01   0.126910E+02   0.200981E+01   0.480443E+00
 0.254850E+01   0.177649E+01   0.126908E+02   0.203240E+01   0.485140E+00
 0.257800E+01   0.179310E+01   0.126804E+02   0.205440E+01   0.489815E+00
 0.260750E+01   0.180921E+01   0.126732E+02   0.207580E+01   0.494468E+00
 0.263700E+01   0.182483E+01   0.126572E+02   0.209662E+01   0.499098E+00
 0.266650E+01   0.183996E+01   0.126530E+02   0.211687E+01   0.503706E+00
 0.269600E+01   0.185463E+01   0.126384E+02   0.213655E+01   0.508293E+00
 0.272550E+01   0.186884E+01   0.126287E+02   0.215569E+01   0.512859E+00
 0.275500E+01   0.188260E+01   0.126245E+02   0.217428E+01   0.517403E+00
 0.278450E+01   0.189594E+01   0.126142E+02   0.219235E+01   0.521926E+00
 0.281400E+01   0.190885E+01   0.126046E+02   0.220990E+01   0.526429E+00
 0.284350E+01   0.192135E+01   0.125971E+02   0.222694E+01   0.530912E+00
 0.287300E+01   0.193345E+01   0.125847E+02   0.224349E+01   0.535374E+00
 0.290250E+01   0.194517E+01   0.125668E+02   0.225956E+01   0.539816E+00
 0.293200E+01   0.195651E+01   0.125571E+02   0.227516E+01   0.544238E+00
 0.296150E+01   0.196749E+01   0.125530E+02   0.229030E+01   0.548641E+00
 0.299100E+01   0.197812E+01   0.125382E+02   0.230500E+01   0.553025E+00
 0.302050E+01   0.198840E+01   0.125230E+02   0.231926E+01   0.557390E+00
 0.305000E+01   0.199836E+01   0.125173E+02   0.233310E+01   0.561736E+00
 0.307950E+01   0.200799E+01   0.125019E+02   0.234653E+01   0.566064E+00
 0.310900E+01   0.201731E+01   0.124920E+02   0.235955E+01   0.570373E+00
 0.313850E+01   0.202633E+01   0.124810E+02   0.237219E+01   0.574664E+00
 0.316800E+01   0.203506E+01   0.124704E+02   0.238445E+01   0.578937E+00
 0.319750E+01   0.204350E+01   0.124624E+02   0.239634E+01   0.583193E+00
 0.322700E+01   0.205167E+01   0.124430E+02   0.240787E+01   0.587431E+00
 0.325650E+01   0.205958E+01   0.124310E+02   0.241905E+01   0.591651E+00
 0.328600E+01   0.206723E+01   0.124225E+02   0.242989E+01   0.595855E+00
 0.331550E+01   0.207463E+01   0.124159E+02   0.244041E+01   0.600042E+00
 0.334500E+01   0.208179E+01   0.123974E+02   0.245060E+01   0.604213E+00
 0.337450E+01   0.208872E+01   0.123837E+02   0.246049E+01   0.608367E+00
 0.340400E+01   0.209542E+01   0.123784E+02   0.247007E+01   0.612505E+00
 0.343350E+01   0.210191E+01   0.123666E+02   0.247936E+01   0.616627E+00
 0.346300E+01   0.210818E+01   0.123529E+02   0.248837E+01   0.620733E+00
 0.349250E+01   0.211425E+01   0.123429E+02   0.249710E+01   0.624823E+00
 0.352200E+01   0.212012E+01   0.123276E+02   0.250556E+01   0.628898E+00
 0.355150E+01   0.212580E+01   0.123177E+02   0.251376E+01   0.632958E+00
 0.358100E+01   0.213130E+01   0.123096E+02   0.252171E+01   0.637003E+00
 0.361050E+01   0.213661E+01   0.122893E+02   0.252942E+01   0.641033E+00
 0.364000E+01   0.214176E+01   0.122841E+02   0.253688E+01   0.645048E+00
 0.366950E+01   0.214673E+01   0.122682E+02   0.254412E+01   0.649048E+00
 0.369900E+01   0.215154E+01   0.122595E+02   0.255112E+01   0.653034E+00
 0.372850E+01   0.215619E+01   0.122462E+02   0.255792E+01   0.657006E+00
 0.375800E+01   0.216069E+01   0.122323E+02   0.256449E+01   0.660964E+00
 0.378750E+01   0.216505E+01   0.122233E+02   0.257087E+01   0.664908E+00
 0.381700E+01   0.216925E+01   0.122155E+02   0.257704E+01   0.668839E+00
 0.384650E+01   0.217332E+01   0.122008E+02   0.258302E+01   0.672756E+00
 0.387600E+01   0.217726E+01   0.121842E+02   0.258881E+01   0.676659E+00
 0.390550E+01   0.218107E+01   0.121751E+02   0.259442E+01   0.680549E+00
 0.393500E+01   0.218475E+01   0.121604E+02   0.259985E+01   0.684427E+00
 0.396450E+01   0.218830E+01   0.121564E+02   0.260510E+01   0.688291E+00
 0.399400E+01   0.219174E+01   0.121384E+02   0.261019E+01   0.692142E+00
 0.402350E+01   0.219506E+01   0.121327E+02   0.261512E+01   0.695981E+00
 0.405300E+01   0.219828E+01   0.121198E+02   0.261988E+01   0.699807E+00
 0.408250E+01   0.220138E+01   0.121048E+02   0.262450E+01   0.703621E+00
 0.411200E+01   0.220438E+01   0.120976E+02   0.262896E+01   0.707422E+00
 0.414150E+01   0.220728E+01   0.120843E+02   0.263328E+01   0.711212E+00
 0.417100E+01   0.221008E+01   0.120707E+02   0.263746E+01   0.714990E+00
 0.420050E+01   0.221278E+01   0.120683E+02   0.264150E+01   0.718755E+00
 0.423000E+01   0.221539E+01   0.120539E+02   0.264540E+01   0.722509E+00
 0.425950E+01   0.221792E+01   0.120443E+02   0.264918E+01   0.726252E+00
 0.428900E+01   0.222035E+01   0.120350E+02   0.265283E+01   0.729983E+00
 0.431850E+01   0.222270E+01   0.120212E+02   0.265636E+01   0.733702E+00
 0.434800E+01   0.222497E+01   0.120048E+02   0.265977E+01   0.737411E+00
 0.437750E+01   0.222716E+01   0.120025E+02   0.266306E+01   0.741108E+00
 0.440700E+01   0.222927E+01   0.119900E+02   0.266624E+01   0.744794E+00
 0.443650E+01   0.223131E+01   0.119795E+02   0.266931E+01   0.748470E+00
 0.446600E+01   0.223327E+01   0.119709E+02   0.267228E+01   0.752134E+00
 0.449550E+01   0.223516E+01   0.119548E+02   0.267514E+01   0.755788E+00
 0.452500E+01   0.223699E+01   0.119441E+02   0.267790E+01   0.759432E+00
 0.455450E+01   0.223875E+01   0.119373E+02   0.268056E+01   0.763065E+00
 0.458400E+01   0.224044E+01   0.119296E+02   0.268313E+01   0.766688E+00
 0.461350E+01   0.224207E+01   0.119101E+02   0.268560E+01   0.770300E+00
 0.464300E+01   0.224364E+01   0.119032E+02   0.268799E+01   0.773903E+00
 0.467250E+01   0.224515E+01   0.118972E+02   0.269028E+01   0.777495E+00
 0.470200E+01   0.224660E+01   0.118800E+02   0.269249E+01   0.781077E+00
 0.473150E+01   0.224800E+01   0.118750E+02   0.269462E+01   0.784650E+00
 0.476100E+01   0.224934E+01   0.118651E+02   0.269667E+01   0.788213E+00
 0.479050E+01   0.225063E+01   0.118562E+02   0.269863E+01   0.791766E+00
 0.482000E+01   0.225186E+01   0.118402E+02   0.270052E+01   0.795310E+00
 0.484950E+01   0.225305E+01   0.118323E+02   0.270234E+01   0.798844E+00
 0.487900E+01   0.225419E+01   0.118227E+02   0.270408E+01   0.802369E+00
 0.490850E+01   0.225528E+01   0.118154E+02   0.270576E+01   0.805885E+00
 0.493800E+01   0.225633E+01   0.118096E+02   0.270736E+01   0.809392E+00
 0.496750E+01   0.225733E+01   0.117938E+02   0.270890E+01   0.812889E+00
 0.499700E+01   0.225829E+01   0.117860E+02   0.271037E+01   0.816378E+00
 0.502650E+01   0.225921E+01   0.117743E+02   0.271177E+01   0.819857E+00
 0.505600E+01   0.226008E+01   0.117685E+02   0.271312E+01   0.823328E+00
 0.508550E+01   0.226092E+01   0.117591E+02   0.271441E+01   0.826790E+00
 0.511500E+01   0.226171E+01   0.117474E+02   0.271563E+01   0.830243E+00
 0.514450E+01   0.226247E+01   0.117389E+02   0.271680E+01   0.833688E+00
 0.517400E+01   0.226319E+01   0.117250E+02   0.271791E+01   0.837124E+00
 0.520350E+01   0.226388E+01   0.117157E+02   0.271897E+01   0.840552E+00
 0.523300E+01   0.226453E+01   0.117129E+02   0.271998E+01   0.843971E+00
 0.526250E+01   0.226515E+01   0.117027E+02   0.272093E+01   0.847382E+00
 0.529200E+01   0.226573E+01   0.116886E+02   0.272184E+01   0.850785E+00
 0.532150E+01   0.226628E+01   0.116858E+02   0.272269E+01   0.854180E+00
 0.535100E+01   0.226680E+01   0.116722E+02   0.272350E+01   0.857567E+00
 0.538050E+01   0.226729E+01   0.116649E+02   0.272426E+01   0.860946E+00
 0.541000E+01   0.226776E+01   0.116593E+02   0.272497E+01   0.864316E+00
 0.543950E+01   0.226819E+01   0.116538E+02   0.272565E+01   0.867679E+00
 0.546900E+01   0.226859E+01   0.116439E+02   0.272627E+01   0.871035E+00
 0.549850E+01   0.226897E+01   0.116366E+02   0.272686E+01   0.874382E+00
 0.552800E+01   0.226932E+01   0.116185E+02   0.272740E+01   0.877722E+00
 0.555750E+01   0.226964E+01   0.116136E+02   0.272791E+01   0.881054E+00
 0.558700E+01   0.226994E+01   0.116012E+02   0.272838E+01   0.884379E+00
 0.561650E+01   0.227022E+01   0.116012E+02   0.272880E+01   0.887696E+00
 0.564600E+01   0.227047E+01   0.115867E+02   0.272919E+01   0.891006E+00
 0.567550E+01   0.227070E+01   0.115839E+02   0.272955E+01   0.894308E+00
 0.570500E+01   0.227090E+01   0.115701E+02   0.272987E+01   0.897604E+00
 0.573450E+01   0.227108E+01   0.115595E+02   0.273015E+01   0.900891E+00
 0.576400E+01   0.227124E+01   0.115522E+02   0.273041E+01   0.904172E+00
 0.579350E+01   0.227138E+01   0.115484E+02   0.273063E+01   0.907446E+00
 0.582300E+01   0.227150E+01   0.115441E+02   0.273081E+01   0.910713E+00
 0.585250E+01   0.227160E+01   0.115348E+02   0.273097E+01   0.913973E+00
 0.588200E+01   0.227168E+01   0.115281E+02   0.273110E+01   0.917225E+00
 0.591150E+01   0.227175E+01   0.115199E+02   0.273119E+01   0.920471E+00
 0.594100E+01   0.227179E+01   0.115055E+02   0.273126E+01   0.923710E+00
 0.597050E+01   0.227181E+01   0.115047E+02   0.273130E+01   0.926943E+00
