 0.100000E+00   0.327197E+00   0.170940E+03   0.329532E+00   0.209161E-01
 0.129500E+00   0.293492E+00   0.176821E+03   0.295553E+00   0.270697E-01
 0.159000E+00   0.251584E+00   0.181756E+03   0.253289E+00   0.332166E-01
 0.188500E+00   0.181282E+00   0.163533E+03   0.182386E+00   0.393570E-01
 0.218000E+00   0.129142E+00   0.141506E+03   0.129808E+00   0.454912E-01
 0.247500E+00   0.100196E+00   0.115536E+03   0.100617E+00   0.516192E-01
 0.277000E+00   0.905814E-01   0.985210E+02   0.909198E-01   0.577413E-01
 0.306500E+00   0.882840E-01   0.820075E+02   0.886010E-01   0.638576E-01
 0.336000E+00   0.882190E-01   0.734679E+02   0.885379E-01   0.701793E-01
 0.365500E+00   0.907338E-01   0.538062E+02   0.910914E-01   0.763052E-01
 0.395000E+00   0.959302E-01   0.430389E+02   0.963632E-01   0.824235E-01
 0.424500E+00   0.102788E+00   0.405073E+02   0.103325E+00   0.885340E-01
 0.454000E+00   0.110830E+00   0.385813E+02   0.111498E+00   0.946365E-01
 0.483500E+00   0.119851E+00   0.313821E+02   0.120678E+00   0.100731E+00
 0.513000E+00   0.129717E+00   0.268455E+02   0.130731E+00   0.106816E+00
 0.542500E+00   0.140351E+00   0.237730E+02   0.141583E+00   0.112893E+00
 0.572000E+00   0.151714E+00   0.215646E+02   0.153197E+00   0.118960E+00
 0.601500E+00   0.163789E+00   0.199296E+02   0.165561E+00   0.125018E+00
 0.631000E+00   0.176524E+00   0.186709E+02   0.178623E+00   0.131066E+00
 0.660500E+00   0.189676E+00   0.177024E+02   0.192139E+00   0.137104E+00
 0.690000E+00   0.203386E+00   0.169148E+02   0.206256E+00   0.143131E+00
 0.719500E+00   0.217720E+00   0.162867E+02   0.221045E+00   0.149148E+00
 0.749000E+00   0.232720E+00   0.157554E+02   0.236553E+00   0.155154E+00
 0.778500E+00   0.248421E+00   0.153094E+02   0.252822E+00   0.161148E+00
 0.808000E+00   0.264850E+00   0.149337E+02   0.269884E+00   0.167130E+00
 0.837500E+00   0.282028E+00   0.146198E+02   0.287767E+00   0.173101E+00
 0.867000E+00   0.299973E+00   0.143405E+02   0.306493E+00   0.179058E+00
 0.896500E+00   0.318695E+00   0.141059E+02   0.326081E+00   0.185002E+00
 0.926000E+00   0.338199E+00   0.139046E+02   0.346543E+00   0.190932E+00
 0.955500E+00   0.358488E+00   0.137341E+02   0.367887E+00   0.196848E+00
 0.985000E+00   0.379557E+00   0.135823E+02   0.390116E+00   0.202750E+00
 0.101450E+01   0.401398E+00   0.134483E+02   0.413229E+00   0.208636E+00
 0.104400E+01   0.423999E+00   0.133339E+02   0.437221E+00   0.214507E+00
 0.107350E+01   0.447345E+00   0.132429E+02   0.462081E+00   0.220362E+00
 0.110300E+01   0.471414E+00   0.131549E+02   0.487798E+00   0.226200E+00
 0.113250E+01   0.496186E+00   0.130901E+02   0.514355E+00   0.232021E+00
 0.116200E+01   0.521632E+00   0.130227E+02   0.541732E+00   0.237824E+00
 0.119150E+01   0.547725E+00   0.129721E+02   0.569905E+00   0.243610E+00
 0.122100E+01   0.574434E+00   0.129243E+02   0.598849E+00   0.249377E+00
 0.125050E+01   0.601723E+00   0.128916E+02   0.628534E+00   0.255125E+00
 0.128000E+01   0.629558E+00   0.128658E+02   0.658930E+00   0.260854E+00
 0.130950E+01   0.657899E+00   0.128349E+02   0.690002E+00   0.266562E+00
 0.133900E+01   0.686707E+00   0.128179E+02   0.721712E+00   0.272251E+00
 0.136850E+01   0.715940E+00   0.128022E+02   0.754023E+00   0.277919E+00
 0.139800E+01   0.745554E+00   0.127821E+02   0.786892E+00   0.283566E+00
 0.142750E+01   0.775504E+00   0.127761E+02   0.820275E+00   0.289191E+00
 0.145700E+01   0.805745E+00   0.127694E+02   0.854128E+00   0.294795E+00
 0.148650E+01   0.836228E+00   0.127631E+02   0.888402E+00   0.300376E+00
 0.151600E+01   0.866906E+00   0.127534E+02   0.923049E+00   0.305935E+00
 0.154550E+01   0.897731E+00   0.127572E+02   0.958017E+00   0.311471E+00
 0.157500E+01   0.928654E+00   0.127549E+02   0.993256E+00   0.316984E+00
 0.160450E+01   0.959626E+00   0.127487E+02   0.102871E+01   0.322473E+00
 0.163400E+01   0.990598E+00   0.127538E+02   0.106433E+01   0.327938E+00
 0.166350E+01   0.102152E+01   0.127526E+02   0.110006E+01   0.333379E+00
 0.169300E+01   0.105235E+01   0.127589E+02   0.113585E+01   0.338796E+00
 0.172250E+01   0.108304E+01   0.127513E+02   0.117164E+01   0.344189E+00
 0.175200E+01   0.111354E+01   0.127557E+02   0.120738E+01   0.349556E+00
 0.178150E+01   0.114382E+01   0.127550E+02   0.124302E+01   0.354899E+00
 0.181100E+01   0.117383E+01   0.127620E+02   0.127852E+01   0.360216E+00
 0.184050E+01   0.120352E+01   0.127640E+02   0.131381E+01   0.365509E+00
 0.187000E+01   0.123288E+01   0.127679E+02   0.134886E+01   0.370776E+00
 0.189950E+01   0.126185E+01   0.127695E+02   0.138362E+01   0.376018E+00
 0.192900E+01   0.129042E+01   0.127637E+02   0.141804E+01   0.381234E+00
 0.195850E+01   0.131854E+01   0.127683E+02   0.145210E+01   0.386425E+00
 0.198800E+01   0.134621E+01   0.127713E+02   0.148575E+01   0.391590E+00
 0.201750E+01   0.137338E+01   0.127667E+02   0.151897E+01   0.396730E+00
 0.204700E+01   0.140006E+01   0.127639E+02   0.155171E+01   0.401844E+00
 0.207650E+01   0.142620E+01   0.127633E+02   0.158396E+01   0.406933E+00
 0.210600E+01   0.145181E+01   0.127650E+02   0.161568E+01   0.411997E+00
 0.213550E+01   0.147687E+01   0.127614E+02   0.164686E+01   0.417035E+00
 0.216500E+01   0.150136E+01   0.127638E+02   0.167747E+01   0.422048E+00
 0.219450E+01   0.152529E+01   0.127586E+02   0.170751E+01   0.427036E+00
 0.222400E+01   0.154865E+01   0.127524E+02   0.173696E+01   0.431999E+00
 0.225350E+01   0.157143E+01   0.127452E+02   0.176580E+01   0.436938E+00
 0.228300E+01   0.159364E+01   0.127411E+02   0.179403E+01   0.441851E+00
 0.231250E+01   0.161527E+01   0.127398E+02   0.182165E+01   0.446740E+00
 0.234200E+01   0.163633E+01   0.127355E+02   0.184864E+01   0.451605E+00
 0.237150E+01   0.165682E+01   0.127236E+02   0.187501E+01   0.456446E+00
 0.240100E+01   0.167674E+01   0.127197E+02   0.190075E+01   0.461263E+00
 0.243050E+01   0.169611E+01   0.127196E+02   0.192587E+01   0.466056E+00
 0.246000E+01   0.171493E+01   0.127102E+02   0.195037E+01   0.470826E+00
 0.248950E+01   0.173320E+01   0.126997E+02   0.197426E+01   0.475572E+00
 0.251900E+01   0.175095E+01   0.126962E+02   0.199754E+01   0.480296E+00
 0.254850E+01   0.176817E+01   0.126832E+02   0.202021E+01   0.484996E+00
 0.257800E+01   0.178487E+01   0.126710E+02   0.204228E+01   0.489674E+00
 0.260750E+01   0.180108E+01   0.126674E+02   0.206377E+01   0.494330E+00
 0.263700E+01   0.181679E+01   0.126573E+02   0.208468E+01   0.498963E+00
 0.266650E+01   0.183202E+01   0.126529E+02   0.210502E+01   0.503574E+00
 0.269600E+01   0.184679E+01   0.126419E+02   0.212479E+01   0.508164E+00
 0.272550E+01   0.186109E+01   0.126322E+02   0.214402E+01   0.512733E+00
 0.275500E+01   0.187496E+01   0.126233E+02   0.216271E+01   0.517280E+00
 0.278450E+01   0.188838E+01   0.126126E+02   0.218087E+01   0.521806E+00
 0.281400E+01   0.190139E+01   0.125949E+02   0.219852E+01   0.526312E+00
 0.284350E+01   0.191399E+01   0.125892E+02   0.221566E+01   0.530797E+00
 0.287300E+01   0.192618E+01   0.125752E+02   0.223231E+01   0.535262E+00
 0.290250E+01   0.193799E+01   0.125625E+02   0.224847E+01   0.539706E+00
 0.293200E+01   0.194943E+01   0.125541E+02   0.226417E+01   0.544132E+00
 0.296150E+01   0.196050E+01   0.125462E+02   0.227941E+01   0.548537E+00
 0.299100E+01   0.197121E+01   0.125386E+02   0.229420E+01   0.552924E+00
 0.302050E+01   0.198158E+01   0.125225E+02   0.230856E+01   0.557291E+00
 0.305000E+01   0.199162E+01   0.125149E+02   0.232249E+01   0.561639E+00
 0.307950E+01   0.200134E+01   0.125023E+02   0.233601E+01   0.565969E+00
 0.310900E+01   0.201074E+01   0.124843E+02   0.234912E+01   0.570281E+00
 0.313850E+01   0.201984E+01   0.124767E+02   0.236185E+01   0.574575E+00
 0.316800E+01   0.202864E+01   0.124610E+02   0.237420E+01   0.578850E+00
 0.319750E+01   0.203717E+01   0.124529E+02   0.238617E+01   0.583108E+00
 0.322700E+01   0.204541E+01   0.124460E+02   0.239779E+01   0.587348E+00
 0.325650E+01   0.205339E+01   0.124254E+02   0.240906E+01   0.591571E+00
 0.328600E+01   0.206111E+01   0.124149E+02   0.241998E+01   0.595778E+00
 0.331550E+01   0.206858E+01   0.124067E+02   0.243058E+01   0.599967E+00
 0.334500E+01   0.207581E+01   0.123974E+02   0.244085E+01   0.604139E+00
 0.337450E+01   0.208281E+01   0.123778E+02   0.245082E+01   0.608296E+00
 0.340400E+01   0.208958E+01   0.123717E+02   0.246048E+01   0.612435E+00
 0.343350E+01   0.209612E+01   0.123565E+02   0.246985E+01   0.616559E+00
 0.346300E+01   0.210246E+01   0.123425E+02   0.247893E+01   0.620667E+00
 0.349250E+01   0.210859E+01   0.123331E+02   0.248773E+01   0.624760E+00
 0.352200E+01   0.211452E+01   0.123258E+02   0.249627E+01   0.628837E+00
 0.355150E+01   0.212026E+01   0.123144E+02   0.250454E+01   0.632898E+00
 0.358100E+01   0.212581E+01   0.123022E+02   0.251256E+01   0.636945E+00
 0.361050E+01   0.213118E+01   0.122838E+02   0.252033E+01   0.640977E+00
 0.364000E+01   0.213638E+01   0.122723E+02   0.252786E+01   0.644994E+00
 0.366950E+01   0.214140E+01   0.122646E+02   0.253516E+01   0.648996E+00
 0.369900E+01   0.214626E+01   0.122469E+02   0.254223E+01   0.652984E+00
 0.372850E+01   0.215097E+01   0.122394E+02   0.254909E+01   0.656958E+00
 0.375800E+01   0.215552E+01   0.122305E+02   0.255573E+01   0.660917E+00
 0.378750E+01   0.215992E+01   0.122163E+02   0.256216E+01   0.664863E+00
 0.381700E+01   0.216417E+01   0.122020E+02   0.256840E+01   0.668795E+00
 0.384650E+01   0.216829E+01   0.121883E+02   0.257443E+01   0.672714E+00
 0.387600E+01   0.217227E+01   0.121849E+02   0.258028E+01   0.676619E+00
 0.390550E+01   0.217612E+01   0.121688E+02   0.258594E+01   0.680511E+00
 0.393500E+01   0.217984E+01   0.121622E+02   0.259143E+01   0.684389E+00
 0.396450E+01   0.218344E+01   0.121466E+02   0.259674E+01   0.688255E+00
 0.399400E+01   0.218692E+01   0.121374E+02   0.260188E+01   0.692108E+00
 0.402350E+01   0.219028E+01   0.121233E+02   0.260686E+01   0.695948E+00
 0.405300E+01   0.219353E+01   0.121148E+02   0.261168E+01   0.699776E+00
 0.408250E+01   0.219667E+01   0.121039E+02   0.261634E+01   0.703591E+00
 0.411200E+01   0.219971E+01   0.120916E+02   0.262085E+01   0.707394E+00
 0.414150E+01   0.220265E+01   0.120784E+02   0.262522E+01   0.711185E+00
 0.417100E+01   0.220548E+01   0.120662E+02   0.262944E+01   0.714964E+00
 0.420050E+01   0.220822E+01   0.120577E+02   0.263353E+01   0.718731E+00
 0.423000E+01   0.221087E+01   0.120452E+02   0.263748E+01   0.722486E+00
 0.425950E+01   0.221342E+01   0.120304E+02   0.264131E+01   0.726230E+00
 0.428900E+01   0.221589E+01   0.120206E+02   0.264500E+01   0.729963E+00
 0.431850E+01   0.221827E+01   0.120082E+02   0.264857E+01   0.733683E+00
 0.434800E+01   0.222057E+01   0.120002E+02   0.265202E+01   0.737393E+00
 0.437750E+01   0.222279E+01   0.119960E+02   0.265536E+01   0.741092E+00
 0.440700E+01   0.222493E+01   0.119787E+02   0.265858E+01   0.744779E+00
 0.443650E+01   0.222700E+01   0.119702E+02   0.266169E+01   0.748456E+00
 0.446600E+01   0.222899E+01   0.119608E+02   0.266470E+01   0.752122E+00
 0.449550E+01   0.223091E+01   0.119509E+02   0.266760E+01   0.755777E+00
 0.452500E+01   0.223276E+01   0.119376E+02   0.267040E+01   0.759422E+00
 0.455450E+01   0.223455E+01   0.119309E+02   0.267310E+01   0.763056E+00
 0.458400E+01   0.223627E+01   0.119143E+02   0.267570E+01   0.766680E+00
 0.461350E+01   0.223792E+01   0.119036E+02   0.267821E+01   0.770294E+00
 0.464300E+01   0.223952E+01   0.118925E+02   0.268063E+01   0.773897E+00
 0.467250E+01   0.224105E+01   0.118872E+02   0.268296E+01   0.777491E+00
 0.470200E+01   0.224253E+01   0.118792E+02   0.268521E+01   0.781074E+00
 0.473150E+01   0.224395E+01   0.118646E+02   0.268737E+01   0.784648E+00
 0.476100E+01   0.224532E+01   0.118558E+02   0.268945E+01   0.788212E+00
 0.479050E+01   0.224663E+01   0.118494E+02   0.269145E+01   0.791766E+00
 0.482000E+01   0.224789E+01   0.118324E+02   0.269337E+01   0.795311E+00
 0.484950E+01   0.224910E+01   0.118260E+02   0.269522E+01   0.798847E+00
 0.487900E+01   0.225026E+01   0.118197E+02   0.269700E+01   0.802373E+00
 0.490850E+01   0.225138E+01   0.118116E+02   0.269870E+01   0.805889E+00
 0.493800E+01   0.225244E+01   0.118025E+02   0.270033E+01   0.809397E+00
 0.496750E+01   0.225347E+01   0.117840E+02   0.270190E+01   0.812895E+00
 0.499700E+01   0.225444E+01   0.117803E+02   0.270340E+01   0.816385E+00
 0.502650E+01   0.225538E+01   0.117725E+02   0.270484E+01   0.819865E+00
 0.505600E+01   0.225628E+01   0.117612E+02   0.270621E+01   0.823337E+00
 0.508550E+01   0.225713E+01   0.117520E+02   0.270753E+01   0.826800E+00
 0.511500E+01   0.225795E+01   0.117362E+02   0.270878E+01   0.830254E+00
 0.514450E+01   0.225872E+01   0.117305E+02   0.270998E+01   0.833700E+00
 0.517400E+01   0.225946E+01   0.117258E+02   0.271112E+01   0.837137E+00
 0.520350E+01   0.226017E+01   0.117123E+02   0.271221E+01   0.840566E+00
 0.523300E+01   0.226084E+01   0.117043E+02   0.271324E+01   0.843986E+00
 0.526250E+01   0.226147E+01   0.116994E+02   0.271422E+01   0.847398E+00
 0.529200E+01   0.226207E+01   0.116908E+02   0.271515E+01   0.850802E+00
 0.532150E+01   0.226264E+01   0.116783E+02   0.271603E+01   0.854198E+00
 0.535100E+01   0.226318E+01   0.116710E+02   0.271686E+01   0.857585E+00
 0.538050E+01   0.226369E+01   0.116619E+02   0.271765E+01   0.860965E+00
 0.541000E+01   0.226417E+01   0.116533E+02   0.271839E+01   0.864337E+00
 0.543950E+01   0.226461E+01   0.116410E+02   0.271908E+01   0.867700E+00
 0.546900E+01   0.226503E+01   0.116300E+02   0.271973E+01   0.871056E+00
 0.549850E+01   0.226543E+01   0.116227E+02   0.272034E+01   0.874405E+00
 0.552800E+01   0.226579E+01   0.116169E+02   0.272091E+01   0.877745E+00
 0.555750E+01   0.226613E+01   0.116036E+02   0.272144E+01   0.881078E+00
 0.558700E+01   0.226645E+01   0.115972E+02   0.272193E+01   0.884404E+00
 0.561650E+01   0.226674E+01   0.115868E+02   0.272238E+01   0.887722E+00
 0.564600E+01   0.226700E+01   0.115787E+02   0.272279E+01   0.891033E+00
 0.567550E+01   0.226724E+01   0.115720E+02   0.272317E+01   0.894336E+00
 0.570500E+01   0.226746E+01   0.115696E+02   0.272351E+01   0.897632E+00
 0.573450E+01   0.226766E+01   0.115603E+02   0.272382E+01   0.900921E+00
 0.576400E+01   0.226783E+01   0.115487E+02   0.272409E+01   0.904202E+00
 0.579350E+01   0.226799E+01   0.115415E+02   0.272433E+01   0.907477E+00
 0.582300E+01   0.226812E+01   0.115342E+02   0.272454E+01   0.910744E+00
 0.585250E+01   0.226823E+01   0.115285E+02   0.272471E+01   0.914005E+00
 0.588200E+01   0.226832E+01   0.115151E+02   0.272486E+01   0.917258E+00
 0.591150E+01   0.226840E+01   0.115071E+02   0.272498E+01   0.920505E+00
 0.594100E+01   0.226845E+01   0.114997E+02   0.272506E+01   0.923745E+00
 0.597050E+01   0.226849E+01   0.114953E+02   0.272512E+01   0.926978E+00
