 0.100000E+00   0.327197E+00   0.170940E+03   0.329532E+00   0.209161E-01
 0.129500E+00   0.293492E+00   0.176821E+03   0.295553E+00   0.270697E-01
 0.159000E+00   0.252445E+00   0.182354E+03   0.254158E+00   0.332166E-01
 0.188500E+00   0.182090E+00   0.164288E+03   0.183201E+00   0.393570E-01
 0.218000E+00   0.128521E+00   0.140553E+03   0.129181E+00   0.454912E-01
 0.247500E+00   0.999194E-01   0.114702E+03   0.100338E+00   0.516192E-01
 0.277000E+00   0.906137E-01   0.987379E+02   0.909524E-01   0.577413E-01
 0.306500E+00   0.882593E-01   0.803408E+02   0.885751E-01   0.638576E-01
 0.336000E+00   0.930983E-01   0.482238E+02   0.934661E-01   0.700903E-01
 0.365500E+00   0.101720E+00   0.400675E+02   0.102195E+00   0.761997E-01
 0.395000E+00   0.111847E+00   0.391219E+02   0.112465E+00   0.823002E-01
 0.424500E+00   0.122885E+00   0.319544E+02   0.123677E+00   0.883917E-01
 0.454000E+00   0.134571E+00   0.270991E+02   0.135567E+00   0.944739E-01
 0.483500E+00   0.146761E+00   0.239818E+02   0.147991E+00   0.100547E+00
 0.513000E+00   0.159379E+00   0.218412E+02   0.160875E+00   0.106610E+00
 0.542500E+00   0.172388E+00   0.202792E+02   0.174181E+00   0.112663E+00
 0.572000E+00   0.185653E+00   0.191049E+02   0.187774E+00   0.118707E+00
 0.601500E+00   0.198853E+00   0.182101E+02   0.201326E+00   0.124740E+00
 0.631000E+00   0.212209E+00   0.174863E+02   0.215063E+00   0.130763E+00
 0.660500E+00   0.225813E+00   0.168982E+02   0.229081E+00   0.136776E+00
 0.690000E+00   0.239730E+00   0.164095E+02   0.243450E+00   0.142779E+00
 0.719500E+00   0.254016E+00   0.159944E+02   0.258227E+00   0.148771E+00
 0.749000E+00   0.268719E+00   0.156246E+02   0.273467E+00   0.154752E+00
 0.778500E+00   0.283882E+00   0.153137E+02   0.289215E+00   0.160722E+00
 0.808000E+00   0.299544E+00   0.150327E+02   0.305518E+00   0.166680E+00
 0.837500E+00   0.315741E+00   0.147904E+02   0.322414E+00   0.172627E+00
 0.867000E+00   0.332505E+00   0.145689E+02   0.339940E+00   0.178561E+00
 0.896500E+00   0.349862E+00   0.143753E+02   0.358129E+00   0.184482E+00
 0.926000E+00   0.367835E+00   0.142126E+02   0.377011E+00   0.190390E+00
 0.955500E+00   0.386445E+00   0.140564E+02   0.396611E+00   0.196284E+00
 0.985000E+00   0.405707E+00   0.139109E+02   0.416950E+00   0.202165E+00
 0.101450E+01   0.425632E+00   0.137893E+02   0.438047E+00   0.208031E+00
 0.104400E+01   0.446228E+00   0.136822E+02   0.459915E+00   0.213882E+00
 0.107350E+01   0.467498E+00   0.135866E+02   0.482566E+00   0.219718E+00
 0.110300E+01   0.489443E+00   0.134905E+02   0.506004E+00   0.225538E+00
 0.113250E+01   0.512059E+00   0.134135E+02   0.530234E+00   0.231342E+00
 0.116200E+01   0.535336E+00   0.133413E+02   0.555252E+00   0.237129E+00
 0.119150E+01   0.559264E+00   0.132832E+02   0.581055E+00   0.242899E+00
 0.122100E+01   0.583826E+00   0.132266E+02   0.607631E+00   0.248651E+00
 0.125050E+01   0.609004E+00   0.131729E+02   0.634969E+00   0.254386E+00
 0.128000E+01   0.634774E+00   0.131376E+02   0.663050E+00   0.260101E+00
 0.130950E+01   0.661110E+00   0.130925E+02   0.691853E+00   0.265798E+00
 0.133900E+01   0.687982E+00   0.130605E+02   0.721353E+00   0.271475E+00
 0.136850E+01   0.715357E+00   0.130292E+02   0.751520E+00   0.277133E+00
 0.139800E+01   0.743199E+00   0.130055E+02   0.782323E+00   0.282770E+00
 0.142750E+01   0.771467E+00   0.129798E+02   0.813725E+00   0.288386E+00
 0.145700E+01   0.800122E+00   0.129583E+02   0.845686E+00   0.293981E+00
 0.148650E+01   0.829118E+00   0.129414E+02   0.878163E+00   0.299555E+00
 0.151600E+01   0.858410E+00   0.129278E+02   0.911110E+00   0.305106E+00
 0.154550E+01   0.887950E+00   0.129230E+02   0.944479E+00   0.310635E+00
 0.157500E+01   0.917688E+00   0.129082E+02   0.978219E+00   0.316142E+00
 0.160450E+01   0.947575E+00   0.129027E+02   0.101228E+01   0.321625E+00
 0.163400E+01   0.977559E+00   0.128947E+02   0.104660E+01   0.327086E+00
 0.166350E+01   0.100759E+01   0.128788E+02   0.108113E+01   0.332522E+00
 0.169300E+01   0.103762E+01   0.128740E+02   0.111582E+01   0.337935E+00
 0.172250E+01   0.106759E+01   0.128715E+02   0.115060E+01   0.343323E+00
 0.175200E+01   0.109746E+01   0.128690E+02   0.118542E+01   0.348687E+00
 0.178150E+01   0.112719E+01   0.128683E+02   0.122023E+01   0.354027E+00
 0.181100E+01   0.115671E+01   0.128556E+02   0.125497E+01   0.359342E+00
 0.184050E+01   0.118600E+01   0.128515E+02   0.128959E+01   0.364631E+00
 0.187000E+01   0.121500E+01   0.128564E+02   0.132404E+01   0.369896E+00
 0.189950E+01   0.124369E+01   0.128444E+02   0.135827E+01   0.375136E+00
 0.192900E+01   0.127202E+01   0.128465E+02   0.139223E+01   0.380350E+00
 0.195850E+01   0.129997E+01   0.128394E+02   0.142587E+01   0.385539E+00
 0.198800E+01   0.132749E+01   0.128414E+02   0.145917E+01   0.390703E+00
 0.201750E+01   0.135457E+01   0.128341E+02   0.149208E+01   0.395842E+00
 0.204700E+01   0.138118E+01   0.128260E+02   0.152457E+01   0.400955E+00
 0.207650E+01   0.140730E+01   0.128272E+02   0.155660E+01   0.406043E+00
 0.210600E+01   0.143291E+01   0.128215E+02   0.158815E+01   0.411105E+00
 0.213550E+01   0.145799E+01   0.128144E+02   0.161919E+01   0.416143E+00
 0.216500E+01   0.148254E+01   0.128141E+02   0.164970E+01   0.421155E+00
 0.219450E+01   0.150654E+01   0.128069E+02   0.167966E+01   0.426143E+00
 0.222400E+01   0.152999E+01   0.128025E+02   0.170905E+01   0.431105E+00
 0.225350E+01   0.155287E+01   0.127896E+02   0.173786E+01   0.436043E+00
 0.228300E+01   0.157520E+01   0.127866E+02   0.176609E+01   0.440956E+00
 0.231250E+01   0.159696E+01   0.127799E+02   0.179372E+01   0.445845E+00
 0.234200E+01   0.161816E+01   0.127759E+02   0.182074E+01   0.450710E+00
 0.237150E+01   0.163880E+01   0.127608E+02   0.184715E+01   0.455550E+00
 0.240100E+01   0.165888E+01   0.127609E+02   0.187296E+01   0.460367E+00
 0.243050E+01   0.167840E+01   0.127480E+02   0.189815E+01   0.465160E+00
 0.246000E+01   0.169739E+01   0.127434E+02   0.192273E+01   0.469930E+00
 0.248950E+01   0.171583E+01   0.127278E+02   0.194671E+01   0.474676E+00
 0.251900E+01   0.173375E+01   0.127212E+02   0.197008E+01   0.479399E+00
 0.254850E+01   0.175114E+01   0.127137E+02   0.199286E+01   0.484100E+00
 0.257800E+01   0.176802E+01   0.127048E+02   0.201504E+01   0.488778E+00
 0.260750E+01   0.178440E+01   0.126905E+02   0.203664E+01   0.493433E+00
 0.263700E+01   0.180029E+01   0.126874E+02   0.205767E+01   0.498067E+00
 0.266650E+01   0.181569E+01   0.126736E+02   0.207813E+01   0.502678E+00
 0.269600E+01   0.183063E+01   0.126645E+02   0.209804E+01   0.507268E+00
 0.272550E+01   0.184511E+01   0.126490E+02   0.211740E+01   0.511836E+00
 0.275500E+01   0.185914E+01   0.126428E+02   0.213622E+01   0.516384E+00
 0.278450E+01   0.187274E+01   0.126313E+02   0.215451E+01   0.520910E+00
 0.281400E+01   0.188591E+01   0.126208E+02   0.217229E+01   0.525416E+00
 0.284350E+01   0.189867E+01   0.126094E+02   0.218957E+01   0.529901E+00
 0.287300E+01   0.191103E+01   0.125992E+02   0.220635E+01   0.534366E+00
 0.290250E+01   0.192300E+01   0.125821E+02   0.222266E+01   0.538811E+00
 0.293200E+01   0.193459E+01   0.125765E+02   0.223849E+01   0.543236E+00
 0.296150E+01   0.194582E+01   0.125678E+02   0.225386E+01   0.547642E+00
 0.299100E+01   0.195668E+01   0.125497E+02   0.226879E+01   0.552028E+00
 0.302050E+01   0.196720E+01   0.125444E+02   0.228328E+01   0.556396E+00
 0.305000E+01   0.197739E+01   0.125259E+02   0.229734E+01   0.560744E+00
 0.307950E+01   0.198725E+01   0.125145E+02   0.231100E+01   0.565075E+00
 0.310900E+01   0.199679E+01   0.125032E+02   0.232425E+01   0.569386E+00
 0.313850E+01   0.200603E+01   0.124909E+02   0.233710E+01   0.573680E+00
 0.316800E+01   0.201497E+01   0.124829E+02   0.234958E+01   0.577955E+00
 0.319750E+01   0.202363E+01   0.124651E+02   0.236168E+01   0.582213E+00
 0.322700E+01   0.203200E+01   0.124593E+02   0.237343E+01   0.586454E+00
 0.325650E+01   0.204011E+01   0.124472E+02   0.238482E+01   0.590677E+00
 0.328600E+01   0.204796E+01   0.124263E+02   0.239587E+01   0.594883E+00
 0.331550E+01   0.205555E+01   0.124202E+02   0.240659E+01   0.599073E+00
 0.334500E+01   0.206290E+01   0.124101E+02   0.241699E+01   0.603245E+00
 0.337450E+01   0.207001E+01   0.123908E+02   0.242707E+01   0.607402E+00
 0.340400E+01   0.207690E+01   0.123810E+02   0.243685E+01   0.611542E+00
 0.343350E+01   0.208356E+01   0.123724E+02   0.244634E+01   0.615666E+00
 0.346300E+01   0.209000E+01   0.123547E+02   0.245553E+01   0.619774E+00
 0.349250E+01   0.209624E+01   0.123406E+02   0.246445E+01   0.623866E+00
 0.352200E+01   0.210228E+01   0.123354E+02   0.247310E+01   0.627943E+00
 0.355150E+01   0.210812E+01   0.123202E+02   0.248148E+01   0.632005E+00
 0.358100E+01   0.211377E+01   0.123053E+02   0.248961E+01   0.636052E+00
 0.361050E+01   0.211924E+01   0.122987E+02   0.249749E+01   0.640083E+00
 0.364000E+01   0.212454E+01   0.122826E+02   0.250513E+01   0.644100E+00
 0.366950E+01   0.212966E+01   0.122676E+02   0.251253E+01   0.648103E+00
 0.369900E+01   0.213461E+01   0.122564E+02   0.251971E+01   0.652091E+00
 0.372850E+01   0.213941E+01   0.122470E+02   0.252666E+01   0.656065E+00
 0.375800E+01   0.214405E+01   0.122362E+02   0.253340E+01   0.660024E+00
 0.378750E+01   0.214853E+01   0.122287E+02   0.253994E+01   0.663970E+00
 0.381700E+01   0.215288E+01   0.122087E+02   0.254627E+01   0.667902E+00
 0.384650E+01   0.215708E+01   0.121997E+02   0.255240E+01   0.671821E+00
 0.387600E+01   0.216114E+01   0.121890E+02   0.255834E+01   0.675726E+00
 0.390550E+01   0.216507E+01   0.121822E+02   0.256410E+01   0.679618E+00
 0.393500E+01   0.216887E+01   0.121680E+02   0.256967E+01   0.683496E+00
 0.396450E+01   0.217255E+01   0.121508E+02   0.257508E+01   0.687362E+00
 0.399400E+01   0.217610E+01   0.121376E+02   0.258031E+01   0.691215E+00
 0.402350E+01   0.217954E+01   0.121279E+02   0.258537E+01   0.695055E+00
 0.405300E+01   0.218286E+01   0.121183E+02   0.259028E+01   0.698883E+00
 0.408250E+01   0.218608E+01   0.121087E+02   0.259503E+01   0.702698E+00
 0.411200E+01   0.218918E+01   0.120916E+02   0.259963E+01   0.706501E+00
 0.414150E+01   0.219219E+01   0.120827E+02   0.260407E+01   0.710292E+00
 0.417100E+01   0.219509E+01   0.120724E+02   0.260838E+01   0.714071E+00
 0.420050E+01   0.219789E+01   0.120605E+02   0.261255E+01   0.717838E+00
 0.423000E+01   0.220061E+01   0.120493E+02   0.261658E+01   0.721594E+00
 0.425950E+01   0.220322E+01   0.120384E+02   0.262048E+01   0.725337E+00
 0.428900E+01   0.220575E+01   0.120245E+02   0.262425E+01   0.729069E+00
 0.431850E+01   0.220820E+01   0.120202E+02   0.262790E+01   0.732790E+00
 0.434800E+01   0.221056E+01   0.120048E+02   0.263143E+01   0.736500E+00
 0.437750E+01   0.221284E+01   0.119936E+02   0.263484E+01   0.740198E+00
 0.440700E+01   0.221503E+01   0.119886E+02   0.263813E+01   0.743886E+00
 0.443650E+01   0.221716E+01   0.119701E+02   0.264132E+01   0.747563E+00
 0.446600E+01   0.221921E+01   0.119687E+02   0.264439E+01   0.751228E+00
 0.449550E+01   0.222118E+01   0.119514E+02   0.264736E+01   0.754884E+00
 0.452500E+01   0.222309E+01   0.119451E+02   0.265023E+01   0.758528E+00
 0.455450E+01   0.222493E+01   0.119339E+02   0.265300E+01   0.762162E+00
 0.458400E+01   0.222670E+01   0.119195E+02   0.265567E+01   0.765786E+00
 0.461350E+01   0.222840E+01   0.119138E+02   0.265825E+01   0.769400E+00
 0.464300E+01   0.223005E+01   0.119058E+02   0.266073E+01   0.773003E+00
 0.467250E+01   0.223163E+01   0.118946E+02   0.266313E+01   0.776597E+00
 0.470200E+01   0.223316E+01   0.118784E+02   0.266544E+01   0.780180E+00
 0.473150E+01   0.223463E+01   0.118744E+02   0.266766E+01   0.783754E+00
 0.476100E+01   0.223604E+01   0.118646E+02   0.266981E+01   0.787318E+00
 0.479050E+01   0.223740E+01   0.118501E+02   0.267187E+01   0.790872E+00
 0.482000E+01   0.223870E+01   0.118440E+02   0.267385E+01   0.794417E+00
 0.484950E+01   0.223996E+01   0.118349E+02   0.267576E+01   0.797952E+00
 0.487900E+01   0.224116E+01   0.118204E+02   0.267760E+01   0.801478E+00
 0.490850E+01   0.224232E+01   0.118107E+02   0.267936E+01   0.804995E+00
 0.493800E+01   0.224343E+01   0.118042E+02   0.268105E+01   0.808502E+00
 0.496750E+01   0.224449E+01   0.117964E+02   0.268267E+01   0.812000E+00
 0.499700E+01   0.224551E+01   0.117861E+02   0.268423E+01   0.815490E+00
 0.502650E+01   0.224649E+01   0.117687E+02   0.268572E+01   0.818970E+00
 0.505600E+01   0.224742E+01   0.117658E+02   0.268715E+01   0.822442E+00
 0.508550E+01   0.224832E+01   0.117532E+02   0.268852E+01   0.825904E+00
 0.511500E+01   0.224917E+01   0.117416E+02   0.268983E+01   0.829359E+00
 0.514450E+01   0.224999E+01   0.117360E+02   0.269108E+01   0.832804E+00
 0.517400E+01   0.225076E+01   0.117264E+02   0.269227E+01   0.836241E+00
 0.520350E+01   0.225150E+01   0.117183E+02   0.269341E+01   0.839670E+00
 0.523300E+01   0.225221E+01   0.117066E+02   0.269449E+01   0.843090E+00
 0.526250E+01   0.225288E+01   0.116946E+02   0.269552E+01   0.846502E+00
 0.529200E+01   0.225352E+01   0.116848E+02   0.269650E+01   0.849905E+00
 0.532150E+01   0.225412E+01   0.116838E+02   0.269743E+01   0.853301E+00
 0.535100E+01   0.225469E+01   0.116710E+02   0.269831E+01   0.856688E+00
 0.538050E+01   0.225523E+01   0.116570E+02   0.269915E+01   0.860068E+00
 0.541000E+01   0.225574E+01   0.116500E+02   0.269994E+01   0.863439E+00
 0.543950E+01   0.225622E+01   0.116419E+02   0.270068E+01   0.866803E+00
 0.546900E+01   0.225667E+01   0.116376E+02   0.270138E+01   0.870158E+00
 0.549850E+01   0.225710E+01   0.116283E+02   0.270203E+01   0.873507E+00
 0.552800E+01   0.225749E+01   0.116131E+02   0.270265E+01   0.876847E+00
 0.555750E+01   0.225786E+01   0.116049E+02   0.270322E+01   0.880180E+00
 0.558700E+01   0.225821E+01   0.116040E+02   0.270375E+01   0.883505E+00
 0.561650E+01   0.225853E+01   0.115960E+02   0.270425E+01   0.886823E+00
 0.564600E+01   0.225882E+01   0.115842E+02   0.270470E+01   0.890133E+00
 0.567550E+01   0.225909E+01   0.115708E+02   0.270512E+01   0.893436E+00
 0.570500E+01   0.225934E+01   0.115693E+02   0.270551E+01   0.896732E+00
 0.573450E+01   0.225956E+01   0.115594E+02   0.270585E+01   0.900021E+00
 0.576400E+01   0.225976E+01   0.115487E+02   0.270617E+01   0.903302E+00
 0.579350E+01   0.225995E+01   0.115395E+02   0.270645E+01   0.906577E+00
 0.582300E+01   0.226010E+01   0.115353E+02   0.270670E+01   0.909844E+00
 0.585250E+01   0.226024E+01   0.115257E+02   0.270692E+01   0.913104E+00
 0.588200E+01   0.226036E+01   0.115190E+02   0.270710E+01   0.916357E+00
 0.591150E+01   0.226046E+01   0.115126E+02   0.270726E+01   0.919604E+00
 0.594100E+01   0.226054E+01   0.115050E+02   0.270738E+01   0.922843E+00
 0.597050E+01   0.226061E+01   0.114931E+02   0.270748E+01   0.926076E+00
