 0.100000E+00   0.327197E+00   0.170940E+03   0.329532E+00   0.209161E-01
 0.129500E+00   0.293492E+00   0.176821E+03   0.295553E+00   0.270697E-01
 0.159000E+00   0.251584E+00   0.181756E+03   0.253289E+00   0.332166E-01
 0.188500E+00   0.182572E+00   0.164738E+03   0.183687E+00   0.393570E-01
 0.218000E+00   0.128863E+00   0.141079E+03   0.129526E+00   0.454912E-01
 0.247500E+00   0.999158E-01   0.114691E+03   0.100335E+00   0.516192E-01
 0.277000E+00   0.906907E-01   0.992551E+02   0.910301E-01   0.577413E-01
 0.306500E+00   0.882644E-01   0.818529E+02   0.885813E-01   0.638576E-01
 0.336000E+00   0.882164E-01   0.737104E+02   0.885356E-01   0.701924E-01
 0.365500E+00   0.908269E-01   0.534279E+02   0.911875E-01   0.763193E-01
 0.395000E+00   0.962797E-01   0.424615E+02   0.967208E-01   0.824386E-01
 0.424500E+00   0.103478E+00   0.401423E+02   0.104030E+00   0.885497E-01
 0.454000E+00   0.111906E+00   0.375547E+02   0.112598E+00   0.946527E-01
 0.483500E+00   0.121332E+00   0.306331E+02   0.122194E+00   0.100747E+00
 0.513000E+00   0.131601E+00   0.262835E+02   0.132662E+00   0.106833E+00
 0.542500E+00   0.142623E+00   0.233376E+02   0.143914E+00   0.112909E+00
 0.572000E+00   0.154344E+00   0.212407E+02   0.155902E+00   0.118976E+00
 0.601500E+00   0.166742E+00   0.196728E+02   0.168603E+00   0.125034E+00
 0.631000E+00   0.179782E+00   0.184737E+02   0.181987E+00   0.131081E+00
 0.660500E+00   0.193192E+00   0.175502E+02   0.195776E+00   0.137118E+00
 0.690000E+00   0.207093E+00   0.168029E+02   0.210099E+00   0.143145E+00
 0.719500E+00   0.221560E+00   0.161980E+02   0.225035E+00   0.149161E+00
 0.749000E+00   0.236640E+00   0.156978E+02   0.240636E+00   0.155166E+00
 0.778500E+00   0.252369E+00   0.152760E+02   0.256946E+00   0.161159E+00
 0.808000E+00   0.268780E+00   0.149134E+02   0.274000E+00   0.167141E+00
 0.837500E+00   0.285898E+00   0.146097E+02   0.291831E+00   0.173110E+00
 0.867000E+00   0.303745E+00   0.143471E+02   0.310466E+00   0.179067E+00
 0.896500E+00   0.322336E+00   0.141138E+02   0.329929E+00   0.185010E+00
 0.926000E+00   0.341684E+00   0.139221E+02   0.350238E+00   0.190940E+00
 0.955500E+00   0.361795E+00   0.137491E+02   0.371407E+00   0.196856E+00
 0.985000E+00   0.382673E+00   0.136040E+02   0.393445E+00   0.202757E+00
 0.101450E+01   0.404314E+00   0.134755E+02   0.416357E+00   0.208643E+00
 0.104400E+01   0.426712E+00   0.133608E+02   0.440143E+00   0.214513E+00
 0.107350E+01   0.449856E+00   0.132689E+02   0.464800E+00   0.220368E+00
 0.110300E+01   0.473732E+00   0.131858E+02   0.490320E+00   0.226206E+00
 0.113250E+01   0.498321E+00   0.131147E+02   0.516689E+00   0.232027E+00
 0.116200E+01   0.523599E+00   0.130524E+02   0.543894E+00   0.237830E+00
 0.119150E+01   0.549542E+00   0.129981E+02   0.571913E+00   0.243616E+00
 0.122100E+01   0.576120E+00   0.129584E+02   0.600723E+00   0.249383E+00
 0.125050E+01   0.603301E+00   0.129201E+02   0.630298E+00   0.255131E+00
 0.128000E+01   0.631049E+00   0.128844E+02   0.660606E+00   0.260860E+00
 0.130950E+01   0.659326E+00   0.128547E+02   0.691615E+00   0.266569E+00
 0.133900E+01   0.688092E+00   0.128362E+02   0.723286E+00   0.272257E+00
 0.136850E+01   0.717305E+00   0.128210E+02   0.755581E+00   0.277925E+00
 0.139800E+01   0.746919E+00   0.128050E+02   0.788458E+00   0.283572E+00
 0.142750E+01   0.776888E+00   0.127916E+02   0.821870E+00   0.289198E+00
 0.145700E+01   0.807165E+00   0.127823E+02   0.855770E+00   0.294801E+00
 0.148650E+01   0.837699E+00   0.127816E+02   0.890109E+00   0.300382E+00
 0.151600E+01   0.868441E+00   0.127707E+02   0.924836E+00   0.305941E+00
 0.154550E+01   0.899339E+00   0.127736E+02   0.959896E+00   0.311477E+00
 0.157500E+01   0.930344E+00   0.127719E+02   0.995237E+00   0.316989E+00
 0.160450E+01   0.961403E+00   0.127620E+02   0.103080E+01   0.322477E+00
 0.163400E+01   0.992466E+00   0.127670E+02   0.106654E+01   0.327942E+00
 0.166350E+01   0.102348E+01   0.127693E+02   0.110239E+01   0.333383E+00
 0.169300E+01   0.105441E+01   0.127735E+02   0.113829E+01   0.338799E+00
 0.172250E+01   0.108518E+01   0.127704E+02   0.117420E+01   0.344190E+00
 0.175200E+01   0.111578E+01   0.127673E+02   0.121006E+01   0.349557E+00
 0.178150E+01   0.114613E+01   0.127783E+02   0.124581E+01   0.354899E+00
 0.181100E+01   0.117622E+01   0.127741E+02   0.128140E+01   0.360215E+00
 0.184050E+01   0.120598E+01   0.127747E+02   0.131679E+01   0.365506E+00
 0.187000E+01   0.123540E+01   0.127776E+02   0.135193E+01   0.370772E+00
 0.189950E+01   0.126443E+01   0.127788E+02   0.138677E+01   0.376013E+00
 0.192900E+01   0.129305E+01   0.127820E+02   0.142128E+01   0.381228E+00
 0.195850E+01   0.132122E+01   0.127777E+02   0.145540E+01   0.386417E+00
 0.198800E+01   0.134892E+01   0.127849E+02   0.148911E+01   0.391581E+00
 0.201750E+01   0.137612E+01   0.127794E+02   0.152237E+01   0.396719E+00
 0.204700E+01   0.140281E+01   0.127824E+02   0.155515E+01   0.401832E+00
 0.207650E+01   0.142898E+01   0.127808E+02   0.158743E+01   0.406919E+00
 0.210600E+01   0.145459E+01   0.127736E+02   0.161918E+01   0.411981E+00
 0.213550E+01   0.147965E+01   0.127687E+02   0.165038E+01   0.417018E+00
 0.216500E+01   0.150414E+01   0.127722E+02   0.168100E+01   0.422030E+00
 0.219450E+01   0.152807E+01   0.127630E+02   0.171104E+01   0.427016E+00
 0.222400E+01   0.155141E+01   0.127675E+02   0.174049E+01   0.431977E+00
 0.225350E+01   0.157418E+01   0.127587E+02   0.176932E+01   0.436914E+00
 0.228300E+01   0.159636E+01   0.127534E+02   0.179754E+01   0.441826E+00
 0.231250E+01   0.161797E+01   0.127534E+02   0.182514E+01   0.446714E+00
 0.234200E+01   0.163900E+01   0.127488E+02   0.185211E+01   0.451577E+00
 0.237150E+01   0.165947E+01   0.127400E+02   0.187845E+01   0.456416E+00
 0.240100E+01   0.167936E+01   0.127350E+02   0.190417E+01   0.461231E+00
 0.243050E+01   0.169870E+01   0.127291E+02   0.192926E+01   0.466023E+00
 0.246000E+01   0.171748E+01   0.127201E+02   0.195373E+01   0.470791E+00
 0.248950E+01   0.173572E+01   0.127141E+02   0.197758E+01   0.475536E+00
 0.251900E+01   0.175343E+01   0.127026E+02   0.200082E+01   0.480257E+00
 0.254850E+01   0.177062E+01   0.126976E+02   0.202346E+01   0.484956E+00
 0.257800E+01   0.178729E+01   0.126856E+02   0.204549E+01   0.489633E+00
 0.260750E+01   0.180345E+01   0.126762E+02   0.206694E+01   0.494287E+00
 0.263700E+01   0.181913E+01   0.126708E+02   0.208781E+01   0.498918E+00
 0.266650E+01   0.183433E+01   0.126532E+02   0.210810E+01   0.503528E+00
 0.269600E+01   0.184905E+01   0.126469E+02   0.212784E+01   0.508117E+00
 0.272550E+01   0.186333E+01   0.126403E+02   0.214703E+01   0.512684E+00
 0.275500E+01   0.187715E+01   0.126283E+02   0.216568E+01   0.517229E+00
 0.278450E+01   0.189054E+01   0.126214E+02   0.218380E+01   0.521754E+00
 0.281400E+01   0.190352E+01   0.126092E+02   0.220140E+01   0.526258E+00
 0.284350E+01   0.191608E+01   0.125959E+02   0.221850E+01   0.530742E+00
 0.287300E+01   0.192824E+01   0.125858E+02   0.223511E+01   0.535205E+00
 0.290250E+01   0.194002E+01   0.125710E+02   0.225124E+01   0.539649E+00
 0.293200E+01   0.195142E+01   0.125672E+02   0.226689E+01   0.544073E+00
 0.296150E+01   0.196246E+01   0.125560E+02   0.228209E+01   0.548477E+00
 0.299100E+01   0.197314E+01   0.125427E+02   0.229685E+01   0.552862E+00
 0.302050E+01   0.198348E+01   0.125337E+02   0.231117E+01   0.557228E+00
 0.305000E+01   0.199349E+01   0.125204E+02   0.232506E+01   0.561575E+00
 0.307950E+01   0.200318E+01   0.125066E+02   0.233854E+01   0.565904E+00
 0.310900E+01   0.201255E+01   0.124935E+02   0.235163E+01   0.570215E+00
 0.313850E+01   0.202162E+01   0.124863E+02   0.236432E+01   0.574507E+00
 0.316800E+01   0.203040E+01   0.124703E+02   0.237663E+01   0.578781E+00
 0.319750E+01   0.203890E+01   0.124616E+02   0.238857E+01   0.583038E+00
 0.322700E+01   0.204712E+01   0.124519E+02   0.240016E+01   0.587277E+00
 0.325650E+01   0.205507E+01   0.124401E+02   0.241139E+01   0.591499E+00
 0.328600E+01   0.206277E+01   0.124250E+02   0.242229E+01   0.595704E+00
 0.331550E+01   0.207022E+01   0.124164E+02   0.243285E+01   0.599892E+00
 0.334500E+01   0.207742E+01   0.123984E+02   0.244310E+01   0.604064E+00
 0.337450E+01   0.208439E+01   0.123906E+02   0.245303E+01   0.608219E+00
 0.340400E+01   0.209114E+01   0.123805E+02   0.246267E+01   0.612358E+00
 0.343350E+01   0.209767E+01   0.123645E+02   0.247200E+01   0.616481E+00
 0.346300E+01   0.210398E+01   0.123562E+02   0.248106E+01   0.620588E+00
 0.349250E+01   0.211009E+01   0.123369E+02   0.248984E+01   0.624679E+00
 0.352200E+01   0.211600E+01   0.123346E+02   0.249834E+01   0.628755E+00
 0.355150E+01   0.212172E+01   0.123158E+02   0.250659E+01   0.632816E+00
 0.358100E+01   0.212726E+01   0.123037E+02   0.251459E+01   0.636861E+00
 0.361050E+01   0.213261E+01   0.122945E+02   0.252233E+01   0.640892E+00
 0.364000E+01   0.213779E+01   0.122817E+02   0.252984E+01   0.644908E+00
 0.366950E+01   0.214280E+01   0.122714E+02   0.253712E+01   0.648910E+00
 0.369900E+01   0.214764E+01   0.122599E+02   0.254417E+01   0.652897E+00
 0.372850E+01   0.215233E+01   0.122437E+02   0.255100E+01   0.656870E+00
 0.375800E+01   0.215686E+01   0.122347E+02   0.255762E+01   0.660828E+00
 0.378750E+01   0.216125E+01   0.122269E+02   0.256403E+01   0.664773E+00
 0.381700E+01   0.216549E+01   0.122103E+02   0.257024E+01   0.668705E+00
 0.384650E+01   0.216959E+01   0.121995E+02   0.257626E+01   0.672622E+00
 0.387600E+01   0.217355E+01   0.121922E+02   0.258209E+01   0.676526E+00
 0.390550E+01   0.217739E+01   0.121717E+02   0.258773E+01   0.680417E+00
 0.393500E+01   0.218110E+01   0.121602E+02   0.259320E+01   0.684295E+00
 0.396450E+01   0.218468E+01   0.121515E+02   0.259849E+01   0.688160E+00
 0.399400E+01   0.218815E+01   0.121403E+02   0.260361E+01   0.692012E+00
 0.402350E+01   0.219150E+01   0.121354E+02   0.260857E+01   0.695852E+00
 0.405300E+01   0.219474E+01   0.121242E+02   0.261337E+01   0.699679E+00
 0.408250E+01   0.219787E+01   0.121063E+02   0.261802E+01   0.703493E+00
 0.411200E+01   0.220089E+01   0.121014E+02   0.262252E+01   0.707296E+00
 0.414150E+01   0.220382E+01   0.120865E+02   0.262687E+01   0.711086E+00
 0.417100E+01   0.220664E+01   0.120716E+02   0.263108E+01   0.714864E+00
 0.420050E+01   0.220937E+01   0.120597E+02   0.263515E+01   0.718631E+00
 0.423000E+01   0.221201E+01   0.120524E+02   0.263909E+01   0.722385E+00
 0.425950E+01   0.221455E+01   0.120424E+02   0.264289E+01   0.726128E+00
 0.428900E+01   0.221701E+01   0.120334E+02   0.264657E+01   0.729860E+00
 0.431850E+01   0.221938E+01   0.120211E+02   0.265013E+01   0.733580E+00
 0.434800E+01   0.222167E+01   0.120123E+02   0.265357E+01   0.737289E+00
 0.437750E+01   0.222388E+01   0.119972E+02   0.265689E+01   0.740987E+00
 0.440700E+01   0.222601E+01   0.119870E+02   0.266010E+01   0.744674E+00
 0.443650E+01   0.222807E+01   0.119807E+02   0.266320E+01   0.748350E+00
 0.446600E+01   0.223005E+01   0.119622E+02   0.266619E+01   0.752015E+00
 0.449550E+01   0.223197E+01   0.119568E+02   0.266908E+01   0.755670E+00
 0.452500E+01   0.223381E+01   0.119492E+02   0.267186E+01   0.759314E+00
 0.455450E+01   0.223559E+01   0.119300E+02   0.267455E+01   0.762948E+00
 0.458400E+01   0.223730E+01   0.119224E+02   0.267714E+01   0.766571E+00
 0.461350E+01   0.223895E+01   0.119120E+02   0.267964E+01   0.770184E+00
 0.464300E+01   0.224053E+01   0.119072E+02   0.268205E+01   0.773787E+00
 0.467250E+01   0.224206E+01   0.118962E+02   0.268437E+01   0.777380E+00
 0.470200E+01   0.224353E+01   0.118822E+02   0.268660E+01   0.780963E+00
 0.473150E+01   0.224494E+01   0.118759E+02   0.268875E+01   0.784536E+00
 0.476100E+01   0.224630E+01   0.118590E+02   0.269082E+01   0.788100E+00
 0.479050E+01   0.224761E+01   0.118500E+02   0.269281E+01   0.791653E+00
 0.482000E+01   0.224886E+01   0.118416E+02   0.269473E+01   0.795198E+00
 0.484950E+01   0.225007E+01   0.118384E+02   0.269656E+01   0.798733E+00
 0.487900E+01   0.225122E+01   0.118212E+02   0.269833E+01   0.802258E+00
 0.490850E+01   0.225233E+01   0.118091E+02   0.270002E+01   0.805774E+00
 0.493800E+01   0.225339E+01   0.118025E+02   0.270165E+01   0.809281E+00
 0.496750E+01   0.225440E+01   0.117900E+02   0.270321E+01   0.812779E+00
 0.499700E+01   0.225538E+01   0.117884E+02   0.270470E+01   0.816268E+00
 0.502650E+01   0.225631E+01   0.117793E+02   0.270613E+01   0.819748E+00
 0.505600E+01   0.225720E+01   0.117661E+02   0.270749E+01   0.823219E+00
 0.508550E+01   0.225805E+01   0.117601E+02   0.270880E+01   0.826682E+00
 0.511500E+01   0.225885E+01   0.117520E+02   0.271004E+01   0.830136E+00
 0.514450E+01   0.225963E+01   0.117410E+02   0.271123E+01   0.833581E+00
 0.517400E+01   0.226036E+01   0.117248E+02   0.271236E+01   0.837017E+00
 0.520350E+01   0.226106E+01   0.117155E+02   0.271344E+01   0.840446E+00
 0.523300E+01   0.226172E+01   0.117088E+02   0.271447E+01   0.843865E+00
 0.526250E+01   0.226235E+01   0.116994E+02   0.271544E+01   0.847277E+00
 0.529200E+01   0.226295E+01   0.116908E+02   0.271636E+01   0.850680E+00
 0.532150E+01   0.226351E+01   0.116828E+02   0.271723E+01   0.854075E+00
 0.535100E+01   0.226405E+01   0.116761E+02   0.271806E+01   0.857463E+00
 0.538050E+01   0.226455E+01   0.116674E+02   0.271884E+01   0.860842E+00
 0.541000E+01   0.226502E+01   0.116569E+02   0.271957E+01   0.864213E+00
 0.543950E+01   0.226547E+01   0.116493E+02   0.272026E+01   0.867576E+00
 0.546900E+01   0.226588E+01   0.116424E+02   0.272090E+01   0.870932E+00
 0.549850E+01   0.226627E+01   0.116265E+02   0.272150E+01   0.874280E+00
 0.552800E+01   0.226663E+01   0.116225E+02   0.272206E+01   0.877620E+00
 0.555750E+01   0.226697E+01   0.116167E+02   0.272259E+01   0.880952E+00
 0.558700E+01   0.226728E+01   0.116063E+02   0.272307E+01   0.884278E+00
 0.561650E+01   0.226756E+01   0.116006E+02   0.272351E+01   0.887595E+00
 0.564600E+01   0.226782E+01   0.115927E+02   0.272392E+01   0.890905E+00
 0.567550E+01   0.226806E+01   0.115824E+02   0.272429E+01   0.894208E+00
 0.570500E+01   0.226827E+01   0.115683E+02   0.272462E+01   0.897504E+00
 0.573450E+01   0.226847E+01   0.115589E+02   0.272492E+01   0.900792E+00
 0.576400E+01   0.226864E+01   0.115513E+02   0.272519E+01   0.904073E+00
 0.579350E+01   0.226879E+01   0.115439E+02   0.272542E+01   0.907347E+00
 0.582300E+01   0.226892E+01   0.115343E+02   0.272563E+01   0.910614E+00
 0.585250E+01   0.226902E+01   0.115303E+02   0.272580E+01   0.913875E+00
 0.588200E+01   0.226911E+01   0.115230E+02   0.272594E+01   0.917128E+00
 0.591150E+01   0.226919E+01   0.115134E+02   0.272605E+01   0.920374E+00
 0.594100E+01   0.226924E+01   0.115053E+02   0.272613E+01   0.923613E+00
 0.597050E+01   0.226927E+01   0.114987E+02   0.272618E+01   0.926846E+00
