 0.100000E+00   0.327197E+00   0.170940E+03   0.329532E+00   0.209161E-01
 0.129500E+00   0.293492E+00   0.176821E+03   0.295553E+00   0.270697E-01
 0.159000E+00   0.251825E+00   0.181924E+03   0.253533E+00   0.332166E-01
 0.188500E+00   0.182337E+00   0.164519E+03   0.183450E+00   0.393570E-01
 0.218000E+00   0.128950E+00   0.141212E+03   0.129614E+00   0.454912E-01
 0.247500E+00   0.100340E+00   0.115969E+03   0.100762E+00   0.516192E-01
 0.277000E+00   0.906128E-01   0.987319E+02   0.909515E-01   0.577413E-01
 0.306500E+00   0.882830E-01   0.825928E+02   0.886005E-01   0.638576E-01
 0.336000E+00   0.881210E-01   0.743907E+02   0.884398E-01   0.702032E-01
 0.365500E+00   0.905889E-01   0.541912E+02   0.909487E-01   0.763313E-01
 0.395000E+00   0.960412E-01   0.427217E+02   0.964830E-01   0.824516E-01
 0.424500E+00   0.103350E+00   0.401859E+02   0.103906E+00   0.885637E-01
 0.454000E+00   0.111958E+00   0.374141E+02   0.112659E+00   0.946675E-01
 0.483500E+00   0.121611E+00   0.304365E+02   0.122487E+00   0.100763E+00
 0.513000E+00   0.132137E+00   0.260875E+02   0.133220E+00   0.106849E+00
 0.542500E+00   0.143434E+00   0.231631E+02   0.144756E+00   0.112926E+00
 0.572000E+00   0.155441E+00   0.210826E+02   0.157040E+00   0.118993E+00
 0.601500E+00   0.168126E+00   0.195335E+02   0.170039E+00   0.125051E+00
 0.631000E+00   0.181468E+00   0.183549E+02   0.183738E+00   0.131098E+00
 0.660500E+00   0.195192E+00   0.174471E+02   0.197856E+00   0.137135E+00
 0.690000E+00   0.209371E+00   0.167190E+02   0.212471E+00   0.143161E+00
 0.719500E+00   0.224093E+00   0.161319E+02   0.227678E+00   0.149177E+00
 0.749000E+00   0.239404E+00   0.156422E+02   0.243527E+00   0.155182E+00
 0.778500E+00   0.255342E+00   0.152275E+02   0.260061E+00   0.161174E+00
 0.808000E+00   0.271938E+00   0.148762E+02   0.277316E+00   0.167155E+00
 0.837500E+00   0.289217E+00   0.145817E+02   0.295325E+00   0.173124E+00
 0.867000E+00   0.307200E+00   0.143231E+02   0.314115E+00   0.179080E+00
 0.896500E+00   0.325905E+00   0.141029E+02   0.333708E+00   0.185023E+00
 0.926000E+00   0.345344E+00   0.139181E+02   0.354125E+00   0.190951E+00
 0.955500E+00   0.365525E+00   0.137497E+02   0.375379E+00   0.196866E+00
 0.985000E+00   0.386451E+00   0.136040E+02   0.397482E+00   0.202766E+00
 0.101450E+01   0.408122E+00   0.134786E+02   0.420438E+00   0.208652E+00
 0.104400E+01   0.430532E+00   0.133745E+02   0.444251E+00   0.214521E+00
 0.107350E+01   0.453672E+00   0.132755E+02   0.468918E+00   0.220375E+00
 0.110300E+01   0.477529E+00   0.131943E+02   0.494431E+00   0.226212E+00
 0.113250E+01   0.502085E+00   0.131294E+02   0.520782E+00   0.232032E+00
 0.116200E+01   0.527320E+00   0.130652E+02   0.547954E+00   0.237834E+00
 0.119150E+01   0.553210E+00   0.130196E+02   0.575931E+00   0.243619E+00
 0.122100E+01   0.579726E+00   0.129713E+02   0.604689E+00   0.249385E+00
 0.125050E+01   0.606837E+00   0.129383E+02   0.634204E+00   0.255132E+00
 0.128000E+01   0.634511E+00   0.129007E+02   0.664446E+00   0.260860E+00
 0.130950E+01   0.662709E+00   0.128790E+02   0.695383E+00   0.266568E+00
 0.133900E+01   0.691393E+00   0.128559E+02   0.726979E+00   0.272256E+00
 0.136850E+01   0.720520E+00   0.128398E+02   0.759195E+00   0.277923E+00
 0.139800E+01   0.750048E+00   0.128189E+02   0.791990E+00   0.283569E+00
 0.142750E+01   0.779930E+00   0.128086E+02   0.825319E+00   0.289194E+00
 0.145700E+01   0.810118E+00   0.128038E+02   0.859135E+00   0.294797E+00
 0.148650E+01   0.840565E+00   0.127989E+02   0.893390E+00   0.300377E+00
 0.151600E+01   0.871220E+00   0.127932E+02   0.928032E+00   0.305935E+00
 0.154550E+01   0.902033E+00   0.127828E+02   0.963009E+00   0.311470E+00
 0.157500E+01   0.932954E+00   0.127852E+02   0.998267E+00   0.316981E+00
 0.160450E+01   0.963930E+00   0.127808E+02   0.103375E+01   0.322469E+00
 0.163400E+01   0.994913E+00   0.127830E+02   0.106940E+01   0.327933E+00
 0.166350E+01   0.102585E+01   0.127788E+02   0.110517E+01   0.333373E+00
 0.169300E+01   0.105670E+01   0.127808E+02   0.114100E+01   0.338788E+00
 0.172250E+01   0.108740E+01   0.127892E+02   0.117683E+01   0.344179E+00
 0.175200E+01   0.111792E+01   0.127852E+02   0.121262E+01   0.349545E+00
 0.178150E+01   0.114821E+01   0.127896E+02   0.124830E+01   0.354886E+00
 0.181100E+01   0.117822E+01   0.127852E+02   0.128382E+01   0.360202E+00
 0.184050E+01   0.120793E+01   0.127867E+02   0.131914E+01   0.365493E+00
 0.187000E+01   0.123728E+01   0.127904E+02   0.135421E+01   0.370758E+00
 0.189950E+01   0.126625E+01   0.127962E+02   0.138899E+01   0.375998E+00
 0.192900E+01   0.129481E+01   0.127909E+02   0.142343E+01   0.381212E+00
 0.195850E+01   0.132292E+01   0.127908E+02   0.145749E+01   0.386401E+00
 0.198800E+01   0.135056E+01   0.127894E+02   0.149114E+01   0.391565E+00
 0.201750E+01   0.137771E+01   0.127962E+02   0.152434E+01   0.396702E+00
 0.204700E+01   0.140435E+01   0.127936E+02   0.155707E+01   0.401815E+00
 0.207650E+01   0.143046E+01   0.127893E+02   0.158929E+01   0.406902E+00
 0.210600E+01   0.145603E+01   0.127840E+02   0.162099E+01   0.411963E+00
 0.213550E+01   0.148104E+01   0.127790E+02   0.165213E+01   0.416999E+00
 0.216500E+01   0.150549E+01   0.127847E+02   0.168271E+01   0.422010E+00
 0.219450E+01   0.152937E+01   0.127728E+02   0.171270E+01   0.426996E+00
 0.222400E+01   0.155267E+01   0.127729E+02   0.174209E+01   0.431957E+00
 0.225350E+01   0.157540E+01   0.127676E+02   0.177088E+01   0.436893E+00
 0.228300E+01   0.159755E+01   0.127598E+02   0.179906E+01   0.441805E+00
 0.231250E+01   0.161912E+01   0.127542E+02   0.182661E+01   0.446692E+00
 0.234200E+01   0.164012E+01   0.127540E+02   0.185354E+01   0.451555E+00
 0.237150E+01   0.166054E+01   0.127467E+02   0.187985E+01   0.456394E+00
 0.240100E+01   0.168041E+01   0.127379E+02   0.190553E+01   0.461208E+00
 0.243050E+01   0.169971E+01   0.127289E+02   0.193058E+01   0.466000E+00
 0.246000E+01   0.171847E+01   0.127292E+02   0.195501E+01   0.470767E+00
 0.248950E+01   0.173668E+01   0.127155E+02   0.197883E+01   0.475512E+00
 0.251900E+01   0.175436E+01   0.127112E+02   0.200204E+01   0.480233E+00
 0.254850E+01   0.177152E+01   0.127023E+02   0.202464E+01   0.484932E+00
 0.257800E+01   0.178816E+01   0.126905E+02   0.204664E+01   0.489608E+00
 0.260750E+01   0.180431E+01   0.126879E+02   0.206806E+01   0.494261E+00
 0.263700E+01   0.181996E+01   0.126704E+02   0.208890E+01   0.498893E+00
 0.266650E+01   0.183513E+01   0.126701E+02   0.210917E+01   0.503502E+00
 0.269600E+01   0.184984E+01   0.126524E+02   0.212888E+01   0.508090E+00
 0.272550E+01   0.186409E+01   0.126435E+02   0.214804E+01   0.512657E+00
 0.275500E+01   0.187789E+01   0.126307E+02   0.216666E+01   0.517202E+00
 0.278450E+01   0.189127E+01   0.126235E+02   0.218476E+01   0.521727E+00
 0.281400E+01   0.190422E+01   0.126106E+02   0.220234E+01   0.526231E+00
 0.284350E+01   0.191676E+01   0.126022E+02   0.221941E+01   0.530714E+00
 0.287300E+01   0.192891E+01   0.125960E+02   0.223600E+01   0.535177E+00
 0.290250E+01   0.194067E+01   0.125828E+02   0.225211E+01   0.539620E+00
 0.293200E+01   0.195206E+01   0.125665E+02   0.226774E+01   0.544044E+00
 0.296150E+01   0.196308E+01   0.125647E+02   0.228292E+01   0.548448E+00
 0.299100E+01   0.197375E+01   0.125485E+02   0.229766E+01   0.552833E+00
 0.302050E+01   0.198408E+01   0.125327E+02   0.231196E+01   0.557199E+00
 0.305000E+01   0.199407E+01   0.125279E+02   0.232583E+01   0.561546E+00
 0.307950E+01   0.200374E+01   0.125102E+02   0.233930E+01   0.565874E+00
 0.310900E+01   0.201311E+01   0.125039E+02   0.235237E+01   0.570184E+00
 0.313850E+01   0.202217E+01   0.124925E+02   0.236504E+01   0.574476E+00
 0.316800E+01   0.203093E+01   0.124776E+02   0.237734E+01   0.578750E+00
 0.319750E+01   0.203942E+01   0.124675E+02   0.238927E+01   0.583007E+00
 0.322700E+01   0.204763E+01   0.124559E+02   0.240083E+01   0.587246E+00
 0.325650E+01   0.205557E+01   0.124426E+02   0.241206E+01   0.591468E+00
 0.328600E+01   0.206326E+01   0.124296E+02   0.242294E+01   0.595673E+00
 0.331550E+01   0.207070E+01   0.124193E+02   0.243349E+01   0.599860E+00
 0.334500E+01   0.207789E+01   0.124039E+02   0.244372E+01   0.604032E+00
 0.337450E+01   0.208486E+01   0.123999E+02   0.245365E+01   0.608187E+00
 0.340400E+01   0.209159E+01   0.123790E+02   0.246327E+01   0.612325E+00
 0.343350E+01   0.209811E+01   0.123744E+02   0.247259E+01   0.616448E+00
 0.346300E+01   0.210442E+01   0.123579E+02   0.248164E+01   0.620555E+00
 0.349250E+01   0.211052E+01   0.123500E+02   0.249040E+01   0.624646E+00
 0.352200E+01   0.211643E+01   0.123313E+02   0.249890E+01   0.628722E+00
 0.355150E+01   0.212214E+01   0.123270E+02   0.250714E+01   0.632783E+00
 0.358100E+01   0.212766E+01   0.123146E+02   0.251512E+01   0.636828E+00
 0.361050E+01   0.213301E+01   0.122979E+02   0.252286E+01   0.640859E+00
 0.364000E+01   0.213818E+01   0.122902E+02   0.253036E+01   0.644874E+00
 0.366950E+01   0.214318E+01   0.122748E+02   0.253763E+01   0.648876E+00
 0.369900E+01   0.214802E+01   0.122595E+02   0.254467E+01   0.652863E+00
 0.372850E+01   0.215270E+01   0.122485E+02   0.255149E+01   0.656835E+00
 0.375800E+01   0.215723E+01   0.122375E+02   0.255810E+01   0.660794E+00
 0.378750E+01   0.216161E+01   0.122302E+02   0.256451E+01   0.664739E+00
 0.381700E+01   0.216585E+01   0.122123E+02   0.257071E+01   0.668670E+00
 0.384650E+01   0.216994E+01   0.122053E+02   0.257672E+01   0.672587E+00
 0.387600E+01   0.217390E+01   0.121970E+02   0.258254E+01   0.676491E+00
 0.390550E+01   0.217773E+01   0.121833E+02   0.258818E+01   0.680382E+00
 0.393500E+01   0.218144E+01   0.121681E+02   0.259363E+01   0.684260E+00
 0.396450E+01   0.218502E+01   0.121581E+02   0.259892E+01   0.688125E+00
 0.399400E+01   0.218848E+01   0.121483E+02   0.260404E+01   0.691977E+00
 0.402350E+01   0.219183E+01   0.121392E+02   0.260899E+01   0.695816E+00
 0.405300E+01   0.219506E+01   0.121213E+02   0.261379E+01   0.699643E+00
 0.408250E+01   0.219819E+01   0.121118E+02   0.261843E+01   0.703457E+00
 0.411200E+01   0.220121E+01   0.121049E+02   0.262292E+01   0.707260E+00
 0.414150E+01   0.220413E+01   0.120869E+02   0.262726E+01   0.711050E+00
 0.417100E+01   0.220695E+01   0.120818E+02   0.263146E+01   0.714828E+00
 0.420050E+01   0.220967E+01   0.120710E+02   0.263553E+01   0.718594E+00
 0.423000E+01   0.221230E+01   0.120604E+02   0.263946E+01   0.722349E+00
 0.425950E+01   0.221484E+01   0.120458E+02   0.264326E+01   0.726092E+00
 0.428900E+01   0.221730E+01   0.120316E+02   0.264694E+01   0.729823E+00
 0.431850E+01   0.221967E+01   0.120214E+02   0.265049E+01   0.733543E+00
 0.434800E+01   0.222195E+01   0.120089E+02   0.265392E+01   0.737252E+00
 0.437750E+01   0.222416E+01   0.120007E+02   0.265724E+01   0.740950E+00
 0.440700E+01   0.222629E+01   0.119924E+02   0.266044E+01   0.744637E+00
 0.443650E+01   0.222834E+01   0.119846E+02   0.266354E+01   0.748313E+00
 0.446600E+01   0.223032E+01   0.119698E+02   0.266652E+01   0.751978E+00
 0.449550E+01   0.223223E+01   0.119581E+02   0.266941E+01   0.755632E+00
 0.452500E+01   0.223408E+01   0.119512E+02   0.267219E+01   0.759276E+00
 0.455450E+01   0.223585E+01   0.119397E+02   0.267487E+01   0.762910E+00
 0.458400E+01   0.223756E+01   0.119276E+02   0.267746E+01   0.766533E+00
 0.461350E+01   0.223920E+01   0.119213E+02   0.267996E+01   0.770146E+00
 0.464300E+01   0.224079E+01   0.119077E+02   0.268236E+01   0.773749E+00
 0.467250E+01   0.224231E+01   0.119003E+02   0.268468E+01   0.777342E+00
 0.470200E+01   0.224378E+01   0.118915E+02   0.268691E+01   0.780925E+00
 0.473150E+01   0.224519E+01   0.118821E+02   0.268905E+01   0.784498E+00
 0.476100E+01   0.224655E+01   0.118656E+02   0.269112E+01   0.788061E+00
 0.479050E+01   0.224785E+01   0.118604E+02   0.269311E+01   0.791615E+00
 0.482000E+01   0.224910E+01   0.118451E+02   0.269502E+01   0.795159E+00
 0.484950E+01   0.225030E+01   0.118385E+02   0.269685E+01   0.798694E+00
 0.487900E+01   0.225146E+01   0.118302E+02   0.269861E+01   0.802219E+00
 0.490850E+01   0.225256E+01   0.118204E+02   0.270030E+01   0.805735E+00
 0.493800E+01   0.225362E+01   0.118125E+02   0.270193E+01   0.809242E+00
 0.496750E+01   0.225463E+01   0.117971E+02   0.270348E+01   0.812740E+00
 0.499700E+01   0.225560E+01   0.117848E+02   0.270497E+01   0.816229E+00
 0.502650E+01   0.225653E+01   0.117767E+02   0.270639E+01   0.819709E+00
 0.505600E+01   0.225742E+01   0.117717E+02   0.270776E+01   0.823180E+00
 0.508550E+01   0.225827E+01   0.117591E+02   0.270906E+01   0.826642E+00
 0.511500E+01   0.225907E+01   0.117479E+02   0.271030E+01   0.830096E+00
 0.514450E+01   0.225985E+01   0.117408E+02   0.271149E+01   0.833541E+00
 0.517400E+01   0.226058E+01   0.117338E+02   0.271262E+01   0.836978E+00
 0.520350E+01   0.226128E+01   0.117272E+02   0.271369E+01   0.840406E+00
 0.523300E+01   0.226194E+01   0.117182E+02   0.271471E+01   0.843825E+00
 0.526250E+01   0.226257E+01   0.117020E+02   0.271568E+01   0.847237E+00
 0.529200E+01   0.226316E+01   0.116939E+02   0.271660E+01   0.850640E+00
 0.532150E+01   0.226372E+01   0.116901E+02   0.271747E+01   0.854035E+00
 0.535100E+01   0.226425E+01   0.116749E+02   0.271830E+01   0.857422E+00
 0.538050E+01   0.226476E+01   0.116711E+02   0.271907E+01   0.860801E+00
 0.541000E+01   0.226523E+01   0.116641E+02   0.271980E+01   0.864173E+00
 0.543950E+01   0.226567E+01   0.116564E+02   0.272049E+01   0.867536E+00
 0.546900E+01   0.226608E+01   0.116400E+02   0.272113E+01   0.870891E+00
 0.549850E+01   0.226647E+01   0.116367E+02   0.272173E+01   0.874239E+00
 0.552800E+01   0.226683E+01   0.116302E+02   0.272229E+01   0.877579E+00
 0.555750E+01   0.226716E+01   0.116198E+02   0.272281E+01   0.880912E+00
 0.558700E+01   0.226747E+01   0.116085E+02   0.272329E+01   0.884237E+00
 0.561650E+01   0.226775E+01   0.115994E+02   0.272373E+01   0.887554E+00
 0.564600E+01   0.226801E+01   0.115896E+02   0.272413E+01   0.890864E+00
 0.567550E+01   0.226825E+01   0.115834E+02   0.272450E+01   0.894167E+00
 0.570500E+01   0.226846E+01   0.115756E+02   0.272483E+01   0.897463E+00
 0.573450E+01   0.226865E+01   0.115679E+02   0.272513E+01   0.900751E+00
 0.576400E+01   0.226882E+01   0.115610E+02   0.272540E+01   0.904032E+00
 0.579350E+01   0.226897E+01   0.115461E+02   0.272563E+01   0.907306E+00
 0.582300E+01   0.226910E+01   0.115385E+02   0.272583E+01   0.910573E+00
 0.585250E+01   0.226921E+01   0.115318E+02   0.272600E+01   0.913833E+00
 0.588200E+01   0.226930E+01   0.115246E+02   0.272614E+01   0.917086E+00
 0.591150E+01   0.226937E+01   0.115175E+02   0.272625E+01   0.920332E+00
 0.594100E+01   0.226942E+01   0.115146E+02   0.272633E+01   0.923572E+00
 0.597050E+01   0.226945E+01   0.114993E+02   0.272638E+01   0.926804E+00
