 0.100000E+00   0.327197E+00   0.170940E+03   0.329532E+00   0.209161E-01
 0.129500E+00   0.293492E+00   0.176821E+03   0.295553E+00   0.270697E-01
 0.159000E+00   0.251577E+00   0.181751E+03   0.253282E+00   0.332166E-01
 0.188500E+00   0.180684E+00   0.162973E+03   0.181782E+00   0.393570E-01
 0.218000E+00   0.129462E+00   0.141996E+03   0.130130E+00   0.454912E-01
 0.247500E+00   0.998515E-01   0.114497E+03   0.100270E+00   0.516192E-01
 0.277000E+00   0.906597E-01   0.990472E+02   0.909989E-01   0.577413E-01
 0.306500E+00   0.882557E-01   0.802856E+02   0.885714E-01   0.638576E-01
 0.336000E+00   0.935141E-01   0.473138E+02   0.938858E-01   0.700760E-01
 0.365500E+00   0.102322E+00   0.400394E+02   0.102803E+00   0.761836E-01
 0.395000E+00   0.112504E+00   0.387746E+02   0.113126E+00   0.822825E-01
 0.424500E+00   0.123500E+00   0.316737E+02   0.124294E+00   0.883724E-01
 0.454000E+00   0.135064E+00   0.269832E+02   0.136059E+00   0.944531E-01
 0.483500E+00   0.147073E+00   0.239573E+02   0.148296E+00   0.100525E+00
 0.513000E+00   0.159462E+00   0.218523E+02   0.160942E+00   0.106586E+00
 0.542500E+00   0.172203E+00   0.203221E+02   0.173972E+00   0.112639E+00
 0.572000E+00   0.185086E+00   0.191599E+02   0.187170E+00   0.118681E+00
 0.601500E+00   0.197914E+00   0.182745E+02   0.200336E+00   0.124714E+00
 0.631000E+00   0.210905E+00   0.175628E+02   0.213692E+00   0.130737E+00
 0.660500E+00   0.224147E+00   0.169713E+02   0.227332E+00   0.136749E+00
 0.690000E+00   0.237708E+00   0.164760E+02   0.241326E+00   0.142752E+00
 0.719500E+00   0.251645E+00   0.160481E+02   0.255735E+00   0.148744E+00
 0.749000E+00   0.266008E+00   0.156813E+02   0.270614E+00   0.154725E+00
 0.778500E+00   0.280844E+00   0.153603E+02   0.286014E+00   0.160695E+00
 0.808000E+00   0.296194E+00   0.150766E+02   0.301981E+00   0.166654E+00
 0.837500E+00   0.312096E+00   0.148275E+02   0.318558E+00   0.172601E+00
 0.867000E+00   0.328583E+00   0.146067E+02   0.335783E+00   0.178536E+00
 0.896500E+00   0.345684E+00   0.144023E+02   0.353691E+00   0.184458E+00
 0.926000E+00   0.363425E+00   0.142231E+02   0.372314E+00   0.190366E+00
 0.955500E+00   0.381825E+00   0.140676E+02   0.391678E+00   0.196262E+00
 0.985000E+00   0.400901E+00   0.139253E+02   0.411805E+00   0.202144E+00
 0.101450E+01   0.420666E+00   0.137980E+02   0.432716E+00   0.208011E+00
 0.104400E+01   0.441128E+00   0.136820E+02   0.454424E+00   0.213863E+00
 0.107350E+01   0.462290E+00   0.135790E+02   0.476941E+00   0.219700E+00
 0.110300E+01   0.484153E+00   0.134853E+02   0.500272E+00   0.225522E+00
 0.113250E+01   0.506712E+00   0.134080E+02   0.524421E+00   0.231327E+00
 0.116200E+01   0.529959E+00   0.133343E+02   0.549385E+00   0.237115E+00
 0.119150E+01   0.553880E+00   0.132722E+02   0.575159E+00   0.242887E+00
 0.122100E+01   0.578459E+00   0.132102E+02   0.601732E+00   0.248641E+00
 0.125050E+01   0.603676E+00   0.131584E+02   0.629090E+00   0.254376E+00
 0.128000E+01   0.629506E+00   0.131174E+02   0.657213E+00   0.260093E+00
 0.130950E+01   0.655921E+00   0.130785E+02   0.686080E+00   0.265791E+00
 0.133900E+01   0.682890E+00   0.130389E+02   0.715664E+00   0.271470E+00
 0.136850E+01   0.710378E+00   0.130079E+02   0.745933E+00   0.277129E+00
 0.139800E+01   0.738346E+00   0.129810E+02   0.776854E+00   0.282767E+00
 0.142750E+01   0.766753E+00   0.129624E+02   0.808388E+00   0.288384E+00
 0.145700E+01   0.795557E+00   0.129427E+02   0.840493E+00   0.293981E+00
 0.148650E+01   0.824711E+00   0.129239E+02   0.873125E+00   0.299555E+00
 0.151600E+01   0.854168E+00   0.129156E+02   0.906236E+00   0.305108E+00
 0.154550E+01   0.883877E+00   0.129010E+02   0.939777E+00   0.310638E+00
 0.157500E+01   0.913787E+00   0.128895E+02   0.973693E+00   0.316146E+00
 0.160450E+01   0.943849E+00   0.128801E+02   0.100793E+01   0.321630E+00
 0.163400E+01   0.974008E+00   0.128684E+02   0.104244E+01   0.327091E+00
 0.166350E+01   0.100421E+01   0.128612E+02   0.107715E+01   0.332528E+00
 0.169300E+01   0.103441E+01   0.128581E+02   0.111202E+01   0.337941E+00
 0.172250E+01   0.106455E+01   0.128575E+02   0.114698E+01   0.343331E+00
 0.175200E+01   0.109459E+01   0.128522E+02   0.118198E+01   0.348695E+00
 0.178150E+01   0.112447E+01   0.128443E+02   0.121696E+01   0.354035E+00
 0.181100E+01   0.115415E+01   0.128392E+02   0.125187E+01   0.359350E+00
 0.184050E+01   0.118359E+01   0.128362E+02   0.128665E+01   0.364641E+00
 0.187000E+01   0.121273E+01   0.128398E+02   0.132125E+01   0.369906E+00
 0.189950E+01   0.124156E+01   0.128306E+02   0.135563E+01   0.375146E+00
 0.192900E+01   0.127002E+01   0.128252E+02   0.138973E+01   0.380360E+00
 0.195850E+01   0.129808E+01   0.128260E+02   0.142352E+01   0.385550E+00
 0.198800E+01   0.132572E+01   0.128265E+02   0.145695E+01   0.390714E+00
 0.201750E+01   0.135291E+01   0.128174E+02   0.148998E+01   0.395852E+00
 0.204700E+01   0.137962E+01   0.128191E+02   0.152259E+01   0.400965E+00
 0.207650E+01   0.140583E+01   0.128135E+02   0.155473E+01   0.406053E+00
 0.210600E+01   0.143153E+01   0.128083E+02   0.158638E+01   0.411116E+00
 0.213550E+01   0.145670E+01   0.128069E+02   0.161752E+01   0.416154E+00
 0.216500E+01   0.148133E+01   0.127985E+02   0.164812E+01   0.421166E+00
 0.219450E+01   0.150541E+01   0.127973E+02   0.167817E+01   0.426153E+00
 0.222400E+01   0.152892E+01   0.127907E+02   0.170765E+01   0.431116E+00
 0.225350E+01   0.155187E+01   0.127768E+02   0.173654E+01   0.436054E+00
 0.228300E+01   0.157426E+01   0.127737E+02   0.176484E+01   0.440967E+00
 0.231250E+01   0.159607E+01   0.127683E+02   0.179253E+01   0.445856E+00
 0.234200E+01   0.161732E+01   0.127587E+02   0.181962E+01   0.450720E+00
 0.237150E+01   0.163801E+01   0.127556E+02   0.184609E+01   0.455561E+00
 0.240100E+01   0.165814E+01   0.127428E+02   0.187195E+01   0.460377E+00
 0.243050E+01   0.167771E+01   0.127344E+02   0.189719E+01   0.465170E+00
 0.246000E+01   0.169673E+01   0.127284E+02   0.192182E+01   0.469939E+00
 0.248950E+01   0.171521E+01   0.127250E+02   0.194584E+01   0.474686E+00
 0.251900E+01   0.173315E+01   0.127181E+02   0.196926E+01   0.479409E+00
 0.254850E+01   0.175058E+01   0.127088E+02   0.199207E+01   0.484109E+00
 0.257800E+01   0.176749E+01   0.126942E+02   0.201430E+01   0.488787E+00
 0.260750E+01   0.178389E+01   0.126882E+02   0.203594E+01   0.493442E+00
 0.263700E+01   0.179981E+01   0.126800E+02   0.205700E+01   0.498075E+00
 0.266650E+01   0.181524E+01   0.126673E+02   0.207749E+01   0.502686E+00
 0.269600E+01   0.183020E+01   0.126542E+02   0.209742E+01   0.507276E+00
 0.272550E+01   0.184470E+01   0.126396E+02   0.211680E+01   0.511844E+00
 0.275500E+01   0.185875E+01   0.126289E+02   0.213565E+01   0.516391E+00
 0.278450E+01   0.187236E+01   0.126255E+02   0.215397E+01   0.520917E+00
 0.281400E+01   0.188555E+01   0.126089E+02   0.217177E+01   0.525423E+00
 0.284350E+01   0.189833E+01   0.126019E+02   0.218907E+01   0.529908E+00
 0.287300E+01   0.191070E+01   0.125879E+02   0.220587E+01   0.534373E+00
 0.290250E+01   0.192269E+01   0.125802E+02   0.222219E+01   0.538817E+00
 0.293200E+01   0.193429E+01   0.125672E+02   0.223804E+01   0.543242E+00
 0.296150E+01   0.194553E+01   0.125564E+02   0.225344E+01   0.547648E+00
 0.299100E+01   0.195641E+01   0.125389E+02   0.226838E+01   0.552034E+00
 0.302050E+01   0.196694E+01   0.125275E+02   0.228288E+01   0.556401E+00
 0.305000E+01   0.197713E+01   0.125212E+02   0.229696E+01   0.560750E+00
 0.307950E+01   0.198700E+01   0.125122E+02   0.231063E+01   0.565080E+00
 0.310900E+01   0.199656E+01   0.125002E+02   0.232389E+01   0.569391E+00
 0.313850E+01   0.200580E+01   0.124879E+02   0.233676E+01   0.573684E+00
 0.316800E+01   0.201475E+01   0.124690E+02   0.234925E+01   0.577960E+00
 0.319750E+01   0.202342E+01   0.124628E+02   0.236136E+01   0.582218E+00
 0.322700E+01   0.203180E+01   0.124446E+02   0.237312E+01   0.586458E+00
 0.325650E+01   0.203992E+01   0.124373E+02   0.238452E+01   0.590681E+00
 0.328600E+01   0.204777E+01   0.124196E+02   0.239558E+01   0.594887E+00
 0.331550E+01   0.205537E+01   0.124090E+02   0.240631E+01   0.599076E+00
 0.334500E+01   0.206272E+01   0.123987E+02   0.241671E+01   0.603249E+00
 0.337450E+01   0.206984E+01   0.123833E+02   0.242681E+01   0.607405E+00
 0.340400E+01   0.207673E+01   0.123730E+02   0.243659E+01   0.611544E+00
 0.343350E+01   0.208340E+01   0.123632E+02   0.244609E+01   0.615668E+00
 0.346300E+01   0.208985E+01   0.123523E+02   0.245529E+01   0.619776E+00
 0.349250E+01   0.209609E+01   0.123383E+02   0.246421E+01   0.623868E+00
 0.352200E+01   0.210213E+01   0.123314E+02   0.247287E+01   0.627945E+00
 0.355150E+01   0.210798E+01   0.123172E+02   0.248126E+01   0.632007E+00
 0.358100E+01   0.211364E+01   0.122981E+02   0.248939E+01   0.636053E+00
 0.361050E+01   0.211911E+01   0.122906E+02   0.249728E+01   0.640085E+00
 0.364000E+01   0.212441E+01   0.122822E+02   0.250492E+01   0.644102E+00
 0.366950E+01   0.212953E+01   0.122703E+02   0.251233E+01   0.648104E+00
 0.369900E+01   0.213449E+01   0.122519E+02   0.251951E+01   0.652092E+00
 0.372850E+01   0.213929E+01   0.122414E+02   0.252647E+01   0.656065E+00
 0.375800E+01   0.214393E+01   0.122314E+02   0.253322E+01   0.660025E+00
 0.378750E+01   0.214842E+01   0.122187E+02   0.253975E+01   0.663970E+00
 0.381700E+01   0.215277E+01   0.122115E+02   0.254609E+01   0.667902E+00
 0.384650E+01   0.215697E+01   0.121998E+02   0.255223E+01   0.671821E+00
 0.387600E+01   0.216104E+01   0.121793E+02   0.255817E+01   0.675726E+00
 0.390550E+01   0.216497E+01   0.121725E+02   0.256393E+01   0.679617E+00
 0.393500E+01   0.216877E+01   0.121618E+02   0.256951E+01   0.683496E+00
 0.396450E+01   0.217245E+01   0.121521E+02   0.257492E+01   0.687361E+00
 0.399400E+01   0.217601E+01   0.121399E+02   0.258015E+01   0.691214E+00
 0.402350E+01   0.217945E+01   0.121233E+02   0.258522E+01   0.695054E+00
 0.405300E+01   0.218277E+01   0.121108E+02   0.259013E+01   0.698882E+00
 0.408250E+01   0.218599E+01   0.120994E+02   0.259488E+01   0.702697E+00
 0.411200E+01   0.218910E+01   0.120935E+02   0.259948E+01   0.706500E+00
 0.414150E+01   0.219210E+01   0.120796E+02   0.260394E+01   0.710291E+00
 0.417100E+01   0.219501E+01   0.120735E+02   0.260825E+01   0.714069E+00
 0.420050E+01   0.219782E+01   0.120625E+02   0.261242E+01   0.717836E+00
 0.423000E+01   0.220053E+01   0.120476E+02   0.261645E+01   0.721591E+00
 0.425950E+01   0.220315E+01   0.120401E+02   0.262036E+01   0.725335E+00
 0.428900E+01   0.220568E+01   0.120235E+02   0.262413E+01   0.729067E+00
 0.431850E+01   0.220813E+01   0.120094E+02   0.262778E+01   0.732788E+00
 0.434800E+01   0.221049E+01   0.120073E+02   0.263131E+01   0.736497E+00
 0.437750E+01   0.221277E+01   0.119933E+02   0.263472E+01   0.740196E+00
 0.440700E+01   0.221497E+01   0.119821E+02   0.263802E+01   0.743883E+00
 0.443650E+01   0.221709E+01   0.119663E+02   0.264121E+01   0.747559E+00
 0.446600E+01   0.221914E+01   0.119572E+02   0.264428E+01   0.751225E+00
 0.449550E+01   0.222112E+01   0.119495E+02   0.264726E+01   0.754880E+00
 0.452500E+01   0.222303E+01   0.119411E+02   0.265013E+01   0.758525E+00
 0.455450E+01   0.222487E+01   0.119278E+02   0.265290E+01   0.762159E+00
 0.458400E+01   0.222664E+01   0.119143E+02   0.265557E+01   0.765782E+00
 0.461350E+01   0.222835E+01   0.119069E+02   0.265815E+01   0.769396E+00
 0.464300E+01   0.222999E+01   0.118928E+02   0.266064E+01   0.772999E+00
 0.467250E+01   0.223158E+01   0.118897E+02   0.266304E+01   0.776592E+00
 0.470200E+01   0.223311E+01   0.118775E+02   0.266535E+01   0.780176E+00
 0.473150E+01   0.223458E+01   0.118672E+02   0.266757E+01   0.783749E+00
 0.476100E+01   0.223599E+01   0.118531E+02   0.266972E+01   0.787313E+00
 0.479050E+01   0.223735E+01   0.118441E+02   0.267178E+01   0.790867E+00
 0.482000E+01   0.223866E+01   0.118387E+02   0.267377E+01   0.794412E+00
 0.484950E+01   0.223991E+01   0.118261E+02   0.267568E+01   0.797947E+00
 0.487900E+01   0.224112E+01   0.118188E+02   0.267751E+01   0.801473E+00
 0.490850E+01   0.224227E+01   0.118109E+02   0.267928E+01   0.804989E+00
 0.493800E+01   0.224339E+01   0.118019E+02   0.268097E+01   0.808497E+00
 0.496750E+01   0.224445E+01   0.117850E+02   0.268260E+01   0.811995E+00
 0.499700E+01   0.224547E+01   0.117766E+02   0.268415E+01   0.815484E+00
 0.502650E+01   0.224645E+01   0.117686E+02   0.268565E+01   0.818964E+00
 0.505600E+01   0.224738E+01   0.117612E+02   0.268708E+01   0.822436E+00
 0.508550E+01   0.224828E+01   0.117443E+02   0.268845E+01   0.825898E+00
 0.511500E+01   0.224913E+01   0.117388E+02   0.268976E+01   0.829352E+00
 0.514450E+01   0.224995E+01   0.117334E+02   0.269101E+01   0.832798E+00
 0.517400E+01   0.225073E+01   0.117251E+02   0.269220E+01   0.836235E+00
 0.520350E+01   0.225147E+01   0.117105E+02   0.269334E+01   0.839663E+00
 0.523300E+01   0.225217E+01   0.117026E+02   0.269443E+01   0.843083E+00
 0.526250E+01   0.225284E+01   0.116965E+02   0.269546E+01   0.846495E+00
 0.529200E+01   0.225348E+01   0.116844E+02   0.269644E+01   0.849899E+00
 0.532150E+01   0.225409E+01   0.116802E+02   0.269737E+01   0.853294E+00
 0.535100E+01   0.225466E+01   0.116663E+02   0.269825E+01   0.856681E+00
 0.538050E+01   0.225520E+01   0.116624E+02   0.269909E+01   0.860061E+00
 0.541000E+01   0.225571E+01   0.116508E+02   0.269988E+01   0.863432E+00
 0.543950E+01   0.225619E+01   0.116411E+02   0.270062E+01   0.866795E+00
 0.546900E+01   0.225664E+01   0.116293E+02   0.270132E+01   0.870151E+00
 0.549850E+01   0.225707E+01   0.116183E+02   0.270197E+01   0.873499E+00
 0.552800E+01   0.225746E+01   0.116149E+02   0.270259E+01   0.876839E+00
 0.555750E+01   0.225784E+01   0.116053E+02   0.270316E+01   0.880172E+00
 0.558700E+01   0.225818E+01   0.115976E+02   0.270370E+01   0.883497E+00
 0.561650E+01   0.225850E+01   0.115921E+02   0.270419E+01   0.886815E+00
 0.564600E+01   0.225879E+01   0.115831E+02   0.270465E+01   0.890125E+00
 0.567550E+01   0.225906E+01   0.115755E+02   0.270507E+01   0.893428E+00
 0.570500E+01   0.225931E+01   0.115594E+02   0.270545E+01   0.896724E+00
 0.573450E+01   0.225954E+01   0.115588E+02   0.270580E+01   0.900013E+00
 0.576400E+01   0.225974E+01   0.115459E+02   0.270612E+01   0.903294E+00
 0.579350E+01   0.225992E+01   0.115392E+02   0.270640E+01   0.906568E+00
 0.582300E+01   0.226008E+01   0.115328E+02   0.270665E+01   0.909835E+00
 0.585250E+01   0.226022E+01   0.115262E+02   0.270687E+01   0.913095E+00
 0.588200E+01   0.226034E+01   0.115160E+02   0.270705E+01   0.916349E+00
 0.591150E+01   0.226044E+01   0.115012E+02   0.270721E+01   0.919595E+00
 0.594100E+01   0.226052E+01   0.114948E+02   0.270734E+01   0.922834E+00
 0.597050E+01   0.226059E+01   0.114875E+02   0.270744E+01   0.926067E+00
