 0.100000E+00   0.327197E+00   0.170940E+03   0.329532E+00   0.209161E-01
 0.129500E+00   0.293492E+00   0.176821E+03   0.295553E+00   0.270697E-01
 0.159000E+00   0.250505E+00   0.181007E+03   0.252201E+00   0.332166E-01
 0.188500E+00   0.181514E+00   0.163750E+03   0.182620E+00   0.393570E-01
 0.218000E+00   0.130327E+00   0.143314E+03   0.131002E+00   0.454912E-01
 0.247500E+00   0.999852E-01   0.114901E+03   0.100405E+00   0.516192E-01
 0.277000E+00   0.906505E-01   0.989850E+02   0.909896E-01   0.577413E-01
 0.306500E+00   0.882622E-01   0.803843E+02   0.885780E-01   0.638576E-01
 0.336000E+00   0.894059E-01   0.626768E+02   0.897336E-01   0.701209E-01
 0.365500E+00   0.938384E-01   0.465628E+02   0.942208E-01   0.762390E-01
 0.395000E+00   0.100119E+00   0.404392E+02   0.100585E+00   0.823495E-01
 0.424500E+00   0.107480E+00   0.394760E+02   0.108053E+00   0.884524E-01
 0.454000E+00   0.115647E+00   0.352636E+02   0.116350E+00   0.945475E-01
 0.483500E+00   0.124490E+00   0.297314E+02   0.125344E+00   0.100634E+00
 0.513000E+00   0.133935E+00   0.260525E+02   0.134963E+00   0.106713E+00
 0.542500E+00   0.143952E+00   0.234374E+02   0.145181E+00   0.112783E+00
 0.572000E+00   0.154538E+00   0.215036E+02   0.155995E+00   0.118845E+00
 0.601500E+00   0.165647E+00   0.200142E+02   0.167361E+00   0.124897E+00
 0.631000E+00   0.177055E+00   0.188701E+02   0.179053E+00   0.130940E+00
 0.660500E+00   0.188929E+00   0.179493E+02   0.191243E+00   0.136974E+00
 0.690000E+00   0.201353E+00   0.171853E+02   0.204019E+00   0.142998E+00
 0.719500E+00   0.214387E+00   0.165522E+02   0.217449E+00   0.149012E+00
 0.749000E+00   0.228086E+00   0.160111E+02   0.231589E+00   0.155015E+00
 0.778500E+00   0.242494E+00   0.155574E+02   0.246493E+00   0.161008E+00
 0.808000E+00   0.257652E+00   0.151584E+02   0.262205E+00   0.166989E+00
 0.837500E+00   0.273593E+00   0.148177E+02   0.278766E+00   0.172958E+00
 0.867000E+00   0.290344E+00   0.145196E+02   0.296209E+00   0.178915E+00
 0.896500E+00   0.307927E+00   0.142590E+02   0.314563E+00   0.184860E+00
 0.926000E+00   0.326358E+00   0.140377E+02   0.333852E+00   0.190791E+00
 0.955500E+00   0.345646E+00   0.138380E+02   0.354091E+00   0.196708E+00
 0.985000E+00   0.365794E+00   0.136693E+02   0.375292E+00   0.202611E+00
 0.101450E+01   0.386801E+00   0.135157E+02   0.397460E+00   0.208500E+00
 0.104400E+01   0.408659E+00   0.133867E+02   0.420597E+00   0.214373E+00
 0.107350E+01   0.431355E+00   0.132776E+02   0.444697E+00   0.220230E+00
 0.110300E+01   0.454873E+00   0.131775E+02   0.469750E+00   0.226071E+00
 0.113250E+01   0.479190E+00   0.130989E+02   0.495742E+00   0.231895E+00
 0.116200E+01   0.504280E+00   0.130249E+02   0.522653E+00   0.237702E+00
 0.119150E+01   0.530112E+00   0.129685E+02   0.550459E+00   0.243490E+00
 0.122100E+01   0.556653E+00   0.129150E+02   0.579134E+00   0.249261E+00
 0.125050E+01   0.583865E+00   0.128687E+02   0.608645E+00   0.255012E+00
 0.128000E+01   0.611708E+00   0.128360E+02   0.638958E+00   0.260745E+00
 0.130950E+01   0.640137E+00   0.128064E+02   0.670033E+00   0.266457E+00
 0.133900E+01   0.669108E+00   0.127800E+02   0.701829E+00   0.272149E+00
 0.136850E+01   0.698573E+00   0.127609E+02   0.734300E+00   0.277821E+00
 0.139800E+01   0.728480E+00   0.127431E+02   0.767400E+00   0.283471E+00
 0.142750E+01   0.758778E+00   0.127321E+02   0.801077E+00   0.289100E+00
 0.145700E+01   0.789415E+00   0.127205E+02   0.835279E+00   0.294706E+00
 0.148650E+01   0.820335E+00   0.127069E+02   0.869952E+00   0.300291E+00
 0.151600E+01   0.851484E+00   0.127076E+02   0.905039E+00   0.305852E+00
 0.154550E+01   0.882808E+00   0.127065E+02   0.940484E+00   0.311391E+00
 0.157500E+01   0.914249E+00   0.126979E+02   0.976226E+00   0.316906E+00
 0.160450E+01   0.945755E+00   0.127064E+02   0.101221E+01   0.322398E+00
 0.163400E+01   0.977270E+00   0.127054E+02   0.104837E+01   0.327865E+00
 0.166350E+01   0.100874E+01   0.126993E+02   0.108465E+01   0.333308E+00
 0.169300E+01   0.104012E+01   0.127078E+02   0.112100E+01   0.338727E+00
 0.172250E+01   0.107135E+01   0.127099E+02   0.115735E+01   0.344121E+00
 0.175200E+01   0.110238E+01   0.127113E+02   0.119364E+01   0.349490E+00
 0.178150E+01   0.113318E+01   0.127100E+02   0.122983E+01   0.354833E+00
 0.181100E+01   0.116369E+01   0.127144E+02   0.126586E+01   0.360152E+00
 0.184050E+01   0.119388E+01   0.127223E+02   0.130167E+01   0.365445E+00
 0.187000E+01   0.122371E+01   0.127211E+02   0.133723E+01   0.370713E+00
 0.189950E+01   0.125314E+01   0.127206E+02   0.137248E+01   0.375955E+00
 0.192900E+01   0.128214E+01   0.127306E+02   0.140738E+01   0.381172E+00
 0.195850E+01   0.131068E+01   0.127282E+02   0.144189E+01   0.386363E+00
 0.198800E+01   0.133874E+01   0.127288E+02   0.147597E+01   0.391528E+00
 0.201750E+01   0.136629E+01   0.127251E+02   0.150960E+01   0.396668E+00
 0.204700E+01   0.139331E+01   0.127286E+02   0.154273E+01   0.401782E+00
 0.207650E+01   0.141979E+01   0.127334E+02   0.157535E+01   0.406871E+00
 0.210600E+01   0.144571E+01   0.127243E+02   0.160742E+01   0.411934E+00
 0.213550E+01   0.147106E+01   0.127262E+02   0.163893E+01   0.416972E+00
 0.216500E+01   0.149584E+01   0.127288E+02   0.166986E+01   0.421984E+00
 0.219450E+01   0.152003E+01   0.127231E+02   0.170019E+01   0.426972E+00
 0.222400E+01   0.154363E+01   0.127223E+02   0.172991E+01   0.431934E+00
 0.225350E+01   0.156664E+01   0.127141E+02   0.175902E+01   0.436872E+00
 0.228300E+01   0.158905E+01   0.127143E+02   0.178749E+01   0.441785E+00
 0.231250E+01   0.161088E+01   0.127074E+02   0.181533E+01   0.446673E+00
 0.234200E+01   0.163213E+01   0.127055E+02   0.184254E+01   0.451537E+00
 0.237150E+01   0.165279E+01   0.126992E+02   0.186911E+01   0.456377E+00
 0.240100E+01   0.167288E+01   0.126891E+02   0.189505E+01   0.461193E+00
 0.243050E+01   0.169240E+01   0.126853E+02   0.192035E+01   0.465985E+00
 0.246000E+01   0.171136E+01   0.126819E+02   0.194501E+01   0.470754E+00
 0.248950E+01   0.172977E+01   0.126750E+02   0.196906E+01   0.475499E+00
 0.251900E+01   0.174764E+01   0.126644E+02   0.199248E+01   0.480221E+00
 0.254850E+01   0.176497E+01   0.126529E+02   0.201529E+01   0.484921E+00
 0.257800E+01   0.178179E+01   0.126458E+02   0.203749E+01   0.489597E+00
 0.260750E+01   0.179810E+01   0.126454E+02   0.205910E+01   0.494252E+00
 0.263700E+01   0.181391E+01   0.126299E+02   0.208013E+01   0.498884E+00
 0.266650E+01   0.182923E+01   0.126261E+02   0.210057E+01   0.503494E+00
 0.269600E+01   0.184408E+01   0.126138E+02   0.212045E+01   0.508083E+00
 0.272550E+01   0.185847E+01   0.126037E+02   0.213978E+01   0.512650E+00
 0.275500E+01   0.187240E+01   0.125937E+02   0.215856E+01   0.517196E+00
 0.278450E+01   0.188590E+01   0.125868E+02   0.217680E+01   0.521722E+00
 0.281400E+01   0.189898E+01   0.125750E+02   0.219453E+01   0.526226E+00
 0.284350E+01   0.191164E+01   0.125681E+02   0.221175E+01   0.530710E+00
 0.287300E+01   0.192390E+01   0.125589E+02   0.222847E+01   0.535174E+00
 0.290250E+01   0.193576E+01   0.125411E+02   0.224471E+01   0.539617E+00
 0.293200E+01   0.194725E+01   0.125357E+02   0.226047E+01   0.544042E+00
 0.296150E+01   0.195837E+01   0.125230E+02   0.227577E+01   0.548446E+00
 0.299100E+01   0.196913E+01   0.125098E+02   0.229062E+01   0.552831E+00
 0.302050E+01   0.197955E+01   0.124999E+02   0.230503E+01   0.557198E+00
 0.305000E+01   0.198963E+01   0.124873E+02   0.231902E+01   0.561545E+00
 0.307950E+01   0.199939E+01   0.124843E+02   0.233259E+01   0.565874E+00
 0.310900E+01   0.200883E+01   0.124705E+02   0.234576E+01   0.570185E+00
 0.313850E+01   0.201797E+01   0.124548E+02   0.235853E+01   0.574477E+00
 0.316800E+01   0.202681E+01   0.124501E+02   0.237092E+01   0.578751E+00
 0.319750E+01   0.203537E+01   0.124307E+02   0.238294E+01   0.583008E+00
 0.322700E+01   0.204365E+01   0.124243E+02   0.239460E+01   0.587248E+00
 0.325650E+01   0.205166E+01   0.124058E+02   0.240590E+01   0.591470E+00
 0.328600E+01   0.205941E+01   0.123941E+02   0.241687E+01   0.595675E+00
 0.331550E+01   0.206691E+01   0.123861E+02   0.242750E+01   0.599863E+00
 0.334500E+01   0.207417E+01   0.123720E+02   0.243781E+01   0.604035E+00
 0.337450E+01   0.208119E+01   0.123688E+02   0.244781E+01   0.608190E+00
 0.340400E+01   0.208799E+01   0.123551E+02   0.245751E+01   0.612329E+00
 0.343350E+01   0.209456E+01   0.123382E+02   0.246691E+01   0.616452E+00
 0.346300E+01   0.210092E+01   0.123237E+02   0.247602E+01   0.620559E+00
 0.349250E+01   0.210708E+01   0.123153E+02   0.248485E+01   0.624651E+00
 0.352200E+01   0.211303E+01   0.123006E+02   0.249341E+01   0.628727E+00
 0.355150E+01   0.211879E+01   0.122930E+02   0.250171E+01   0.632788E+00
 0.358100E+01   0.212436E+01   0.122786E+02   0.250976E+01   0.636833E+00
 0.361050E+01   0.212975E+01   0.122725E+02   0.251756E+01   0.640864E+00
 0.364000E+01   0.213497E+01   0.122622E+02   0.252511E+01   0.644880E+00
 0.366950E+01   0.214001E+01   0.122422E+02   0.253244E+01   0.648882E+00
 0.369900E+01   0.214489E+01   0.122378E+02   0.253954E+01   0.652869E+00
 0.372850E+01   0.214961E+01   0.122225E+02   0.254641E+01   0.656842E+00
 0.375800E+01   0.215418E+01   0.122167E+02   0.255308E+01   0.660800E+00
 0.378750E+01   0.215860E+01   0.122001E+02   0.255953E+01   0.664745E+00
 0.381700E+01   0.216287E+01   0.121922E+02   0.256578E+01   0.668677E+00
 0.384650E+01   0.216700E+01   0.121737E+02   0.257184E+01   0.672594E+00
 0.387600E+01   0.217100E+01   0.121643E+02   0.257771E+01   0.676499E+00
 0.390550E+01   0.217486E+01   0.121564E+02   0.258339E+01   0.680390E+00
 0.393500E+01   0.217860E+01   0.121418E+02   0.258890E+01   0.684268E+00
 0.396450E+01   0.218221E+01   0.121351E+02   0.259422E+01   0.688133E+00
 0.399400E+01   0.218570E+01   0.121246E+02   0.259938E+01   0.691985E+00
 0.402350E+01   0.218908E+01   0.121044E+02   0.260438E+01   0.695824E+00
 0.405300E+01   0.219234E+01   0.120998E+02   0.260921E+01   0.699651E+00
 0.408250E+01   0.219550E+01   0.120858E+02   0.261389E+01   0.703466E+00
 0.411200E+01   0.219855E+01   0.120765E+02   0.261842E+01   0.707268E+00
 0.414150E+01   0.220149E+01   0.120656E+02   0.262281E+01   0.711058E+00
 0.417100E+01   0.220434E+01   0.120526E+02   0.262705E+01   0.714837E+00
 0.420050E+01   0.220709E+01   0.120447E+02   0.263115E+01   0.718603E+00
 0.423000E+01   0.220975E+01   0.120310E+02   0.263512E+01   0.722358E+00
 0.425950E+01   0.221231E+01   0.120191E+02   0.263895E+01   0.726101E+00
 0.428900E+01   0.221479E+01   0.120113E+02   0.264266E+01   0.729832E+00
 0.431850E+01   0.221718E+01   0.119978E+02   0.264625E+01   0.733553E+00
 0.434800E+01   0.221949E+01   0.119901E+02   0.264971E+01   0.737262E+00
 0.437750E+01   0.222172E+01   0.119733E+02   0.265306E+01   0.740960E+00
 0.440700E+01   0.222387E+01   0.119648E+02   0.265630E+01   0.744646E+00
 0.443650E+01   0.222595E+01   0.119524E+02   0.265942E+01   0.748322E+00
 0.446600E+01   0.222795E+01   0.119509E+02   0.266244E+01   0.751988E+00
 0.449550E+01   0.222988E+01   0.119338E+02   0.266535E+01   0.755642E+00
 0.452500E+01   0.223174E+01   0.119253E+02   0.266816E+01   0.759286E+00
 0.455450E+01   0.223353E+01   0.119152E+02   0.267087E+01   0.762920E+00
 0.458400E+01   0.223526E+01   0.119079E+02   0.267349E+01   0.766543E+00
 0.461350E+01   0.223693E+01   0.118898E+02   0.267601E+01   0.770157E+00
 0.464300E+01   0.223853E+01   0.118879E+02   0.267844E+01   0.773759E+00
 0.467250E+01   0.224007E+01   0.118708E+02   0.268078E+01   0.777352E+00
 0.470200E+01   0.224156E+01   0.118666E+02   0.268304E+01   0.780935E+00
 0.473150E+01   0.224298E+01   0.118515E+02   0.268521E+01   0.784509E+00
 0.476100E+01   0.224436E+01   0.118425E+02   0.268730E+01   0.788072E+00
 0.479050E+01   0.224568E+01   0.118318E+02   0.268931E+01   0.791626E+00
 0.482000E+01   0.224694E+01   0.118290E+02   0.269124E+01   0.795170E+00
 0.484950E+01   0.224816E+01   0.118118E+02   0.269310E+01   0.798705E+00
 0.487900E+01   0.224933E+01   0.118003E+02   0.269489E+01   0.802230E+00
 0.490850E+01   0.225045E+01   0.117947E+02   0.269660E+01   0.805747E+00
 0.493800E+01   0.225152E+01   0.117833E+02   0.269824E+01   0.809254E+00
 0.496750E+01   0.225255E+01   0.117710E+02   0.269982E+01   0.812752E+00
 0.499700E+01   0.225354E+01   0.117699E+02   0.270133E+01   0.816240E+00
 0.502650E+01   0.225448E+01   0.117573E+02   0.270277E+01   0.819721E+00
 0.505600E+01   0.225538E+01   0.117505E+02   0.270416E+01   0.823192E+00
 0.508550E+01   0.225624E+01   0.117340E+02   0.270548E+01   0.826654E+00
 0.511500E+01   0.225706E+01   0.117246E+02   0.270674E+01   0.830108E+00
 0.514450E+01   0.225784E+01   0.117228E+02   0.270795E+01   0.833553E+00
 0.517400E+01   0.225859E+01   0.117062E+02   0.270910E+01   0.836990E+00
 0.520350E+01   0.225930E+01   0.117007E+02   0.271019E+01   0.840418E+00
 0.523300E+01   0.225997E+01   0.116937E+02   0.271123E+01   0.843838E+00
 0.526250E+01   0.226061E+01   0.116831E+02   0.271222E+01   0.847249E+00
 0.529200E+01   0.226122E+01   0.116757E+02   0.271315E+01   0.850652E+00
 0.532150E+01   0.226180E+01   0.116623E+02   0.271404E+01   0.854048E+00
 0.535100E+01   0.226234E+01   0.116575E+02   0.271488E+01   0.857435E+00
 0.538050E+01   0.226285E+01   0.116522E+02   0.271567E+01   0.860814E+00
 0.541000E+01   0.226333E+01   0.116431E+02   0.271642E+01   0.864185E+00
 0.543950E+01   0.226379E+01   0.116270E+02   0.271712E+01   0.867548E+00
 0.546900E+01   0.226421E+01   0.116197E+02   0.271778E+01   0.870904E+00
 0.549850E+01   0.226461E+01   0.116172E+02   0.271840E+01   0.874252E+00
 0.552800E+01   0.226498E+01   0.116057E+02   0.271897E+01   0.877592E+00
 0.555750E+01   0.226532E+01   0.115930E+02   0.271951E+01   0.880924E+00
 0.558700E+01   0.226564E+01   0.115830E+02   0.272000E+01   0.884249E+00
 0.561650E+01   0.226593E+01   0.115753E+02   0.272046E+01   0.887567E+00
 0.564600E+01   0.226620E+01   0.115686E+02   0.272088E+01   0.890877E+00
 0.567550E+01   0.226645E+01   0.115595E+02   0.272126E+01   0.894180E+00
 0.570500E+01   0.226667E+01   0.115523E+02   0.272161E+01   0.897476E+00
 0.573450E+01   0.226687E+01   0.115481E+02   0.272192E+01   0.900764E+00
 0.576400E+01   0.226705E+01   0.115403E+02   0.272220E+01   0.904045E+00
 0.579350E+01   0.226721E+01   0.115263E+02   0.272245E+01   0.907319E+00
 0.582300E+01   0.226734E+01   0.115164E+02   0.272266E+01   0.910586E+00
 0.585250E+01   0.226746E+01   0.115096E+02   0.272284E+01   0.913846E+00
 0.588200E+01   0.226756E+01   0.115025E+02   0.272299E+01   0.917099E+00
 0.591150E+01   0.226763E+01   0.114960E+02   0.272312E+01   0.920346E+00
 0.594100E+01   0.226769E+01   0.114941E+02   0.272321E+01   0.923585E+00
 0.597050E+01   0.226773E+01   0.114777E+02   0.272327E+01   0.926818E+00
