 0.100000E+00   0.327197E+00   0.170940E+03   0.329532E+00   0.209161E-01
 0.129500E+00   0.293492E+00   0.176821E+03   0.295553E+00   0.270697E-01
 0.159000E+00   0.251577E+00   0.181751E+03   0.253282E+00   0.332166E-01
 0.188500E+00   0.181506E+00   0.163743E+03   0.182612E+00   0.393570E-01
 0.218000E+00   0.129371E+00   0.141856E+03   0.130038E+00   0.454912E-01
 0.247500E+00   0.100060E+00   0.115125E+03   0.100480E+00   0.516192E-01
 0.277000E+00   0.905627E-01   0.983956E+02   0.909010E-01   0.577413E-01
 0.306500E+00   0.882456E-01   0.801335E+02   0.885612E-01   0.638576E-01
 0.336000E+00   0.933697E-01   0.476967E+02   0.937399E-01   0.700786E-01
 0.365500E+00   0.102088E+00   0.399790E+02   0.102566E+00   0.761867E-01
 0.395000E+00   0.112219E+00   0.389090E+02   0.112839E+00   0.822860E-01
 0.424500E+00   0.123199E+00   0.318126E+02   0.123990E+00   0.883763E-01
 0.454000E+00   0.134778E+00   0.270493E+02   0.135769E+00   0.944574E-01
 0.483500E+00   0.146830E+00   0.239883E+02   0.148050E+00   0.100529E+00
 0.513000E+00   0.159289E+00   0.218687E+02   0.160769E+00   0.106591E+00
 0.542500E+00   0.172125E+00   0.203177E+02   0.173896E+00   0.112644E+00
 0.572000E+00   0.185146E+00   0.191477E+02   0.187236E+00   0.118686E+00
 0.601500E+00   0.198124E+00   0.182540E+02   0.200557E+00   0.124719E+00
 0.631000E+00   0.211279E+00   0.175350E+02   0.214083E+00   0.130742E+00
 0.660500E+00   0.224699E+00   0.169444E+02   0.227907E+00   0.136755E+00
 0.690000E+00   0.238448E+00   0.164443E+02   0.242097E+00   0.142757E+00
 0.719500E+00   0.252583E+00   0.160226E+02   0.256714E+00   0.148749E+00
 0.749000E+00   0.267152E+00   0.156553E+02   0.271808E+00   0.154730E+00
 0.778500E+00   0.282197E+00   0.153352E+02   0.287429E+00   0.160700E+00
 0.808000E+00   0.297759E+00   0.150546E+02   0.303620E+00   0.166658E+00
 0.837500E+00   0.313872E+00   0.148081E+02   0.320421E+00   0.172604E+00
 0.867000E+00   0.330565E+00   0.145889E+02   0.337866E+00   0.178538E+00
 0.896500E+00   0.347865E+00   0.143874E+02   0.355988E+00   0.184459E+00
 0.926000E+00   0.365793E+00   0.142171E+02   0.374815E+00   0.190367E+00
 0.955500E+00   0.384369E+00   0.140522E+02   0.394370E+00   0.196261E+00
 0.985000E+00   0.403605E+00   0.139136E+02   0.414674E+00   0.202142E+00
 0.101450E+01   0.423511E+00   0.137901E+02   0.435742E+00   0.208008E+00
 0.104400E+01   0.444094E+00   0.136762E+02   0.457587E+00   0.213859E+00
 0.107350E+01   0.465355E+00   0.135759E+02   0.480218E+00   0.219695E+00
 0.110300E+01   0.487292E+00   0.134905E+02   0.503638E+00   0.225515E+00
 0.113250E+01   0.509900E+00   0.134071E+02   0.527849E+00   0.231319E+00
 0.116200E+01   0.533169E+00   0.133409E+02   0.552848E+00   0.237106E+00
 0.119150E+01   0.557086E+00   0.132759E+02   0.578629E+00   0.242876E+00
 0.122100E+01   0.581635E+00   0.132146E+02   0.605180E+00   0.248629E+00
 0.125050E+01   0.606795E+00   0.131711E+02   0.632487E+00   0.254363E+00
 0.128000E+01   0.632544E+00   0.131244E+02   0.660534E+00   0.260079E+00
 0.130950E+01   0.658854E+00   0.130901E+02   0.689297E+00   0.265776E+00
 0.133900E+01   0.685696E+00   0.130473E+02   0.718751E+00   0.271453E+00
 0.136850E+01   0.713036E+00   0.130186E+02   0.748868E+00   0.277111E+00
 0.139800E+01   0.740839E+00   0.130006E+02   0.779616E+00   0.282748E+00
 0.142750E+01   0.769066E+00   0.129700E+02   0.810957E+00   0.288365E+00
 0.145700E+01   0.797676E+00   0.129586E+02   0.842854E+00   0.293960E+00
 0.148650E+01   0.826625E+00   0.129368E+02   0.875265E+00   0.299534E+00
 0.151600E+01   0.855869E+00   0.129269E+02   0.908144E+00   0.305086E+00
 0.154550E+01   0.885360E+00   0.129071E+02   0.941443E+00   0.310616E+00
 0.157500E+01   0.915050E+00   0.128949E+02   0.975114E+00   0.316123E+00
 0.160450E+01   0.944890E+00   0.128906E+02   0.100910E+01   0.321607E+00
 0.163400E+01   0.974830E+00   0.128815E+02   0.104336E+01   0.327068E+00
 0.166350E+01   0.100482E+01   0.128708E+02   0.107783E+01   0.332505E+00
 0.169300E+01   0.103481E+01   0.128692E+02   0.111245E+01   0.337919E+00
 0.172250E+01   0.106475E+01   0.128677E+02   0.114718E+01   0.343308E+00
 0.175200E+01   0.109459E+01   0.128598E+02   0.118195E+01   0.348673E+00
 0.178150E+01   0.112428E+01   0.128583E+02   0.121671E+01   0.354014E+00
 0.181100E+01   0.115379E+01   0.128473E+02   0.125141E+01   0.359329E+00
 0.184050E+01   0.118306E+01   0.128516E+02   0.128599E+01   0.364620E+00
 0.187000E+01   0.121205E+01   0.128458E+02   0.132041E+01   0.369886E+00
 0.189950E+01   0.124074E+01   0.128371E+02   0.135461E+01   0.375127E+00
 0.192900E+01   0.126907E+01   0.128381E+02   0.138855E+01   0.380342E+00
 0.195850E+01   0.129701E+01   0.128368E+02   0.142219E+01   0.385532E+00
 0.198800E+01   0.132455E+01   0.128249E+02   0.145548E+01   0.390697E+00
 0.201750E+01   0.135164E+01   0.128302E+02   0.148839E+01   0.395837E+00
 0.204700E+01   0.137827E+01   0.128202E+02   0.152088E+01   0.400951E+00
 0.207650E+01   0.140440E+01   0.128214E+02   0.155292E+01   0.406040E+00
 0.210600E+01   0.143004E+01   0.128167E+02   0.158448E+01   0.411104E+00
 0.213550E+01   0.145515E+01   0.128056E+02   0.161554E+01   0.416143E+00
 0.216500E+01   0.147973E+01   0.128067E+02   0.164607E+01   0.421157E+00
 0.219450E+01   0.150376E+01   0.127969E+02   0.167605E+01   0.426145E+00
 0.222400E+01   0.152724E+01   0.127932E+02   0.170548E+01   0.431109E+00
 0.225350E+01   0.155017E+01   0.127867E+02   0.173432E+01   0.436048E+00
 0.228300E+01   0.157253E+01   0.127775E+02   0.176258E+01   0.440963E+00
 0.231250E+01   0.159433E+01   0.127695E+02   0.179024E+01   0.445853E+00
 0.234200E+01   0.161557E+01   0.127676E+02   0.181730E+01   0.450719E+00
 0.237150E+01   0.163624E+01   0.127577E+02   0.184376E+01   0.455560E+00
 0.240100E+01   0.165636E+01   0.127482E+02   0.186960E+01   0.460378E+00
 0.243050E+01   0.167593E+01   0.127459E+02   0.189483E+01   0.465172E+00
 0.246000E+01   0.169496E+01   0.127371E+02   0.191946E+01   0.469943E+00
 0.248950E+01   0.171344E+01   0.127285E+02   0.194348E+01   0.474691E+00
 0.251900E+01   0.173140E+01   0.127179E+02   0.196689E+01   0.479415E+00
 0.254850E+01   0.174883E+01   0.127108E+02   0.198971E+01   0.484117E+00
 0.257800E+01   0.176575E+01   0.126949E+02   0.201194E+01   0.488796E+00
 0.260750E+01   0.178217E+01   0.126829E+02   0.203359E+01   0.493452E+00
 0.263700E+01   0.179810E+01   0.126788E+02   0.205466E+01   0.498087E+00
 0.266650E+01   0.181354E+01   0.126700E+02   0.207516E+01   0.502699E+00
 0.269600E+01   0.182852E+01   0.126603E+02   0.209511E+01   0.507290E+00
 0.272550E+01   0.184303E+01   0.126466E+02   0.211451E+01   0.511860E+00
 0.275500E+01   0.185710E+01   0.126362E+02   0.213337E+01   0.516408E+00
 0.278450E+01   0.187073E+01   0.126220E+02   0.215171E+01   0.520935E+00
 0.281400E+01   0.188394E+01   0.126093E+02   0.216953E+01   0.525442E+00
 0.284350E+01   0.189674E+01   0.126073E+02   0.218685E+01   0.529928E+00
 0.287300E+01   0.190913E+01   0.125935E+02   0.220367E+01   0.534394E+00
 0.290250E+01   0.192113E+01   0.125772E+02   0.222001E+01   0.538840E+00
 0.293200E+01   0.193275E+01   0.125651E+02   0.223588E+01   0.543266E+00
 0.296150E+01   0.194401E+01   0.125548E+02   0.225129E+01   0.547673E+00
 0.299100E+01   0.195490E+01   0.125436E+02   0.226625E+01   0.552060E+00
 0.302050E+01   0.196545E+01   0.125372E+02   0.228078E+01   0.556428E+00
 0.305000E+01   0.197567E+01   0.125255E+02   0.229488E+01   0.560778E+00
 0.307950E+01   0.198555E+01   0.125128E+02   0.230856E+01   0.565109E+00
 0.310900E+01   0.199513E+01   0.124957E+02   0.232185E+01   0.569421E+00
 0.313850E+01   0.200439E+01   0.124804E+02   0.233474E+01   0.573716E+00
 0.316800E+01   0.201336E+01   0.124728E+02   0.234724E+01   0.577992E+00
 0.319750E+01   0.202204E+01   0.124582E+02   0.235938E+01   0.582251E+00
 0.322700E+01   0.203044E+01   0.124450E+02   0.237115E+01   0.586492E+00
 0.325650E+01   0.203857E+01   0.124352E+02   0.238257E+01   0.590716E+00
 0.328600E+01   0.204644E+01   0.124213E+02   0.239365E+01   0.594923E+00
 0.331550E+01   0.205405E+01   0.124145E+02   0.240440E+01   0.599113E+00
 0.334500E+01   0.206142E+01   0.124041E+02   0.241483E+01   0.603287E+00
 0.337450E+01   0.206856E+01   0.123926E+02   0.242494E+01   0.607444E+00
 0.340400E+01   0.207546E+01   0.123728E+02   0.243474E+01   0.611584E+00
 0.343350E+01   0.208214E+01   0.123672E+02   0.244425E+01   0.615709E+00
 0.346300E+01   0.208861E+01   0.123562E+02   0.245347E+01   0.619818E+00
 0.349250E+01   0.209486E+01   0.123411E+02   0.246242E+01   0.623911E+00
 0.352200E+01   0.210092E+01   0.123223E+02   0.247109E+01   0.627989E+00
 0.355150E+01   0.210678E+01   0.123148E+02   0.247949E+01   0.632051E+00
 0.358100E+01   0.211245E+01   0.122986E+02   0.248764E+01   0.636098E+00
 0.361050E+01   0.211793E+01   0.122934E+02   0.249554E+01   0.640131E+00
 0.364000E+01   0.212324E+01   0.122756E+02   0.250320E+01   0.644148E+00
 0.366950E+01   0.212838E+01   0.122641E+02   0.251063E+01   0.648151E+00
 0.369900E+01   0.213335E+01   0.122588E+02   0.251783E+01   0.652140E+00
 0.372850E+01   0.213816E+01   0.122382E+02   0.252480E+01   0.656114E+00
 0.375800E+01   0.214281E+01   0.122293E+02   0.253156E+01   0.660075E+00
 0.378750E+01   0.214731E+01   0.122173E+02   0.253811E+01   0.664021E+00
 0.381700E+01   0.215167E+01   0.122024E+02   0.254446E+01   0.667954E+00
 0.384650E+01   0.215588E+01   0.121943E+02   0.255061E+01   0.671873E+00
 0.387600E+01   0.215996E+01   0.121813E+02   0.255657E+01   0.675778E+00
 0.390550E+01   0.216390E+01   0.121679E+02   0.256235E+01   0.679671E+00
 0.393500E+01   0.216771E+01   0.121561E+02   0.256794E+01   0.683550E+00
 0.396450E+01   0.217140E+01   0.121460E+02   0.257336E+01   0.687416E+00
 0.399400E+01   0.217497E+01   0.121398E+02   0.257861E+01   0.691270E+00
 0.402350E+01   0.217842E+01   0.121292E+02   0.258369E+01   0.695110E+00
 0.405300E+01   0.218175E+01   0.121127E+02   0.258861E+01   0.698939E+00
 0.408250E+01   0.218498E+01   0.121005E+02   0.259337E+01   0.702754E+00
 0.411200E+01   0.218810E+01   0.120926E+02   0.259798E+01   0.706558E+00
 0.414150E+01   0.219111E+01   0.120757E+02   0.260245E+01   0.710349E+00
 0.417100E+01   0.219402E+01   0.120689E+02   0.260677E+01   0.714129E+00
 0.420050E+01   0.219684E+01   0.120611E+02   0.261095E+01   0.717896E+00
 0.423000E+01   0.219956E+01   0.120420E+02   0.261500E+01   0.721652E+00
 0.425950E+01   0.220219E+01   0.120396E+02   0.261891E+01   0.725396E+00
 0.428900E+01   0.220473E+01   0.120227E+02   0.262270E+01   0.729129E+00
 0.431850E+01   0.220718E+01   0.120148E+02   0.262636E+01   0.732850E+00
 0.434800E+01   0.220955E+01   0.119973E+02   0.262990E+01   0.736560E+00
 0.437750E+01   0.221183E+01   0.119929E+02   0.263332E+01   0.740259E+00
 0.440700E+01   0.221404E+01   0.119773E+02   0.263662E+01   0.743947E+00
 0.443650E+01   0.221617E+01   0.119667E+02   0.263982E+01   0.747624E+00
 0.446600E+01   0.221823E+01   0.119632E+02   0.264291E+01   0.751291E+00
 0.449550E+01   0.222021E+01   0.119493E+02   0.264589E+01   0.754946E+00
 0.452500E+01   0.222213E+01   0.119426E+02   0.264877E+01   0.758591E+00
 0.455450E+01   0.222397E+01   0.119252E+02   0.265155E+01   0.762226E+00
 0.458400E+01   0.222575E+01   0.119185E+02   0.265423E+01   0.765850E+00
 0.461350E+01   0.222747E+01   0.119081E+02   0.265682E+01   0.769464E+00
 0.464300E+01   0.222912E+01   0.119012E+02   0.265931E+01   0.773068E+00
 0.467250E+01   0.223071E+01   0.118895E+02   0.266172E+01   0.776662E+00
 0.470200E+01   0.223224E+01   0.118800E+02   0.266404E+01   0.780245E+00
 0.473150E+01   0.223372E+01   0.118651E+02   0.266627E+01   0.783819E+00
 0.476100E+01   0.223513E+01   0.118531E+02   0.266843E+01   0.787384E+00
 0.479050E+01   0.223650E+01   0.118457E+02   0.267050E+01   0.790938E+00
 0.482000E+01   0.223781E+01   0.118388E+02   0.267249E+01   0.794484E+00
 0.484950E+01   0.223907E+01   0.118266E+02   0.267441E+01   0.798019E+00
 0.487900E+01   0.224028E+01   0.118204E+02   0.267625E+01   0.801545E+00
 0.490850E+01   0.224145E+01   0.118054E+02   0.267802E+01   0.805062E+00
 0.493800E+01   0.224256E+01   0.117924E+02   0.267972E+01   0.808570E+00
 0.496750E+01   0.224363E+01   0.117900E+02   0.268135E+01   0.812069E+00
 0.499700E+01   0.224466E+01   0.117802E+02   0.268292E+01   0.815559E+00
 0.502650E+01   0.224564E+01   0.117648E+02   0.268442E+01   0.819039E+00
 0.505600E+01   0.224658E+01   0.117567E+02   0.268586E+01   0.822511E+00
 0.508550E+01   0.224748E+01   0.117442E+02   0.268723E+01   0.825974E+00
 0.511500E+01   0.224833E+01   0.117411E+02   0.268855E+01   0.829429E+00
 0.514450E+01   0.224915E+01   0.117253E+02   0.268981E+01   0.832875E+00
 0.517400E+01   0.224994E+01   0.117228E+02   0.269101E+01   0.836312E+00
 0.520350E+01   0.225068E+01   0.117087E+02   0.269215E+01   0.839741E+00
 0.523300E+01   0.225139E+01   0.117063E+02   0.269324E+01   0.843161E+00
 0.526250E+01   0.225207E+01   0.116946E+02   0.269428E+01   0.846573E+00
 0.529200E+01   0.225271E+01   0.116815E+02   0.269527E+01   0.849977E+00
 0.532150E+01   0.225332E+01   0.116724E+02   0.269621E+01   0.853373E+00
 0.535100E+01   0.225389E+01   0.116679E+02   0.269709E+01   0.856761E+00
 0.538050E+01   0.225444E+01   0.116564E+02   0.269793E+01   0.860141E+00
 0.541000E+01   0.225495E+01   0.116434E+02   0.269873E+01   0.863513E+00
 0.543950E+01   0.225544E+01   0.116434E+02   0.269948E+01   0.866876E+00
 0.546900E+01   0.225589E+01   0.116353E+02   0.270018E+01   0.870233E+00
 0.549850E+01   0.225632E+01   0.116189E+02   0.270084E+01   0.873581E+00
 0.552800E+01   0.225672E+01   0.116163E+02   0.270146E+01   0.876922E+00
 0.555750E+01   0.225709E+01   0.116027E+02   0.270204E+01   0.880255E+00
 0.558700E+01   0.225744E+01   0.115967E+02   0.270258E+01   0.883580E+00
 0.561650E+01   0.225777E+01   0.115857E+02   0.270308E+01   0.886898E+00
 0.564600E+01   0.225806E+01   0.115824E+02   0.270354E+01   0.890209E+00
 0.567550E+01   0.225834E+01   0.115737E+02   0.270397E+01   0.893513E+00
 0.570500E+01   0.225859E+01   0.115612E+02   0.270436E+01   0.896809E+00
 0.573450E+01   0.225882E+01   0.115537E+02   0.270471E+01   0.900097E+00
 0.576400E+01   0.225902E+01   0.115474E+02   0.270503E+01   0.903379E+00
 0.579350E+01   0.225921E+01   0.115396E+02   0.270532E+01   0.906654E+00
 0.582300E+01   0.225937E+01   0.115318E+02   0.270557E+01   0.909921E+00
 0.585250E+01   0.225951E+01   0.115225E+02   0.270580E+01   0.913182E+00
 0.588200E+01   0.225963E+01   0.115174E+02   0.270599E+01   0.916435E+00
 0.591150E+01   0.225974E+01   0.115050E+02   0.270615E+01   0.919682E+00
 0.594100E+01   0.225982E+01   0.114927E+02   0.270628E+01   0.922922E+00
 0.597050E+01   0.225989E+01   0.114846E+02   0.270638E+01   0.926155E+00
