 0.100000E+00   0.327197E+00   0.170940E+03   0.329532E+00   0.209161E-01
 0.129500E+00   0.293492E+00   0.176821E+03   0.295553E+00   0.270697E-01
 0.159000E+00   0.251799E+00   0.181905E+03   0.253506E+00   0.332166E-01
 0.188500E+00   0.181440E+00   0.163681E+03   0.182546E+00   0.393570E-01
 0.218000E+00   0.128977E+00   0.141253E+03   0.129641E+00   0.454912E-01
 0.247500E+00   0.100201E+00   0.115552E+03   0.100622E+00   0.516192E-01
 0.277000E+00   0.905803E-01   0.985138E+02   0.909187E-01   0.577413E-01
 0.306500E+00   0.882756E-01   0.805858E+02   0.885915E-01   0.638576E-01
 0.336000E+00   0.886867E-01   0.681529E+02   0.890091E-01   0.701631E-01
 0.365500E+00   0.923029E-01   0.492919E+02   0.926748E-01   0.762861E-01
 0.395000E+00   0.983112E-01   0.417092E+02   0.987677E-01   0.824015E-01
 0.424500E+00   0.105732E+00   0.401414E+02   0.106301E+00   0.885090E-01
 0.454000E+00   0.114192E+00   0.360181E+02   0.114899E+00   0.946082E-01
 0.483500E+00   0.123500E+00   0.299114E+02   0.124371E+00   0.100699E+00
 0.513000E+00   0.133537E+00   0.259595E+02   0.134600E+00   0.106781E+00
 0.542500E+00   0.144238E+00   0.232240E+02   0.145523E+00   0.112855E+00
 0.572000E+00   0.155571E+00   0.212335E+02   0.157110E+00   0.118919E+00
 0.601500E+00   0.167529E+00   0.197297E+02   0.169355E+00   0.124974E+00
 0.631000E+00   0.179950E+00   0.185755E+02   0.182098E+00   0.131019E+00
 0.660500E+00   0.192739E+00   0.176706E+02   0.195243E+00   0.137054E+00
 0.690000E+00   0.206039E+00   0.169289E+02   0.208938E+00   0.143079E+00
 0.719500E+00   0.219913E+00   0.163267E+02   0.223252E+00   0.149093E+00
 0.749000E+00   0.234409E+00   0.158151E+02   0.238238E+00   0.155097E+00
 0.778500E+00   0.249569E+00   0.153846E+02   0.253943E+00   0.161089E+00
 0.808000E+00   0.265427E+00   0.150174E+02   0.270407E+00   0.167070E+00
 0.837500E+00   0.282014E+00   0.146922E+02   0.287669E+00   0.173039E+00
 0.867000E+00   0.299354E+00   0.144200E+02   0.305757E+00   0.178995E+00
 0.896500E+00   0.317468E+00   0.141838E+02   0.324700E+00   0.184939E+00
 0.926000E+00   0.336369E+00   0.139792E+02   0.344518E+00   0.190868E+00
 0.955500E+00   0.356068E+00   0.137969E+02   0.365227E+00   0.196784E+00
 0.985000E+00   0.376567E+00   0.136426E+02   0.386840E+00   0.202686E+00
 0.101450E+01   0.397867E+00   0.135007E+02   0.409362E+00   0.208572E+00
 0.104400E+01   0.419962E+00   0.133880E+02   0.432795E+00   0.214444E+00
 0.107350E+01   0.442841E+00   0.132808E+02   0.457137E+00   0.220299E+00
 0.110300E+01   0.466489E+00   0.131913E+02   0.482379E+00   0.226138E+00
 0.113250E+01   0.490888E+00   0.131147E+02   0.508511E+00   0.231960E+00
 0.116200E+01   0.516015E+00   0.130526E+02   0.535514E+00   0.237764E+00
 0.119150E+01   0.541842E+00   0.129998E+02   0.563369E+00   0.243551E+00
 0.122100E+01   0.568339E+00   0.129453E+02   0.592052E+00   0.249319E+00
 0.125050E+01   0.595471E+00   0.129033E+02   0.621534E+00   0.255068E+00
 0.128000E+01   0.623203E+00   0.128781E+02   0.651783E+00   0.260798E+00
 0.130950E+01   0.651494E+00   0.128422E+02   0.682764E+00   0.266509E+00
 0.133900E+01   0.680301E+00   0.128245E+02   0.714437E+00   0.272199E+00
 0.136850E+01   0.709580E+00   0.127990E+02   0.746762E+00   0.277868E+00
 0.139800E+01   0.739283E+00   0.127854E+02   0.779693E+00   0.283516E+00
 0.142750E+01   0.769361E+00   0.127702E+02   0.813183E+00   0.289143E+00
 0.145700E+01   0.799764E+00   0.127608E+02   0.847182E+00   0.294747E+00
 0.148650E+01   0.830441E+00   0.127590E+02   0.881638E+00   0.300330E+00
 0.151600E+01   0.861339E+00   0.127532E+02   0.916498E+00   0.305890E+00
 0.154550E+01   0.892405E+00   0.127470E+02   0.951706E+00   0.311426E+00
 0.157500E+01   0.923585E+00   0.127484E+02   0.987205E+00   0.316940E+00
 0.160450E+01   0.954827E+00   0.127427E+02   0.102294E+01   0.322429E+00
 0.163400E+01   0.986078E+00   0.127407E+02   0.105885E+01   0.327895E+00
 0.166350E+01   0.101729E+01   0.127460E+02   0.109488E+01   0.333336E+00
 0.169300E+01   0.104840E+01   0.127485E+02   0.113097E+01   0.338753E+00
 0.172250E+01   0.107937E+01   0.127501E+02   0.116706E+01   0.344146E+00
 0.175200E+01   0.111016E+01   0.127478E+02   0.120311E+01   0.349513E+00
 0.178150E+01   0.114070E+01   0.127516E+02   0.123905E+01   0.354855E+00
 0.181100E+01   0.117097E+01   0.127520E+02   0.127483E+01   0.360173E+00
 0.184050E+01   0.120092E+01   0.127572E+02   0.131041E+01   0.365465E+00
 0.187000E+01   0.123052E+01   0.127635E+02   0.134573E+01   0.370731E+00
 0.189950E+01   0.125972E+01   0.127630E+02   0.138075E+01   0.375972E+00
 0.192900E+01   0.128851E+01   0.127614E+02   0.141542E+01   0.381187E+00
 0.195850E+01   0.131684E+01   0.127629E+02   0.144971E+01   0.386377E+00
 0.198800E+01   0.134469E+01   0.127607E+02   0.148358E+01   0.391541E+00
 0.201750E+01   0.137205E+01   0.127638E+02   0.151700E+01   0.396680E+00
 0.204700E+01   0.139888E+01   0.127653E+02   0.154994E+01   0.401793E+00
 0.207650E+01   0.142518E+01   0.127620E+02   0.158236E+01   0.406881E+00
 0.210600E+01   0.145093E+01   0.127631E+02   0.161425E+01   0.411943E+00
 0.213550E+01   0.147611E+01   0.127580E+02   0.164558E+01   0.416980E+00
 0.216500E+01   0.150073E+01   0.127522E+02   0.167633E+01   0.421992E+00
 0.219450E+01   0.152476E+01   0.127535E+02   0.170650E+01   0.426978E+00
 0.222400E+01   0.154821E+01   0.127500E+02   0.173606E+01   0.431940E+00
 0.225350E+01   0.157108E+01   0.127408E+02   0.176501E+01   0.436877E+00
 0.228300E+01   0.159337E+01   0.127389E+02   0.179333E+01   0.441789E+00
 0.231250E+01   0.161507E+01   0.127301E+02   0.182103E+01   0.446676E+00
 0.234200E+01   0.163619E+01   0.127250E+02   0.184810E+01   0.451540E+00
 0.237150E+01   0.165674E+01   0.127263E+02   0.187454E+01   0.456379E+00
 0.240100E+01   0.167671E+01   0.127195E+02   0.190035E+01   0.461194E+00
 0.243050E+01   0.169612E+01   0.127088E+02   0.192552E+01   0.465986E+00
 0.246000E+01   0.171498E+01   0.127009E+02   0.195007E+01   0.470754E+00
 0.248950E+01   0.173329E+01   0.126996E+02   0.197400E+01   0.475498E+00
 0.251900E+01   0.175106E+01   0.126931E+02   0.199732E+01   0.480220E+00
 0.254850E+01   0.176831E+01   0.126776E+02   0.202002E+01   0.484919E+00
 0.257800E+01   0.178504E+01   0.126743E+02   0.204212E+01   0.489595E+00
 0.260750E+01   0.180126E+01   0.126679E+02   0.206364E+01   0.494249E+00
 0.263700E+01   0.181700E+01   0.126537E+02   0.208457E+01   0.498881E+00
 0.266650E+01   0.183224E+01   0.126479E+02   0.210492E+01   0.503491E+00
 0.269600E+01   0.184702E+01   0.126403E+02   0.212471E+01   0.508079E+00
 0.272550E+01   0.186134E+01   0.126219E+02   0.214395E+01   0.512646E+00
 0.275500E+01   0.187521E+01   0.126214E+02   0.216266E+01   0.517191E+00
 0.278450E+01   0.188864E+01   0.126115E+02   0.218083E+01   0.521716E+00
 0.281400E+01   0.190166E+01   0.125940E+02   0.219848E+01   0.526220E+00
 0.284350E+01   0.191426E+01   0.125852E+02   0.221563E+01   0.530704E+00
 0.287300E+01   0.192646E+01   0.125747E+02   0.223228E+01   0.535167E+00
 0.290250E+01   0.193827E+01   0.125662E+02   0.224845E+01   0.539610E+00
 0.293200E+01   0.194971E+01   0.125499E+02   0.226414E+01   0.544034E+00
 0.296150E+01   0.196078E+01   0.125397E+02   0.227938E+01   0.548438E+00
 0.299100E+01   0.197149E+01   0.125296E+02   0.229417E+01   0.552823E+00
 0.302050E+01   0.198186E+01   0.125237E+02   0.230853E+01   0.557189E+00
 0.305000E+01   0.199190E+01   0.125091E+02   0.232246E+01   0.561536E+00
 0.307950E+01   0.200161E+01   0.124971E+02   0.233598E+01   0.565865E+00
 0.310900E+01   0.201102E+01   0.124876E+02   0.234909E+01   0.570175E+00
 0.313850E+01   0.202011E+01   0.124731E+02   0.236181E+01   0.574467E+00
 0.316800E+01   0.202892E+01   0.124582E+02   0.237416E+01   0.578742E+00
 0.319750E+01   0.203744E+01   0.124494E+02   0.238613E+01   0.582998E+00
 0.322700E+01   0.204568E+01   0.124423E+02   0.239774E+01   0.587237E+00
 0.325650E+01   0.205366E+01   0.124319E+02   0.240900E+01   0.591459E+00
 0.328600E+01   0.206138E+01   0.124195E+02   0.241993E+01   0.595664E+00
 0.331550E+01   0.206885E+01   0.124075E+02   0.243052E+01   0.599852E+00
 0.334500E+01   0.207607E+01   0.123915E+02   0.244079E+01   0.604023E+00
 0.337450E+01   0.208306E+01   0.123798E+02   0.245075E+01   0.608178E+00
 0.340400E+01   0.208983E+01   0.123710E+02   0.246040E+01   0.612317E+00
 0.343350E+01   0.209637E+01   0.123556E+02   0.246977E+01   0.616440E+00
 0.346300E+01   0.210271E+01   0.123466E+02   0.247884E+01   0.620547E+00
 0.349250E+01   0.210884E+01   0.123305E+02   0.248764E+01   0.624638E+00
 0.352200E+01   0.211476E+01   0.123250E+02   0.249617E+01   0.628714E+00
 0.355150E+01   0.212050E+01   0.123067E+02   0.250444E+01   0.632775E+00
 0.358100E+01   0.212605E+01   0.122934E+02   0.251245E+01   0.636820E+00
 0.361050E+01   0.213141E+01   0.122879E+02   0.252022E+01   0.640851E+00
 0.364000E+01   0.213661E+01   0.122741E+02   0.252775E+01   0.644867E+00
 0.366950E+01   0.214163E+01   0.122598E+02   0.253504E+01   0.648868E+00
 0.369900E+01   0.214649E+01   0.122498E+02   0.254211E+01   0.652855E+00
 0.372850E+01   0.215119E+01   0.122336E+02   0.254896E+01   0.656828E+00
 0.375800E+01   0.215574E+01   0.122273E+02   0.255559E+01   0.660786E+00
 0.378750E+01   0.216013E+01   0.122194E+02   0.256202E+01   0.664731E+00
 0.381700E+01   0.216439E+01   0.121991E+02   0.256825E+01   0.668662E+00
 0.384650E+01   0.216850E+01   0.121948E+02   0.257428E+01   0.672580E+00
 0.387600E+01   0.217248E+01   0.121817E+02   0.258013E+01   0.676484E+00
 0.390550E+01   0.217632E+01   0.121662E+02   0.258579E+01   0.680375E+00
 0.393500E+01   0.218004E+01   0.121528E+02   0.259127E+01   0.684253E+00
 0.396450E+01   0.218364E+01   0.121472E+02   0.259657E+01   0.688117E+00
 0.399400E+01   0.218712E+01   0.121346E+02   0.260171E+01   0.691969E+00
 0.402350E+01   0.219048E+01   0.121252E+02   0.260669E+01   0.695809E+00
 0.405300E+01   0.219373E+01   0.121131E+02   0.261150E+01   0.699636E+00
 0.408250E+01   0.219687E+01   0.120968E+02   0.261616E+01   0.703450E+00
 0.411200E+01   0.219990E+01   0.120898E+02   0.262067E+01   0.707252E+00
 0.414150E+01   0.220283E+01   0.120731E+02   0.262503E+01   0.711042E+00
 0.417100E+01   0.220567E+01   0.120648E+02   0.262925E+01   0.714820E+00
 0.420050E+01   0.220840E+01   0.120589E+02   0.263334E+01   0.718587E+00
 0.423000E+01   0.221105E+01   0.120484E+02   0.263728E+01   0.722341E+00
 0.425950E+01   0.221360E+01   0.120321E+02   0.264110E+01   0.726084E+00
 0.428900E+01   0.221607E+01   0.120270E+02   0.264479E+01   0.729816E+00
 0.431850E+01   0.221845E+01   0.120085E+02   0.264836E+01   0.733536E+00
 0.434800E+01   0.222075E+01   0.120063E+02   0.265181E+01   0.737245E+00
 0.437750E+01   0.222296E+01   0.119946E+02   0.265514E+01   0.740942E+00
 0.440700E+01   0.222510E+01   0.119762E+02   0.265836E+01   0.744629E+00
 0.443650E+01   0.222717E+01   0.119690E+02   0.266147E+01   0.748305E+00
 0.446600E+01   0.222916E+01   0.119600E+02   0.266447E+01   0.751970E+00
 0.449550E+01   0.223108E+01   0.119474E+02   0.266737E+01   0.755625E+00
 0.452500E+01   0.223293E+01   0.119367E+02   0.267017E+01   0.759269E+00
 0.455450E+01   0.223471E+01   0.119323E+02   0.267286E+01   0.762902E+00
 0.458400E+01   0.223643E+01   0.119184E+02   0.267546E+01   0.766526E+00
 0.461350E+01   0.223808E+01   0.119048E+02   0.267797E+01   0.770139E+00
 0.464300E+01   0.223968E+01   0.118959E+02   0.268039E+01   0.773741E+00
 0.467250E+01   0.224121E+01   0.118863E+02   0.268272E+01   0.777334E+00
 0.470200E+01   0.224269E+01   0.118803E+02   0.268496E+01   0.780917E+00
 0.473150E+01   0.224411E+01   0.118650E+02   0.268712E+01   0.784490E+00
 0.476100E+01   0.224547E+01   0.118521E+02   0.268920E+01   0.788054E+00
 0.479050E+01   0.224678E+01   0.118422E+02   0.269120E+01   0.791607E+00
 0.482000E+01   0.224804E+01   0.118379E+02   0.269312E+01   0.795152E+00
 0.484950E+01   0.224925E+01   0.118226E+02   0.269496E+01   0.798686E+00
 0.487900E+01   0.225041E+01   0.118174E+02   0.269674E+01   0.802212E+00
 0.490850E+01   0.225152E+01   0.118110E+02   0.269844E+01   0.805728E+00
 0.493800E+01   0.225259E+01   0.118020E+02   0.270007E+01   0.809235E+00
 0.496750E+01   0.225361E+01   0.117905E+02   0.270164E+01   0.812733E+00
 0.499700E+01   0.225459E+01   0.117744E+02   0.270313E+01   0.816221E+00
 0.502650E+01   0.225552E+01   0.117706E+02   0.270457E+01   0.819701E+00
 0.505600E+01   0.225642E+01   0.117634E+02   0.270594E+01   0.823173E+00
 0.508550E+01   0.225727E+01   0.117479E+02   0.270725E+01   0.826635E+00
 0.511500E+01   0.225808E+01   0.117443E+02   0.270851E+01   0.830088E+00
 0.514450E+01   0.225886E+01   0.117317E+02   0.270970E+01   0.833534E+00
 0.517400E+01   0.225960E+01   0.117247E+02   0.271084E+01   0.836970E+00
 0.520350E+01   0.226030E+01   0.117141E+02   0.271192E+01   0.840398E+00
 0.523300E+01   0.226097E+01   0.117020E+02   0.271295E+01   0.843818E+00
 0.526250E+01   0.226161E+01   0.116969E+02   0.271393E+01   0.847229E+00
 0.529200E+01   0.226221E+01   0.116817E+02   0.271486E+01   0.850633E+00
 0.532150E+01   0.226277E+01   0.116748E+02   0.271574E+01   0.854028E+00
 0.535100E+01   0.226331E+01   0.116654E+02   0.271657E+01   0.857415E+00
 0.538050E+01   0.226382E+01   0.116563E+02   0.271736E+01   0.860794E+00
 0.541000E+01   0.226429E+01   0.116520E+02   0.271809E+01   0.864165E+00
 0.543950E+01   0.226474E+01   0.116393E+02   0.271879E+01   0.867528E+00
 0.546900E+01   0.226516E+01   0.116326E+02   0.271944E+01   0.870884E+00
 0.549850E+01   0.226555E+01   0.116247E+02   0.272005E+01   0.874232E+00
 0.552800E+01   0.226592E+01   0.116172E+02   0.272061E+01   0.877572E+00
 0.555750E+01   0.226626E+01   0.116099E+02   0.272114E+01   0.880904E+00
 0.558700E+01   0.226657E+01   0.116001E+02   0.272163E+01   0.884229E+00
 0.561650E+01   0.226686E+01   0.115934E+02   0.272207E+01   0.887547E+00
 0.564600E+01   0.226712E+01   0.115768E+02   0.272249E+01   0.890857E+00
 0.567550E+01   0.226736E+01   0.115733E+02   0.272286E+01   0.894159E+00
 0.570500E+01   0.226758E+01   0.115694E+02   0.272320E+01   0.897455E+00
 0.573450E+01   0.226778E+01   0.115598E+02   0.272351E+01   0.900743E+00
 0.576400E+01   0.226795E+01   0.115443E+02   0.272378E+01   0.904024E+00
 0.579350E+01   0.226810E+01   0.115381E+02   0.272402E+01   0.907298E+00
 0.582300E+01   0.226823E+01   0.115288E+02   0.272422E+01   0.910565E+00
 0.585250E+01   0.226835E+01   0.115222E+02   0.272440E+01   0.913825E+00
 0.588200E+01   0.226844E+01   0.115212E+02   0.272454E+01   0.917078E+00
 0.591150E+01   0.226851E+01   0.115092E+02   0.272466E+01   0.920325E+00
 0.594100E+01   0.226857E+01   0.115009E+02   0.272475E+01   0.923564E+00
 0.597050E+01   0.226860E+01   0.114948E+02   0.272480E+01   0.926797E+00
