 0.100000E+00   0.327197E+00   0.170940E+03   0.329532E+00   0.209161E-01
 0.129500E+00   0.293492E+00   0.176821E+03   0.295553E+00   0.270697E-01
 0.159000E+00   0.252117E+00   0.182127E+03   0.253828E+00   0.332166E-01
 0.188500E+00   0.182896E+00   0.165040E+03   0.184014E+00   0.393570E-01
 0.218000E+00   0.129659E+00   0.142297E+03   0.130329E+00   0.454912E-01
 0.247500E+00   0.100129E+00   0.115336E+03   0.100550E+00   0.516192E-01
 0.277000E+00   0.906460E-01   0.989547E+02   0.909850E-01   0.577413E-01
 0.306500E+00   0.882676E-01   0.810189E+02   0.885837E-01   0.638576E-01
 0.336000E+00   0.884100E-01   0.710186E+02   0.887303E-01   0.701747E-01
 0.365500E+00   0.914760E-01   0.514864E+02   0.918408E-01   0.762995E-01
 0.395000E+00   0.971251E-01   0.421403E+02   0.975709E-01   0.824167E-01
 0.424500E+00   0.104336E+00   0.404633E+02   0.104891E+00   0.885259E-01
 0.454000E+00   0.112674E+00   0.370800E+02   0.113366E+00   0.946270E-01
 0.483500E+00   0.121937E+00   0.304821E+02   0.122793E+00   0.100720E+00
 0.513000E+00   0.131994E+00   0.262765E+02   0.133043E+00   0.106804E+00
 0.542500E+00   0.142770E+00   0.233916E+02   0.144042E+00   0.112879E+00
 0.572000E+00   0.154228E+00   0.213191E+02   0.155756E+00   0.118944E+00
 0.601500E+00   0.166350E+00   0.197662E+02   0.168171E+00   0.125001E+00
 0.631000E+00   0.179049E+00   0.185726E+02   0.181200E+00   0.131047E+00
 0.660500E+00   0.192122E+00   0.176413E+02   0.194637E+00   0.137083E+00
 0.690000E+00   0.205720E+00   0.168894E+02   0.208641E+00   0.143109E+00
 0.719500E+00   0.219907E+00   0.162811E+02   0.223281E+00   0.149125E+00
 0.749000E+00   0.234729E+00   0.157601E+02   0.238608E+00   0.155129E+00
 0.778500E+00   0.250224E+00   0.153325E+02   0.254665E+00   0.161122E+00
 0.808000E+00   0.266422E+00   0.149638E+02   0.271489E+00   0.167103E+00
 0.837500E+00   0.283351E+00   0.146525E+02   0.289112E+00   0.173072E+00
 0.867000E+00   0.301029E+00   0.143728E+02   0.307561E+00   0.179029E+00
 0.896500E+00   0.319475E+00   0.141421E+02   0.326859E+00   0.184972E+00
 0.926000E+00   0.338696E+00   0.139366E+02   0.347023E+00   0.190902E+00
 0.955500E+00   0.358701E+00   0.137602E+02   0.368065E+00   0.196818E+00
 0.985000E+00   0.379488E+00   0.136129E+02   0.389994E+00   0.202719E+00
 0.101450E+01   0.401055E+00   0.134857E+02   0.412812E+00   0.208605E+00
 0.104400E+01   0.423392E+00   0.133641E+02   0.436519E+00   0.214475E+00
 0.107350E+01   0.446489E+00   0.132684E+02   0.461108E+00   0.220330E+00
 0.110300E+01   0.470327E+00   0.131798E+02   0.486570E+00   0.226168E+00
 0.113250E+01   0.494886E+00   0.131065E+02   0.512891E+00   0.231989E+00
 0.116200E+01   0.520143E+00   0.130513E+02   0.540054E+00   0.237793E+00
 0.119150E+01   0.546070E+00   0.129914E+02   0.568037E+00   0.243578E+00
 0.122100E+01   0.572637E+00   0.129511E+02   0.596817E+00   0.249345E+00
 0.125050E+01   0.599810E+00   0.129076E+02   0.626364E+00   0.255094E+00
 0.128000E+01   0.627553E+00   0.128770E+02   0.656647E+00   0.260823E+00
 0.130950E+01   0.655827E+00   0.128476E+02   0.687633E+00   0.266532E+00
 0.133900E+01   0.684593E+00   0.128291E+02   0.719283E+00   0.272221E+00
 0.136850E+01   0.713805E+00   0.128033E+02   0.751558E+00   0.277890E+00
 0.139800E+01   0.743421E+00   0.127895E+02   0.784414E+00   0.283537E+00
 0.142750E+01   0.773392E+00   0.127778E+02   0.817807E+00   0.289163E+00
 0.145700E+01   0.803671E+00   0.127698E+02   0.851689E+00   0.294766E+00
 0.148650E+01   0.834209E+00   0.127632E+02   0.886011E+00   0.300348E+00
 0.151600E+01   0.864956E+00   0.127621E+02   0.920721E+00   0.305907E+00
 0.154550E+01   0.895861E+00   0.127581E+02   0.955767E+00   0.311443E+00
 0.157500E+01   0.926873E+00   0.127573E+02   0.991095E+00   0.316956E+00
 0.160450E+01   0.957942E+00   0.127550E+02   0.102665E+01   0.322445E+00
 0.163400E+01   0.989017E+00   0.127515E+02   0.106238E+01   0.327910E+00
 0.166350E+01   0.102005E+01   0.127523E+02   0.109822E+01   0.333352E+00
 0.169300E+01   0.105099E+01   0.127603E+02   0.113412E+01   0.338768E+00
 0.172250E+01   0.108178E+01   0.127572E+02   0.117003E+01   0.344160E+00
 0.175200E+01   0.111240E+01   0.127559E+02   0.120589E+01   0.349528E+00
 0.178150E+01   0.114278E+01   0.127616E+02   0.124165E+01   0.354870E+00
 0.181100E+01   0.117289E+01   0.127636E+02   0.127725E+01   0.360187E+00
 0.184050E+01   0.120268E+01   0.127687E+02   0.131266E+01   0.365479E+00
 0.187000E+01   0.123213E+01   0.127677E+02   0.134781E+01   0.370746E+00
 0.189950E+01   0.126120E+01   0.127649E+02   0.138267E+01   0.375987E+00
 0.192900E+01   0.128985E+01   0.127670E+02   0.141720E+01   0.381203E+00
 0.195850E+01   0.131806E+01   0.127656E+02   0.145135E+01   0.386393E+00
 0.198800E+01   0.134580E+01   0.127703E+02   0.148509E+01   0.391558E+00
 0.201750E+01   0.137305E+01   0.127686E+02   0.151838E+01   0.396697E+00
 0.204700E+01   0.139978E+01   0.127707E+02   0.155120E+01   0.401811E+00
 0.207650E+01   0.142598E+01   0.127697E+02   0.158351E+01   0.406899E+00
 0.210600E+01   0.145165E+01   0.127701E+02   0.161530E+01   0.411962E+00
 0.213550E+01   0.147675E+01   0.127683E+02   0.164653E+01   0.416999E+00
 0.216500E+01   0.150129E+01   0.127599E+02   0.167720E+01   0.422011E+00
 0.219450E+01   0.152526E+01   0.127620E+02   0.170729E+01   0.426999E+00
 0.222400E+01   0.154866E+01   0.127559E+02   0.173678E+01   0.431961E+00
 0.225350E+01   0.157147E+01   0.127532E+02   0.176566E+01   0.436898E+00
 0.228300E+01   0.159370E+01   0.127492E+02   0.179392E+01   0.441811E+00
 0.231250E+01   0.161536E+01   0.127439E+02   0.182157E+01   0.446700E+00
 0.234200E+01   0.163644E+01   0.127392E+02   0.184858E+01   0.451564E+00
 0.237150E+01   0.165695E+01   0.127265E+02   0.187498E+01   0.456404E+00
 0.240100E+01   0.167689E+01   0.127272E+02   0.190074E+01   0.461220E+00
 0.243050E+01   0.169627E+01   0.127176E+02   0.192588E+01   0.466012E+00
 0.246000E+01   0.171510E+01   0.127053E+02   0.195040E+01   0.470781E+00
 0.248950E+01   0.173339E+01   0.127000E+02   0.197429E+01   0.475526E+00
 0.251900E+01   0.175114E+01   0.126898E+02   0.199758E+01   0.480249E+00
 0.254850E+01   0.176836E+01   0.126891E+02   0.202026E+01   0.484948E+00
 0.257800E+01   0.178508E+01   0.126769E+02   0.204234E+01   0.489625E+00
 0.260750E+01   0.180128E+01   0.126657E+02   0.206383E+01   0.494280E+00
 0.263700E+01   0.181700E+01   0.126547E+02   0.208474E+01   0.498913E+00
 0.266650E+01   0.183224E+01   0.126522E+02   0.210508E+01   0.503523E+00
 0.269600E+01   0.184700E+01   0.126392E+02   0.212486E+01   0.508112E+00
 0.272550E+01   0.186131E+01   0.126326E+02   0.214409E+01   0.512680E+00
 0.275500E+01   0.187517E+01   0.126194E+02   0.216278E+01   0.517226E+00
 0.278450E+01   0.188860E+01   0.126137E+02   0.218094E+01   0.521752E+00
 0.281400E+01   0.190160E+01   0.125960E+02   0.219858E+01   0.526256E+00
 0.284350E+01   0.191420E+01   0.125940E+02   0.221572E+01   0.530741E+00
 0.287300E+01   0.192639E+01   0.125796E+02   0.223237E+01   0.535205E+00
 0.290250E+01   0.193820E+01   0.125693E+02   0.224853E+01   0.539649E+00
 0.293200E+01   0.194963E+01   0.125571E+02   0.226422E+01   0.544073E+00
 0.296150E+01   0.196070E+01   0.125420E+02   0.227946E+01   0.548478E+00
 0.299100E+01   0.197141E+01   0.125303E+02   0.229425E+01   0.552864E+00
 0.302050E+01   0.198178E+01   0.125262E+02   0.230860E+01   0.557230E+00
 0.305000E+01   0.199182E+01   0.125160E+02   0.232252E+01   0.561578E+00
 0.307950E+01   0.200153E+01   0.124977E+02   0.233604E+01   0.565907E+00
 0.310900E+01   0.201093E+01   0.124882E+02   0.234915E+01   0.570218E+00
 0.313850E+01   0.202003E+01   0.124810E+02   0.236187E+01   0.574511E+00
 0.316800E+01   0.202883E+01   0.124612E+02   0.237421E+01   0.578786E+00
 0.319750E+01   0.203735E+01   0.124530E+02   0.238619E+01   0.583043E+00
 0.322700E+01   0.204559E+01   0.124378E+02   0.239780E+01   0.587283E+00
 0.325650E+01   0.205357E+01   0.124314E+02   0.240906E+01   0.591505E+00
 0.328600E+01   0.206129E+01   0.124187E+02   0.241998E+01   0.595711E+00
 0.331550E+01   0.206875E+01   0.124040E+02   0.243057E+01   0.599899E+00
 0.334500E+01   0.207598E+01   0.123979E+02   0.244084E+01   0.604071E+00
 0.337450E+01   0.208297E+01   0.123827E+02   0.245080E+01   0.608227E+00
 0.340400E+01   0.208974E+01   0.123709E+02   0.246046E+01   0.612366E+00
 0.343350E+01   0.209628E+01   0.123586E+02   0.246982E+01   0.616490E+00
 0.346300E+01   0.210262E+01   0.123512E+02   0.247890E+01   0.620597E+00
 0.349250E+01   0.210874E+01   0.123304E+02   0.248770E+01   0.624689E+00
 0.352200E+01   0.211467E+01   0.123187E+02   0.249623E+01   0.628765E+00
 0.355150E+01   0.212041E+01   0.123147E+02   0.250450E+01   0.632826E+00
 0.358100E+01   0.212596E+01   0.122990E+02   0.251251E+01   0.636872E+00
 0.361050E+01   0.213132E+01   0.122844E+02   0.252028E+01   0.640904E+00
 0.364000E+01   0.213652E+01   0.122737E+02   0.252781E+01   0.644920E+00
 0.366950E+01   0.214154E+01   0.122680E+02   0.253510E+01   0.648922E+00
 0.369900E+01   0.214640E+01   0.122534E+02   0.254217E+01   0.652909E+00
 0.372850E+01   0.215110E+01   0.122383E+02   0.254902E+01   0.656883E+00
 0.375800E+01   0.215565E+01   0.122321E+02   0.255566E+01   0.660842E+00
 0.378750E+01   0.216005E+01   0.122198E+02   0.256209E+01   0.664787E+00
 0.381700E+01   0.216430E+01   0.122035E+02   0.256832E+01   0.668719E+00
 0.384650E+01   0.216841E+01   0.121907E+02   0.257435E+01   0.672637E+00
 0.387600E+01   0.217239E+01   0.121855E+02   0.258020E+01   0.676541E+00
 0.390550E+01   0.217624E+01   0.121692E+02   0.258586E+01   0.680432E+00
 0.393500E+01   0.217996E+01   0.121596E+02   0.259134E+01   0.684311E+00
 0.396450E+01   0.218356E+01   0.121494E+02   0.259664E+01   0.688176E+00
 0.399400E+01   0.218703E+01   0.121345E+02   0.260178E+01   0.692028E+00
 0.402350E+01   0.219039E+01   0.121261E+02   0.260676E+01   0.695868E+00
 0.405300E+01   0.219364E+01   0.121127E+02   0.261157E+01   0.699695E+00
 0.408250E+01   0.219678E+01   0.121072E+02   0.261623E+01   0.703510E+00
 0.411200E+01   0.219982E+01   0.120909E+02   0.262074E+01   0.707313E+00
 0.414150E+01   0.220275E+01   0.120764E+02   0.262511E+01   0.711103E+00
 0.417100E+01   0.220559E+01   0.120649E+02   0.262933E+01   0.714882E+00
 0.420050E+01   0.220832E+01   0.120614E+02   0.263341E+01   0.718649E+00
 0.423000E+01   0.221097E+01   0.120456E+02   0.263736E+01   0.722404E+00
 0.425950E+01   0.221352E+01   0.120404E+02   0.264118E+01   0.726147E+00
 0.428900E+01   0.221599E+01   0.120258E+02   0.264488E+01   0.729879E+00
 0.431850E+01   0.221837E+01   0.120161E+02   0.264845E+01   0.733599E+00
 0.434800E+01   0.222067E+01   0.120025E+02   0.265189E+01   0.737309E+00
 0.437750E+01   0.222288E+01   0.119960E+02   0.265523E+01   0.741007E+00
 0.440700E+01   0.222503E+01   0.119798E+02   0.265845E+01   0.744694E+00
 0.443650E+01   0.222709E+01   0.119750E+02   0.266156E+01   0.748370E+00
 0.446600E+01   0.222908E+01   0.119617E+02   0.266456E+01   0.752036E+00
 0.449550E+01   0.223100E+01   0.119502E+02   0.266746E+01   0.755691E+00
 0.452500E+01   0.223285E+01   0.119368E+02   0.267025E+01   0.759335E+00
 0.455450E+01   0.223464E+01   0.119300E+02   0.267295E+01   0.762969E+00
 0.458400E+01   0.223635E+01   0.119220E+02   0.267555E+01   0.766592E+00
 0.461350E+01   0.223801E+01   0.119124E+02   0.267806E+01   0.770206E+00
 0.464300E+01   0.223960E+01   0.118995E+02   0.268048E+01   0.773809E+00
 0.467250E+01   0.224114E+01   0.118837E+02   0.268281E+01   0.777402E+00
 0.470200E+01   0.224261E+01   0.118761E+02   0.268505E+01   0.780985E+00
 0.473150E+01   0.224403E+01   0.118663E+02   0.268721E+01   0.784559E+00
 0.476100E+01   0.224540E+01   0.118558E+02   0.268929E+01   0.788122E+00
 0.479050E+01   0.224671E+01   0.118508E+02   0.269129E+01   0.791676E+00
 0.482000E+01   0.224797E+01   0.118347E+02   0.269321E+01   0.795221E+00
 0.484950E+01   0.224918E+01   0.118309E+02   0.269506E+01   0.798756E+00
 0.487900E+01   0.225034E+01   0.118231E+02   0.269683E+01   0.802282E+00
 0.490850E+01   0.225145E+01   0.118119E+02   0.269854E+01   0.805798E+00
 0.493800E+01   0.225252E+01   0.117984E+02   0.270017E+01   0.809305E+00
 0.496750E+01   0.225354E+01   0.117861E+02   0.270173E+01   0.812804E+00
 0.499700E+01   0.225452E+01   0.117752E+02   0.270323E+01   0.816293E+00
 0.502650E+01   0.225545E+01   0.117693E+02   0.270467E+01   0.819773E+00
 0.505600E+01   0.225635E+01   0.117606E+02   0.270604E+01   0.823244E+00
 0.508550E+01   0.225720E+01   0.117491E+02   0.270735E+01   0.826707E+00
 0.511500E+01   0.225802E+01   0.117433E+02   0.270861E+01   0.830161E+00
 0.514450E+01   0.225879E+01   0.117346E+02   0.270980E+01   0.833606E+00
 0.517400E+01   0.225953E+01   0.117270E+02   0.271094E+01   0.837043E+00
 0.520350E+01   0.226024E+01   0.117169E+02   0.271203E+01   0.840472E+00
 0.523300E+01   0.226090E+01   0.117061E+02   0.271306E+01   0.843892E+00
 0.526250E+01   0.226154E+01   0.117000E+02   0.271404E+01   0.847303E+00
 0.529200E+01   0.226214E+01   0.116833E+02   0.271497E+01   0.850707E+00
 0.532150E+01   0.226271E+01   0.116786E+02   0.271585E+01   0.854102E+00
 0.535100E+01   0.226325E+01   0.116690E+02   0.271668E+01   0.857490E+00
 0.538050E+01   0.226375E+01   0.116615E+02   0.271746E+01   0.860869E+00
 0.541000E+01   0.226423E+01   0.116506E+02   0.271820E+01   0.864240E+00
 0.543950E+01   0.226468E+01   0.116400E+02   0.271889E+01   0.867604E+00
 0.546900E+01   0.226510E+01   0.116327E+02   0.271955E+01   0.870960E+00
 0.549850E+01   0.226549E+01   0.116227E+02   0.272015E+01   0.874308E+00
 0.552800E+01   0.226585E+01   0.116158E+02   0.272072E+01   0.877648E+00
 0.555750E+01   0.226619E+01   0.116118E+02   0.272125E+01   0.880981E+00
 0.558700E+01   0.226651E+01   0.115968E+02   0.272174E+01   0.884306E+00
 0.561650E+01   0.226679E+01   0.115873E+02   0.272218E+01   0.887624E+00
 0.564600E+01   0.226706E+01   0.115839E+02   0.272260E+01   0.890934E+00
 0.567550E+01   0.226730E+01   0.115762E+02   0.272297E+01   0.894237E+00
 0.570500E+01   0.226752E+01   0.115700E+02   0.272331E+01   0.897533E+00
 0.573450E+01   0.226771E+01   0.115620E+02   0.272362E+01   0.900821E+00
 0.576400E+01   0.226789E+01   0.115452E+02   0.272389E+01   0.904103E+00
 0.579350E+01   0.226804E+01   0.115465E+02   0.272413E+01   0.907377E+00
 0.582300E+01   0.226817E+01   0.115366E+02   0.272434E+01   0.910644E+00
 0.585250E+01   0.226829E+01   0.115289E+02   0.272451E+01   0.913904E+00
 0.588200E+01   0.226838E+01   0.115139E+02   0.272466E+01   0.917158E+00
 0.591150E+01   0.226845E+01   0.115082E+02   0.272477E+01   0.920404E+00
 0.594100E+01   0.226851E+01   0.114993E+02   0.272486E+01   0.923644E+00
 0.597050E+01   0.226854E+01   0.114972E+02   0.272492E+01   0.926876E+00
