 0.100000E+00   0.327197E+00   0.170940E+03   0.329532E+00   0.209161E-01
 0.129500E+00   0.293492E+00   0.176821E+03   0.295553E+00   0.270697E-01
 0.159000E+00   0.251825E+00   0.181924E+03   0.253533E+00   0.332166E-01
 0.188500E+00   0.181283E+00   0.163533E+03   0.182387E+00   0.393570E-01
 0.218000E+00   0.128454E+00   0.140450E+03   0.129113E+00   0.454912E-01
 0.247500E+00   0.999189E-01   0.114700E+03   0.100338E+00   0.516192E-01
 0.277000E+00   0.905962E-01   0.986204E+02   0.909348E-01   0.577413E-01
 0.306500E+00   0.882698E-01   0.822697E+02   0.885871E-01   0.638576E-01
 0.336000E+00   0.881452E-01   0.741738E+02   0.884641E-01   0.702001E-01
 0.365500E+00   0.906554E-01   0.539618E+02   0.910154E-01   0.763279E-01
 0.395000E+00   0.961108E-01   0.426605E+02   0.965524E-01   0.824479E-01
 0.424500E+00   0.103392E+00   0.401895E+02   0.103948E+00   0.885597E-01
 0.454000E+00   0.111956E+00   0.374433E+02   0.112655E+00   0.946632E-01
 0.483500E+00   0.121554E+00   0.304782E+02   0.122426E+00   0.100758E+00
 0.513000E+00   0.132019E+00   0.261302E+02   0.133096E+00   0.106844E+00
 0.542500E+00   0.143252E+00   0.232024E+02   0.144567E+00   0.112921E+00
 0.572000E+00   0.155195E+00   0.211098E+02   0.156784E+00   0.118988E+00
 0.601500E+00   0.167818E+00   0.195714E+02   0.169719E+00   0.125046E+00
 0.631000E+00   0.181096E+00   0.183804E+02   0.183350E+00   0.131093E+00
 0.660500E+00   0.194753E+00   0.174637E+02   0.197398E+00   0.137130E+00
 0.690000E+00   0.208877E+00   0.167437E+02   0.211955E+00   0.143156E+00
 0.719500E+00   0.223551E+00   0.161483E+02   0.227111E+00   0.149172E+00
 0.749000E+00   0.238823E+00   0.156493E+02   0.242917E+00   0.155176E+00
 0.778500E+00   0.254728E+00   0.152350E+02   0.259414E+00   0.161169E+00
 0.808000E+00   0.271297E+00   0.148847E+02   0.276640E+00   0.167150E+00
 0.837500E+00   0.288556E+00   0.145838E+02   0.294626E+00   0.173119E+00
 0.867000E+00   0.306525E+00   0.143241E+02   0.313398E+00   0.179075E+00
 0.896500E+00   0.325221E+00   0.141060E+02   0.332980E+00   0.185018E+00
 0.926000E+00   0.344656E+00   0.139140E+02   0.353390E+00   0.190947E+00
 0.955500E+00   0.364837E+00   0.137495E+02   0.374642E+00   0.196862E+00
 0.985000E+00   0.385767E+00   0.136056E+02   0.396745E+00   0.202762E+00
 0.101450E+01   0.407444E+00   0.134763E+02   0.419706E+00   0.208647E+00
 0.104400E+01   0.429862E+00   0.133713E+02   0.443525E+00   0.214517E+00
 0.107350E+01   0.453012E+00   0.132730E+02   0.468199E+00   0.220370E+00
 0.110300E+01   0.476880E+00   0.131970E+02   0.493721E+00   0.226207E+00
 0.113250E+01   0.501447E+00   0.131263E+02   0.520080E+00   0.232027E+00
 0.116200E+01   0.526693E+00   0.130692E+02   0.547261E+00   0.237830E+00
 0.119150E+01   0.552592E+00   0.130162E+02   0.575246E+00   0.243614E+00
 0.122100E+01   0.579117E+00   0.129737E+02   0.604011E+00   0.249381E+00
 0.125050E+01   0.606237E+00   0.129303E+02   0.633531E+00   0.255128E+00
 0.128000E+01   0.633916E+00   0.128965E+02   0.663777E+00   0.260856E+00
 0.130950E+01   0.662119E+00   0.128742E+02   0.694716E+00   0.266564E+00
 0.133900E+01   0.690805E+00   0.128492E+02   0.726311E+00   0.272252E+00
 0.136850E+01   0.719934E+00   0.128348E+02   0.758526E+00   0.277919E+00
 0.139800E+01   0.749461E+00   0.128141E+02   0.791317E+00   0.283566E+00
 0.142750E+01   0.779341E+00   0.128045E+02   0.824640E+00   0.289190E+00
 0.145700E+01   0.809527E+00   0.127995E+02   0.858450E+00   0.294793E+00
 0.148650E+01   0.839969E+00   0.127960E+02   0.892696E+00   0.300374E+00
 0.151600E+01   0.870619E+00   0.127817E+02   0.927329E+00   0.305932E+00
 0.154550E+01   0.901426E+00   0.127878E+02   0.962296E+00   0.311466E+00
 0.157500E+01   0.932340E+00   0.127822E+02   0.997543E+00   0.316978E+00
 0.160450E+01   0.963311E+00   0.127749E+02   0.103302E+01   0.322466E+00
 0.163400E+01   0.994286E+00   0.127822E+02   0.106866E+01   0.327930E+00
 0.166350E+01   0.102522E+01   0.127792E+02   0.110442E+01   0.333370E+00
 0.169300E+01   0.105606E+01   0.127772E+02   0.114023E+01   0.338786E+00
 0.172250E+01   0.108676E+01   0.127861E+02   0.117606E+01   0.344177E+00
 0.175200E+01   0.111727E+01   0.127828E+02   0.121183E+01   0.349543E+00
 0.178150E+01   0.114755E+01   0.127895E+02   0.124750E+01   0.354885E+00
 0.181100E+01   0.117757E+01   0.127844E+02   0.128302E+01   0.360201E+00
 0.184050E+01   0.120727E+01   0.127918E+02   0.131833E+01   0.365492E+00
 0.187000E+01   0.123662E+01   0.127901E+02   0.135340E+01   0.370757E+00
 0.189950E+01   0.126559E+01   0.127863E+02   0.138817E+01   0.375997E+00
 0.192900E+01   0.129415E+01   0.127934E+02   0.142261E+01   0.381212E+00
 0.195850E+01   0.132226E+01   0.127866E+02   0.145667E+01   0.386401E+00
 0.198800E+01   0.134990E+01   0.127921E+02   0.149031E+01   0.391565E+00
 0.201750E+01   0.137706E+01   0.127881E+02   0.152352E+01   0.396703E+00
 0.204700E+01   0.140370E+01   0.127855E+02   0.155625E+01   0.401815E+00
 0.207650E+01   0.142982E+01   0.127819E+02   0.158847E+01   0.406902E+00
 0.210600E+01   0.145539E+01   0.127793E+02   0.162017E+01   0.411964E+00
 0.213550E+01   0.148041E+01   0.127811E+02   0.165132E+01   0.417001E+00
 0.216500E+01   0.150487E+01   0.127752E+02   0.168190E+01   0.422012E+00
 0.219450E+01   0.152875E+01   0.127721E+02   0.171190E+01   0.426998E+00
 0.222400E+01   0.155206E+01   0.127726E+02   0.174130E+01   0.431959E+00
 0.225350E+01   0.157480E+01   0.127660E+02   0.177010E+01   0.436896E+00
 0.228300E+01   0.159696E+01   0.127608E+02   0.179828E+01   0.441808E+00
 0.231250E+01   0.161854E+01   0.127550E+02   0.182584E+01   0.446695E+00
 0.234200E+01   0.163954E+01   0.127524E+02   0.185278E+01   0.451558E+00
 0.237150E+01   0.165998E+01   0.127442E+02   0.187909E+01   0.456397E+00
 0.240100E+01   0.167985E+01   0.127420E+02   0.190478E+01   0.461212E+00
 0.243050E+01   0.169916E+01   0.127347E+02   0.192984E+01   0.466004E+00
 0.246000E+01   0.171793E+01   0.127222E+02   0.195429E+01   0.470772E+00
 0.248950E+01   0.173615E+01   0.127126E+02   0.197811E+01   0.475516E+00
 0.251900E+01   0.175384E+01   0.127058E+02   0.200133E+01   0.480238E+00
 0.254850E+01   0.177100E+01   0.127009E+02   0.202394E+01   0.484937E+00
 0.257800E+01   0.178766E+01   0.126877E+02   0.204596E+01   0.489613E+00
 0.260750E+01   0.180381E+01   0.126858E+02   0.206738E+01   0.494267E+00
 0.263700E+01   0.181947E+01   0.126679E+02   0.208823E+01   0.498899E+00
 0.266650E+01   0.183465E+01   0.126605E+02   0.210851E+01   0.503508E+00
 0.269600E+01   0.184937E+01   0.126526E+02   0.212823E+01   0.508097E+00
 0.272550E+01   0.186363E+01   0.126466E+02   0.214740E+01   0.512663E+00
 0.275500E+01   0.187744E+01   0.126376E+02   0.216603E+01   0.517209E+00
 0.278450E+01   0.189082E+01   0.126259E+02   0.218414E+01   0.521734E+00
 0.281400E+01   0.190378E+01   0.126092E+02   0.220173E+01   0.526238E+00
 0.284350E+01   0.191634E+01   0.126026E+02   0.221881E+01   0.530722E+00
 0.287300E+01   0.192849E+01   0.125864E+02   0.223541E+01   0.535185E+00
 0.290250E+01   0.194026E+01   0.125824E+02   0.225152E+01   0.539628E+00
 0.293200E+01   0.195165E+01   0.125723E+02   0.226717E+01   0.544052E+00
 0.296150E+01   0.196268E+01   0.125620E+02   0.228236E+01   0.548456E+00
 0.299100E+01   0.197335E+01   0.125422E+02   0.229710E+01   0.552842E+00
 0.302050E+01   0.198369E+01   0.125314E+02   0.231141E+01   0.557208E+00
 0.305000E+01   0.199369E+01   0.125235E+02   0.232529E+01   0.561555E+00
 0.307950E+01   0.200337E+01   0.125084E+02   0.233876E+01   0.565883E+00
 0.310900E+01   0.201274E+01   0.125048E+02   0.235184E+01   0.570194E+00
 0.313850E+01   0.202180E+01   0.124864E+02   0.236452E+01   0.574486E+00
 0.316800E+01   0.203058E+01   0.124746E+02   0.237682E+01   0.578760E+00
 0.319750E+01   0.203907E+01   0.124603E+02   0.238876E+01   0.583017E+00
 0.322700E+01   0.204728E+01   0.124506E+02   0.240033E+01   0.587256E+00
 0.325650E+01   0.205523E+01   0.124426E+02   0.241156E+01   0.591478E+00
 0.328600E+01   0.206292E+01   0.124313E+02   0.242245E+01   0.595683E+00
 0.331550E+01   0.207036E+01   0.124222E+02   0.243301E+01   0.599871E+00
 0.334500E+01   0.207757E+01   0.124069E+02   0.244325E+01   0.604043E+00
 0.337450E+01   0.208453E+01   0.123968E+02   0.245318E+01   0.608198E+00
 0.340400E+01   0.209128E+01   0.123836E+02   0.246280E+01   0.612337E+00
 0.343350E+01   0.209780E+01   0.123650E+02   0.247214E+01   0.616459E+00
 0.346300E+01   0.210411E+01   0.123535E+02   0.248119E+01   0.620567E+00
 0.349250E+01   0.211022E+01   0.123427E+02   0.248996E+01   0.624658E+00
 0.352200E+01   0.211613E+01   0.123336E+02   0.249846E+01   0.628734E+00
 0.355150E+01   0.212184E+01   0.123210E+02   0.250670E+01   0.632795E+00
 0.358100E+01   0.212737E+01   0.123054E+02   0.251469E+01   0.636840E+00
 0.361050E+01   0.213272E+01   0.122988E+02   0.252243E+01   0.640871E+00
 0.364000E+01   0.213790E+01   0.122822E+02   0.252994E+01   0.644887E+00
 0.366950E+01   0.214290E+01   0.122762E+02   0.253721E+01   0.648888E+00
 0.369900E+01   0.214774E+01   0.122588E+02   0.254426E+01   0.652875E+00
 0.372850E+01   0.215243E+01   0.122533E+02   0.255108E+01   0.656848E+00
 0.375800E+01   0.215696E+01   0.122362E+02   0.255770E+01   0.660807E+00
 0.378750E+01   0.216134E+01   0.122300E+02   0.256411E+01   0.664752E+00
 0.381700E+01   0.216558E+01   0.122120E+02   0.257032E+01   0.668683E+00
 0.384650E+01   0.216968E+01   0.122044E+02   0.257633E+01   0.672601E+00
 0.387600E+01   0.217364E+01   0.121870E+02   0.258215E+01   0.676505E+00
 0.390550E+01   0.217748E+01   0.121799E+02   0.258779E+01   0.680396E+00
 0.393500E+01   0.218118E+01   0.121714E+02   0.259326E+01   0.684274E+00
 0.396450E+01   0.218477E+01   0.121619E+02   0.259855E+01   0.688139E+00
 0.399400E+01   0.218823E+01   0.121409E+02   0.260367E+01   0.691991E+00
 0.402350E+01   0.219158E+01   0.121352E+02   0.260862E+01   0.695830E+00
 0.405300E+01   0.219482E+01   0.121246E+02   0.261342E+01   0.699657E+00
 0.408250E+01   0.219794E+01   0.121154E+02   0.261807E+01   0.703472E+00
 0.411200E+01   0.220097E+01   0.121051E+02   0.262256E+01   0.707274E+00
 0.414150E+01   0.220389E+01   0.120925E+02   0.262691E+01   0.711064E+00
 0.417100E+01   0.220671E+01   0.120760E+02   0.263111E+01   0.714842E+00
 0.420050E+01   0.220944E+01   0.120662E+02   0.263518E+01   0.718609E+00
 0.423000E+01   0.221207E+01   0.120564E+02   0.263912E+01   0.722364E+00
 0.425950E+01   0.221462E+01   0.120447E+02   0.264292E+01   0.726107E+00
 0.428900E+01   0.221707E+01   0.120380E+02   0.264660E+01   0.729838E+00
 0.431850E+01   0.221944E+01   0.120183E+02   0.265016E+01   0.733558E+00
 0.434800E+01   0.222173E+01   0.120129E+02   0.265359E+01   0.737267E+00
 0.437750E+01   0.222394E+01   0.119965E+02   0.265691E+01   0.740965E+00
 0.440700E+01   0.222607E+01   0.119898E+02   0.266012E+01   0.744652E+00
 0.443650E+01   0.222813E+01   0.119808E+02   0.266321E+01   0.748328E+00
 0.446600E+01   0.223011E+01   0.119659E+02   0.266620E+01   0.751993E+00
 0.449550E+01   0.223202E+01   0.119606E+02   0.266909E+01   0.755648E+00
 0.452500E+01   0.223386E+01   0.119513E+02   0.267187E+01   0.759292E+00
 0.455450E+01   0.223564E+01   0.119389E+02   0.267456E+01   0.762926E+00
 0.458400E+01   0.223735E+01   0.119262E+02   0.267715E+01   0.766549E+00
 0.461350E+01   0.223900E+01   0.119204E+02   0.267965E+01   0.770162E+00
 0.464300E+01   0.224058E+01   0.119081E+02   0.268205E+01   0.773765E+00
 0.467250E+01   0.224211E+01   0.118988E+02   0.268437E+01   0.777358E+00
 0.470200E+01   0.224358E+01   0.118910E+02   0.268660E+01   0.780941E+00
 0.473150E+01   0.224499E+01   0.118790E+02   0.268875E+01   0.784514E+00
 0.476100E+01   0.224635E+01   0.118632E+02   0.269082E+01   0.788078E+00
 0.479050E+01   0.224765E+01   0.118537E+02   0.269281E+01   0.791631E+00
 0.482000E+01   0.224891E+01   0.118449E+02   0.269472E+01   0.795176E+00
 0.484950E+01   0.225011E+01   0.118387E+02   0.269656E+01   0.798711E+00
 0.487900E+01   0.225126E+01   0.118303E+02   0.269832E+01   0.802236E+00
 0.490850E+01   0.225237E+01   0.118196E+02   0.270002E+01   0.805752E+00
 0.493800E+01   0.225343E+01   0.118097E+02   0.270164E+01   0.809259E+00
 0.496750E+01   0.225444E+01   0.117930E+02   0.270320E+01   0.812757E+00
 0.499700E+01   0.225542E+01   0.117839E+02   0.270469E+01   0.816246E+00
 0.502650E+01   0.225635E+01   0.117760E+02   0.270611E+01   0.819726E+00
 0.505600E+01   0.225723E+01   0.117644E+02   0.270748E+01   0.823197E+00
 0.508550E+01   0.225808E+01   0.117562E+02   0.270878E+01   0.826660E+00
 0.511500E+01   0.225889E+01   0.117513E+02   0.271003E+01   0.830113E+00
 0.514450E+01   0.225966E+01   0.117400E+02   0.271121E+01   0.833559E+00
 0.517400E+01   0.226040E+01   0.117330E+02   0.271234E+01   0.836995E+00
 0.520350E+01   0.226109E+01   0.117185E+02   0.271342E+01   0.840423E+00
 0.523300E+01   0.226176E+01   0.117180E+02   0.271444E+01   0.843843E+00
 0.526250E+01   0.226239E+01   0.117020E+02   0.271542E+01   0.847255E+00
 0.529200E+01   0.226298E+01   0.116990E+02   0.271634E+01   0.850658E+00
 0.532150E+01   0.226355E+01   0.116830E+02   0.271721E+01   0.854053E+00
 0.535100E+01   0.226408E+01   0.116788E+02   0.271803E+01   0.857441E+00
 0.538050E+01   0.226458E+01   0.116708E+02   0.271881E+01   0.860820E+00
 0.541000E+01   0.226505E+01   0.116580E+02   0.271954E+01   0.864191E+00
 0.543950E+01   0.226550E+01   0.116553E+02   0.272023E+01   0.867554E+00
 0.546900E+01   0.226591E+01   0.116377E+02   0.272087E+01   0.870910E+00
 0.549850E+01   0.226630E+01   0.116343E+02   0.272147E+01   0.874258E+00
 0.552800E+01   0.226666E+01   0.116263E+02   0.272203E+01   0.877598E+00
 0.555750E+01   0.226699E+01   0.116134E+02   0.272255E+01   0.880930E+00
 0.558700E+01   0.226730E+01   0.116073E+02   0.272304E+01   0.884255E+00
 0.561650E+01   0.226759E+01   0.115957E+02   0.272348E+01   0.887573E+00
 0.564600E+01   0.226785E+01   0.115903E+02   0.272388E+01   0.890883E+00
 0.567550E+01   0.226808E+01   0.115833E+02   0.272425E+01   0.894186E+00
 0.570500E+01   0.226830E+01   0.115700E+02   0.272459E+01   0.897482E+00
 0.573450E+01   0.226849E+01   0.115654E+02   0.272489E+01   0.900770E+00
 0.576400E+01   0.226866E+01   0.115605E+02   0.272515E+01   0.904051E+00
 0.579350E+01   0.226881E+01   0.115506E+02   0.272539E+01   0.907325E+00
 0.582300E+01   0.226894E+01   0.115440E+02   0.272559E+01   0.910592E+00
 0.585250E+01   0.226905E+01   0.115315E+02   0.272576E+01   0.913852E+00
 0.588200E+01   0.226914E+01   0.115253E+02   0.272590E+01   0.917105E+00
 0.591150E+01   0.226921E+01   0.115152E+02   0.272601E+01   0.920352E+00
 0.594100E+01   0.226926E+01   0.115045E+02   0.272609E+01   0.923591E+00
 0.597050E+01   0.226929E+01   0.115037E+02   0.272614E+01   0.926824E+00
