 0.100000E+00   0.327197E+00   0.170940E+03   0.329532E+00   0.209161E-01
 0.129500E+00   0.293492E+00   0.176821E+03   0.295553E+00   0.270697E-01
 0.159000E+00   0.250822E+00   0.181227E+03   0.252521E+00   0.332166E-01
 0.188500E+00   0.181236E+00   0.163490E+03   0.182340E+00   0.393570E-01
 0.218000E+00   0.129369E+00   0.141854E+03   0.130037E+00   0.454912E-01
 0.247500E+00   0.100199E+00   0.115547E+03   0.100621E+00   0.516192E-01
 0.277000E+00   0.905960E-01   0.986190E+02   0.909345E-01   0.577413E-01
 0.306500E+00   0.882376E-01   0.800131E+02   0.885531E-01   0.638576E-01
 0.336000E+00   0.891052E-01   0.647565E+02   0.894304E-01   0.701324E-01
 0.365500E+00   0.931669E-01   0.474291E+02   0.935436E-01   0.762520E-01
 0.395000E+00   0.992317E-01   0.410963E+02   0.996905E-01   0.823642E-01
 0.424500E+00   0.106459E+00   0.402435E+02   0.107023E+00   0.884686E-01
 0.454000E+00   0.114553E+00   0.359615E+02   0.115246E+00   0.945652E-01
 0.483500E+00   0.123372E+00   0.301257E+02   0.124216E+00   0.100654E+00
 0.513000E+00   0.132830E+00   0.262819E+02   0.133850E+00   0.106734E+00
 0.542500E+00   0.142892E+00   0.235681E+02   0.144113E+00   0.112806E+00
 0.572000E+00   0.153547E+00   0.215783E+02   0.154999E+00   0.118868E+00
 0.601500E+00   0.164786E+00   0.200440E+02   0.166500E+00   0.124922E+00
 0.631000E+00   0.176353E+00   0.188715E+02   0.178355E+00   0.130966E+00
 0.660500E+00   0.188380E+00   0.179348E+02   0.190703E+00   0.137001E+00
 0.690000E+00   0.200958E+00   0.171721E+02   0.203641E+00   0.143026E+00
 0.719500E+00   0.214150E+00   0.165248E+02   0.217235E+00   0.149041E+00
 0.749000E+00   0.228007E+00   0.159830E+02   0.231542E+00   0.155046E+00
 0.778500E+00   0.242574E+00   0.155228E+02   0.246613E+00   0.161039E+00
 0.808000E+00   0.257890E+00   0.151334E+02   0.262493E+00   0.167021E+00
 0.837500E+00   0.273986E+00   0.147870E+02   0.279219E+00   0.172991E+00
 0.867000E+00   0.290890E+00   0.144877E+02   0.296826E+00   0.178949E+00
 0.896500E+00   0.308622E+00   0.142371E+02   0.315341E+00   0.184894E+00
 0.926000E+00   0.327197E+00   0.140103E+02   0.334786E+00   0.190826E+00
 0.955500E+00   0.346622E+00   0.138190E+02   0.355176E+00   0.196744E+00
 0.985000E+00   0.366903E+00   0.136466E+02   0.376524E+00   0.202647E+00
 0.101450E+01   0.388035E+00   0.135045E+02   0.398833E+00   0.208536E+00
 0.104400E+01   0.410012E+00   0.133784E+02   0.422104E+00   0.214410E+00
 0.107350E+01   0.432820E+00   0.132652E+02   0.446331E+00   0.220267E+00
 0.110300E+01   0.456441E+00   0.131670E+02   0.471505E+00   0.226108E+00
 0.113250E+01   0.480855E+00   0.130860E+02   0.497610E+00   0.231933E+00
 0.116200E+01   0.506033E+00   0.130155E+02   0.524627E+00   0.237739E+00
 0.119150E+01   0.531947E+00   0.129625E+02   0.552533E+00   0.243528E+00
 0.122100E+01   0.558561E+00   0.129065E+02   0.581300E+00   0.249299E+00
 0.125050E+01   0.585839E+00   0.128670E+02   0.610896E+00   0.255051E+00
 0.128000E+01   0.613741E+00   0.128316E+02   0.641286E+00   0.260783E+00
 0.130950E+01   0.642222E+00   0.127965E+02   0.672431E+00   0.266495E+00
 0.133900E+01   0.671238E+00   0.127717E+02   0.704291E+00   0.272188E+00
 0.136850E+01   0.700740E+00   0.127535E+02   0.736819E+00   0.277859E+00
 0.139800E+01   0.730679E+00   0.127402E+02   0.769969E+00   0.283509E+00
 0.142750E+01   0.761002E+00   0.127266E+02   0.803689E+00   0.289138E+00
 0.145700E+01   0.791658E+00   0.127227E+02   0.837929E+00   0.294745E+00
 0.148650E+01   0.822592E+00   0.127096E+02   0.872634E+00   0.300329E+00
 0.151600E+01   0.853750E+00   0.127088E+02   0.907747E+00   0.305890E+00
 0.154550E+01   0.885077E+00   0.127034E+02   0.943212E+00   0.311429E+00
 0.157500E+01   0.916518E+00   0.127022E+02   0.978970E+00   0.316944E+00
 0.160450E+01   0.948018E+00   0.127052E+02   0.101496E+01   0.322435E+00
 0.163400E+01   0.979524E+00   0.127056E+02   0.105113E+01   0.327902E+00
 0.166350E+01   0.101098E+01   0.127033E+02   0.108742E+01   0.333345E+00
 0.169300E+01   0.104234E+01   0.127115E+02   0.112376E+01   0.338764E+00
 0.172250E+01   0.107355E+01   0.127157E+02   0.116010E+01   0.344157E+00
 0.175200E+01   0.110457E+01   0.127186E+02   0.119639E+01   0.349526E+00
 0.178150E+01   0.113534E+01   0.127160E+02   0.123257E+01   0.354870E+00
 0.181100E+01   0.116583E+01   0.127189E+02   0.126858E+01   0.360188E+00
 0.184050E+01   0.119599E+01   0.127230E+02   0.130438E+01   0.365481E+00
 0.187000E+01   0.122579E+01   0.127268E+02   0.133991E+01   0.370749E+00
 0.189950E+01   0.125519E+01   0.127265E+02   0.137514E+01   0.375991E+00
 0.192900E+01   0.128416E+01   0.127320E+02   0.141002E+01   0.381207E+00
 0.195850E+01   0.131267E+01   0.127280E+02   0.144450E+01   0.386398E+00
 0.198800E+01   0.134069E+01   0.127319E+02   0.147856E+01   0.391563E+00
 0.201750E+01   0.136821E+01   0.127302E+02   0.151216E+01   0.396703E+00
 0.204700E+01   0.139520E+01   0.127378E+02   0.154526E+01   0.401816E+00
 0.207650E+01   0.142164E+01   0.127340E+02   0.157785E+01   0.406905E+00
 0.210600E+01   0.144753E+01   0.127348E+02   0.160990E+01   0.411968E+00
 0.213550E+01   0.147285E+01   0.127325E+02   0.164138E+01   0.417005E+00
 0.216500E+01   0.149759E+01   0.127303E+02   0.167228E+01   0.422018E+00
 0.219450E+01   0.152174E+01   0.127224E+02   0.170258E+01   0.427005E+00
 0.222400E+01   0.154531E+01   0.127205E+02   0.173227E+01   0.431967E+00
 0.225350E+01   0.156829E+01   0.127198E+02   0.176134E+01   0.436905E+00
 0.228300E+01   0.159068E+01   0.127196E+02   0.178979E+01   0.441817E+00
 0.231250E+01   0.161248E+01   0.127115E+02   0.181761E+01   0.446705E+00
 0.234200E+01   0.163369E+01   0.127052E+02   0.184478E+01   0.451569E+00
 0.237150E+01   0.165432E+01   0.127045E+02   0.187133E+01   0.456409E+00
 0.240100E+01   0.167438E+01   0.127001E+02   0.189723E+01   0.461225E+00
 0.243050E+01   0.169387E+01   0.126885E+02   0.192250E+01   0.466017E+00
 0.246000E+01   0.171281E+01   0.126818E+02   0.194715E+01   0.470785E+00
 0.248950E+01   0.173119E+01   0.126728E+02   0.197116E+01   0.475530E+00
 0.251900E+01   0.174903E+01   0.126664E+02   0.199456E+01   0.480252E+00
 0.254850E+01   0.176634E+01   0.126593E+02   0.201734E+01   0.484951E+00
 0.257800E+01   0.178313E+01   0.126495E+02   0.203952E+01   0.489628E+00
 0.260750E+01   0.179942E+01   0.126398E+02   0.206111E+01   0.494282E+00
 0.263700E+01   0.181520E+01   0.126316E+02   0.208210E+01   0.498914E+00
 0.266650E+01   0.183050E+01   0.126296E+02   0.210253E+01   0.503525E+00
 0.269600E+01   0.184533E+01   0.126141E+02   0.212238E+01   0.508113E+00
 0.272550E+01   0.185970E+01   0.126126E+02   0.214168E+01   0.512680E+00
 0.275500E+01   0.187362E+01   0.126003E+02   0.216044E+01   0.517226E+00
 0.278450E+01   0.188709E+01   0.125909E+02   0.217867E+01   0.521751E+00
 0.281400E+01   0.190015E+01   0.125810E+02   0.219637E+01   0.526255E+00
 0.284350E+01   0.191279E+01   0.125730E+02   0.221357E+01   0.530739E+00
 0.287300E+01   0.192503E+01   0.125573E+02   0.223027E+01   0.535203E+00
 0.290250E+01   0.193688E+01   0.125519E+02   0.224649E+01   0.539647E+00
 0.293200E+01   0.194835E+01   0.125365E+02   0.226223E+01   0.544070E+00
 0.296150E+01   0.195945E+01   0.125304E+02   0.227751E+01   0.548475E+00
 0.299100E+01   0.197020E+01   0.125201E+02   0.229235E+01   0.552860E+00
 0.302050E+01   0.198060E+01   0.125015E+02   0.230674E+01   0.557226E+00
 0.305000E+01   0.199067E+01   0.124913E+02   0.232071E+01   0.561574E+00
 0.307950E+01   0.200041E+01   0.124854E+02   0.233427E+01   0.565902E+00
 0.310900E+01   0.200984E+01   0.124662E+02   0.234742E+01   0.570213E+00
 0.313850E+01   0.201896E+01   0.124561E+02   0.236017E+01   0.574505E+00
 0.316800E+01   0.202779E+01   0.124436E+02   0.237255E+01   0.578779E+00
 0.319750E+01   0.203634E+01   0.124321E+02   0.238455E+01   0.583036E+00
 0.322700E+01   0.204460E+01   0.124292E+02   0.239620E+01   0.587275E+00
 0.325650E+01   0.205260E+01   0.124095E+02   0.240749E+01   0.591497E+00
 0.328600E+01   0.206034E+01   0.123992E+02   0.241844E+01   0.595703E+00
 0.331550E+01   0.206783E+01   0.123912E+02   0.242906E+01   0.599891E+00
 0.334500E+01   0.207508E+01   0.123767E+02   0.243936E+01   0.604062E+00
 0.337450E+01   0.208209E+01   0.123647E+02   0.244934E+01   0.608217E+00
 0.340400E+01   0.208887E+01   0.123581E+02   0.245902E+01   0.612356E+00
 0.343350E+01   0.209544E+01   0.123440E+02   0.246841E+01   0.616479E+00
 0.346300E+01   0.210179E+01   0.123316E+02   0.247751E+01   0.620586E+00
 0.349250E+01   0.210793E+01   0.123153E+02   0.248633E+01   0.624678E+00
 0.352200E+01   0.211387E+01   0.123114E+02   0.249488E+01   0.628754E+00
 0.355150E+01   0.211962E+01   0.122990E+02   0.250317E+01   0.632814E+00
 0.358100E+01   0.212519E+01   0.122894E+02   0.251121E+01   0.636860E+00
 0.361050E+01   0.213057E+01   0.122751E+02   0.251899E+01   0.640891E+00
 0.364000E+01   0.213578E+01   0.122590E+02   0.252654E+01   0.644907E+00
 0.366950E+01   0.214081E+01   0.122537E+02   0.253385E+01   0.648908E+00
 0.369900E+01   0.214568E+01   0.122384E+02   0.254094E+01   0.652895E+00
 0.372850E+01   0.215040E+01   0.122226E+02   0.254781E+01   0.656868E+00
 0.375800E+01   0.215496E+01   0.122105E+02   0.255446E+01   0.660827E+00
 0.378750E+01   0.215936E+01   0.122036E+02   0.256090E+01   0.664772E+00
 0.381700E+01   0.216363E+01   0.121897E+02   0.256715E+01   0.668703E+00
 0.384650E+01   0.216775E+01   0.121797E+02   0.257320E+01   0.672620E+00
 0.387600E+01   0.217174E+01   0.121683E+02   0.257906E+01   0.676525E+00
 0.390550E+01   0.217560E+01   0.121581E+02   0.258473E+01   0.680416E+00
 0.393500E+01   0.217933E+01   0.121471E+02   0.259022E+01   0.684294E+00
 0.396450E+01   0.218293E+01   0.121373E+02   0.259554E+01   0.688158E+00
 0.399400E+01   0.218642E+01   0.121260E+02   0.260070E+01   0.692011E+00
 0.402350E+01   0.218979E+01   0.121107E+02   0.260568E+01   0.695850E+00
 0.405300E+01   0.219305E+01   0.120970E+02   0.261051E+01   0.699677E+00
 0.408250E+01   0.219620E+01   0.120864E+02   0.261518E+01   0.703491E+00
 0.411200E+01   0.219924E+01   0.120784E+02   0.261970E+01   0.707294E+00
 0.414150E+01   0.220218E+01   0.120652E+02   0.262408E+01   0.711084E+00
 0.417100E+01   0.220502E+01   0.120513E+02   0.262831E+01   0.714862E+00
 0.420050E+01   0.220777E+01   0.120489E+02   0.263241E+01   0.718628E+00
 0.423000E+01   0.221042E+01   0.120293E+02   0.263637E+01   0.722383E+00
 0.425950E+01   0.221298E+01   0.120258E+02   0.264020E+01   0.726126E+00
 0.428900E+01   0.221545E+01   0.120148E+02   0.264390E+01   0.729858E+00
 0.431850E+01   0.221784E+01   0.120007E+02   0.264748E+01   0.733578E+00
 0.434800E+01   0.222015E+01   0.119921E+02   0.265094E+01   0.737287E+00
 0.437750E+01   0.222237E+01   0.119755E+02   0.265428E+01   0.740985E+00
 0.440700E+01   0.222452E+01   0.119676E+02   0.265751E+01   0.744672E+00
 0.443650E+01   0.222659E+01   0.119573E+02   0.266062E+01   0.748347E+00
 0.446600E+01   0.222858E+01   0.119465E+02   0.266364E+01   0.752013E+00
 0.449550E+01   0.223051E+01   0.119393E+02   0.266654E+01   0.755667E+00
 0.452500E+01   0.223237E+01   0.119246E+02   0.266935E+01   0.759311E+00
 0.455450E+01   0.223416E+01   0.119207E+02   0.267205E+01   0.762945E+00
 0.458400E+01   0.223588E+01   0.119041E+02   0.267466E+01   0.766568E+00
 0.461350E+01   0.223754E+01   0.118969E+02   0.267718E+01   0.770181E+00
 0.464300E+01   0.223914E+01   0.118906E+02   0.267960E+01   0.773784E+00
 0.467250E+01   0.224068E+01   0.118721E+02   0.268194E+01   0.777377E+00
 0.470200E+01   0.224216E+01   0.118689E+02   0.268419E+01   0.780960E+00
 0.473150E+01   0.224358E+01   0.118523E+02   0.268636E+01   0.784533E+00
 0.476100E+01   0.224495E+01   0.118425E+02   0.268844E+01   0.788097E+00
 0.479050E+01   0.224627E+01   0.118373E+02   0.269045E+01   0.791650E+00
 0.482000E+01   0.224753E+01   0.118223E+02   0.269238E+01   0.795195E+00
 0.484950E+01   0.224875E+01   0.118191E+02   0.269423E+01   0.798729E+00
 0.487900E+01   0.224991E+01   0.118091E+02   0.269601E+01   0.802255E+00
 0.490850E+01   0.225103E+01   0.117959E+02   0.269772E+01   0.805771E+00
 0.493800E+01   0.225210E+01   0.117846E+02   0.269936E+01   0.809278E+00
 0.496750E+01   0.225312E+01   0.117818E+02   0.270093E+01   0.812776E+00
 0.499700E+01   0.225411E+01   0.117716E+02   0.270243E+01   0.816265E+00
 0.502650E+01   0.225504E+01   0.117601E+02   0.270387E+01   0.819745E+00
 0.505600E+01   0.225594E+01   0.117472E+02   0.270525E+01   0.823216E+00
 0.508550E+01   0.225680E+01   0.117371E+02   0.270657E+01   0.826678E+00
 0.511500E+01   0.225762E+01   0.117357E+02   0.270783E+01   0.830132E+00
 0.514450E+01   0.225840E+01   0.117200E+02   0.270903E+01   0.833577E+00
 0.517400E+01   0.225914E+01   0.117129E+02   0.271017E+01   0.837014E+00
 0.520350E+01   0.225985E+01   0.117006E+02   0.271126E+01   0.840442E+00
 0.523300E+01   0.226052E+01   0.116957E+02   0.271230E+01   0.843862E+00
 0.526250E+01   0.226116E+01   0.116888E+02   0.271328E+01   0.847273E+00
 0.529200E+01   0.226176E+01   0.116718E+02   0.271422E+01   0.850676E+00
 0.532150E+01   0.226233E+01   0.116648E+02   0.271510E+01   0.854072E+00
 0.535100E+01   0.226287E+01   0.116545E+02   0.271594E+01   0.857459E+00
 0.538050E+01   0.226338E+01   0.116478E+02   0.271673E+01   0.860838E+00
 0.541000E+01   0.226386E+01   0.116420E+02   0.271747E+01   0.864209E+00
 0.543950E+01   0.226431E+01   0.116303E+02   0.271817E+01   0.867572E+00
 0.546900E+01   0.226473E+01   0.116223E+02   0.271882E+01   0.870928E+00
 0.549850E+01   0.226513E+01   0.116172E+02   0.271944E+01   0.874276E+00
 0.552800E+01   0.226550E+01   0.116082E+02   0.272001E+01   0.877616E+00
 0.555750E+01   0.226584E+01   0.116027E+02   0.272054E+01   0.880948E+00
 0.558700E+01   0.226615E+01   0.115885E+02   0.272103E+01   0.884273E+00
 0.561650E+01   0.226645E+01   0.115814E+02   0.272148E+01   0.887591E+00
 0.564600E+01   0.226671E+01   0.115733E+02   0.272190E+01   0.890901E+00
 0.567550E+01   0.226696E+01   0.115671E+02   0.272228E+01   0.894204E+00
 0.570500E+01   0.226718E+01   0.115523E+02   0.272262E+01   0.897499E+00
 0.573450E+01   0.226738E+01   0.115504E+02   0.272293E+01   0.900788E+00
 0.576400E+01   0.226755E+01   0.115404E+02   0.272321E+01   0.904069E+00
 0.579350E+01   0.226771E+01   0.115277E+02   0.272345E+01   0.907343E+00
 0.582300E+01   0.226784E+01   0.115259E+02   0.272366E+01   0.910610E+00
 0.585250E+01   0.226796E+01   0.115144E+02   0.272384E+01   0.913870E+00
 0.588200E+01   0.226805E+01   0.115076E+02   0.272399E+01   0.917123E+00
 0.591150E+01   0.226813E+01   0.115015E+02   0.272411E+01   0.920369E+00
 0.594100E+01   0.226818E+01   0.114873E+02   0.272420E+01   0.923609E+00
 0.597050E+01   0.226822E+01   0.114804E+02   0.272426E+01   0.926841E+00
