 0.100000E+00   0.327197E+00   0.170940E+03   0.329532E+00   0.209161E-01
 0.129500E+00   0.293492E+00   0.176821E+03   0.295553E+00   0.270697E-01
 0.159000E+00   0.251149E+00   0.181454E+03   0.252851E+00   0.332166E-01
 0.188500E+00   0.180407E+00   0.162715E+03   0.181504E+00   0.393570E-01
 0.218000E+00   0.129284E+00   0.141723E+03   0.129950E+00   0.454912E-01
 0.247500E+00   0.999724E-01   0.114862E+03   0.100392E+00   0.516192E-01
 0.277000E+00   0.906302E-01   0.988489E+02   0.909691E-01   0.577413E-01
 0.306500E+00   0.882895E-01   0.824596E+02   0.886068E-01   0.638576E-01
 0.336000E+00   0.881661E-01   0.743063E+02   0.884849E-01   0.701929E-01
 0.365500E+00   0.906170E-01   0.542188E+02   0.909755E-01   0.763201E-01
 0.395000E+00   0.959288E-01   0.429859E+02   0.963659E-01   0.824396E-01
 0.424500E+00   0.103015E+00   0.404008E+02   0.103562E+00   0.885511E-01
 0.454000E+00   0.111353E+00   0.380009E+02   0.112038E+00   0.946543E-01
 0.483500E+00   0.120711E+00   0.308988E+02   0.121563E+00   0.100749E+00
 0.513000E+00   0.130931E+00   0.264519E+02   0.131981E+00   0.106835E+00
 0.542500E+00   0.141924E+00   0.234476E+02   0.143204E+00   0.112912E+00
 0.572000E+00   0.153639E+00   0.213018E+02   0.155183E+00   0.118979E+00
 0.601500E+00   0.166050E+00   0.197138E+02   0.167897E+00   0.125037E+00
 0.631000E+00   0.179128E+00   0.184983E+02   0.181318E+00   0.131085E+00
 0.660500E+00   0.192600E+00   0.175539E+02   0.195172E+00   0.137122E+00
 0.690000E+00   0.206578E+00   0.168058E+02   0.209572E+00   0.143149E+00
 0.719500E+00   0.221137E+00   0.161937E+02   0.224603E+00   0.149166E+00
 0.749000E+00   0.236323E+00   0.156863E+02   0.240313E+00   0.155171E+00
 0.778500E+00   0.252170E+00   0.152645E+02   0.256744E+00   0.161164E+00
 0.808000E+00   0.268707E+00   0.149001E+02   0.273930E+00   0.167146E+00
 0.837500E+00   0.285958E+00   0.145959E+02   0.291900E+00   0.173115E+00
 0.867000E+00   0.303943E+00   0.143264E+02   0.310681E+00   0.179072E+00
 0.896500E+00   0.322674E+00   0.141033E+02   0.330292E+00   0.185015E+00
 0.926000E+00   0.342161E+00   0.139099E+02   0.350749E+00   0.190945E+00
 0.955500E+00   0.362409E+00   0.137403E+02   0.372063E+00   0.196860E+00
 0.985000E+00   0.383417E+00   0.135940E+02   0.394241E+00   0.202761E+00
 0.101450E+01   0.405181E+00   0.134603E+02   0.417286E+00   0.208647E+00
 0.104400E+01   0.427692E+00   0.133537E+02   0.441196E+00   0.214517E+00
 0.107350E+01   0.450938E+00   0.132639E+02   0.465965E+00   0.220371E+00
 0.110300E+01   0.474902E+00   0.131774E+02   0.491583E+00   0.226208E+00
 0.113250E+01   0.499564E+00   0.131067E+02   0.518037E+00   0.232029E+00
 0.116200E+01   0.524902E+00   0.130506E+02   0.545310E+00   0.237831E+00
 0.119150E+01   0.550888E+00   0.129930E+02   0.573381E+00   0.243616E+00
 0.122100E+01   0.577492E+00   0.129474E+02   0.602226E+00   0.249383E+00
 0.125050E+01   0.604684E+00   0.129185E+02   0.631818E+00   0.255131E+00
 0.128000E+01   0.632427E+00   0.128804E+02   0.662127E+00   0.260859E+00
 0.130950E+01   0.660684E+00   0.128624E+02   0.693120E+00   0.266567E+00
 0.133900E+01   0.689416E+00   0.128394E+02   0.724760E+00   0.272255E+00
 0.136850E+01   0.718581E+00   0.128208E+02   0.757008E+00   0.277923E+00
 0.139800E+01   0.748135E+00   0.128091E+02   0.789824E+00   0.283569E+00
 0.142750E+01   0.778034E+00   0.127971E+02   0.823163E+00   0.289194E+00
 0.145700E+01   0.808231E+00   0.127865E+02   0.856979E+00   0.294798E+00
 0.148650E+01   0.838678E+00   0.127831E+02   0.891225E+00   0.300378E+00
 0.151600E+01   0.869326E+00   0.127781E+02   0.925850E+00   0.305937E+00
 0.154550E+01   0.900127E+00   0.127756E+02   0.960803E+00   0.311472E+00
 0.157500E+01   0.931030E+00   0.127722E+02   0.996031E+00   0.316984E+00
 0.160450E+01   0.961985E+00   0.127707E+02   0.103148E+01   0.322473E+00
 0.163400E+01   0.992944E+00   0.127705E+02   0.106710E+01   0.327937E+00
 0.166350E+01   0.102386E+01   0.127692E+02   0.110283E+01   0.333378E+00
 0.169300E+01   0.105468E+01   0.127753E+02   0.113862E+01   0.338794E+00
 0.172250E+01   0.108536E+01   0.127755E+02   0.117441E+01   0.344186E+00
 0.175200E+01   0.111585E+01   0.127763E+02   0.121016E+01   0.349553E+00
 0.178150E+01   0.114612E+01   0.127798E+02   0.124580E+01   0.354895E+00
 0.181100E+01   0.117612E+01   0.127729E+02   0.128129E+01   0.360211E+00
 0.184050E+01   0.120580E+01   0.127820E+02   0.131658E+01   0.365503E+00
 0.187000E+01   0.123514E+01   0.127800E+02   0.135163E+01   0.370769E+00
 0.189950E+01   0.126410E+01   0.127835E+02   0.138638E+01   0.376010E+00
 0.192900E+01   0.129265E+01   0.127767E+02   0.142080E+01   0.381225E+00
 0.195850E+01   0.132076E+01   0.127804E+02   0.145485E+01   0.386415E+00
 0.198800E+01   0.134841E+01   0.127838E+02   0.148849E+01   0.391580E+00
 0.201750E+01   0.137556E+01   0.127819E+02   0.152169E+01   0.396719E+00
 0.204700E+01   0.140221E+01   0.127797E+02   0.155441E+01   0.401832E+00
 0.207650E+01   0.142833E+01   0.127817E+02   0.158664E+01   0.406920E+00
 0.210600E+01   0.145391E+01   0.127781E+02   0.161834E+01   0.411983E+00
 0.213550E+01   0.147894E+01   0.127754E+02   0.164949E+01   0.417020E+00
 0.216500E+01   0.150341E+01   0.127725E+02   0.168008E+01   0.422032E+00
 0.219450E+01   0.152731E+01   0.127644E+02   0.171009E+01   0.427019E+00
 0.222400E+01   0.155064E+01   0.127688E+02   0.173951E+01   0.431981E+00
 0.225350E+01   0.157339E+01   0.127570E+02   0.176832E+01   0.436919E+00
 0.228300E+01   0.159556E+01   0.127589E+02   0.179652E+01   0.441832E+00
 0.231250E+01   0.161716E+01   0.127485E+02   0.182410E+01   0.446720E+00
 0.234200E+01   0.163819E+01   0.127421E+02   0.185106E+01   0.451584E+00
 0.237150E+01   0.165864E+01   0.127330E+02   0.187739E+01   0.456424E+00
 0.240100E+01   0.167853E+01   0.127356E+02   0.190310E+01   0.461240E+00
 0.243050E+01   0.169787E+01   0.127257E+02   0.192819E+01   0.466032E+00
 0.246000E+01   0.171665E+01   0.127211E+02   0.195266E+01   0.470801E+00
 0.248950E+01   0.173490E+01   0.127085E+02   0.197651E+01   0.475546E+00
 0.251900E+01   0.175261E+01   0.126979E+02   0.199975E+01   0.480269E+00
 0.254850E+01   0.176980E+01   0.126953E+02   0.202238E+01   0.484968E+00
 0.257800E+01   0.178647E+01   0.126833E+02   0.204442E+01   0.489645E+00
 0.260750E+01   0.180265E+01   0.126711E+02   0.206587E+01   0.494300E+00
 0.263700E+01   0.181833E+01   0.126686E+02   0.208674E+01   0.498932E+00
 0.266650E+01   0.183353E+01   0.126614E+02   0.210705E+01   0.503543E+00
 0.269600E+01   0.184827E+01   0.126445E+02   0.212679E+01   0.508132E+00
 0.272550E+01   0.186255E+01   0.126391E+02   0.214599E+01   0.512700E+00
 0.275500E+01   0.187638E+01   0.126324E+02   0.216464E+01   0.517246E+00
 0.278450E+01   0.188978E+01   0.126198E+02   0.218277E+01   0.521772E+00
 0.281400E+01   0.190276E+01   0.126120E+02   0.220039E+01   0.526276E+00
 0.284350E+01   0.191533E+01   0.125944E+02   0.221749E+01   0.530761E+00
 0.287300E+01   0.192750E+01   0.125857E+02   0.223411E+01   0.535225E+00
 0.290250E+01   0.193929E+01   0.125730E+02   0.225025E+01   0.539669E+00
 0.293200E+01   0.195070E+01   0.125617E+02   0.226592E+01   0.544093E+00
 0.296150E+01   0.196174E+01   0.125562E+02   0.228113E+01   0.548498E+00
 0.299100E+01   0.197244E+01   0.125400E+02   0.229589E+01   0.552884E+00
 0.302050E+01   0.198279E+01   0.125331E+02   0.231022E+01   0.557251E+00
 0.305000E+01   0.199280E+01   0.125155E+02   0.232412E+01   0.561599E+00
 0.307950E+01   0.200250E+01   0.125075E+02   0.233762E+01   0.565928E+00
 0.310900E+01   0.201188E+01   0.124923E+02   0.235071E+01   0.570239E+00
 0.313850E+01   0.202096E+01   0.124831E+02   0.236341E+01   0.574532E+00
 0.316800E+01   0.202975E+01   0.124717E+02   0.237573E+01   0.578807E+00
 0.319750E+01   0.203825E+01   0.124601E+02   0.238768E+01   0.583064E+00
 0.322700E+01   0.204648E+01   0.124462E+02   0.239928E+01   0.587304E+00
 0.325650E+01   0.205444E+01   0.124324E+02   0.241052E+01   0.591526E+00
 0.328600E+01   0.206215E+01   0.124295E+02   0.242143E+01   0.595732E+00
 0.331550E+01   0.206960E+01   0.124085E+02   0.243200E+01   0.599920E+00
 0.334500E+01   0.207682E+01   0.124021E+02   0.244226E+01   0.604092E+00
 0.337450E+01   0.208380E+01   0.123894E+02   0.245220E+01   0.608248E+00
 0.340400E+01   0.209055E+01   0.123747E+02   0.246184E+01   0.612387E+00
 0.343350E+01   0.209708E+01   0.123633E+02   0.247119E+01   0.616511E+00
 0.346300E+01   0.210341E+01   0.123564E+02   0.248026E+01   0.620618E+00
 0.349250E+01   0.210952E+01   0.123451E+02   0.248904E+01   0.624710E+00
 0.352200E+01   0.211544E+01   0.123262E+02   0.249756E+01   0.628787E+00
 0.355150E+01   0.212117E+01   0.123177E+02   0.250581E+01   0.632848E+00
 0.358100E+01   0.212670E+01   0.123011E+02   0.251381E+01   0.636894E+00
 0.361050E+01   0.213206E+01   0.122976E+02   0.252157E+01   0.640925E+00
 0.364000E+01   0.213725E+01   0.122807E+02   0.252909E+01   0.644941E+00
 0.366950E+01   0.214226E+01   0.122655E+02   0.253637E+01   0.648943E+00
 0.369900E+01   0.214711E+01   0.122565E+02   0.254343E+01   0.652931E+00
 0.372850E+01   0.215181E+01   0.122436E+02   0.255027E+01   0.656904E+00
 0.375800E+01   0.215634E+01   0.122355E+02   0.255689E+01   0.660863E+00
 0.378750E+01   0.216073E+01   0.122263E+02   0.256331E+01   0.664809E+00
 0.381700E+01   0.216498E+01   0.122092E+02   0.256953E+01   0.668740E+00
 0.384650E+01   0.216909E+01   0.122001E+02   0.257556E+01   0.672658E+00
 0.387600E+01   0.217306E+01   0.121854E+02   0.258139E+01   0.676563E+00
 0.390550E+01   0.217690E+01   0.121787E+02   0.258704E+01   0.680454E+00
 0.393500E+01   0.218061E+01   0.121636E+02   0.259251E+01   0.684333E+00
 0.396450E+01   0.218420E+01   0.121546E+02   0.259781E+01   0.688198E+00
 0.399400E+01   0.218767E+01   0.121449E+02   0.260294E+01   0.692050E+00
 0.402350E+01   0.219103E+01   0.121291E+02   0.260791E+01   0.695890E+00
 0.405300E+01   0.219427E+01   0.121179E+02   0.261271E+01   0.699718E+00
 0.408250E+01   0.219740E+01   0.121045E+02   0.261737E+01   0.703533E+00
 0.411200E+01   0.220043E+01   0.120966E+02   0.262187E+01   0.707335E+00
 0.414150E+01   0.220336E+01   0.120819E+02   0.262623E+01   0.711126E+00
 0.417100E+01   0.220619E+01   0.120777E+02   0.263044E+01   0.714904E+00
 0.420050E+01   0.220892E+01   0.120584E+02   0.263452E+01   0.718671E+00
 0.423000E+01   0.221156E+01   0.120499E+02   0.263846E+01   0.722426E+00
 0.425950E+01   0.221411E+01   0.120404E+02   0.264227E+01   0.726169E+00
 0.428900E+01   0.221657E+01   0.120303E+02   0.264596E+01   0.729901E+00
 0.431850E+01   0.221894E+01   0.120188E+02   0.264952E+01   0.733622E+00
 0.434800E+01   0.222124E+01   0.120114E+02   0.265296E+01   0.737331E+00
 0.437750E+01   0.222345E+01   0.119977E+02   0.265629E+01   0.741030E+00
 0.440700E+01   0.222559E+01   0.119816E+02   0.265950E+01   0.744717E+00
 0.443650E+01   0.222765E+01   0.119784E+02   0.266260E+01   0.748393E+00
 0.446600E+01   0.222963E+01   0.119614E+02   0.266560E+01   0.752059E+00
 0.449550E+01   0.223155E+01   0.119584E+02   0.266849E+01   0.755714E+00
 0.452500E+01   0.223340E+01   0.119438E+02   0.267128E+01   0.759358E+00
 0.455450E+01   0.223518E+01   0.119359E+02   0.267397E+01   0.762992E+00
 0.458400E+01   0.223689E+01   0.119223E+02   0.267657E+01   0.766615E+00
 0.461350E+01   0.223854E+01   0.119167E+02   0.267907E+01   0.770229E+00
 0.464300E+01   0.224013E+01   0.119037E+02   0.268149E+01   0.773832E+00
 0.467250E+01   0.224166E+01   0.118891E+02   0.268381E+01   0.777425E+00
 0.470200E+01   0.224313E+01   0.118820E+02   0.268605E+01   0.781009E+00
 0.473150E+01   0.224455E+01   0.118773E+02   0.268820E+01   0.784582E+00
 0.476100E+01   0.224591E+01   0.118648E+02   0.269028E+01   0.788146E+00
 0.479050E+01   0.224722E+01   0.118527E+02   0.269227E+01   0.791700E+00
 0.482000E+01   0.224848E+01   0.118441E+02   0.269419E+01   0.795244E+00
 0.484950E+01   0.224968E+01   0.118325E+02   0.269603E+01   0.798779E+00
 0.487900E+01   0.225084E+01   0.118255E+02   0.269780E+01   0.802305E+00
 0.490850E+01   0.225195E+01   0.118090E+02   0.269950E+01   0.805822E+00
 0.493800E+01   0.225301E+01   0.118083E+02   0.270112E+01   0.809329E+00
 0.496750E+01   0.225403E+01   0.117913E+02   0.270268E+01   0.812827E+00
 0.499700E+01   0.225500E+01   0.117858E+02   0.270418E+01   0.816316E+00
 0.502650E+01   0.225594E+01   0.117723E+02   0.270561E+01   0.819797E+00
 0.505600E+01   0.225683E+01   0.117694E+02   0.270698E+01   0.823268E+00
 0.508550E+01   0.225768E+01   0.117538E+02   0.270829E+01   0.826731E+00
 0.511500E+01   0.225849E+01   0.117436E+02   0.270954E+01   0.830185E+00
 0.514450E+01   0.225926E+01   0.117362E+02   0.271073E+01   0.833630E+00
 0.517400E+01   0.226000E+01   0.117271E+02   0.271186E+01   0.837067E+00
 0.520350E+01   0.226070E+01   0.117187E+02   0.271294E+01   0.840496E+00
 0.523300E+01   0.226137E+01   0.117142E+02   0.271397E+01   0.843916E+00
 0.526250E+01   0.226200E+01   0.117035E+02   0.271495E+01   0.847327E+00
 0.529200E+01   0.226260E+01   0.116937E+02   0.271587E+01   0.850731E+00
 0.532150E+01   0.226316E+01   0.116844E+02   0.271675E+01   0.854126E+00
 0.535100E+01   0.226370E+01   0.116783E+02   0.271758E+01   0.857514E+00
 0.538050E+01   0.226420E+01   0.116600E+02   0.271836E+01   0.860893E+00
 0.541000E+01   0.226468E+01   0.116519E+02   0.271909E+01   0.864265E+00
 0.543950E+01   0.226512E+01   0.116446E+02   0.271978E+01   0.867628E+00
 0.546900E+01   0.226554E+01   0.116368E+02   0.272043E+01   0.870984E+00
 0.549850E+01   0.226593E+01   0.116314E+02   0.272103E+01   0.874332E+00
 0.552800E+01   0.226629E+01   0.116170E+02   0.272160E+01   0.877672E+00
 0.555750E+01   0.226663E+01   0.116133E+02   0.272212E+01   0.881005E+00
 0.558700E+01   0.226694E+01   0.116054E+02   0.272261E+01   0.884330E+00
 0.561650E+01   0.226723E+01   0.115988E+02   0.272305E+01   0.887648E+00
 0.564600E+01   0.226749E+01   0.115834E+02   0.272346E+01   0.890959E+00
 0.567550E+01   0.226773E+01   0.115747E+02   0.272383E+01   0.894262E+00
 0.570500E+01   0.226794E+01   0.115727E+02   0.272417E+01   0.897557E+00
 0.573450E+01   0.226814E+01   0.115617E+02   0.272447E+01   0.900846E+00
 0.576400E+01   0.226831E+01   0.115508E+02   0.272474E+01   0.904127E+00
 0.579350E+01   0.226846E+01   0.115485E+02   0.272498E+01   0.907402E+00
 0.582300E+01   0.226859E+01   0.115352E+02   0.272518E+01   0.910669E+00
 0.585250E+01   0.226870E+01   0.115295E+02   0.272536E+01   0.913929E+00
 0.588200E+01   0.226879E+01   0.115204E+02   0.272550E+01   0.917183E+00
 0.591150E+01   0.226887E+01   0.115139E+02   0.272561E+01   0.920429E+00
 0.594100E+01   0.226892E+01   0.115100E+02   0.272569E+01   0.923669E+00
 0.597050E+01   0.226895E+01   0.114935E+02   0.272575E+01   0.926902E+00
