 0.100000E+00   0.327197E+00   0.170940E+03   0.329532E+00   0.209161E-01
 0.129500E+00   0.293492E+00   0.176821E+03   0.295553E+00   0.270697E-01
 0.159000E+00   0.251149E+00   0.181454E+03   0.252851E+00   0.332166E-01
 0.188500E+00   0.180890E+00   0.163167E+03   0.181991E+00   0.393570E-01
 0.218000E+00   0.128948E+00   0.141209E+03   0.129612E+00   0.454912E-01
 0.247500E+00   0.100204E+00   0.115560E+03   0.100625E+00   0.516192E-01
 0.277000E+00   0.905820E-01   0.985248E+02   0.909204E-01   0.577413E-01
 0.306500E+00   0.882860E-01   0.823322E+02   0.886032E-01   0.638576E-01
 0.336000E+00   0.881657E-01   0.737597E+02   0.884846E-01   0.701945E-01
 0.365500E+00   0.907133E-01   0.538147E+02   0.910731E-01   0.763218E-01
 0.395000E+00   0.961252E-01   0.426416E+02   0.965653E-01   0.824412E-01
 0.424500E+00   0.103317E+00   0.402201E+02   0.103869E+00   0.885527E-01
 0.454000E+00   0.111764E+00   0.376445E+02   0.112456E+00   0.946558E-01
 0.483500E+00   0.121230E+00   0.306510E+02   0.122092E+00   0.100750E+00
 0.513000E+00   0.131556E+00   0.262781E+02   0.132619E+00   0.106836E+00
 0.542500E+00   0.142649E+00   0.233213E+02   0.143945E+00   0.112913E+00
 0.572000E+00   0.154457E+00   0.212116E+02   0.156021E+00   0.118980E+00
 0.601500E+00   0.166952E+00   0.196457E+02   0.168823E+00   0.125037E+00
 0.631000E+00   0.180104E+00   0.184460E+02   0.182322E+00   0.131085E+00
 0.660500E+00   0.193638E+00   0.175171E+02   0.196241E+00   0.137122E+00
 0.690000E+00   0.207665E+00   0.167793E+02   0.210694E+00   0.143149E+00
 0.719500E+00   0.222260E+00   0.161783E+02   0.225764E+00   0.149164E+00
 0.749000E+00   0.237470E+00   0.156778E+02   0.241502E+00   0.155169E+00
 0.778500E+00   0.253329E+00   0.152569E+02   0.257948E+00   0.161162E+00
 0.808000E+00   0.269868E+00   0.148970E+02   0.275139E+00   0.167143E+00
 0.837500E+00   0.287112E+00   0.145909E+02   0.293104E+00   0.173112E+00
 0.867000E+00   0.305079E+00   0.143332E+02   0.311869E+00   0.179068E+00
 0.896500E+00   0.323784E+00   0.141083E+02   0.331456E+00   0.185011E+00
 0.926000E+00   0.343239E+00   0.139147E+02   0.351881E+00   0.190941E+00
 0.955500E+00   0.363448E+00   0.137481E+02   0.373157E+00   0.196856E+00
 0.985000E+00   0.384412E+00   0.136027E+02   0.395292E+00   0.202756E+00
 0.101450E+01   0.406128E+00   0.134755E+02   0.418290E+00   0.208641E+00
 0.104400E+01   0.428589E+00   0.133631E+02   0.442149E+00   0.214511E+00
 0.107350E+01   0.451783E+00   0.132695E+02   0.466865E+00   0.220365E+00
 0.110300E+01   0.475695E+00   0.131843E+02   0.492429E+00   0.226202E+00
 0.113250E+01   0.500305E+00   0.131165E+02   0.518829E+00   0.232022E+00
 0.116200E+01   0.525591E+00   0.130605E+02   0.546049E+00   0.237825E+00
 0.119150E+01   0.551528E+00   0.130070E+02   0.574069E+00   0.243610E+00
 0.122100E+01   0.578086E+00   0.129603E+02   0.602865E+00   0.249376E+00
 0.125050E+01   0.605233E+00   0.129217E+02   0.632411E+00   0.255123E+00
 0.128000E+01   0.632936E+00   0.128867E+02   0.662677E+00   0.260851E+00
 0.130950E+01   0.661156E+00   0.128614E+02   0.693630E+00   0.266560E+00
 0.133900E+01   0.689855E+00   0.128444E+02   0.725234E+00   0.272248E+00
 0.136850E+01   0.718990E+00   0.128241E+02   0.757451E+00   0.277915E+00
 0.139800E+01   0.748519E+00   0.128158E+02   0.790239E+00   0.283561E+00
 0.142750E+01   0.778396E+00   0.128002E+02   0.823554E+00   0.289186E+00
 0.145700E+01   0.808574E+00   0.127870E+02   0.857350E+00   0.294789E+00
 0.148650E+01   0.839005E+00   0.127821E+02   0.891579E+00   0.300370E+00
 0.151600E+01   0.869641E+00   0.127832E+02   0.926190E+00   0.305928E+00
 0.154550E+01   0.900432E+00   0.127811E+02   0.961133E+00   0.311463E+00
 0.157500E+01   0.931327E+00   0.127712E+02   0.996353E+00   0.316975E+00
 0.160450E+01   0.962277E+00   0.127694E+02   0.103180E+01   0.322463E+00
 0.163400E+01   0.993233E+00   0.127705E+02   0.106741E+01   0.327928E+00
 0.166350E+01   0.102414E+01   0.127743E+02   0.110314E+01   0.333368E+00
 0.169300E+01   0.105496E+01   0.127787E+02   0.113893E+01   0.338784E+00
 0.172250E+01   0.108564E+01   0.127802E+02   0.117472E+01   0.344176E+00
 0.175200E+01   0.111614E+01   0.127767E+02   0.121046E+01   0.349542E+00
 0.178150E+01   0.114640E+01   0.127794E+02   0.124611E+01   0.354884E+00
 0.181100E+01   0.117640E+01   0.127799E+02   0.128160E+01   0.360201E+00
 0.184050E+01   0.120609E+01   0.127859E+02   0.131690E+01   0.365492E+00
 0.187000E+01   0.123543E+01   0.127825E+02   0.135194E+01   0.370758E+00
 0.189950E+01   0.126439E+01   0.127843E+02   0.138670E+01   0.375999E+00
 0.192900E+01   0.129294E+01   0.127872E+02   0.142112E+01   0.381214E+00
 0.195850E+01   0.132105E+01   0.127855E+02   0.145517E+01   0.386403E+00
 0.198800E+01   0.134870E+01   0.127837E+02   0.148881E+01   0.391567E+00
 0.201750E+01   0.137585E+01   0.127888E+02   0.152201E+01   0.396706E+00
 0.204700E+01   0.140250E+01   0.127826E+02   0.155473E+01   0.401819E+00
 0.207650E+01   0.142862E+01   0.127814E+02   0.158695E+01   0.406907E+00
 0.210600E+01   0.145420E+01   0.127828E+02   0.161865E+01   0.411969E+00
 0.213550E+01   0.147922E+01   0.127732E+02   0.164980E+01   0.417006E+00
 0.216500E+01   0.150369E+01   0.127776E+02   0.168039E+01   0.422018E+00
 0.219450E+01   0.152758E+01   0.127717E+02   0.171040E+01   0.427005E+00
 0.222400E+01   0.155091E+01   0.127672E+02   0.173981E+01   0.431967E+00
 0.225350E+01   0.157365E+01   0.127662E+02   0.176862E+01   0.436904E+00
 0.228300E+01   0.159582E+01   0.127568E+02   0.179681E+01   0.441817E+00
 0.231250E+01   0.161742E+01   0.127566E+02   0.182438E+01   0.446705E+00
 0.234200E+01   0.163844E+01   0.127505E+02   0.185134E+01   0.451568E+00
 0.237150E+01   0.165889E+01   0.127412E+02   0.187767E+01   0.456408E+00
 0.240100E+01   0.167878E+01   0.127291E+02   0.190337E+01   0.461224E+00
 0.243050E+01   0.169811E+01   0.127301E+02   0.192845E+01   0.466016E+00
 0.246000E+01   0.171689E+01   0.127218E+02   0.195291E+01   0.470784E+00
 0.248950E+01   0.173513E+01   0.127072E+02   0.197675E+01   0.475529E+00
 0.251900E+01   0.175283E+01   0.127032E+02   0.199999E+01   0.480252E+00
 0.254850E+01   0.177002E+01   0.126970E+02   0.202262E+01   0.484951E+00
 0.257800E+01   0.178669E+01   0.126850E+02   0.204465E+01   0.489628E+00
 0.260750E+01   0.180285E+01   0.126813E+02   0.206609E+01   0.494282E+00
 0.263700E+01   0.181853E+01   0.126656E+02   0.208696E+01   0.498914E+00
 0.266650E+01   0.183373E+01   0.126622E+02   0.210726E+01   0.503525E+00
 0.269600E+01   0.184846E+01   0.126524E+02   0.212699E+01   0.508114E+00
 0.272550E+01   0.186274E+01   0.126436E+02   0.214618E+01   0.512681E+00
 0.275500E+01   0.187657E+01   0.126299E+02   0.216483E+01   0.517227E+00
 0.278450E+01   0.188996E+01   0.126234E+02   0.218296E+01   0.521752E+00
 0.281400E+01   0.190294E+01   0.126133E+02   0.220056E+01   0.526257E+00
 0.284350E+01   0.191550E+01   0.125965E+02   0.221767E+01   0.530741E+00
 0.287300E+01   0.192767E+01   0.125873E+02   0.223428E+01   0.535205E+00
 0.290250E+01   0.193945E+01   0.125762E+02   0.225041E+01   0.539649E+00
 0.293200E+01   0.195086E+01   0.125635E+02   0.226607E+01   0.544073E+00
 0.296150E+01   0.196190E+01   0.125550E+02   0.228128E+01   0.548478E+00
 0.299100E+01   0.197259E+01   0.125476E+02   0.229604E+01   0.552863E+00
 0.302050E+01   0.198294E+01   0.125309E+02   0.231036E+01   0.557230E+00
 0.305000E+01   0.199295E+01   0.125217E+02   0.232426E+01   0.561578E+00
 0.307950E+01   0.200264E+01   0.125042E+02   0.233775E+01   0.565907E+00
 0.310900E+01   0.201202E+01   0.124958E+02   0.235084E+01   0.570217E+00
 0.313850E+01   0.202110E+01   0.124881E+02   0.236353E+01   0.574510E+00
 0.316800E+01   0.202988E+01   0.124714E+02   0.237585E+01   0.578785E+00
 0.319750E+01   0.203838E+01   0.124585E+02   0.238780E+01   0.583042E+00
 0.322700E+01   0.204661E+01   0.124541E+02   0.239939E+01   0.587282E+00
 0.325650E+01   0.205457E+01   0.124386E+02   0.241063E+01   0.591504E+00
 0.328600E+01   0.206227E+01   0.124281E+02   0.242153E+01   0.595709E+00
 0.331550E+01   0.206972E+01   0.124180E+02   0.243210E+01   0.599898E+00
 0.334500E+01   0.207693E+01   0.124019E+02   0.244235E+01   0.604070E+00
 0.337450E+01   0.208391E+01   0.123864E+02   0.245229E+01   0.608225E+00
 0.340400E+01   0.209066E+01   0.123794E+02   0.246193E+01   0.612364E+00
 0.343350E+01   0.209719E+01   0.123671E+02   0.247128E+01   0.616487E+00
 0.346300E+01   0.210351E+01   0.123586E+02   0.248033E+01   0.620595E+00
 0.349250E+01   0.210963E+01   0.123384E+02   0.248912E+01   0.624687E+00
 0.352200E+01   0.211554E+01   0.123327E+02   0.249763E+01   0.628763E+00
 0.355150E+01   0.212127E+01   0.123166E+02   0.250588E+01   0.632824E+00
 0.358100E+01   0.212680E+01   0.123097E+02   0.251388E+01   0.636870E+00
 0.361050E+01   0.213216E+01   0.122923E+02   0.252163E+01   0.640901E+00
 0.364000E+01   0.213734E+01   0.122812E+02   0.252915E+01   0.644917E+00
 0.366950E+01   0.214235E+01   0.122745E+02   0.253643E+01   0.648919E+00
 0.369900E+01   0.214720E+01   0.122578E+02   0.254348E+01   0.652906E+00
 0.372850E+01   0.215189E+01   0.122446E+02   0.255032E+01   0.656879E+00
 0.375800E+01   0.215643E+01   0.122337E+02   0.255694E+01   0.660838E+00
 0.378750E+01   0.216082E+01   0.122279E+02   0.256336E+01   0.664784E+00
 0.381700E+01   0.216506E+01   0.122105E+02   0.256958E+01   0.668715E+00
 0.384650E+01   0.216917E+01   0.122041E+02   0.257560E+01   0.672633E+00
 0.387600E+01   0.217314E+01   0.121897E+02   0.258143E+01   0.676538E+00
 0.390550E+01   0.217698E+01   0.121753E+02   0.258708E+01   0.680429E+00
 0.393500E+01   0.218069E+01   0.121638E+02   0.259255E+01   0.684307E+00
 0.396450E+01   0.218428E+01   0.121552E+02   0.259785E+01   0.688172E+00
 0.399400E+01   0.218775E+01   0.121390E+02   0.260297E+01   0.692025E+00
 0.402350E+01   0.219110E+01   0.121290E+02   0.260794E+01   0.695864E+00
 0.405300E+01   0.219434E+01   0.121184E+02   0.261274E+01   0.699692E+00
 0.408250E+01   0.219748E+01   0.121094E+02   0.261739E+01   0.703506E+00
 0.411200E+01   0.220050E+01   0.120950E+02   0.262189E+01   0.707309E+00
 0.414150E+01   0.220343E+01   0.120909E+02   0.262625E+01   0.711099E+00
 0.417100E+01   0.220626E+01   0.120715E+02   0.263046E+01   0.714878E+00
 0.420050E+01   0.220899E+01   0.120610E+02   0.263454E+01   0.718644E+00
 0.423000E+01   0.221163E+01   0.120513E+02   0.263848E+01   0.722399E+00
 0.425950E+01   0.221417E+01   0.120404E+02   0.264229E+01   0.726143E+00
 0.428900E+01   0.221663E+01   0.120311E+02   0.264597E+01   0.729874E+00
 0.431850E+01   0.221901E+01   0.120162E+02   0.264953E+01   0.733595E+00
 0.434800E+01   0.222130E+01   0.120125E+02   0.265297E+01   0.737304E+00
 0.437750E+01   0.222351E+01   0.119972E+02   0.265630E+01   0.741002E+00
 0.440700E+01   0.222565E+01   0.119844E+02   0.265951E+01   0.744689E+00
 0.443650E+01   0.222771E+01   0.119725E+02   0.266261E+01   0.748366E+00
 0.446600E+01   0.222969E+01   0.119618E+02   0.266561E+01   0.752031E+00
 0.449550E+01   0.223161E+01   0.119579E+02   0.266850E+01   0.755686E+00
 0.452500E+01   0.223345E+01   0.119496E+02   0.267129E+01   0.759330E+00
 0.455450E+01   0.223523E+01   0.119370E+02   0.267398E+01   0.762964E+00
 0.458400E+01   0.223695E+01   0.119220E+02   0.267657E+01   0.766588E+00
 0.461350E+01   0.223860E+01   0.119132E+02   0.267908E+01   0.770201E+00
 0.464300E+01   0.224019E+01   0.119041E+02   0.268149E+01   0.773804E+00
 0.467250E+01   0.224172E+01   0.118976E+02   0.268381E+01   0.777397E+00
 0.470200E+01   0.224319E+01   0.118799E+02   0.268605E+01   0.780980E+00
 0.473150E+01   0.224460E+01   0.118776E+02   0.268820E+01   0.784554E+00
 0.476100E+01   0.224596E+01   0.118616E+02   0.269027E+01   0.788117E+00
 0.479050E+01   0.224727E+01   0.118524E+02   0.269226E+01   0.791671E+00
 0.482000E+01   0.224853E+01   0.118424E+02   0.269418E+01   0.795216E+00
 0.484950E+01   0.224973E+01   0.118354E+02   0.269602E+01   0.798751E+00
 0.487900E+01   0.225089E+01   0.118232E+02   0.269779E+01   0.802276E+00
 0.490850E+01   0.225200E+01   0.118094E+02   0.269949E+01   0.805793E+00
 0.493800E+01   0.225306E+01   0.118028E+02   0.270111E+01   0.809300E+00
 0.496750E+01   0.225408E+01   0.117934E+02   0.270267E+01   0.812798E+00
 0.499700E+01   0.225505E+01   0.117892E+02   0.270417E+01   0.816287E+00
 0.502650E+01   0.225598E+01   0.117764E+02   0.270560E+01   0.819768E+00
 0.505600E+01   0.225688E+01   0.117669E+02   0.270697E+01   0.823239E+00
 0.508550E+01   0.225773E+01   0.117562E+02   0.270827E+01   0.826701E+00
 0.511500E+01   0.225854E+01   0.117463E+02   0.270952E+01   0.830155E+00
 0.514450E+01   0.225931E+01   0.117387E+02   0.271071E+01   0.833601E+00
 0.517400E+01   0.226005E+01   0.117250E+02   0.271185E+01   0.837038E+00
 0.520350E+01   0.226075E+01   0.117175E+02   0.271293E+01   0.840466E+00
 0.523300E+01   0.226141E+01   0.117101E+02   0.271395E+01   0.843886E+00
 0.526250E+01   0.226204E+01   0.117018E+02   0.271493E+01   0.847298E+00
 0.529200E+01   0.226264E+01   0.116956E+02   0.271585E+01   0.850701E+00
 0.532150E+01   0.226321E+01   0.116825E+02   0.271673E+01   0.854096E+00
 0.535100E+01   0.226374E+01   0.116759E+02   0.271755E+01   0.857484E+00
 0.538050E+01   0.226424E+01   0.116680E+02   0.271833E+01   0.860863E+00
 0.541000E+01   0.226472E+01   0.116610E+02   0.271907E+01   0.864234E+00
 0.543950E+01   0.226516E+01   0.116462E+02   0.271976E+01   0.867598E+00
 0.546900E+01   0.226558E+01   0.116355E+02   0.272040E+01   0.870954E+00
 0.549850E+01   0.226597E+01   0.116322E+02   0.272101E+01   0.874302E+00
 0.552800E+01   0.226633E+01   0.116263E+02   0.272157E+01   0.877642E+00
 0.555750E+01   0.226667E+01   0.116117E+02   0.272210E+01   0.880975E+00
 0.558700E+01   0.226698E+01   0.116034E+02   0.272258E+01   0.884300E+00
 0.561650E+01   0.226727E+01   0.115996E+02   0.272302E+01   0.887618E+00
 0.564600E+01   0.226753E+01   0.115930E+02   0.272343E+01   0.890928E+00
 0.567550E+01   0.226777E+01   0.115757E+02   0.272380E+01   0.894231E+00
 0.570500E+01   0.226798E+01   0.115673E+02   0.272414E+01   0.897527E+00
 0.573450E+01   0.226818E+01   0.115611E+02   0.272444E+01   0.900815E+00
 0.576400E+01   0.226835E+01   0.115507E+02   0.272471E+01   0.904096E+00
 0.579350E+01   0.226850E+01   0.115443E+02   0.272495E+01   0.907371E+00
 0.582300E+01   0.226863E+01   0.115377E+02   0.272515E+01   0.910638E+00
 0.585250E+01   0.226874E+01   0.115268E+02   0.272532E+01   0.913898E+00
 0.588200E+01   0.226883E+01   0.115248E+02   0.272547E+01   0.917151E+00
 0.591150E+01   0.226890E+01   0.115130E+02   0.272558E+01   0.920398E+00
 0.594100E+01   0.226895E+01   0.115071E+02   0.272566E+01   0.923637E+00
 0.597050E+01   0.226899E+01   0.114974E+02   0.272572E+01   0.926870E+00
