 0.100000E+00   0.327197E+00   0.170940E+03   0.329532E+00   0.209161E-01
 0.129500E+00   0.293492E+00   0.176821E+03   0.295553E+00   0.270697E-01
 0.159000E+00   0.251322E+00   0.181574E+03   0.253025E+00   0.332166E-01
 0.188500E+00   0.182059E+00   0.164259E+03   0.183170E+00   0.393570E-01
 0.218000E+00   0.129543E+00   0.142120E+03   0.130212E+00   0.454912E-01
 0.247500E+00   0.999214E-01   0.114708E+03   0.100340E+00   0.516192E-01
 0.277000E+00   0.905934E-01   0.986016E+02   0.909319E-01   0.577413E-01
 0.306500E+00   0.882592E-01   0.803380E+02   0.885749E-01   0.638576E-01
 0.336000E+00   0.923455E-01   0.501907E+02   0.927057E-01   0.701134E-01
 0.365500E+00   0.100550E+00   0.405958E+02   0.101014E+00   0.762258E-01
 0.395000E+00   0.110489E+00   0.397453E+02   0.111095E+00   0.823293E-01
 0.424500E+00   0.121506E+00   0.326172E+02   0.122287E+00   0.884236E-01
 0.454000E+00   0.133303E+00   0.274095E+02   0.134293E+00   0.945084E-01
 0.483500E+00   0.145711E+00   0.241225E+02   0.146942E+00   0.100584E+00
 0.513000E+00   0.158631E+00   0.218747E+02   0.160137E+00   0.106649E+00
 0.542500E+00   0.172008E+00   0.202606E+02   0.173825E+00   0.112705E+00
 0.572000E+00   0.185799E+00   0.190410E+02   0.187962E+00   0.118750E+00
 0.601500E+00   0.199578E+00   0.181252E+02   0.202115E+00   0.124785E+00
 0.631000E+00   0.213494E+00   0.174034E+02   0.216435E+00   0.130809E+00
 0.660500E+00   0.227656E+00   0.168076E+02   0.231037E+00   0.136823E+00
 0.690000E+00   0.242129E+00   0.163249E+02   0.245990E+00   0.142827E+00
 0.719500E+00   0.256964E+00   0.159074E+02   0.261347E+00   0.148819E+00
 0.749000E+00   0.272205E+00   0.155502E+02   0.277156E+00   0.154801E+00
 0.778500E+00   0.287891E+00   0.152450E+02   0.293462E+00   0.160771E+00
 0.808000E+00   0.304057E+00   0.149727E+02   0.310305E+00   0.166729E+00
 0.837500E+00   0.320735E+00   0.147325E+02   0.327719E+00   0.172674E+00
 0.867000E+00   0.337954E+00   0.145234E+02   0.345740E+00   0.178608E+00
 0.896500E+00   0.355736E+00   0.143368E+02   0.364395E+00   0.184528E+00
 0.926000E+00   0.374103E+00   0.141776E+02   0.383712E+00   0.190435E+00
 0.955500E+00   0.393071E+00   0.140323E+02   0.403713E+00   0.196328E+00
 0.985000E+00   0.412655E+00   0.139016E+02   0.424417E+00   0.202207E+00
 0.101450E+01   0.432864E+00   0.137815E+02   0.445841E+00   0.208072E+00
 0.104400E+01   0.453705E+00   0.136712E+02   0.467997E+00   0.213922E+00
 0.107350E+01   0.475180E+00   0.135819E+02   0.490895E+00   0.219756E+00
 0.110300E+01   0.497290E+00   0.135003E+02   0.514539E+00   0.225574E+00
 0.113250E+01   0.520029E+00   0.134254E+02   0.538933E+00   0.231376E+00
 0.116200E+01   0.543390E+00   0.133602E+02   0.564074E+00   0.237161E+00
 0.119150E+01   0.567363E+00   0.132925E+02   0.589958E+00   0.242930E+00
 0.122100E+01   0.591933E+00   0.132442E+02   0.616577E+00   0.248680E+00
 0.125050E+01   0.617082E+00   0.132011E+02   0.643918E+00   0.254412E+00
 0.128000E+01   0.642789E+00   0.131538E+02   0.671966E+00   0.260126E+00
 0.130950E+01   0.669030E+00   0.131147E+02   0.700701E+00   0.265821E+00
 0.133900E+01   0.695778E+00   0.130838E+02   0.730100E+00   0.271496E+00
 0.136850E+01   0.723001E+00   0.130624E+02   0.760137E+00   0.277152E+00
 0.139800E+01   0.750667E+00   0.130337E+02   0.790782E+00   0.282787E+00
 0.142750E+01   0.778740E+00   0.130123E+02   0.822001E+00   0.288402E+00
 0.145700E+01   0.807180E+00   0.129954E+02   0.853757E+00   0.293995E+00
 0.148650E+01   0.835946E+00   0.129727E+02   0.886011E+00   0.299567E+00
 0.151600E+01   0.864995E+00   0.129642E+02   0.918719E+00   0.305117E+00
 0.154550E+01   0.894283E+00   0.129512E+02   0.951837E+00   0.310645E+00
 0.157500E+01   0.923763E+00   0.129351E+02   0.985315E+00   0.316151E+00
 0.160450E+01   0.953386E+00   0.129307E+02   0.101911E+01   0.321633E+00
 0.163400E+01   0.983106E+00   0.129138E+02   0.105315E+01   0.327092E+00
 0.166350E+01   0.101287E+01   0.129108E+02   0.108741E+01   0.332528E+00
 0.169300E+01   0.104264E+01   0.129081E+02   0.112182E+01   0.337939E+00
 0.172250E+01   0.107235E+01   0.128973E+02   0.115633E+01   0.343327E+00
 0.175200E+01   0.110197E+01   0.128956E+02   0.119088E+01   0.348690E+00
 0.178150E+01   0.113145E+01   0.128933E+02   0.122543E+01   0.354029E+00
 0.181100E+01   0.116074E+01   0.128863E+02   0.125991E+01   0.359343E+00
 0.184050E+01   0.118979E+01   0.128826E+02   0.129428E+01   0.364633E+00
 0.187000E+01   0.121858E+01   0.128798E+02   0.132848E+01   0.369897E+00
 0.189950E+01   0.124706E+01   0.128686E+02   0.136248E+01   0.375137E+00
 0.192900E+01   0.127519E+01   0.128657E+02   0.139621E+01   0.380351E+00
 0.195850E+01   0.130294E+01   0.128677E+02   0.142965E+01   0.385540E+00
 0.198800E+01   0.133029E+01   0.128608E+02   0.146275E+01   0.390704E+00
 0.201750E+01   0.135720E+01   0.128601E+02   0.149546E+01   0.395842E+00
 0.204700E+01   0.138365E+01   0.128530E+02   0.152777E+01   0.400955E+00
 0.207650E+01   0.140961E+01   0.128449E+02   0.155963E+01   0.406043E+00
 0.210600E+01   0.143508E+01   0.128374E+02   0.159101E+01   0.411106E+00
 0.213550E+01   0.146004E+01   0.128342E+02   0.162190E+01   0.416144E+00
 0.216500E+01   0.148446E+01   0.128260E+02   0.165227E+01   0.421156E+00
 0.219450E+01   0.150835E+01   0.128196E+02   0.168209E+01   0.426144E+00
 0.222400E+01   0.153169E+01   0.128136E+02   0.171136E+01   0.431107E+00
 0.225350E+01   0.155448E+01   0.128126E+02   0.174006E+01   0.436045E+00
 0.228300E+01   0.157671E+01   0.127987E+02   0.176818E+01   0.440959E+00
 0.231250E+01   0.159839E+01   0.127982E+02   0.179570E+01   0.445848E+00
 0.234200E+01   0.161951E+01   0.127906E+02   0.182263E+01   0.450713E+00
 0.237150E+01   0.164007E+01   0.127799E+02   0.184895E+01   0.455554E+00
 0.240100E+01   0.166008E+01   0.127715E+02   0.187467E+01   0.460371E+00
 0.243050E+01   0.167954E+01   0.127683E+02   0.189978E+01   0.465165E+00
 0.246000E+01   0.169847E+01   0.127589E+02   0.192429E+01   0.469935E+00
 0.248950E+01   0.171686E+01   0.127429E+02   0.194820E+01   0.474681E+00
 0.251900E+01   0.173472E+01   0.127383E+02   0.197151E+01   0.479405E+00
 0.254850E+01   0.175206E+01   0.127261E+02   0.199423E+01   0.484106E+00
 0.257800E+01   0.176890E+01   0.127138E+02   0.201636E+01   0.488784E+00
 0.260750E+01   0.178524E+01   0.127080E+02   0.203791E+01   0.493440E+00
 0.263700E+01   0.180109E+01   0.126988E+02   0.205889E+01   0.498074E+00
 0.266650E+01   0.181646E+01   0.126857E+02   0.207931E+01   0.502686E+00
 0.269600E+01   0.183136E+01   0.126787E+02   0.209917E+01   0.507277E+00
 0.272550E+01   0.184581E+01   0.126609E+02   0.211849E+01   0.511846E+00
 0.275500E+01   0.185981E+01   0.126560E+02   0.213727E+01   0.516393E+00
 0.278450E+01   0.187338E+01   0.126444E+02   0.215553E+01   0.520920E+00
 0.281400E+01   0.188653E+01   0.126333E+02   0.217328E+01   0.525426E+00
 0.284350E+01   0.189927E+01   0.126196E+02   0.219053E+01   0.529912E+00
 0.287300E+01   0.191160E+01   0.126127E+02   0.220728E+01   0.534377E+00
 0.290250E+01   0.192355E+01   0.126023E+02   0.222356E+01   0.538823E+00
 0.293200E+01   0.193512E+01   0.125869E+02   0.223936E+01   0.543249E+00
 0.296150E+01   0.194633E+01   0.125700E+02   0.225471E+01   0.547655E+00
 0.299100E+01   0.195718E+01   0.125640E+02   0.226962E+01   0.552042E+00
 0.302050E+01   0.196768E+01   0.125491E+02   0.228408E+01   0.556410E+00
 0.305000E+01   0.197785E+01   0.125420E+02   0.229813E+01   0.560759E+00
 0.307950E+01   0.198770E+01   0.125229E+02   0.231176E+01   0.565089E+00
 0.310900E+01   0.199723E+01   0.125111E+02   0.232499E+01   0.569402E+00
 0.313850E+01   0.200645E+01   0.125044E+02   0.233783E+01   0.573696E+00
 0.316800E+01   0.201538E+01   0.124917E+02   0.235029E+01   0.577972E+00
 0.319750E+01   0.202402E+01   0.124737E+02   0.236238E+01   0.582230E+00
 0.322700E+01   0.203239E+01   0.124644E+02   0.237411E+01   0.586471E+00
 0.325650E+01   0.204048E+01   0.124567E+02   0.238549E+01   0.590695E+00
 0.328600E+01   0.204832E+01   0.124373E+02   0.239653E+01   0.594901E+00
 0.331550E+01   0.205591E+01   0.124300E+02   0.240723E+01   0.599091E+00
 0.334500E+01   0.206325E+01   0.124132E+02   0.241762E+01   0.603264E+00
 0.337450E+01   0.207035E+01   0.124024E+02   0.242769E+01   0.607421E+00
 0.340400E+01   0.207722E+01   0.123898E+02   0.243746E+01   0.611561E+00
 0.343350E+01   0.208388E+01   0.123779E+02   0.244693E+01   0.615686E+00
 0.346300E+01   0.209032E+01   0.123643E+02   0.245612E+01   0.619794E+00
 0.349250E+01   0.209655E+01   0.123576E+02   0.246503E+01   0.623887E+00
 0.352200E+01   0.210258E+01   0.123453E+02   0.247366E+01   0.627965E+00
 0.355150E+01   0.210841E+01   0.123278E+02   0.248204E+01   0.632027E+00
 0.358100E+01   0.211406E+01   0.123212E+02   0.249016E+01   0.636074E+00
 0.361050E+01   0.211952E+01   0.123019E+02   0.249803E+01   0.640106E+00
 0.364000E+01   0.212481E+01   0.122973E+02   0.250566E+01   0.644123E+00
 0.366950E+01   0.212992E+01   0.122833E+02   0.251305E+01   0.648126E+00
 0.369900E+01   0.213487E+01   0.122639E+02   0.252022E+01   0.652115E+00
 0.372850E+01   0.213966E+01   0.122587E+02   0.252717E+01   0.656089E+00
 0.375800E+01   0.214430E+01   0.122393E+02   0.253390E+01   0.660049E+00
 0.378750E+01   0.214878E+01   0.122370E+02   0.254043E+01   0.663995E+00
 0.381700E+01   0.215312E+01   0.122160E+02   0.254675E+01   0.667927E+00
 0.384650E+01   0.215731E+01   0.122100E+02   0.255288E+01   0.671846E+00
 0.387600E+01   0.216137E+01   0.121927E+02   0.255882E+01   0.675752E+00
 0.390550E+01   0.216530E+01   0.121856E+02   0.256457E+01   0.679644E+00
 0.393500E+01   0.216909E+01   0.121684E+02   0.257014E+01   0.683523E+00
 0.396450E+01   0.217277E+01   0.121580E+02   0.257553E+01   0.687389E+00
 0.399400E+01   0.217632E+01   0.121462E+02   0.258076E+01   0.691242E+00
 0.402350E+01   0.217975E+01   0.121394E+02   0.258582E+01   0.695083E+00
 0.405300E+01   0.218307E+01   0.121233E+02   0.259072E+01   0.698911E+00
 0.408250E+01   0.218628E+01   0.121165E+02   0.259547E+01   0.702726E+00
 0.411200E+01   0.218938E+01   0.121051E+02   0.260006E+01   0.706530E+00
 0.414150E+01   0.219238E+01   0.120925E+02   0.260450E+01   0.710321E+00
 0.417100E+01   0.219528E+01   0.120815E+02   0.260881E+01   0.714100E+00
 0.420050E+01   0.219809E+01   0.120734E+02   0.261297E+01   0.717868E+00
 0.423000E+01   0.220079E+01   0.120584E+02   0.261700E+01   0.721623E+00
 0.425950E+01   0.220341E+01   0.120468E+02   0.262089E+01   0.725367E+00
 0.428900E+01   0.220594E+01   0.120400E+02   0.262466E+01   0.729100E+00
 0.431850E+01   0.220838E+01   0.120209E+02   0.262831E+01   0.732821E+00
 0.434800E+01   0.221073E+01   0.120102E+02   0.263183E+01   0.736531E+00
 0.437750E+01   0.221301E+01   0.120044E+02   0.263523E+01   0.740230E+00
 0.440700E+01   0.221521E+01   0.119917E+02   0.263853E+01   0.743917E+00
 0.443650E+01   0.221733E+01   0.119784E+02   0.264171E+01   0.747594E+00
 0.446600E+01   0.221937E+01   0.119670E+02   0.264478E+01   0.751260E+00
 0.449550E+01   0.222135E+01   0.119559E+02   0.264775E+01   0.754916E+00
 0.452500E+01   0.222325E+01   0.119459E+02   0.265061E+01   0.758561E+00
 0.455450E+01   0.222509E+01   0.119407E+02   0.265338E+01   0.762195E+00
 0.458400E+01   0.222686E+01   0.119291E+02   0.265604E+01   0.765819E+00
 0.461350E+01   0.222856E+01   0.119223E+02   0.265862E+01   0.769433E+00
 0.464300E+01   0.223020E+01   0.119089E+02   0.266110E+01   0.773037E+00
 0.467250E+01   0.223179E+01   0.118955E+02   0.266349E+01   0.776631E+00
 0.470200E+01   0.223331E+01   0.118827E+02   0.266580E+01   0.780214E+00
 0.473150E+01   0.223478E+01   0.118722E+02   0.266802E+01   0.783788E+00
 0.476100E+01   0.223619E+01   0.118668E+02   0.267016E+01   0.787352E+00
 0.479050E+01   0.223754E+01   0.118562E+02   0.267222E+01   0.790907E+00
 0.482000E+01   0.223885E+01   0.118426E+02   0.267420E+01   0.794452E+00
 0.484950E+01   0.224010E+01   0.118320E+02   0.267611E+01   0.797987E+00
 0.487900E+01   0.224130E+01   0.118287E+02   0.267794E+01   0.801514E+00
 0.490850E+01   0.224246E+01   0.118187E+02   0.267970E+01   0.805030E+00
 0.493800E+01   0.224357E+01   0.118119E+02   0.268139E+01   0.808538E+00
 0.496750E+01   0.224463E+01   0.117940E+02   0.268301E+01   0.812037E+00
 0.499700E+01   0.224565E+01   0.117830E+02   0.268457E+01   0.815526E+00
 0.502650E+01   0.224662E+01   0.117790E+02   0.268606E+01   0.819007E+00
 0.505600E+01   0.224755E+01   0.117726E+02   0.268748E+01   0.822479E+00
 0.508550E+01   0.224845E+01   0.117576E+02   0.268885E+01   0.825942E+00
 0.511500E+01   0.224930E+01   0.117498E+02   0.269016E+01   0.829396E+00
 0.514450E+01   0.225011E+01   0.117366E+02   0.269140E+01   0.832842E+00
 0.517400E+01   0.225089E+01   0.117341E+02   0.269260E+01   0.836279E+00
 0.520350E+01   0.225163E+01   0.117212E+02   0.269373E+01   0.839708E+00
 0.523300E+01   0.225233E+01   0.117087E+02   0.269481E+01   0.843128E+00
 0.526250E+01   0.225300E+01   0.117044E+02   0.269584E+01   0.846540E+00
 0.529200E+01   0.225364E+01   0.116946E+02   0.269682E+01   0.849944E+00
 0.532150E+01   0.225424E+01   0.116885E+02   0.269775E+01   0.853340E+00
 0.535100E+01   0.225481E+01   0.116716E+02   0.269863E+01   0.856727E+00
 0.538050E+01   0.225535E+01   0.116663E+02   0.269946E+01   0.860107E+00
 0.541000E+01   0.225586E+01   0.116558E+02   0.270024E+01   0.863479E+00
 0.543950E+01   0.225634E+01   0.116498E+02   0.270099E+01   0.866843E+00
 0.546900E+01   0.225679E+01   0.116391E+02   0.270168E+01   0.870199E+00
 0.549850E+01   0.225721E+01   0.116337E+02   0.270234E+01   0.873547E+00
 0.552800E+01   0.225760E+01   0.116282E+02   0.270295E+01   0.876888E+00
 0.555750E+01   0.225797E+01   0.116119E+02   0.270352E+01   0.880221E+00
 0.558700E+01   0.225832E+01   0.116077E+02   0.270405E+01   0.883546E+00
 0.561650E+01   0.225863E+01   0.115937E+02   0.270454E+01   0.886864E+00
 0.564600E+01   0.225893E+01   0.115920E+02   0.270500E+01   0.890175E+00
 0.567550E+01   0.225920E+01   0.115768E+02   0.270542E+01   0.893478E+00
 0.570500E+01   0.225944E+01   0.115727E+02   0.270580E+01   0.896774E+00
 0.573450E+01   0.225967E+01   0.115667E+02   0.270615E+01   0.900063E+00
 0.576400E+01   0.225987E+01   0.115587E+02   0.270646E+01   0.903344E+00
 0.579350E+01   0.226005E+01   0.115497E+02   0.270674E+01   0.906619E+00
 0.582300E+01   0.226021E+01   0.115347E+02   0.270699E+01   0.909886E+00
 0.585250E+01   0.226034E+01   0.115272E+02   0.270720E+01   0.913147E+00
 0.588200E+01   0.226046E+01   0.115274E+02   0.270739E+01   0.916400E+00
 0.591150E+01   0.226056E+01   0.115108E+02   0.270754E+01   0.919647E+00
 0.594100E+01   0.226064E+01   0.115024E+02   0.270767E+01   0.922887E+00
 0.597050E+01   0.226070E+01   0.114950E+02   0.270776E+01   0.926120E+00
