 0.100000E+00   0.327197E+00   0.170940E+03   0.329532E+00   0.209161E-01
 0.129500E+00   0.293492E+00   0.176821E+03   0.295553E+00   0.270697E-01
 0.159000E+00   0.251149E+00   0.181454E+03   0.252851E+00   0.332166E-01
 0.188500E+00   0.180686E+00   0.162976E+03   0.181785E+00   0.393570E-01
 0.218000E+00   0.128185E+00   0.140037E+03   0.128843E+00   0.454912E-01
 0.247500E+00   0.999203E-01   0.114705E+03   0.100339E+00   0.516192E-01
 0.277000E+00   0.906167E-01   0.987579E+02   0.909554E-01   0.577413E-01
 0.306500E+00   0.882683E-01   0.820062E+02   0.885853E-01   0.638576E-01
 0.336000E+00   0.881851E-01   0.737328E+02   0.885041E-01   0.701924E-01
 0.365500E+00   0.907518E-01   0.537096E+02   0.911116E-01   0.763195E-01
 0.395000E+00   0.961683E-01   0.426093E+02   0.966082E-01   0.824387E-01
 0.424500E+00   0.103354E+00   0.401827E+02   0.103905E+00   0.885500E-01
 0.454000E+00   0.111790E+00   0.376361E+02   0.112481E+00   0.946530E-01
 0.483500E+00   0.121245E+00   0.306547E+02   0.122106E+00   0.100747E+00
 0.513000E+00   0.131564E+00   0.262833E+02   0.132625E+00   0.106833E+00
 0.542500E+00   0.142655E+00   0.233217E+02   0.143949E+00   0.112909E+00
 0.572000E+00   0.154468E+00   0.212136E+02   0.156029E+00   0.118976E+00
 0.601500E+00   0.166975E+00   0.196404E+02   0.168843E+00   0.125034E+00
 0.631000E+00   0.180143E+00   0.184470E+02   0.182359E+00   0.131081E+00
 0.660500E+00   0.193695E+00   0.175215E+02   0.196295E+00   0.137118E+00
 0.690000E+00   0.207751E+00   0.167789E+02   0.210779E+00   0.143144E+00
 0.719500E+00   0.222384E+00   0.161714E+02   0.225887E+00   0.149160E+00
 0.749000E+00   0.237638E+00   0.156685E+02   0.241670E+00   0.155164E+00
 0.778500E+00   0.253547E+00   0.152517E+02   0.258168E+00   0.161157E+00
 0.808000E+00   0.270140E+00   0.148985E+02   0.275414E+00   0.167138E+00
 0.837500E+00   0.287440E+00   0.145882E+02   0.293438E+00   0.173107E+00
 0.867000E+00   0.305465E+00   0.143322E+02   0.312265E+00   0.179062E+00
 0.896500E+00   0.324229E+00   0.141045E+02   0.331913E+00   0.185005E+00
 0.926000E+00   0.343740E+00   0.139092E+02   0.352399E+00   0.190934E+00
 0.955500E+00   0.364003E+00   0.137432E+02   0.373733E+00   0.196848E+00
 0.985000E+00   0.385017E+00   0.135967E+02   0.395921E+00   0.202748E+00
 0.101450E+01   0.406778E+00   0.134760E+02   0.418967E+00   0.208633E+00
 0.104400E+01   0.429277E+00   0.133639E+02   0.442868E+00   0.214502E+00
 0.107350E+01   0.452502E+00   0.132657E+02   0.467618E+00   0.220355E+00
 0.110300E+01   0.476437E+00   0.131857E+02   0.493208E+00   0.226192E+00
 0.113250E+01   0.501061E+00   0.131188E+02   0.519625E+00   0.232012E+00
 0.116200E+01   0.526352E+00   0.130567E+02   0.546852E+00   0.237814E+00
 0.119150E+01   0.552284E+00   0.130064E+02   0.574868E+00   0.243598E+00
 0.122100E+01   0.578828E+00   0.129590E+02   0.603651E+00   0.249364E+00
 0.125050E+01   0.605952E+00   0.129290E+02   0.633173E+00   0.255110E+00
 0.128000E+01   0.633622E+00   0.128927E+02   0.663405E+00   0.260838E+00
 0.130950E+01   0.661802E+00   0.128686E+02   0.694315E+00   0.266546E+00
 0.133900E+01   0.690452E+00   0.128472E+02   0.725867E+00   0.272233E+00
 0.136850E+01   0.719532E+00   0.128287E+02   0.758024E+00   0.277900E+00
 0.139800E+01   0.748999E+00   0.128120E+02   0.790744E+00   0.283546E+00
 0.142750E+01   0.778809E+00   0.128053E+02   0.823985E+00   0.289171E+00
 0.145700E+01   0.808916E+00   0.127953E+02   0.857701E+00   0.294773E+00
 0.148650E+01   0.839272E+00   0.127893E+02   0.891845E+00   0.300354E+00
 0.151600E+01   0.869831E+00   0.127854E+02   0.926369E+00   0.305912E+00
 0.154550E+01   0.900543E+00   0.127795E+02   0.961221E+00   0.311447E+00
 0.157500E+01   0.931359E+00   0.127786E+02   0.996349E+00   0.316959E+00
 0.160450E+01   0.962231E+00   0.127713E+02   0.103170E+01   0.322447E+00
 0.163400E+01   0.993108E+00   0.127754E+02   0.106722E+01   0.327911E+00
 0.166350E+01   0.102394E+01   0.127776E+02   0.110286E+01   0.333352E+00
 0.169300E+01   0.105469E+01   0.127729E+02   0.113856E+01   0.338768E+00
 0.172250E+01   0.108530E+01   0.127821E+02   0.117427E+01   0.344159E+00
 0.175200E+01   0.111573E+01   0.127778E+02   0.120993E+01   0.349526E+00
 0.178150E+01   0.114593E+01   0.127803E+02   0.124550E+01   0.354868E+00
 0.181100E+01   0.117587E+01   0.127783E+02   0.128092E+01   0.360185E+00
 0.184050E+01   0.120550E+01   0.127835E+02   0.131614E+01   0.365476E+00
 0.187000E+01   0.123479E+01   0.127811E+02   0.135112E+01   0.370742E+00
 0.189950E+01   0.126371E+01   0.127831E+02   0.138582E+01   0.375983E+00
 0.192900E+01   0.129222E+01   0.127879E+02   0.142018E+01   0.381199E+00
 0.195850E+01   0.132029E+01   0.127861E+02   0.145418E+01   0.386389E+00
 0.198800E+01   0.134790E+01   0.127846E+02   0.148777E+01   0.391553E+00
 0.201750E+01   0.137503E+01   0.127849E+02   0.152093E+01   0.396692E+00
 0.204700E+01   0.140165E+01   0.127865E+02   0.155361E+01   0.401806E+00
 0.207650E+01   0.142774E+01   0.127819E+02   0.158581E+01   0.406894E+00
 0.210600E+01   0.145331E+01   0.127796E+02   0.161748E+01   0.411957E+00
 0.213550E+01   0.147832E+01   0.127798E+02   0.164860E+01   0.416994E+00
 0.216500E+01   0.150277E+01   0.127729E+02   0.167917E+01   0.422007E+00
 0.219450E+01   0.152666E+01   0.127709E+02   0.170916E+01   0.426994E+00
 0.222400E+01   0.154997E+01   0.127708E+02   0.173855E+01   0.431956E+00
 0.225350E+01   0.157272E+01   0.127577E+02   0.176735E+01   0.436894E+00
 0.228300E+01   0.159488E+01   0.127610E+02   0.179553E+01   0.441807E+00
 0.231250E+01   0.161648E+01   0.127546E+02   0.182310E+01   0.446696E+00
 0.234200E+01   0.163750E+01   0.127493E+02   0.185005E+01   0.451560E+00
 0.237150E+01   0.165795E+01   0.127406E+02   0.187638E+01   0.456400E+00
 0.240100E+01   0.167784E+01   0.127313E+02   0.190208E+01   0.461216E+00
 0.243050E+01   0.169718E+01   0.127247E+02   0.192716E+01   0.466009E+00
 0.246000E+01   0.171596E+01   0.127227E+02   0.195162E+01   0.470778E+00
 0.248950E+01   0.173421E+01   0.127071E+02   0.197547E+01   0.475523E+00
 0.251900E+01   0.175192E+01   0.127073E+02   0.199871E+01   0.480246E+00
 0.254850E+01   0.176911E+01   0.126978E+02   0.202135E+01   0.484946E+00
 0.257800E+01   0.178579E+01   0.126833E+02   0.204339E+01   0.489623E+00
 0.260750E+01   0.180197E+01   0.126806E+02   0.206484E+01   0.494278E+00
 0.263700E+01   0.181766E+01   0.126701E+02   0.208571E+01   0.498911E+00
 0.266650E+01   0.183286E+01   0.126600E+02   0.210602E+01   0.503522E+00
 0.269600E+01   0.184760E+01   0.126449E+02   0.212576E+01   0.508111E+00
 0.272550E+01   0.186189E+01   0.126419E+02   0.214496E+01   0.512679E+00
 0.275500E+01   0.187573E+01   0.126337E+02   0.216362E+01   0.517226E+00
 0.278450E+01   0.188913E+01   0.126203E+02   0.218176E+01   0.521751E+00
 0.281400E+01   0.190212E+01   0.126049E+02   0.219937E+01   0.526256E+00
 0.284350E+01   0.191470E+01   0.126006E+02   0.221649E+01   0.530741E+00
 0.287300E+01   0.192687E+01   0.125862E+02   0.223311E+01   0.535205E+00
 0.290250E+01   0.193867E+01   0.125813E+02   0.224925E+01   0.539650E+00
 0.293200E+01   0.195008E+01   0.125692E+02   0.226492E+01   0.544074E+00
 0.296150E+01   0.196113E+01   0.125499E+02   0.228014E+01   0.548480E+00
 0.299100E+01   0.197183E+01   0.125444E+02   0.229491E+01   0.552865E+00
 0.302050E+01   0.198219E+01   0.125321E+02   0.230924E+01   0.557232E+00
 0.305000E+01   0.199221E+01   0.125194E+02   0.232315E+01   0.561580E+00
 0.307950E+01   0.200191E+01   0.125123E+02   0.233665E+01   0.565910E+00
 0.310900E+01   0.201130E+01   0.124968E+02   0.234975E+01   0.570221E+00
 0.313850E+01   0.202039E+01   0.124863E+02   0.236246E+01   0.574514E+00
 0.316800E+01   0.202918E+01   0.124733E+02   0.237478E+01   0.578789E+00
 0.319750E+01   0.203769E+01   0.124616E+02   0.238674E+01   0.583047E+00
 0.322700E+01   0.204592E+01   0.124545E+02   0.239834E+01   0.587287E+00
 0.325650E+01   0.205389E+01   0.124388E+02   0.240959E+01   0.591509E+00
 0.328600E+01   0.206160E+01   0.124235E+02   0.242050E+01   0.595715E+00
 0.331550E+01   0.206906E+01   0.124111E+02   0.243108E+01   0.599904E+00
 0.334500E+01   0.207628E+01   0.123985E+02   0.244135E+01   0.604076E+00
 0.337450E+01   0.208326E+01   0.123850E+02   0.245129E+01   0.608232E+00
 0.340400E+01   0.209002E+01   0.123826E+02   0.246094E+01   0.612372E+00
 0.343350E+01   0.209656E+01   0.123702E+02   0.247030E+01   0.616495E+00
 0.346300E+01   0.210289E+01   0.123525E+02   0.247936E+01   0.620603E+00
 0.349250E+01   0.210901E+01   0.123402E+02   0.248815E+01   0.624695E+00
 0.352200E+01   0.211493E+01   0.123341E+02   0.249668E+01   0.628771E+00
 0.355150E+01   0.212066E+01   0.123218E+02   0.250494E+01   0.632833E+00
 0.358100E+01   0.212620E+01   0.123081E+02   0.251294E+01   0.636879E+00
 0.361050E+01   0.213157E+01   0.122967E+02   0.252070E+01   0.640910E+00
 0.364000E+01   0.213675E+01   0.122788E+02   0.252823E+01   0.644927E+00
 0.366950E+01   0.214177E+01   0.122701E+02   0.253551E+01   0.648929E+00
 0.369900E+01   0.214663E+01   0.122553E+02   0.254258E+01   0.652917E+00
 0.372850E+01   0.215132E+01   0.122492E+02   0.254942E+01   0.656890E+00
 0.375800E+01   0.215587E+01   0.122341E+02   0.255605E+01   0.660850E+00
 0.378750E+01   0.216026E+01   0.122268E+02   0.256248E+01   0.664795E+00
 0.381700E+01   0.216451E+01   0.122090E+02   0.256870E+01   0.668727E+00
 0.384650E+01   0.216862E+01   0.121982E+02   0.257473E+01   0.672645E+00
 0.387600E+01   0.217260E+01   0.121884E+02   0.258057E+01   0.676550E+00
 0.390550E+01   0.217644E+01   0.121768E+02   0.258622E+01   0.680441E+00
 0.393500E+01   0.218016E+01   0.121674E+02   0.259170E+01   0.684320E+00
 0.396450E+01   0.218375E+01   0.121534E+02   0.259700E+01   0.688185E+00
 0.399400E+01   0.218722E+01   0.121430E+02   0.260213E+01   0.692038E+00
 0.402350E+01   0.219058E+01   0.121322E+02   0.260710E+01   0.695878E+00
 0.405300E+01   0.219383E+01   0.121198E+02   0.261192E+01   0.699705E+00
 0.408250E+01   0.219697E+01   0.121061E+02   0.261657E+01   0.703520E+00
 0.411200E+01   0.220000E+01   0.120993E+02   0.262108E+01   0.707323E+00
 0.414150E+01   0.220293E+01   0.120811E+02   0.262544E+01   0.711114E+00
 0.417100E+01   0.220576E+01   0.120777E+02   0.262966E+01   0.714892E+00
 0.420050E+01   0.220849E+01   0.120647E+02   0.263374E+01   0.718659E+00
 0.423000E+01   0.221114E+01   0.120552E+02   0.263768E+01   0.722414E+00
 0.425950E+01   0.221369E+01   0.120393E+02   0.264150E+01   0.726158E+00
 0.428900E+01   0.221615E+01   0.120279E+02   0.264519E+01   0.729890E+00
 0.431850E+01   0.221853E+01   0.120173E+02   0.264875E+01   0.733611E+00
 0.434800E+01   0.222082E+01   0.120107E+02   0.265220E+01   0.737320E+00
 0.437750E+01   0.222304E+01   0.119965E+02   0.265553E+01   0.741018E+00
 0.440700E+01   0.222518E+01   0.119879E+02   0.265875E+01   0.744706E+00
 0.443650E+01   0.222724E+01   0.119794E+02   0.266185E+01   0.748382E+00
 0.446600E+01   0.222923E+01   0.119687E+02   0.266485E+01   0.752048E+00
 0.449550E+01   0.223115E+01   0.119548E+02   0.266775E+01   0.755703E+00
 0.452500E+01   0.223300E+01   0.119399E+02   0.267054E+01   0.759347E+00
 0.455450E+01   0.223478E+01   0.119385E+02   0.267323E+01   0.762981E+00
 0.458400E+01   0.223650E+01   0.119260E+02   0.267583E+01   0.766605E+00
 0.461350E+01   0.223815E+01   0.119128E+02   0.267834E+01   0.770219E+00
 0.464300E+01   0.223974E+01   0.119042E+02   0.268076E+01   0.773822E+00
 0.467250E+01   0.224127E+01   0.118885E+02   0.268308E+01   0.777415E+00
 0.470200E+01   0.224275E+01   0.118810E+02   0.268532E+01   0.780999E+00
 0.473150E+01   0.224417E+01   0.118717E+02   0.268748E+01   0.784572E+00
 0.476100E+01   0.224553E+01   0.118627E+02   0.268956E+01   0.788136E+00
 0.479050E+01   0.224684E+01   0.118512E+02   0.269155E+01   0.791690E+00
 0.482000E+01   0.224810E+01   0.118445E+02   0.269347E+01   0.795235E+00
 0.484950E+01   0.224931E+01   0.118355E+02   0.269532E+01   0.798770E+00
 0.487900E+01   0.225046E+01   0.118276E+02   0.269709E+01   0.802296E+00
 0.490850E+01   0.225158E+01   0.118127E+02   0.269879E+01   0.805812E+00
 0.493800E+01   0.225264E+01   0.118041E+02   0.270042E+01   0.809320E+00
 0.496750E+01   0.225366E+01   0.117962E+02   0.270198E+01   0.812818E+00
 0.499700E+01   0.225464E+01   0.117815E+02   0.270348E+01   0.816307E+00
 0.502650E+01   0.225557E+01   0.117753E+02   0.270491E+01   0.819788E+00
 0.505600E+01   0.225647E+01   0.117692E+02   0.270629E+01   0.823259E+00
 0.508550E+01   0.225732E+01   0.117578E+02   0.270760E+01   0.826722E+00
 0.511500E+01   0.225813E+01   0.117476E+02   0.270885E+01   0.830176E+00
 0.514450E+01   0.225891E+01   0.117402E+02   0.271004E+01   0.833622E+00
 0.517400E+01   0.225965E+01   0.117298E+02   0.271118E+01   0.837059E+00
 0.520350E+01   0.226035E+01   0.117233E+02   0.271226E+01   0.840487E+00
 0.523300E+01   0.226101E+01   0.117109E+02   0.271329E+01   0.843907E+00
 0.526250E+01   0.226165E+01   0.117022E+02   0.271427E+01   0.847319E+00
 0.529200E+01   0.226225E+01   0.116937E+02   0.271520E+01   0.850723E+00
 0.532150E+01   0.226282E+01   0.116842E+02   0.271607E+01   0.854118E+00
 0.535100E+01   0.226335E+01   0.116781E+02   0.271690E+01   0.857506E+00
 0.538050E+01   0.226386E+01   0.116625E+02   0.271769E+01   0.860885E+00
 0.541000E+01   0.226433E+01   0.116519E+02   0.271842E+01   0.864257E+00
 0.543950E+01   0.226478E+01   0.116452E+02   0.271912E+01   0.867620E+00
 0.546900E+01   0.226520E+01   0.116425E+02   0.271977E+01   0.870976E+00
 0.549850E+01   0.226559E+01   0.116328E+02   0.272037E+01   0.874324E+00
 0.552800E+01   0.226595E+01   0.116175E+02   0.272094E+01   0.877665E+00
 0.555750E+01   0.226629E+01   0.116092E+02   0.272146E+01   0.880998E+00
 0.558700E+01   0.226660E+01   0.116042E+02   0.272195E+01   0.884323E+00
 0.561650E+01   0.226689E+01   0.115978E+02   0.272240E+01   0.887641E+00
 0.564600E+01   0.226716E+01   0.115910E+02   0.272281E+01   0.890951E+00
 0.567550E+01   0.226740E+01   0.115767E+02   0.272318E+01   0.894255E+00
 0.570500E+01   0.226761E+01   0.115661E+02   0.272352E+01   0.897550E+00
 0.573450E+01   0.226781E+01   0.115665E+02   0.272383E+01   0.900839E+00
 0.576400E+01   0.226798E+01   0.115504E+02   0.272410E+01   0.904120E+00
 0.579350E+01   0.226813E+01   0.115437E+02   0.272434E+01   0.907395E+00
 0.582300E+01   0.226827E+01   0.115366E+02   0.272454E+01   0.910662E+00
 0.585250E+01   0.226838E+01   0.115274E+02   0.272472E+01   0.913922E+00
 0.588200E+01   0.226847E+01   0.115244E+02   0.272486E+01   0.917176E+00
 0.591150E+01   0.226854E+01   0.115095E+02   0.272498E+01   0.920422E+00
 0.594100E+01   0.226860E+01   0.115103E+02   0.272506E+01   0.923662E+00
 0.597050E+01   0.226863E+01   0.114965E+02   0.272512E+01   0.926895E+00
