 0.100000E+00   0.327197E+00   0.170940E+03   0.329532E+00   0.209161E-01
 0.129500E+00   0.293492E+00   0.176821E+03   0.295553E+00   0.270697E-01
 0.159000E+00   0.251799E+00   0.181905E+03   0.253506E+00   0.332166E-01
 0.188500E+00   0.182063E+00   0.164262E+03   0.183174E+00   0.393570E-01
 0.218000E+00   0.130239E+00   0.143181E+03   0.130914E+00   0.454912E-01
 0.247500E+00   0.100125E+00   0.115324E+03   0.100546E+00   0.516192E-01
 0.277000E+00   0.906914E-01   0.992601E+02   0.910309E-01   0.577413E-01
 0.306500E+00   0.882763E-01   0.808804E+02   0.885924E-01   0.638576E-01
 0.336000E+00   0.884953E-01   0.697026E+02   0.888162E-01   0.701705E-01
 0.365500E+00   0.917940E-01   0.506098E+02   0.921616E-01   0.762946E-01
 0.395000E+00   0.976127E-01   0.421980E+02   0.980632E-01   0.824111E-01
 0.424500E+00   0.104949E+00   0.405443E+02   0.105510E+00   0.885196E-01
 0.454000E+00   0.113398E+00   0.365389E+02   0.114098E+00   0.946199E-01
 0.483500E+00   0.122761E+00   0.301467E+02   0.123627E+00   0.100712E+00
 0.513000E+00   0.132911E+00   0.260537E+02   0.133972E+00   0.106795E+00
 0.542500E+00   0.143775E+00   0.232483E+02   0.145062E+00   0.112869E+00
 0.572000E+00   0.155319E+00   0.212124E+02   0.156864E+00   0.118934E+00
 0.601500E+00   0.167526E+00   0.196890E+02   0.169367E+00   0.124989E+00
 0.631000E+00   0.180278E+00   0.185104E+02   0.182452E+00   0.131035E+00
 0.660500E+00   0.193409E+00   0.175969E+02   0.195949E+00   0.137070E+00
 0.690000E+00   0.207067E+00   0.168587E+02   0.210017E+00   0.143095E+00
 0.719500E+00   0.221314E+00   0.162603E+02   0.224720E+00   0.149109E+00
 0.749000E+00   0.236195E+00   0.157478E+02   0.240109E+00   0.155113E+00
 0.778500E+00   0.251745E+00   0.153229E+02   0.256225E+00   0.161104E+00
 0.808000E+00   0.267995E+00   0.149569E+02   0.273105E+00   0.167085E+00
 0.837500E+00   0.284971E+00   0.146452E+02   0.290779E+00   0.173053E+00
 0.867000E+00   0.302691E+00   0.143806E+02   0.309273E+00   0.179008E+00
 0.896500E+00   0.321169E+00   0.141492E+02   0.328609E+00   0.184950E+00
 0.926000E+00   0.340417E+00   0.139489E+02   0.348802E+00   0.190878E+00
 0.955500E+00   0.360437E+00   0.137769E+02   0.369864E+00   0.196793E+00
 0.985000E+00   0.381231E+00   0.136184E+02   0.391801E+00   0.202693E+00
 0.101450E+01   0.402793E+00   0.134918E+02   0.414617E+00   0.208577E+00
 0.104400E+01   0.425115E+00   0.133773E+02   0.438309E+00   0.214447E+00
 0.107350E+01   0.448183E+00   0.132786E+02   0.462871E+00   0.220300E+00
 0.110300E+01   0.471981E+00   0.131953E+02   0.488293E+00   0.226137E+00
 0.113250E+01   0.496488E+00   0.131216E+02   0.514561E+00   0.231957E+00
 0.116200E+01   0.521682E+00   0.130574E+02   0.541658E+00   0.237759E+00
 0.119150E+01   0.547533E+00   0.130030E+02   0.569562E+00   0.243544E+00
 0.122100E+01   0.574014E+00   0.129546E+02   0.598250E+00   0.249310E+00
 0.125050E+01   0.601091E+00   0.129202E+02   0.627693E+00   0.255057E+00
 0.128000E+01   0.628728E+00   0.128835E+02   0.657862E+00   0.260785E+00
 0.130950E+01   0.656889E+00   0.128568E+02   0.688724E+00   0.266493E+00
 0.133900E+01   0.685533E+00   0.128348E+02   0.720240E+00   0.272181E+00
 0.136850E+01   0.714619E+00   0.128161E+02   0.752374E+00   0.277849E+00
 0.139800E+01   0.744103E+00   0.128071E+02   0.785083E+00   0.283495E+00
 0.142750E+01   0.773939E+00   0.127901E+02   0.818323E+00   0.289120E+00
 0.145700E+01   0.804080E+00   0.127870E+02   0.852049E+00   0.294724E+00
 0.148650E+01   0.834480E+00   0.127791E+02   0.886212E+00   0.300305E+00
 0.151600E+01   0.865089E+00   0.127650E+02   0.920763E+00   0.305863E+00
 0.154550E+01   0.895858E+00   0.127668E+02   0.955649E+00   0.311399E+00
 0.157500E+01   0.926736E+00   0.127662E+02   0.990819E+00   0.316911E+00
 0.160450E+01   0.957675E+00   0.127669E+02   0.102622E+01   0.322400E+00
 0.163400E+01   0.988624E+00   0.127610E+02   0.106179E+01   0.327865E+00
 0.166350E+01   0.101953E+01   0.127644E+02   0.109749E+01   0.333306E+00
 0.169300E+01   0.105036E+01   0.127640E+02   0.113325E+01   0.338723E+00
 0.172250E+01   0.108105E+01   0.127658E+02   0.116902E+01   0.344115E+00
 0.175200E+01   0.111156E+01   0.127641E+02   0.120475E+01   0.349482E+00
 0.178150E+01   0.114184E+01   0.127640E+02   0.124039E+01   0.354825E+00
 0.181100E+01   0.117187E+01   0.127676E+02   0.127588E+01   0.360142E+00
 0.184050E+01   0.120158E+01   0.127731E+02   0.131118E+01   0.365434E+00
 0.187000E+01   0.123096E+01   0.127746E+02   0.134623E+01   0.370701E+00
 0.189950E+01   0.125996E+01   0.127708E+02   0.138101E+01   0.375942E+00
 0.192900E+01   0.128855E+01   0.127740E+02   0.141545E+01   0.381159E+00
 0.195850E+01   0.131671E+01   0.127751E+02   0.144952E+01   0.386349E+00
 0.198800E+01   0.134440E+01   0.127752E+02   0.148319E+01   0.391514E+00
 0.201750E+01   0.137161E+01   0.127761E+02   0.151643E+01   0.396654E+00
 0.204700E+01   0.139831E+01   0.127750E+02   0.154919E+01   0.401768E+00
 0.207650E+01   0.142448E+01   0.127730E+02   0.158145E+01   0.406856E+00
 0.210600E+01   0.145012E+01   0.127684E+02   0.161320E+01   0.411920E+00
 0.213550E+01   0.147521E+01   0.127666E+02   0.164440E+01   0.416958E+00
 0.216500E+01   0.149973E+01   0.127620E+02   0.167504E+01   0.421970E+00
 0.219450E+01   0.152369E+01   0.127605E+02   0.170510E+01   0.426958E+00
 0.222400E+01   0.154708E+01   0.127580E+02   0.173456E+01   0.431921E+00
 0.225350E+01   0.156988E+01   0.127482E+02   0.176343E+01   0.436859E+00
 0.228300E+01   0.159212E+01   0.127461E+02   0.179168E+01   0.441772E+00
 0.231250E+01   0.161377E+01   0.127434E+02   0.181931E+01   0.446661E+00
 0.234200E+01   0.163486E+01   0.127342E+02   0.184632E+01   0.451526E+00
 0.237150E+01   0.165537E+01   0.127317E+02   0.187271E+01   0.456366E+00
 0.240100E+01   0.167532E+01   0.127243E+02   0.189848E+01   0.461183E+00
 0.243050E+01   0.169471E+01   0.127178E+02   0.192362E+01   0.465976E+00
 0.246000E+01   0.171355E+01   0.127136E+02   0.194814E+01   0.470745E+00
 0.248950E+01   0.173185E+01   0.126989E+02   0.197204E+01   0.475491E+00
 0.251900E+01   0.174961E+01   0.126937E+02   0.199533E+01   0.480215E+00
 0.254850E+01   0.176685E+01   0.126899E+02   0.201802E+01   0.484915E+00
 0.257800E+01   0.178357E+01   0.126785E+02   0.204011E+01   0.489592E+00
 0.260750E+01   0.179980E+01   0.126739E+02   0.206161E+01   0.494248E+00
 0.263700E+01   0.181553E+01   0.126633E+02   0.208254E+01   0.498881E+00
 0.266650E+01   0.183078E+01   0.126490E+02   0.210289E+01   0.503492E+00
 0.269600E+01   0.184556E+01   0.126452E+02   0.212268E+01   0.508081E+00
 0.272550E+01   0.185988E+01   0.126334E+02   0.214192E+01   0.512649E+00
 0.275500E+01   0.187376E+01   0.126188E+02   0.216062E+01   0.517196E+00
 0.278450E+01   0.188720E+01   0.126111E+02   0.217880E+01   0.521722E+00
 0.281400E+01   0.190023E+01   0.126034E+02   0.219646E+01   0.526228E+00
 0.284350E+01   0.191284E+01   0.125938E+02   0.221361E+01   0.530713E+00
 0.287300E+01   0.192505E+01   0.125788E+02   0.223027E+01   0.535177E+00
 0.290250E+01   0.193687E+01   0.125715E+02   0.224645E+01   0.539622E+00
 0.293200E+01   0.194832E+01   0.125570E+02   0.226216E+01   0.544047E+00
 0.296150E+01   0.195940E+01   0.125494E+02   0.227741E+01   0.548452E+00
 0.299100E+01   0.197013E+01   0.125371E+02   0.229221E+01   0.552838E+00
 0.302050E+01   0.198051E+01   0.125235E+02   0.230658E+01   0.557205E+00
 0.305000E+01   0.199056E+01   0.125121E+02   0.232052E+01   0.561554E+00
 0.307950E+01   0.200029E+01   0.125045E+02   0.233405E+01   0.565883E+00
 0.310900E+01   0.200970E+01   0.124911E+02   0.234718E+01   0.570195E+00
 0.313850E+01   0.201881E+01   0.124786E+02   0.235992E+01   0.574488E+00
 0.316800E+01   0.202763E+01   0.124693E+02   0.237227E+01   0.578763E+00
 0.319750E+01   0.203616E+01   0.124544E+02   0.238426E+01   0.583021E+00
 0.322700E+01   0.204442E+01   0.124446E+02   0.239588E+01   0.587261E+00
 0.325650E+01   0.205240E+01   0.124302E+02   0.240716E+01   0.591484E+00
 0.328600E+01   0.206014E+01   0.124177E+02   0.241810E+01   0.595690E+00
 0.331550E+01   0.206762E+01   0.124041E+02   0.242870E+01   0.599879E+00
 0.334500E+01   0.207485E+01   0.123983E+02   0.243899E+01   0.604051E+00
 0.337450E+01   0.208186E+01   0.123814E+02   0.244896E+01   0.608207E+00
 0.340400E+01   0.208863E+01   0.123675E+02   0.245863E+01   0.612347E+00
 0.343350E+01   0.209519E+01   0.123542E+02   0.246801E+01   0.616471E+00
 0.346300E+01   0.210154E+01   0.123474E+02   0.247710E+01   0.620578E+00
 0.349250E+01   0.210767E+01   0.123362E+02   0.248591E+01   0.624671E+00
 0.352200E+01   0.211361E+01   0.123206E+02   0.249445E+01   0.628747E+00
 0.355150E+01   0.211936E+01   0.123105E+02   0.250273E+01   0.632809E+00
 0.358100E+01   0.212492E+01   0.122964E+02   0.251076E+01   0.636855E+00
 0.361050E+01   0.213030E+01   0.122891E+02   0.251854E+01   0.640887E+00
 0.364000E+01   0.213550E+01   0.122740E+02   0.252608E+01   0.644904E+00
 0.366950E+01   0.214053E+01   0.122668E+02   0.253338E+01   0.648906E+00
 0.369900E+01   0.214540E+01   0.122502E+02   0.254046E+01   0.652893E+00
 0.372850E+01   0.215011E+01   0.122436E+02   0.254733E+01   0.656867E+00
 0.375800E+01   0.215467E+01   0.122288E+02   0.255397E+01   0.660827E+00
 0.378750E+01   0.215907E+01   0.122201E+02   0.256041E+01   0.664772E+00
 0.381700E+01   0.216333E+01   0.122083E+02   0.256665E+01   0.668704E+00
 0.384650E+01   0.216746E+01   0.121950E+02   0.257270E+01   0.672622E+00
 0.387600E+01   0.217144E+01   0.121788E+02   0.257855E+01   0.676527E+00
 0.390550E+01   0.217530E+01   0.121697E+02   0.258422E+01   0.680419E+00
 0.393500E+01   0.217903E+01   0.121594E+02   0.258971E+01   0.684297E+00
 0.396450E+01   0.218263E+01   0.121477E+02   0.259503E+01   0.688163E+00
 0.399400E+01   0.218611E+01   0.121314E+02   0.260018E+01   0.692016E+00
 0.402350E+01   0.218948E+01   0.121217E+02   0.260516E+01   0.695856E+00
 0.405300E+01   0.219274E+01   0.121138E+02   0.260999E+01   0.699683E+00
 0.408250E+01   0.219589E+01   0.120970E+02   0.261466E+01   0.703498E+00
 0.411200E+01   0.219893E+01   0.120903E+02   0.261918E+01   0.707301E+00
 0.414150E+01   0.220187E+01   0.120759E+02   0.262355E+01   0.711092E+00
 0.417100E+01   0.220471E+01   0.120669E+02   0.262778E+01   0.714871E+00
 0.420050E+01   0.220745E+01   0.120558E+02   0.263187E+01   0.718638E+00
 0.423000E+01   0.221010E+01   0.120477E+02   0.263583E+01   0.722393E+00
 0.425950E+01   0.221266E+01   0.120351E+02   0.263966E+01   0.726137E+00
 0.428900E+01   0.221514E+01   0.120274E+02   0.264336E+01   0.729869E+00
 0.431850E+01   0.221752E+01   0.120127E+02   0.264694E+01   0.733590E+00
 0.434800E+01   0.221983E+01   0.119982E+02   0.265039E+01   0.737299E+00
 0.437750E+01   0.222205E+01   0.119905E+02   0.265373E+01   0.740998E+00
 0.440700E+01   0.222420E+01   0.119802E+02   0.265696E+01   0.744685E+00
 0.443650E+01   0.222627E+01   0.119710E+02   0.266008E+01   0.748362E+00
 0.446600E+01   0.222826E+01   0.119612E+02   0.266309E+01   0.752027E+00
 0.449550E+01   0.223019E+01   0.119473E+02   0.266599E+01   0.755682E+00
 0.452500E+01   0.223204E+01   0.119434E+02   0.266880E+01   0.759327E+00
 0.455450E+01   0.223383E+01   0.119239E+02   0.267150E+01   0.762961E+00
 0.458400E+01   0.223556E+01   0.119232E+02   0.267411E+01   0.766585E+00
 0.461350E+01   0.223722E+01   0.119061E+02   0.267663E+01   0.770198E+00
 0.464300E+01   0.223881E+01   0.118932E+02   0.267905E+01   0.773802E+00
 0.467250E+01   0.224035E+01   0.118909E+02   0.268139E+01   0.777395E+00
 0.470200E+01   0.224183E+01   0.118764E+02   0.268364E+01   0.780979E+00
 0.473150E+01   0.224326E+01   0.118664E+02   0.268580E+01   0.784552E+00
 0.476100E+01   0.224463E+01   0.118568E+02   0.268789E+01   0.788116E+00
 0.479050E+01   0.224594E+01   0.118425E+02   0.268989E+01   0.791670E+00
 0.482000E+01   0.224721E+01   0.118366E+02   0.269182E+01   0.795215E+00
 0.484950E+01   0.224842E+01   0.118307E+02   0.269367E+01   0.798750E+00
 0.487900E+01   0.224959E+01   0.118150E+02   0.269545E+01   0.802276E+00
 0.490850E+01   0.225070E+01   0.118131E+02   0.269716E+01   0.805793E+00
 0.493800E+01   0.225177E+01   0.117942E+02   0.269880E+01   0.809300E+00
 0.496750E+01   0.225280E+01   0.117874E+02   0.270037E+01   0.812799E+00
 0.499700E+01   0.225378E+01   0.117779E+02   0.270187E+01   0.816288E+00
 0.502650E+01   0.225472E+01   0.117715E+02   0.270331E+01   0.819768E+00
 0.505600E+01   0.225562E+01   0.117639E+02   0.270469E+01   0.823240E+00
 0.508550E+01   0.225647E+01   0.117557E+02   0.270601E+01   0.826703E+00
 0.511500E+01   0.225729E+01   0.117422E+02   0.270727E+01   0.830157E+00
 0.514450E+01   0.225807E+01   0.117344E+02   0.270847E+01   0.833603E+00
 0.517400E+01   0.225882E+01   0.117215E+02   0.270961E+01   0.837040E+00
 0.520350E+01   0.225952E+01   0.117176E+02   0.271070E+01   0.840468E+00
 0.523300E+01   0.226019E+01   0.117043E+02   0.271174E+01   0.843888E+00
 0.526250E+01   0.226083E+01   0.116972E+02   0.271272E+01   0.847300E+00
 0.529200E+01   0.226144E+01   0.116899E+02   0.271366E+01   0.850704E+00
 0.532150E+01   0.226201E+01   0.116812E+02   0.271454E+01   0.854100E+00
 0.535100E+01   0.226255E+01   0.116640E+02   0.271538E+01   0.857487E+00
 0.538050E+01   0.226306E+01   0.116564E+02   0.271617E+01   0.860866E+00
 0.541000E+01   0.226354E+01   0.116515E+02   0.271691E+01   0.864238E+00
 0.543950E+01   0.226399E+01   0.116437E+02   0.271761E+01   0.867602E+00
 0.546900E+01   0.226441E+01   0.116382E+02   0.271826E+01   0.870958E+00
 0.549850E+01   0.226481E+01   0.116205E+02   0.271888E+01   0.874306E+00
 0.552800E+01   0.226517E+01   0.116121E+02   0.271945E+01   0.877646E+00
 0.555750E+01   0.226552E+01   0.116054E+02   0.271998E+01   0.880979E+00
 0.558700E+01   0.226583E+01   0.116027E+02   0.272047E+01   0.884305E+00
 0.561650E+01   0.226612E+01   0.115954E+02   0.272093E+01   0.887623E+00
 0.564600E+01   0.226639E+01   0.115866E+02   0.272134E+01   0.890933E+00
 0.567550E+01   0.226663E+01   0.115753E+02   0.272172E+01   0.894236E+00
 0.570500E+01   0.226686E+01   0.115642E+02   0.272207E+01   0.897532E+00
 0.573450E+01   0.226705E+01   0.115610E+02   0.272238E+01   0.900821E+00
 0.576400E+01   0.226723E+01   0.115445E+02   0.272265E+01   0.904102E+00
 0.579350E+01   0.226739E+01   0.115381E+02   0.272289E+01   0.907377E+00
 0.582300E+01   0.226752E+01   0.115287E+02   0.272311E+01   0.910644E+00
 0.585250E+01   0.226764E+01   0.115248E+02   0.272328E+01   0.913904E+00
 0.588200E+01   0.226773E+01   0.115174E+02   0.272343E+01   0.917158E+00
 0.591150E+01   0.226781E+01   0.115120E+02   0.272355E+01   0.920404E+00
 0.594100E+01   0.226786E+01   0.114978E+02   0.272364E+01   0.923644E+00
 0.597050E+01   0.226790E+01   0.114948E+02   0.272370E+01   0.926877E+00
