 0.100000E+00   0.327197E+00   0.170940E+03   0.329532E+00   0.209161E-01
 0.129500E+00   0.293492E+00   0.176821E+03   0.295553E+00   0.270697E-01
 0.159000E+00   0.251580E+00   0.181753E+03   0.253286E+00   0.332166E-01
 0.188500E+00   0.182102E+00   0.164299E+03   0.183213E+00   0.393570E-01
 0.218000E+00   0.128187E+00   0.140039E+03   0.128844E+00   0.454912E-01
 0.247500E+00   0.100132E+00   0.115344E+03   0.100553E+00   0.516192E-01
 0.277000E+00   0.906674E-01   0.990989E+02   0.910067E-01   0.577413E-01
 0.306500E+00   0.883259E-01   0.849218E+02   0.886454E-01   0.638576E-01
 0.336000E+00   0.880946E-01   0.808165E+02   0.884133E-01   0.701980E-01
 0.365500E+00   0.892060E-01   0.601145E+02   0.895502E-01   0.763270E-01
 0.395000E+00   0.933454E-01   0.464718E+02   0.937533E-01   0.824488E-01
 0.424500E+00   0.994002E-01   0.403018E+02   0.999015E-01   0.885629E-01
 0.454000E+00   0.106778E+00   0.392216E+02   0.107399E+00   0.946692E-01
 0.483500E+00   0.115212E+00   0.337450E+02   0.115980E+00   0.100767E+00
 0.513000E+00   0.124553E+00   0.283560E+02   0.125495E+00   0.106857E+00
 0.542500E+00   0.134709E+00   0.247773E+02   0.135856E+00   0.112938E+00
 0.572000E+00   0.145633E+00   0.222683E+02   0.147017E+00   0.119010E+00
 0.601500E+00   0.157304E+00   0.204128E+02   0.158961E+00   0.125073E+00
 0.631000E+00   0.169718E+00   0.190080E+02   0.171688E+00   0.131125E+00
 0.660500E+00   0.182688E+00   0.179292E+02   0.185010E+00   0.137168E+00
 0.690000E+00   0.196197E+00   0.170754E+02   0.198912E+00   0.143201E+00
 0.719500E+00   0.210352E+00   0.163808E+02   0.213508E+00   0.149223E+00
 0.749000E+00   0.225202E+00   0.158130E+02   0.228853E+00   0.155234E+00
 0.778500E+00   0.240783E+00   0.153394E+02   0.244988E+00   0.161234E+00
 0.808000E+00   0.257126E+00   0.149455E+02   0.261951E+00   0.167221E+00
 0.837500E+00   0.274255E+00   0.146066E+02   0.279772E+00   0.173197E+00
 0.867000E+00   0.292187E+00   0.143151E+02   0.298476E+00   0.179160E+00
 0.896500E+00   0.310936E+00   0.140712E+02   0.318081E+00   0.185109E+00
 0.926000E+00   0.330507E+00   0.138510E+02   0.338603E+00   0.191045E+00
 0.955500E+00   0.350905E+00   0.136713E+02   0.360051E+00   0.196967E+00
 0.985000E+00   0.372124E+00   0.135170E+02   0.382428E+00   0.202874E+00
 0.101450E+01   0.394158E+00   0.133832E+02   0.405735E+00   0.208766E+00
 0.104400E+01   0.416993E+00   0.132720E+02   0.429966E+00   0.214642E+00
 0.107350E+01   0.440613E+00   0.131763E+02   0.455111E+00   0.220502E+00
 0.110300E+01   0.464997E+00   0.130888E+02   0.481156E+00   0.226345E+00
 0.113250E+01   0.490120E+00   0.130193E+02   0.508084E+00   0.232171E+00
 0.116200E+01   0.515954E+00   0.129597E+02   0.535871E+00   0.237979E+00
 0.119150E+01   0.542466E+00   0.129102E+02   0.564494E+00   0.243769E+00
 0.122100E+01   0.569622E+00   0.128586E+02   0.593922E+00   0.249540E+00
 0.125050E+01   0.597385E+00   0.128278E+02   0.624123E+00   0.255293E+00
 0.128000E+01   0.625715E+00   0.127968E+02   0.655062E+00   0.261026E+00
 0.130950E+01   0.654569E+00   0.127778E+02   0.686701E+00   0.266738E+00
 0.133900E+01   0.683904E+00   0.127587E+02   0.718999E+00   0.272430E+00
 0.136850E+01   0.713672E+00   0.127448E+02   0.751912E+00   0.278102E+00
 0.139800E+01   0.743827E+00   0.127268E+02   0.785394E+00   0.283752E+00
 0.142750E+01   0.774318E+00   0.127194E+02   0.819397E+00   0.289380E+00
 0.145700E+01   0.805097E+00   0.127199E+02   0.853871E+00   0.294986E+00
 0.148650E+01   0.836111E+00   0.127108E+02   0.888764E+00   0.300570E+00
 0.151600E+01   0.867310E+00   0.127099E+02   0.924023E+00   0.306131E+00
 0.154550E+01   0.898642E+00   0.127152E+02   0.959593E+00   0.311669E+00
 0.157500E+01   0.930054E+00   0.127145E+02   0.995419E+00   0.317183E+00
 0.160450E+01   0.961495E+00   0.127146E+02   0.103145E+01   0.322673E+00
 0.163400E+01   0.992915E+00   0.127128E+02   0.106762E+01   0.328140E+00
 0.166350E+01   0.102426E+01   0.127211E+02   0.110387E+01   0.333582E+00
 0.169300E+01   0.105549E+01   0.127198E+02   0.114016E+01   0.338999E+00
 0.172250E+01   0.108655E+01   0.127304E+02   0.117643E+01   0.344392E+00
 0.175200E+01   0.111740E+01   0.127246E+02   0.121262E+01   0.349760E+00
 0.178150E+01   0.114800E+01   0.127338E+02   0.124868E+01   0.355102E+00
 0.181100E+01   0.117829E+01   0.127403E+02   0.128457E+01   0.360420E+00
 0.184050E+01   0.120826E+01   0.127377E+02   0.132022E+01   0.365712E+00
 0.187000E+01   0.123785E+01   0.127435E+02   0.135560E+01   0.370979E+00
 0.189950E+01   0.126704E+01   0.127455E+02   0.139067E+01   0.376220E+00
 0.192900E+01   0.129579E+01   0.127483E+02   0.142537E+01   0.381435E+00
 0.195850E+01   0.132408E+01   0.127487E+02   0.145968E+01   0.386625E+00
 0.198800E+01   0.135189E+01   0.127520E+02   0.149356E+01   0.391789E+00
 0.201750E+01   0.137919E+01   0.127476E+02   0.152697E+01   0.396928E+00
 0.204700E+01   0.140596E+01   0.127505E+02   0.155989E+01   0.402041E+00
 0.207650E+01   0.143219E+01   0.127541E+02   0.159229E+01   0.407129E+00
 0.210600E+01   0.145786E+01   0.127521E+02   0.162414E+01   0.412191E+00
 0.213550E+01   0.148297E+01   0.127528E+02   0.165543E+01   0.417228E+00
 0.216500E+01   0.150751E+01   0.127428E+02   0.168615E+01   0.422239E+00
 0.219450E+01   0.153146E+01   0.127458E+02   0.171626E+01   0.427226E+00
 0.222400E+01   0.155483E+01   0.127416E+02   0.174577E+01   0.432188E+00
 0.225350E+01   0.157761E+01   0.127381E+02   0.177466E+01   0.437124E+00
 0.228300E+01   0.159981E+01   0.127384E+02   0.180293E+01   0.442036E+00
 0.231250E+01   0.162143E+01   0.127249E+02   0.183057E+01   0.446924E+00
 0.234200E+01   0.164246E+01   0.127292E+02   0.185758E+01   0.451787E+00
 0.237150E+01   0.166292E+01   0.127144E+02   0.188395E+01   0.456626E+00
 0.240100E+01   0.168281E+01   0.127098E+02   0.190969E+01   0.461441E+00
 0.243050E+01   0.170214E+01   0.127047E+02   0.193480E+01   0.466233E+00
 0.246000E+01   0.172092E+01   0.127022E+02   0.195928E+01   0.471001E+00
 0.248950E+01   0.173914E+01   0.126911E+02   0.198314E+01   0.475746E+00
 0.251900E+01   0.175684E+01   0.126885E+02   0.200639E+01   0.480467E+00
 0.254850E+01   0.177400E+01   0.126799E+02   0.202903E+01   0.485166E+00
 0.257800E+01   0.179065E+01   0.126695E+02   0.205106E+01   0.489842E+00
 0.260750E+01   0.180680E+01   0.126618E+02   0.207251E+01   0.494496E+00
 0.263700E+01   0.182246E+01   0.126559E+02   0.209337E+01   0.499128E+00
 0.266650E+01   0.183763E+01   0.126482E+02   0.211366E+01   0.503738E+00
 0.269600E+01   0.185233E+01   0.126325E+02   0.213339E+01   0.508326E+00
 0.272550E+01   0.186658E+01   0.126279E+02   0.215257E+01   0.512892E+00
 0.275500E+01   0.188038E+01   0.126190E+02   0.217120E+01   0.517438E+00
 0.278450E+01   0.189375E+01   0.126089E+02   0.218931E+01   0.521963E+00
 0.281400E+01   0.190670E+01   0.125958E+02   0.220690E+01   0.526467E+00
 0.284350E+01   0.191923E+01   0.125831E+02   0.222399E+01   0.530950E+00
 0.287300E+01   0.193137E+01   0.125702E+02   0.224058E+01   0.535414E+00
 0.290250E+01   0.194312E+01   0.125595E+02   0.225669E+01   0.539857E+00
 0.293200E+01   0.195450E+01   0.125545E+02   0.227233E+01   0.544281E+00
 0.296150E+01   0.196551E+01   0.125433E+02   0.228751E+01   0.548685E+00
 0.299100E+01   0.197617E+01   0.125264E+02   0.230224E+01   0.553070E+00
 0.302050E+01   0.198648E+01   0.125166E+02   0.231654E+01   0.557436E+00
 0.305000E+01   0.199647E+01   0.125109E+02   0.233042E+01   0.561783E+00
 0.307950E+01   0.200613E+01   0.124966E+02   0.234388E+01   0.566111E+00
 0.310900E+01   0.201548E+01   0.124807E+02   0.235694E+01   0.570422E+00
 0.313850E+01   0.202452E+01   0.124776E+02   0.236961E+01   0.574714E+00
 0.316800E+01   0.203328E+01   0.124631E+02   0.238190E+01   0.578988E+00
 0.319750E+01   0.204175E+01   0.124464E+02   0.239382E+01   0.583245E+00
 0.322700E+01   0.204995E+01   0.124392E+02   0.240539E+01   0.587484E+00
 0.325650E+01   0.205788E+01   0.124318E+02   0.241660E+01   0.591706E+00
 0.328600E+01   0.206555E+01   0.124173E+02   0.242747E+01   0.595910E+00
 0.331550E+01   0.207298E+01   0.124033E+02   0.243802E+01   0.600098E+00
 0.334500E+01   0.208016E+01   0.123891E+02   0.244825E+01   0.604270E+00
 0.337450E+01   0.208711E+01   0.123826E+02   0.245816E+01   0.608425E+00
 0.340400E+01   0.209384E+01   0.123682E+02   0.246777E+01   0.612564E+00
 0.343350E+01   0.210034E+01   0.123528E+02   0.247709E+01   0.616686E+00
 0.346300E+01   0.210664E+01   0.123420E+02   0.248612E+01   0.620793E+00
 0.349250E+01   0.211273E+01   0.123331E+02   0.249488E+01   0.624885E+00
 0.352200E+01   0.211862E+01   0.123229E+02   0.250337E+01   0.628960E+00
 0.355150E+01   0.212432E+01   0.123054E+02   0.251160E+01   0.633021E+00
 0.358100E+01   0.212983E+01   0.122979E+02   0.251957E+01   0.637066E+00
 0.361050E+01   0.213516E+01   0.122879E+02   0.252730E+01   0.641097E+00
 0.364000E+01   0.214032E+01   0.122733E+02   0.253479E+01   0.645113E+00
 0.366950E+01   0.214531E+01   0.122585E+02   0.254204E+01   0.649114E+00
 0.369900E+01   0.215014E+01   0.122489E+02   0.254907E+01   0.653101E+00
 0.372850E+01   0.215481E+01   0.122432E+02   0.255589E+01   0.657074E+00
 0.375800E+01   0.215933E+01   0.122243E+02   0.256249E+01   0.661033E+00
 0.378750E+01   0.216369E+01   0.122121E+02   0.256888E+01   0.664978E+00
 0.381700E+01   0.216792E+01   0.122078E+02   0.257507E+01   0.668909E+00
 0.384650E+01   0.217200E+01   0.121969E+02   0.258107E+01   0.672826E+00
 0.387600E+01   0.217595E+01   0.121852E+02   0.258688E+01   0.676730E+00
 0.390550E+01   0.217977E+01   0.121649E+02   0.259251E+01   0.680621E+00
 0.393500E+01   0.218346E+01   0.121624E+02   0.259796E+01   0.684499E+00
 0.396450E+01   0.218703E+01   0.121507E+02   0.260323E+01   0.688364E+00
 0.399400E+01   0.219049E+01   0.121386E+02   0.260834E+01   0.692216E+00
 0.402350E+01   0.219382E+01   0.121279E+02   0.261328E+01   0.696055E+00
 0.405300E+01   0.219705E+01   0.121165E+02   0.261807E+01   0.699882E+00
 0.408250E+01   0.220016E+01   0.121022E+02   0.262270E+01   0.703697E+00
 0.411200E+01   0.220317E+01   0.120940E+02   0.262718E+01   0.707499E+00
 0.414150E+01   0.220608E+01   0.120822E+02   0.263151E+01   0.711289E+00
 0.417100E+01   0.220889E+01   0.120645E+02   0.263570E+01   0.715067E+00
 0.420050E+01   0.221161E+01   0.120593E+02   0.263976E+01   0.718834E+00
 0.423000E+01   0.221423E+01   0.120450E+02   0.264368E+01   0.722588E+00
 0.425950E+01   0.221676E+01   0.120360E+02   0.264747E+01   0.726331E+00
 0.428900E+01   0.221921E+01   0.120227E+02   0.265114E+01   0.730063E+00
 0.431850E+01   0.222157E+01   0.120088E+02   0.265468E+01   0.733783E+00
 0.434800E+01   0.222385E+01   0.119983E+02   0.265810E+01   0.737492E+00
 0.437750E+01   0.222604E+01   0.119912E+02   0.266141E+01   0.741190E+00
 0.440700E+01   0.222817E+01   0.119776E+02   0.266460E+01   0.744877E+00
 0.443650E+01   0.223021E+01   0.119679E+02   0.266769E+01   0.748553E+00
 0.446600E+01   0.223218E+01   0.119620E+02   0.267067E+01   0.752218E+00
 0.449550E+01   0.223409E+01   0.119545E+02   0.267354E+01   0.755872E+00
 0.452500E+01   0.223592E+01   0.119428E+02   0.267631E+01   0.759516E+00
 0.455450E+01   0.223768E+01   0.119301E+02   0.267899E+01   0.763150E+00
 0.458400E+01   0.223939E+01   0.119220E+02   0.268156E+01   0.766773E+00
 0.461350E+01   0.224102E+01   0.119108E+02   0.268405E+01   0.770386E+00
 0.464300E+01   0.224260E+01   0.118945E+02   0.268644E+01   0.773989E+00
 0.467250E+01   0.224412E+01   0.118872E+02   0.268875E+01   0.777582E+00
 0.470200E+01   0.224558E+01   0.118794E+02   0.269097E+01   0.781165E+00
 0.473150E+01   0.224698E+01   0.118707E+02   0.269311E+01   0.784738E+00
 0.476100E+01   0.224833E+01   0.118534E+02   0.269517E+01   0.788302E+00
 0.479050E+01   0.224963E+01   0.118501E+02   0.269715E+01   0.791855E+00
 0.482000E+01   0.225087E+01   0.118361E+02   0.269905E+01   0.795400E+00
 0.484950E+01   0.225207E+01   0.118274E+02   0.270087E+01   0.798934E+00
 0.487900E+01   0.225321E+01   0.118146E+02   0.270263E+01   0.802460E+00
 0.490850E+01   0.225431E+01   0.118064E+02   0.270431E+01   0.805976E+00
 0.493800E+01   0.225536E+01   0.117976E+02   0.270592E+01   0.809483E+00
 0.496750E+01   0.225637E+01   0.117910E+02   0.270747E+01   0.812981E+00
 0.499700E+01   0.225733E+01   0.117811E+02   0.270895E+01   0.816470E+00
 0.502650E+01   0.225826E+01   0.117748E+02   0.271036E+01   0.819950E+00
 0.505600E+01   0.225914E+01   0.117598E+02   0.271172E+01   0.823421E+00
 0.508550E+01   0.225998E+01   0.117479E+02   0.271301E+01   0.826884E+00
 0.511500E+01   0.226078E+01   0.117398E+02   0.271425E+01   0.830337E+00
 0.514450E+01   0.226154E+01   0.117331E+02   0.271542E+01   0.833782E+00
 0.517400E+01   0.226227E+01   0.117284E+02   0.271655E+01   0.837219E+00
 0.520350E+01   0.226296E+01   0.117139E+02   0.271761E+01   0.840647E+00
 0.523300E+01   0.226362E+01   0.117060E+02   0.271863E+01   0.844067E+00
 0.526250E+01   0.226424E+01   0.116992E+02   0.271959E+01   0.847479E+00
 0.529200E+01   0.226483E+01   0.116826E+02   0.272050E+01   0.850882E+00
 0.532150E+01   0.226539E+01   0.116760E+02   0.272136E+01   0.854277E+00
 0.535100E+01   0.226591E+01   0.116684E+02   0.272218E+01   0.857664E+00
 0.538050E+01   0.226641E+01   0.116581E+02   0.272295E+01   0.861043E+00
 0.541000E+01   0.226688E+01   0.116556E+02   0.272367E+01   0.864415E+00
 0.543950E+01   0.226731E+01   0.116412E+02   0.272435E+01   0.867778E+00
 0.546900E+01   0.226772E+01   0.116347E+02   0.272498E+01   0.871133E+00
 0.549850E+01   0.226810E+01   0.116232E+02   0.272558E+01   0.874481E+00
 0.552800E+01   0.226846E+01   0.116161E+02   0.272613E+01   0.877821E+00
 0.555750E+01   0.226879E+01   0.116103E+02   0.272664E+01   0.881154E+00
 0.558700E+01   0.226909E+01   0.115994E+02   0.272711E+01   0.884479E+00
 0.561650E+01   0.226937E+01   0.115961E+02   0.272755E+01   0.887797E+00
 0.564600E+01   0.226962E+01   0.115803E+02   0.272794E+01   0.891107E+00
 0.567550E+01   0.226986E+01   0.115735E+02   0.272831E+01   0.894410E+00
 0.570500E+01   0.227006E+01   0.115700E+02   0.272863E+01   0.897705E+00
 0.573450E+01   0.227025E+01   0.115582E+02   0.272892E+01   0.900994E+00
 0.576400E+01   0.227042E+01   0.115525E+02   0.272918E+01   0.904275E+00
 0.579350E+01   0.227056E+01   0.115467E+02   0.272941E+01   0.907549E+00
 0.582300E+01   0.227068E+01   0.115335E+02   0.272960E+01   0.910816E+00
 0.585250E+01   0.227079E+01   0.115300E+02   0.272976E+01   0.914076E+00
 0.588200E+01   0.227087E+01   0.115161E+02   0.272989E+01   0.917329E+00
 0.591150E+01   0.227094E+01   0.115095E+02   0.273000E+01   0.920576E+00
 0.594100E+01   0.227098E+01   0.114981E+02   0.273007E+01   0.923815E+00
 0.597050E+01   0.227101E+01   0.114961E+02   0.273011E+01   0.927048E+00
