 0.100000E+00   0.327197E+00   0.170940E+03   0.329532E+00   0.209161E-01
 0.129500E+00   0.293492E+00   0.176821E+03   0.295553E+00   0.270697E-01
 0.159000E+00   0.252445E+00   0.182354E+03   0.254158E+00   0.332166E-01
 0.188500E+00   0.182339E+00   0.164520E+03   0.183452E+00   0.393570E-01
 0.218000E+00   0.128813E+00   0.141001E+03   0.129475E+00   0.454912E-01
 0.247500E+00   0.997679E-01   0.114243E+03   0.100186E+00   0.516192E-01
 0.277000E+00   0.905953E-01   0.986140E+02   0.909338E-01   0.577413E-01
 0.306500E+00   0.882724E-01   0.805367E+02   0.885882E-01   0.638576E-01
 0.336000E+00   0.930409E-01   0.483894E+02   0.934081E-01   0.700906E-01
 0.365500E+00   0.101603E+00   0.400393E+02   0.102077E+00   0.762002E-01
 0.395000E+00   0.111673E+00   0.391533E+02   0.112288E+00   0.823009E-01
 0.424500E+00   0.122654E+00   0.320681E+02   0.123443E+00   0.883925E-01
 0.454000E+00   0.134283E+00   0.271783E+02   0.135274E+00   0.944749E-01
 0.483500E+00   0.146417E+00   0.240434E+02   0.147641E+00   0.100548E+00
 0.513000E+00   0.158981E+00   0.218817E+02   0.160469E+00   0.106611E+00
 0.542500E+00   0.171936E+00   0.203165E+02   0.173719E+00   0.112665E+00
 0.572000E+00   0.185155E+00   0.191298E+02   0.187265E+00   0.118709E+00
 0.601500E+00   0.198313E+00   0.182271E+02   0.200772E+00   0.124742E+00
 0.631000E+00   0.211627E+00   0.175125E+02   0.214466E+00   0.130766E+00
 0.660500E+00   0.225193E+00   0.169176E+02   0.228444E+00   0.136779E+00
 0.690000E+00   0.239075E+00   0.164190E+02   0.242774E+00   0.142782E+00
 0.719500E+00   0.253328E+00   0.159955E+02   0.257517E+00   0.148775E+00
 0.749000E+00   0.268001E+00   0.156319E+02   0.272725E+00   0.154756E+00
 0.778500E+00   0.283138E+00   0.153124E+02   0.288445E+00   0.160727E+00
 0.808000E+00   0.298778E+00   0.150327E+02   0.304723E+00   0.166685E+00
 0.837500E+00   0.314957E+00   0.147864E+02   0.321598E+00   0.172632E+00
 0.867000E+00   0.331705E+00   0.145721E+02   0.339108E+00   0.178566E+00
 0.896500E+00   0.349051E+00   0.143825E+02   0.357285E+00   0.184488E+00
 0.926000E+00   0.367018E+00   0.142101E+02   0.376158E+00   0.190396E+00
 0.955500E+00   0.385626E+00   0.140508E+02   0.395753E+00   0.196291E+00
 0.985000E+00   0.404889E+00   0.139150E+02   0.416093E+00   0.202172E+00
 0.101450E+01   0.424820E+00   0.137857E+02   0.437194E+00   0.208039E+00
 0.104400E+01   0.445426E+00   0.136798E+02   0.459072E+00   0.213890E+00
 0.107350E+01   0.466711E+00   0.135776E+02   0.481735E+00   0.219727E+00
 0.110300E+01   0.488673E+00   0.134949E+02   0.505191E+00   0.225547E+00
 0.113250E+01   0.511310E+00   0.134096E+02   0.529442E+00   0.231351E+00
 0.116200E+01   0.534613E+00   0.133438E+02   0.554486E+00   0.237139E+00
 0.119150E+01   0.558569E+00   0.132787E+02   0.580317E+00   0.242909E+00
 0.122100E+01   0.583162E+00   0.132262E+02   0.606926E+00   0.248662E+00
 0.125050E+01   0.608374E+00   0.131676E+02   0.634299E+00   0.254397E+00
 0.128000E+01   0.634180E+00   0.131282E+02   0.662418E+00   0.260113E+00
 0.130950E+01   0.660554E+00   0.130888E+02   0.691262E+00   0.265810E+00
 0.133900E+01   0.687466E+00   0.130579E+02   0.720804E+00   0.271487E+00
 0.136850E+01   0.714882E+00   0.130228E+02   0.751016E+00   0.277145E+00
 0.139800E+01   0.742765E+00   0.130039E+02   0.781865E+00   0.282782E+00
 0.142750E+01   0.771076E+00   0.129762E+02   0.813314E+00   0.288399E+00
 0.145700E+01   0.799774E+00   0.129540E+02   0.845322E+00   0.293994E+00
 0.148650E+01   0.828813E+00   0.129385E+02   0.877847E+00   0.299568E+00
 0.151600E+01   0.858147E+00   0.129284E+02   0.910842E+00   0.305120E+00
 0.154550E+01   0.887728E+00   0.129184E+02   0.944258E+00   0.310649E+00
 0.157500E+01   0.917507E+00   0.128995E+02   0.978046E+00   0.316156E+00
 0.160450E+01   0.947433E+00   0.128921E+02   0.101215E+01   0.321640E+00
 0.163400E+01   0.977456E+00   0.128823E+02   0.104652E+01   0.327100E+00
 0.166350E+01   0.100752E+01   0.128759E+02   0.108109E+01   0.332536E+00
 0.169300E+01   0.103759E+01   0.128750E+02   0.111582E+01   0.337949E+00
 0.172250E+01   0.106759E+01   0.128721E+02   0.115064E+01   0.343338E+00
 0.175200E+01   0.109750E+01   0.128637E+02   0.118550E+01   0.348702E+00
 0.178150E+01   0.112725E+01   0.128569E+02   0.122035E+01   0.354041E+00
 0.181100E+01   0.115680E+01   0.128521E+02   0.125512E+01   0.359356E+00
 0.184050E+01   0.118611E+01   0.128497E+02   0.128977E+01   0.364646E+00
 0.187000E+01   0.121514E+01   0.128530E+02   0.132425E+01   0.369911E+00
 0.189950E+01   0.124385E+01   0.128456E+02   0.135851E+01   0.375151E+00
 0.192900E+01   0.127220E+01   0.128479E+02   0.139249E+01   0.380365E+00
 0.195850E+01   0.130016E+01   0.128366E+02   0.142616E+01   0.385554E+00
 0.198800E+01   0.132770E+01   0.128402E+02   0.145948E+01   0.390718E+00
 0.201750E+01   0.135480E+01   0.128328E+02   0.149241E+01   0.395856E+00
 0.204700E+01   0.138142E+01   0.128267E+02   0.152492E+01   0.400969E+00
 0.207650E+01   0.140755E+01   0.128241E+02   0.155697E+01   0.406057E+00
 0.210600E+01   0.143317E+01   0.128177E+02   0.158853E+01   0.411120E+00
 0.213550E+01   0.145826E+01   0.128144E+02   0.161958E+01   0.416157E+00
 0.216500E+01   0.148282E+01   0.128068E+02   0.165010E+01   0.421170E+00
 0.219450E+01   0.150682E+01   0.128036E+02   0.168007E+01   0.426157E+00
 0.222400E+01   0.153028E+01   0.128009E+02   0.170948E+01   0.431120E+00
 0.225350E+01   0.155317E+01   0.127945E+02   0.173830E+01   0.436057E+00
 0.228300E+01   0.157550E+01   0.127862E+02   0.176653E+01   0.440971E+00
 0.231250E+01   0.159726E+01   0.127815E+02   0.179417E+01   0.445859E+00
 0.234200E+01   0.161846E+01   0.127674E+02   0.182119E+01   0.450724E+00
 0.237150E+01   0.163910E+01   0.127654E+02   0.184761E+01   0.455565E+00
 0.240100E+01   0.165918E+01   0.127581E+02   0.187342E+01   0.460381E+00
 0.243050E+01   0.167871E+01   0.127529E+02   0.189862E+01   0.465174E+00
 0.246000E+01   0.169770E+01   0.127382E+02   0.192320E+01   0.469944E+00
 0.248950E+01   0.171614E+01   0.127357E+02   0.194718E+01   0.474690E+00
 0.251900E+01   0.173405E+01   0.127257E+02   0.197055E+01   0.479413E+00
 0.254850E+01   0.175144E+01   0.127080E+02   0.199333E+01   0.484113E+00
 0.257800E+01   0.176832E+01   0.127048E+02   0.201552E+01   0.488791E+00
 0.260750E+01   0.178470E+01   0.126897E+02   0.203712E+01   0.493447E+00
 0.263700E+01   0.180059E+01   0.126785E+02   0.205815E+01   0.498080E+00
 0.266650E+01   0.181599E+01   0.126727E+02   0.207861E+01   0.502691E+00
 0.269600E+01   0.183093E+01   0.126623E+02   0.209851E+01   0.507281E+00
 0.272550E+01   0.184541E+01   0.126529E+02   0.211787E+01   0.511850E+00
 0.275500E+01   0.185944E+01   0.126425E+02   0.213669E+01   0.516397E+00
 0.278450E+01   0.187303E+01   0.126290E+02   0.215499E+01   0.520923E+00
 0.281400E+01   0.188620E+01   0.126198E+02   0.217276E+01   0.525429E+00
 0.284350E+01   0.189896E+01   0.126109E+02   0.219004E+01   0.529914E+00
 0.287300E+01   0.191132E+01   0.125992E+02   0.220682E+01   0.534379E+00
 0.290250E+01   0.192328E+01   0.125888E+02   0.222312E+01   0.538824E+00
 0.293200E+01   0.193487E+01   0.125736E+02   0.223895E+01   0.543249E+00
 0.296150E+01   0.194609E+01   0.125670E+02   0.225432E+01   0.547654E+00
 0.299100E+01   0.195696E+01   0.125517E+02   0.226925E+01   0.552041E+00
 0.302050E+01   0.196748E+01   0.125422E+02   0.228374E+01   0.556408E+00
 0.305000E+01   0.197766E+01   0.125285E+02   0.229780E+01   0.560757E+00
 0.307950E+01   0.198752E+01   0.125179E+02   0.231145E+01   0.565087E+00
 0.310900E+01   0.199706E+01   0.125047E+02   0.232470E+01   0.569398E+00
 0.313850E+01   0.200629E+01   0.124897E+02   0.233755E+01   0.573692E+00
 0.316800E+01   0.201523E+01   0.124817E+02   0.235003E+01   0.577967E+00
 0.319750E+01   0.202389E+01   0.124691E+02   0.236213E+01   0.582225E+00
 0.322700E+01   0.203226E+01   0.124501E+02   0.237387E+01   0.586466E+00
 0.325650E+01   0.204037E+01   0.124464E+02   0.238526E+01   0.590689E+00
 0.328600E+01   0.204821E+01   0.124278E+02   0.239631E+01   0.594895E+00
 0.331550E+01   0.205580E+01   0.124208E+02   0.240703E+01   0.599084E+00
 0.334500E+01   0.206315E+01   0.124008E+02   0.241742E+01   0.603257E+00
 0.337450E+01   0.207026E+01   0.123914E+02   0.242751E+01   0.607413E+00
 0.340400E+01   0.207714E+01   0.123777E+02   0.243728E+01   0.611553E+00
 0.343350E+01   0.208380E+01   0.123726E+02   0.244676E+01   0.615677E+00
 0.346300E+01   0.209025E+01   0.123603E+02   0.245596E+01   0.619785E+00
 0.349250E+01   0.209648E+01   0.123423E+02   0.246487E+01   0.623878E+00
 0.352200E+01   0.210252E+01   0.123366E+02   0.247352E+01   0.627955E+00
 0.355150E+01   0.210836E+01   0.123212E+02   0.248190E+01   0.632016E+00
 0.358100E+01   0.211401E+01   0.123035E+02   0.249003E+01   0.636063E+00
 0.361050E+01   0.211948E+01   0.122926E+02   0.249790E+01   0.640094E+00
 0.364000E+01   0.212477E+01   0.122864E+02   0.250554E+01   0.644111E+00
 0.366950E+01   0.212989E+01   0.122674E+02   0.251294E+01   0.648114E+00
 0.369900E+01   0.213484E+01   0.122592E+02   0.252012E+01   0.652102E+00
 0.372850E+01   0.213963E+01   0.122448E+02   0.252707E+01   0.656075E+00
 0.375800E+01   0.214427E+01   0.122342E+02   0.253381E+01   0.660035E+00
 0.378750E+01   0.214876E+01   0.122207E+02   0.254034E+01   0.663981E+00
 0.381700E+01   0.215310E+01   0.122109E+02   0.254667E+01   0.667913E+00
 0.384650E+01   0.215729E+01   0.122026E+02   0.255280E+01   0.671831E+00
 0.387600E+01   0.216135E+01   0.121860E+02   0.255874E+01   0.675736E+00
 0.390550E+01   0.216528E+01   0.121744E+02   0.256450E+01   0.679628E+00
 0.393500E+01   0.216908E+01   0.121655E+02   0.257007E+01   0.683507E+00
 0.396450E+01   0.217276E+01   0.121563E+02   0.257547E+01   0.687373E+00
 0.399400E+01   0.217631E+01   0.121379E+02   0.258070E+01   0.691225E+00
 0.402350E+01   0.217975E+01   0.121298E+02   0.258576E+01   0.695066E+00
 0.405300E+01   0.218307E+01   0.121209E+02   0.259067E+01   0.698893E+00
 0.408250E+01   0.218628E+01   0.121076E+02   0.259541E+01   0.702708E+00
 0.411200E+01   0.218939E+01   0.121005E+02   0.260001E+01   0.706511E+00
 0.414150E+01   0.219239E+01   0.120846E+02   0.260446E+01   0.710302E+00
 0.417100E+01   0.219529E+01   0.120714E+02   0.260876E+01   0.714081E+00
 0.420050E+01   0.219809E+01   0.120661E+02   0.261293E+01   0.717848E+00
 0.423000E+01   0.220080E+01   0.120562E+02   0.261696E+01   0.721604E+00
 0.425950E+01   0.220342E+01   0.120388E+02   0.262086E+01   0.725347E+00
 0.428900E+01   0.220595E+01   0.120293E+02   0.262463E+01   0.729079E+00
 0.431850E+01   0.220839E+01   0.120177E+02   0.262828E+01   0.732800E+00
 0.434800E+01   0.221075E+01   0.120095E+02   0.263180E+01   0.736510E+00
 0.437750E+01   0.221303E+01   0.120009E+02   0.263521E+01   0.740208E+00
 0.440700E+01   0.221523E+01   0.119896E+02   0.263850E+01   0.743896E+00
 0.443650E+01   0.221735E+01   0.119703E+02   0.264169E+01   0.747572E+00
 0.446600E+01   0.221940E+01   0.119657E+02   0.264476E+01   0.751238E+00
 0.449550E+01   0.222137E+01   0.119507E+02   0.264773E+01   0.754893E+00
 0.452500E+01   0.222328E+01   0.119430E+02   0.265060E+01   0.758538E+00
 0.455450E+01   0.222511E+01   0.119279E+02   0.265336E+01   0.762172E+00
 0.458400E+01   0.222688E+01   0.119252E+02   0.265603E+01   0.765796E+00
 0.461350E+01   0.222859E+01   0.119118E+02   0.265861E+01   0.769409E+00
 0.464300E+01   0.223023E+01   0.119031E+02   0.266109E+01   0.773013E+00
 0.467250E+01   0.223182E+01   0.118890E+02   0.266349E+01   0.776606E+00
 0.470200E+01   0.223334E+01   0.118851E+02   0.266580E+01   0.780190E+00
 0.473150E+01   0.223481E+01   0.118724E+02   0.266802E+01   0.783763E+00
 0.476100E+01   0.223622E+01   0.118618E+02   0.267016E+01   0.787327E+00
 0.479050E+01   0.223758E+01   0.118538E+02   0.267222E+01   0.790881E+00
 0.482000E+01   0.223888E+01   0.118451E+02   0.267421E+01   0.794426E+00
 0.484950E+01   0.224014E+01   0.118274E+02   0.267611E+01   0.797961E+00
 0.487900E+01   0.224134E+01   0.118242E+02   0.267795E+01   0.801487E+00
 0.490850E+01   0.224250E+01   0.118136E+02   0.267971E+01   0.805004E+00
 0.493800E+01   0.224360E+01   0.118029E+02   0.268140E+01   0.808511E+00
 0.496750E+01   0.224467E+01   0.117958E+02   0.268302E+01   0.812009E+00
 0.499700E+01   0.224569E+01   0.117813E+02   0.268458E+01   0.815499E+00
 0.502650E+01   0.224666E+01   0.117684E+02   0.268607E+01   0.818979E+00
 0.505600E+01   0.224760E+01   0.117596E+02   0.268750E+01   0.822451E+00
 0.508550E+01   0.224849E+01   0.117545E+02   0.268886E+01   0.825913E+00
 0.511500E+01   0.224934E+01   0.117389E+02   0.269017E+01   0.829367E+00
 0.514450E+01   0.225016E+01   0.117308E+02   0.269142E+01   0.832813E+00
 0.517400E+01   0.225093E+01   0.117263E+02   0.269261E+01   0.836250E+00
 0.520350E+01   0.225167E+01   0.117126E+02   0.269375E+01   0.839678E+00
 0.523300E+01   0.225238E+01   0.117019E+02   0.269483E+01   0.843099E+00
 0.526250E+01   0.225305E+01   0.117007E+02   0.269586E+01   0.846510E+00
 0.529200E+01   0.225368E+01   0.116876E+02   0.269684E+01   0.849914E+00
 0.532150E+01   0.225428E+01   0.116808E+02   0.269777E+01   0.853309E+00
 0.535100E+01   0.225486E+01   0.116752E+02   0.269865E+01   0.856697E+00
 0.538050E+01   0.225540E+01   0.116642E+02   0.269948E+01   0.860076E+00
 0.541000E+01   0.225590E+01   0.116533E+02   0.270027E+01   0.863448E+00
 0.543950E+01   0.225638E+01   0.116467E+02   0.270101E+01   0.866811E+00
 0.546900E+01   0.225684E+01   0.116333E+02   0.270171E+01   0.870167E+00
 0.549850E+01   0.225726E+01   0.116257E+02   0.270236E+01   0.873515E+00
 0.552800E+01   0.225765E+01   0.116214E+02   0.270297E+01   0.876856E+00
 0.555750E+01   0.225802E+01   0.116101E+02   0.270354E+01   0.880188E+00
 0.558700E+01   0.225837E+01   0.115978E+02   0.270408E+01   0.883514E+00
 0.561650E+01   0.225869E+01   0.115949E+02   0.270457E+01   0.886831E+00
 0.564600E+01   0.225898E+01   0.115821E+02   0.270503E+01   0.890142E+00
 0.567550E+01   0.225925E+01   0.115800E+02   0.270545E+01   0.893445E+00
 0.570500E+01   0.225950E+01   0.115633E+02   0.270583E+01   0.896741E+00
 0.573450E+01   0.225972E+01   0.115564E+02   0.270618E+01   0.900029E+00
 0.576400E+01   0.225992E+01   0.115513E+02   0.270649E+01   0.903311E+00
 0.579350E+01   0.226010E+01   0.115414E+02   0.270677E+01   0.906585E+00
 0.582300E+01   0.226026E+01   0.115363E+02   0.270702E+01   0.909852E+00
 0.585250E+01   0.226040E+01   0.115268E+02   0.270723E+01   0.913112E+00
 0.588200E+01   0.226052E+01   0.115194E+02   0.270742E+01   0.916366E+00
 0.591150E+01   0.226062E+01   0.115124E+02   0.270757E+01   0.919612E+00
 0.594100E+01   0.226070E+01   0.115042E+02   0.270770E+01   0.922852E+00
 0.597050E+01   0.226076E+01   0.114957E+02   0.270780E+01   0.926084E+00
