 0.100000E+00   0.327197E+00   0.170940E+03   0.329532E+00   0.209161E-01
 0.129500E+00   0.293492E+00   0.176821E+03   0.295553E+00   0.270697E-01
 0.159000E+00   0.250822E+00   0.181227E+03   0.252521E+00   0.332166E-01
 0.188500E+00   0.181190E+00   0.163447E+03   0.182293E+00   0.393570E-01
 0.218000E+00   0.128858E+00   0.141070E+03   0.129521E+00   0.454912E-01
 0.247500E+00   0.100059E+00   0.115124E+03   0.100479E+00   0.516192E-01
 0.277000E+00   0.905743E-01   0.984736E+02   0.909127E-01   0.577413E-01
 0.306500E+00   0.882786E-01   0.806307E+02   0.885945E-01   0.638576E-01
 0.336000E+00   0.890030E-01   0.655487E+02   0.893277E-01   0.701445E-01
 0.365500E+00   0.930435E-01   0.477228E+02   0.934207E-01   0.762653E-01
 0.395000E+00   0.992404E-01   0.410327E+02   0.997028E-01   0.823785E-01
 0.424500E+00   0.106705E+00   0.400564E+02   0.107279E+00   0.884838E-01
 0.454000E+00   0.115116E+00   0.354793E+02   0.115824E+00   0.945811E-01
 0.483500E+00   0.124308E+00   0.296831E+02   0.125178E+00   0.100670E+00
 0.513000E+00   0.134185E+00   0.258819E+02   0.135241E+00   0.106750E+00
 0.542500E+00   0.144696E+00   0.232163E+02   0.145967E+00   0.112822E+00
 0.572000E+00   0.155822E+00   0.212667E+02   0.157340E+00   0.118885E+00
 0.601500E+00   0.167559E+00   0.197842E+02   0.169355E+00   0.124938E+00
 0.631000E+00   0.179655E+00   0.186435E+02   0.181760E+00   0.130982E+00
 0.660500E+00   0.192177E+00   0.177391E+02   0.194626E+00   0.137015E+00
 0.690000E+00   0.205234E+00   0.170014E+02   0.208065E+00   0.143039E+00
 0.719500E+00   0.218884E+00   0.163828E+02   0.222142E+00   0.149053E+00
 0.749000E+00   0.233177E+00   0.158737E+02   0.236911E+00   0.155056E+00
 0.778500E+00   0.248153E+00   0.154298E+02   0.252418E+00   0.161047E+00
 0.808000E+00   0.263847E+00   0.150534E+02   0.268705E+00   0.167027E+00
 0.837500E+00   0.280289E+00   0.147279E+02   0.285807E+00   0.172995E+00
 0.867000E+00   0.297503E+00   0.144548E+02   0.303754E+00   0.178951E+00
 0.896500E+00   0.315506E+00   0.142066E+02   0.322571E+00   0.184894E+00
 0.926000E+00   0.334313E+00   0.140011E+02   0.342278E+00   0.190823E+00
 0.955500E+00   0.353930E+00   0.138120E+02   0.362891E+00   0.196738E+00
 0.985000E+00   0.374359E+00   0.136525E+02   0.384417E+00   0.202639E+00
 0.101450E+01   0.395598E+00   0.135138E+02   0.406863E+00   0.208525E+00
 0.104400E+01   0.417640E+00   0.133953E+02   0.430226E+00   0.214396E+00
 0.107350E+01   0.440471E+00   0.132865E+02   0.454503E+00   0.220251E+00
 0.110300E+01   0.464076E+00   0.131979E+02   0.479685E+00   0.226089E+00
 0.113250E+01   0.488433E+00   0.131209E+02   0.505756E+00   0.231910E+00
 0.116200E+01   0.513518E+00   0.130495E+02   0.532700E+00   0.237715E+00
 0.119150E+01   0.539304E+00   0.129960E+02   0.560494E+00   0.243501E+00
 0.122100E+01   0.565758E+00   0.129489E+02   0.589114E+00   0.249269E+00
 0.125050E+01   0.592845E+00   0.129074E+02   0.618530E+00   0.255018E+00
 0.128000E+01   0.620530E+00   0.128675E+02   0.648710E+00   0.260748E+00
 0.130950E+01   0.648770E+00   0.128354E+02   0.679617E+00   0.266458E+00
 0.133900E+01   0.677525E+00   0.128194E+02   0.711214E+00   0.272147E+00
 0.136850E+01   0.706748E+00   0.127969E+02   0.743459E+00   0.277817E+00
 0.139800E+01   0.736394E+00   0.127792E+02   0.776306E+00   0.283465E+00
 0.142750E+01   0.766413E+00   0.127687E+02   0.809711E+00   0.289091E+00
 0.145700E+01   0.796757E+00   0.127590E+02   0.843622E+00   0.294696E+00
 0.148650E+01   0.827374E+00   0.127463E+02   0.877990E+00   0.300279E+00
 0.151600E+01   0.858213E+00   0.127472E+02   0.912761E+00   0.305838E+00
 0.154550E+01   0.889222E+00   0.127406E+02   0.947882E+00   0.311375E+00
 0.157500E+01   0.920347E+00   0.127344E+02   0.983295E+00   0.316889E+00
 0.160450E+01   0.951536E+00   0.127338E+02   0.101895E+01   0.322379E+00
 0.163400E+01   0.982739E+00   0.127409E+02   0.105478E+01   0.327845E+00
 0.166350E+01   0.101390E+01   0.127425E+02   0.109073E+01   0.333287E+00
 0.169300E+01   0.104498E+01   0.127357E+02   0.112675E+01   0.338705E+00
 0.172250E+01   0.107591E+01   0.127445E+02   0.116278E+01   0.344097E+00
 0.175200E+01   0.110667E+01   0.127442E+02   0.119877E+01   0.349466E+00
 0.178150E+01   0.113719E+01   0.127404E+02   0.123466E+01   0.354809E+00
 0.181100E+01   0.116744E+01   0.127471E+02   0.127039E+01   0.360126E+00
 0.184050E+01   0.119738E+01   0.127471E+02   0.130593E+01   0.365419E+00
 0.187000E+01   0.122697E+01   0.127513E+02   0.134122E+01   0.370686E+00
 0.189950E+01   0.125618E+01   0.127547E+02   0.137621E+01   0.375928E+00
 0.192900E+01   0.128496E+01   0.127492E+02   0.141087E+01   0.381144E+00
 0.195850E+01   0.131330E+01   0.127554E+02   0.144514E+01   0.386335E+00
 0.198800E+01   0.134117E+01   0.127508E+02   0.147901E+01   0.391500E+00
 0.201750E+01   0.136854E+01   0.127515E+02   0.151243E+01   0.396640E+00
 0.204700E+01   0.139540E+01   0.127530E+02   0.154537E+01   0.401754E+00
 0.207650E+01   0.142173E+01   0.127519E+02   0.157780E+01   0.406843E+00
 0.210600E+01   0.144750E+01   0.127526E+02   0.160970E+01   0.411906E+00
 0.213550E+01   0.147272E+01   0.127496E+02   0.164105E+01   0.416944E+00
 0.216500E+01   0.149737E+01   0.127504E+02   0.167183E+01   0.421956E+00
 0.219450E+01   0.152144E+01   0.127468E+02   0.170202E+01   0.426944E+00
 0.222400E+01   0.154494E+01   0.127403E+02   0.173161E+01   0.431907E+00
 0.225350E+01   0.156785E+01   0.127311E+02   0.176059E+01   0.436844E+00
 0.228300E+01   0.159017E+01   0.127277E+02   0.178896E+01   0.441758E+00
 0.231250E+01   0.161192E+01   0.127250E+02   0.181669E+01   0.446646E+00
 0.234200E+01   0.163308E+01   0.127245E+02   0.184380E+01   0.451510E+00
 0.237150E+01   0.165368E+01   0.127124E+02   0.187028E+01   0.456351E+00
 0.240100E+01   0.167370E+01   0.127115E+02   0.189613E+01   0.461167E+00
 0.243050E+01   0.169315E+01   0.126984E+02   0.192135E+01   0.465959E+00
 0.246000E+01   0.171206E+01   0.126925E+02   0.194595E+01   0.470729E+00
 0.248950E+01   0.173041E+01   0.126926E+02   0.196992E+01   0.475474E+00
 0.251900E+01   0.174823E+01   0.126778E+02   0.199328E+01   0.480197E+00
 0.254850E+01   0.176552E+01   0.126708E+02   0.201603E+01   0.484897E+00
 0.257800E+01   0.178230E+01   0.126616E+02   0.203818E+01   0.489574E+00
 0.260750E+01   0.179857E+01   0.126558E+02   0.205974E+01   0.494229E+00
 0.263700E+01   0.181434E+01   0.126434E+02   0.208071E+01   0.498861E+00
 0.266650E+01   0.182963E+01   0.126348E+02   0.210111E+01   0.503472E+00
 0.269600E+01   0.184445E+01   0.126271E+02   0.212095E+01   0.508061E+00
 0.272550E+01   0.185881E+01   0.126164E+02   0.214023E+01   0.512629E+00
 0.275500E+01   0.187272E+01   0.126113E+02   0.215898E+01   0.517175E+00
 0.278450E+01   0.188619E+01   0.126013E+02   0.217719E+01   0.521701E+00
 0.281400E+01   0.189925E+01   0.125856E+02   0.219489E+01   0.526206E+00
 0.284350E+01   0.191188E+01   0.125780E+02   0.221208E+01   0.530690E+00
 0.287300E+01   0.192412E+01   0.125725E+02   0.222877E+01   0.535155E+00
 0.290250E+01   0.193597E+01   0.125565E+02   0.224498E+01   0.539599E+00
 0.293200E+01   0.194744E+01   0.125426E+02   0.226072E+01   0.544023E+00
 0.296150E+01   0.195855E+01   0.125347E+02   0.227600E+01   0.548428E+00
 0.299100E+01   0.196929E+01   0.125265E+02   0.229083E+01   0.552814E+00
 0.302050E+01   0.197970E+01   0.125138E+02   0.230522E+01   0.557181E+00
 0.305000E+01   0.198977E+01   0.125016E+02   0.231919E+01   0.561529E+00
 0.307950E+01   0.199951E+01   0.124903E+02   0.233274E+01   0.565858E+00
 0.310900E+01   0.200894E+01   0.124837E+02   0.234589E+01   0.570169E+00
 0.313850E+01   0.201807E+01   0.124666E+02   0.235865E+01   0.574462E+00
 0.316800E+01   0.202690E+01   0.124611E+02   0.237103E+01   0.578737E+00
 0.319750E+01   0.203545E+01   0.124487E+02   0.238303E+01   0.582994E+00
 0.322700E+01   0.204372E+01   0.124360E+02   0.239468E+01   0.587234E+00
 0.325650E+01   0.205173E+01   0.124187E+02   0.240597E+01   0.591456E+00
 0.328600E+01   0.205947E+01   0.124055E+02   0.241692E+01   0.595662E+00
 0.331550E+01   0.206696E+01   0.124019E+02   0.242755E+01   0.599850E+00
 0.334500E+01   0.207421E+01   0.123825E+02   0.243785E+01   0.604022E+00
 0.337450E+01   0.208123E+01   0.123702E+02   0.244783E+01   0.608178E+00
 0.340400E+01   0.208802E+01   0.123655E+02   0.245752E+01   0.612317E+00
 0.343350E+01   0.209459E+01   0.123465E+02   0.246691E+01   0.616441E+00
 0.346300E+01   0.210094E+01   0.123386E+02   0.247601E+01   0.620548E+00
 0.349250E+01   0.210709E+01   0.123310E+02   0.248484E+01   0.624640E+00
 0.352200E+01   0.211304E+01   0.123165E+02   0.249339E+01   0.628716E+00
 0.355150E+01   0.211879E+01   0.123029E+02   0.250169E+01   0.632778E+00
 0.358100E+01   0.212436E+01   0.122889E+02   0.250973E+01   0.636824E+00
 0.361050E+01   0.212975E+01   0.122804E+02   0.251752E+01   0.640855E+00
 0.364000E+01   0.213496E+01   0.122711E+02   0.252507E+01   0.644871E+00
 0.366950E+01   0.214000E+01   0.122583E+02   0.253238E+01   0.648873E+00
 0.369900E+01   0.214488E+01   0.122427E+02   0.253948E+01   0.652861E+00
 0.372850E+01   0.214959E+01   0.122303E+02   0.254635E+01   0.656834E+00
 0.375800E+01   0.215416E+01   0.122210E+02   0.255300E+01   0.660793E+00
 0.378750E+01   0.215857E+01   0.122140E+02   0.255946E+01   0.664738E+00
 0.381700E+01   0.216284E+01   0.122017E+02   0.256570E+01   0.668670E+00
 0.384650E+01   0.216697E+01   0.121879E+02   0.257176E+01   0.672588E+00
 0.387600E+01   0.217096E+01   0.121712E+02   0.257762E+01   0.676493E+00
 0.390550E+01   0.217482E+01   0.121636E+02   0.258330E+01   0.680384E+00
 0.393500E+01   0.217856E+01   0.121549E+02   0.258880E+01   0.684262E+00
 0.396450E+01   0.218217E+01   0.121372E+02   0.259412E+01   0.688127E+00
 0.399400E+01   0.218566E+01   0.121271E+02   0.259928E+01   0.691980E+00
 0.402350E+01   0.218903E+01   0.121192E+02   0.260427E+01   0.695820E+00
 0.405300E+01   0.219229E+01   0.121036E+02   0.260910E+01   0.699647E+00
 0.408250E+01   0.219545E+01   0.120953E+02   0.261378E+01   0.703462E+00
 0.411200E+01   0.219849E+01   0.120809E+02   0.261831E+01   0.707264E+00
 0.414150E+01   0.220144E+01   0.120762E+02   0.262269E+01   0.711055E+00
 0.417100E+01   0.220428E+01   0.120660E+02   0.262692E+01   0.714833E+00
 0.420050E+01   0.220703E+01   0.120498E+02   0.263102E+01   0.718600E+00
 0.423000E+01   0.220969E+01   0.120369E+02   0.263499E+01   0.722355E+00
 0.425950E+01   0.221225E+01   0.120259E+02   0.263882E+01   0.726098E+00
 0.428900E+01   0.221473E+01   0.120126E+02   0.264253E+01   0.729830E+00
 0.431850E+01   0.221712E+01   0.120053E+02   0.264611E+01   0.733551E+00
 0.434800E+01   0.221943E+01   0.119964E+02   0.264957E+01   0.737260E+00
 0.437750E+01   0.222165E+01   0.119892E+02   0.265292E+01   0.740958E+00
 0.440700E+01   0.222380E+01   0.119736E+02   0.265615E+01   0.744645E+00
 0.443650E+01   0.222588E+01   0.119636E+02   0.265927E+01   0.748322E+00
 0.446600E+01   0.222788E+01   0.119577E+02   0.266229E+01   0.751987E+00
 0.449550E+01   0.222981E+01   0.119394E+02   0.266520E+01   0.755642E+00
 0.452500E+01   0.223167E+01   0.119296E+02   0.266801E+01   0.759286E+00
 0.455450E+01   0.223346E+01   0.119250E+02   0.267072E+01   0.762920E+00
 0.458400E+01   0.223519E+01   0.119161E+02   0.267333E+01   0.766544E+00
 0.461350E+01   0.223685E+01   0.118981E+02   0.267585E+01   0.770157E+00
 0.464300E+01   0.223845E+01   0.118906E+02   0.267828E+01   0.773760E+00
 0.467250E+01   0.223999E+01   0.118787E+02   0.268062E+01   0.777353E+00
 0.470200E+01   0.224148E+01   0.118730E+02   0.268288E+01   0.780937E+00
 0.473150E+01   0.224290E+01   0.118604E+02   0.268505E+01   0.784510E+00
 0.476100E+01   0.224428E+01   0.118541E+02   0.268713E+01   0.788074E+00
 0.479050E+01   0.224559E+01   0.118417E+02   0.268914E+01   0.791628E+00
 0.482000E+01   0.224686E+01   0.118329E+02   0.269108E+01   0.795172E+00
 0.484950E+01   0.224808E+01   0.118217E+02   0.269293E+01   0.798707E+00
 0.487900E+01   0.224924E+01   0.118085E+02   0.269472E+01   0.802233E+00
 0.490850E+01   0.225036E+01   0.118004E+02   0.269643E+01   0.805749E+00
 0.493800E+01   0.225144E+01   0.117966E+02   0.269807E+01   0.809257E+00
 0.496750E+01   0.225247E+01   0.117798E+02   0.269964E+01   0.812755E+00
 0.499700E+01   0.225345E+01   0.117706E+02   0.270115E+01   0.816244E+00
 0.502650E+01   0.225439E+01   0.117608E+02   0.270260E+01   0.819724E+00
 0.505600E+01   0.225529E+01   0.117588E+02   0.270398E+01   0.823196E+00
 0.508550E+01   0.225615E+01   0.117425E+02   0.270530E+01   0.826658E+00
 0.511500E+01   0.225697E+01   0.117362E+02   0.270656E+01   0.830112E+00
 0.514450E+01   0.225775E+01   0.117276E+02   0.270777E+01   0.833557E+00
 0.517400E+01   0.225850E+01   0.117135E+02   0.270891E+01   0.836994E+00
 0.520350E+01   0.225921E+01   0.117100E+02   0.271001E+01   0.840423E+00
 0.523300E+01   0.225988E+01   0.116985E+02   0.271105E+01   0.843843E+00
 0.526250E+01   0.226052E+01   0.116942E+02   0.271203E+01   0.847254E+00
 0.529200E+01   0.226113E+01   0.116844E+02   0.271297E+01   0.850658E+00
 0.532150E+01   0.226170E+01   0.116739E+02   0.271386E+01   0.854053E+00
 0.535100E+01   0.226224E+01   0.116662E+02   0.271470E+01   0.857441E+00
 0.538050E+01   0.226276E+01   0.116510E+02   0.271549E+01   0.860820E+00
 0.541000E+01   0.226324E+01   0.116455E+02   0.271624E+01   0.864191E+00
 0.543950E+01   0.226369E+01   0.116347E+02   0.271694E+01   0.867555E+00
 0.546900E+01   0.226412E+01   0.116295E+02   0.271759E+01   0.870910E+00
 0.549850E+01   0.226451E+01   0.116212E+02   0.271821E+01   0.874258E+00
 0.552800E+01   0.226488E+01   0.116065E+02   0.271878E+01   0.877599E+00
 0.555750E+01   0.226522E+01   0.115989E+02   0.271932E+01   0.880931E+00
 0.558700E+01   0.226554E+01   0.115928E+02   0.271981E+01   0.884257E+00
 0.561650E+01   0.226584E+01   0.115826E+02   0.272027E+01   0.887574E+00
 0.564600E+01   0.226610E+01   0.115796E+02   0.272069E+01   0.890885E+00
 0.567550E+01   0.226635E+01   0.115670E+02   0.272107E+01   0.894188E+00
 0.570500E+01   0.226657E+01   0.115608E+02   0.272142E+01   0.897483E+00
 0.573450E+01   0.226677E+01   0.115530E+02   0.272173E+01   0.900772E+00
 0.576400E+01   0.226695E+01   0.115477E+02   0.272201E+01   0.904053E+00
 0.579350E+01   0.226711E+01   0.115400E+02   0.272225E+01   0.907328E+00
 0.582300E+01   0.226724E+01   0.115282E+02   0.272247E+01   0.910595E+00
 0.585250E+01   0.226736E+01   0.115180E+02   0.272265E+01   0.913855E+00
 0.588200E+01   0.226746E+01   0.115087E+02   0.272280E+01   0.917108E+00
 0.591150E+01   0.226754E+01   0.115066E+02   0.272292E+01   0.920355E+00
 0.594100E+01   0.226759E+01   0.114986E+02   0.272301E+01   0.923594E+00
 0.597050E+01   0.226763E+01   0.114898E+02   0.272308E+01   0.926827E+00
