 0.100000E+00   0.327197E+00   0.170940E+03   0.329532E+00   0.209161E-01
 0.129500E+00   0.293492E+00   0.176821E+03   0.295553E+00   0.270697E-01
 0.159000E+00   0.250273E+00   0.180846E+03   0.251967E+00   0.332166E-01
 0.188500E+00   0.182340E+00   0.164521E+03   0.183453E+00   0.393570E-01
 0.218000E+00   0.129203E+00   0.141600E+03   0.129869E+00   0.454912E-01
 0.247500E+00   0.998469E-01   0.114483E+03   0.100265E+00   0.516192E-01
 0.277000E+00   0.905791E-01   0.985057E+02   0.909175E-01   0.577413E-01
 0.306500E+00   0.882441E-01   0.801109E+02   0.885597E-01   0.638576E-01
 0.336000E+00   0.943379E-01   0.462954E+02   0.947165E-01   0.700415E-01
 0.365500E+00   0.103386E+00   0.403106E+02   0.103873E+00   0.761452E-01
 0.395000E+00   0.113534E+00   0.387485E+02   0.114160E+00   0.822403E-01
 0.424500E+00   0.124294E+00   0.313299E+02   0.125083E+00   0.883267E-01
 0.454000E+00   0.135467E+00   0.269084E+02   0.136444E+00   0.944042E-01
 0.483500E+00   0.146966E+00   0.240238E+02   0.148156E+00   0.100473E+00
 0.513000E+00   0.158759E+00   0.219850E+02   0.160186E+00   0.106532E+00
 0.542500E+00   0.170829E+00   0.204785E+02   0.172521E+00   0.112582E+00
 0.572000E+00   0.182779E+00   0.193540E+02   0.184754E+00   0.118623E+00
 0.601500E+00   0.194782E+00   0.184744E+02   0.197061E+00   0.124654E+00
 0.631000E+00   0.206978E+00   0.177493E+02   0.209587E+00   0.130676E+00
 0.660500E+00   0.219451E+00   0.171458E+02   0.222421E+00   0.136688E+00
 0.690000E+00   0.232274E+00   0.166292E+02   0.235636E+00   0.142691E+00
 0.719500E+00   0.245506E+00   0.161891E+02   0.249300E+00   0.148683E+00
 0.749000E+00   0.259204E+00   0.157996E+02   0.263470E+00   0.154665E+00
 0.778500E+00   0.273417E+00   0.154647E+02   0.278202E+00   0.160636E+00
 0.808000E+00   0.288190E+00   0.151622E+02   0.293545E+00   0.166595E+00
 0.837500E+00   0.303562E+00   0.148978E+02   0.309545E+00   0.172543E+00
 0.867000E+00   0.319569E+00   0.146555E+02   0.326241E+00   0.178479E+00
 0.896500E+00   0.336241E+00   0.144490E+02   0.343672E+00   0.184403E+00
 0.926000E+00   0.353604E+00   0.142510E+02   0.361867E+00   0.190314E+00
 0.955500E+00   0.371678E+00   0.140809E+02   0.380854E+00   0.196211E+00
 0.985000E+00   0.390478E+00   0.139331E+02   0.400656E+00   0.202095E+00
 0.101450E+01   0.410017E+00   0.137987E+02   0.421291E+00   0.207964E+00
 0.104400E+01   0.430301E+00   0.136680E+02   0.442772E+00   0.213819E+00
 0.107350E+01   0.451332E+00   0.135582E+02   0.465109E+00   0.219658E+00
 0.110300E+01   0.473107E+00   0.134646E+02   0.488305E+00   0.225482E+00
 0.113250E+01   0.495618E+00   0.133804E+02   0.512361E+00   0.231290E+00
 0.116200E+01   0.518856E+00   0.132982E+02   0.537272E+00   0.237081E+00
 0.119150E+01   0.542804E+00   0.132295E+02   0.563030E+00   0.242855E+00
 0.122100E+01   0.567442E+00   0.131683E+02   0.589621E+00   0.248611E+00
 0.125050E+01   0.592748E+00   0.131219E+02   0.617028E+00   0.254349E+00
 0.128000E+01   0.618693E+00   0.130768E+02   0.645229E+00   0.260069E+00
 0.130950E+01   0.645246E+00   0.130358E+02   0.674200E+00   0.265769E+00
 0.133900E+01   0.672374E+00   0.129934E+02   0.703909E+00   0.271450E+00
 0.136850E+01   0.700038E+00   0.129688E+02   0.734325E+00   0.277111E+00
 0.139800E+01   0.728198E+00   0.129396E+02   0.765410E+00   0.282752E+00
 0.142750E+01   0.756810E+00   0.129182E+02   0.797123E+00   0.288372E+00
 0.145700E+01   0.785829E+00   0.128977E+02   0.829420E+00   0.293970E+00
 0.148650E+01   0.815207E+00   0.128820E+02   0.862255E+00   0.299547E+00
 0.151600E+01   0.844893E+00   0.128620E+02   0.895578E+00   0.305102E+00
 0.154550E+01   0.874836E+00   0.128528E+02   0.929337E+00   0.310635E+00
 0.157500E+01   0.904985E+00   0.128367E+02   0.963477E+00   0.316144E+00
 0.160450E+01   0.935285E+00   0.128349E+02   0.997944E+00   0.321631E+00
 0.163400E+01   0.965684E+00   0.128251E+02   0.103268E+01   0.327094E+00
 0.166350E+01   0.996128E+00   0.128152E+02   0.106763E+01   0.332533E+00
 0.169300E+01   0.102657E+01   0.128198E+02   0.110273E+01   0.337949E+00
 0.172250E+01   0.105694E+01   0.128117E+02   0.113792E+01   0.343340E+00
 0.175200E+01   0.108721E+01   0.128125E+02   0.117315E+01   0.348706E+00
 0.178150E+01   0.111732E+01   0.128075E+02   0.120836E+01   0.354048E+00
 0.181100E+01   0.114722E+01   0.128003E+02   0.124349E+01   0.359365E+00
 0.184050E+01   0.117688E+01   0.128044E+02   0.127850E+01   0.364657E+00
 0.187000E+01   0.120624E+01   0.128019E+02   0.131332E+01   0.369924E+00
 0.189950E+01   0.123527E+01   0.127918E+02   0.134791E+01   0.375166E+00
 0.192900E+01   0.126393E+01   0.127980E+02   0.138223E+01   0.380382E+00
 0.195850E+01   0.129219E+01   0.127897E+02   0.141622E+01   0.385573E+00
 0.198800E+01   0.132002E+01   0.127916E+02   0.144985E+01   0.390738E+00
 0.201750E+01   0.134739E+01   0.127875E+02   0.148308E+01   0.395879E+00
 0.204700E+01   0.137428E+01   0.127806E+02   0.151587E+01   0.400993E+00
 0.207650E+01   0.140067E+01   0.127813E+02   0.154820E+01   0.406083E+00
 0.210600E+01   0.142653E+01   0.127781E+02   0.158003E+01   0.411147E+00
 0.213550E+01   0.145186E+01   0.127714E+02   0.161135E+01   0.416186E+00
 0.216500E+01   0.147664E+01   0.127684E+02   0.164212E+01   0.421199E+00
 0.219450E+01   0.150087E+01   0.127606E+02   0.167233E+01   0.426188E+00
 0.222400E+01   0.152453E+01   0.127615E+02   0.170196E+01   0.431152E+00
 0.225350E+01   0.154761E+01   0.127544E+02   0.173101E+01   0.436091E+00
 0.228300E+01   0.157013E+01   0.127432E+02   0.175946E+01   0.441005E+00
 0.231250E+01   0.159207E+01   0.127362E+02   0.178729E+01   0.445895E+00
 0.234200E+01   0.161344E+01   0.127335E+02   0.181452E+01   0.450761E+00
 0.237150E+01   0.163425E+01   0.127264E+02   0.184112E+01   0.455603E+00
 0.240100E+01   0.165448E+01   0.127212E+02   0.186711E+01   0.460420E+00
 0.243050E+01   0.167416E+01   0.127155E+02   0.189248E+01   0.465214E+00
 0.246000E+01   0.169328E+01   0.127069E+02   0.191723E+01   0.469985E+00
 0.248950E+01   0.171186E+01   0.126972E+02   0.194136E+01   0.474732E+00
 0.251900E+01   0.172991E+01   0.126846E+02   0.196489E+01   0.479456E+00
 0.254850E+01   0.174742E+01   0.126771E+02   0.198782E+01   0.484157E+00
 0.257800E+01   0.176442E+01   0.126744E+02   0.201014E+01   0.488836E+00
 0.260750E+01   0.178091E+01   0.126603E+02   0.203188E+01   0.493492E+00
 0.263700E+01   0.179690E+01   0.126491E+02   0.205304E+01   0.498126E+00
 0.266650E+01   0.181240E+01   0.126404E+02   0.207362E+01   0.502738E+00
 0.269600E+01   0.182744E+01   0.126357E+02   0.209364E+01   0.507328E+00
 0.272550E+01   0.184201E+01   0.126180E+02   0.211311E+01   0.511898E+00
 0.275500E+01   0.185613E+01   0.126150E+02   0.213204E+01   0.516445E+00
 0.278450E+01   0.186981E+01   0.126062E+02   0.215044E+01   0.520972E+00
 0.281400E+01   0.188306E+01   0.125927E+02   0.216832E+01   0.525478E+00
 0.284350E+01   0.189589E+01   0.125810E+02   0.218569E+01   0.529964E+00
 0.287300E+01   0.190833E+01   0.125680E+02   0.220257E+01   0.534430E+00
 0.290250E+01   0.192036E+01   0.125571E+02   0.221896E+01   0.538875E+00
 0.293200E+01   0.193202E+01   0.125424E+02   0.223487E+01   0.543301E+00
 0.296150E+01   0.194331E+01   0.125310E+02   0.225033E+01   0.547707E+00
 0.299100E+01   0.195424E+01   0.125241E+02   0.226533E+01   0.552094E+00
 0.302050E+01   0.196481E+01   0.125142E+02   0.227990E+01   0.556462E+00
 0.305000E+01   0.197505E+01   0.124973E+02   0.229404E+01   0.560811E+00
 0.307950E+01   0.198497E+01   0.124903E+02   0.230776E+01   0.565141E+00
 0.310900E+01   0.199456E+01   0.124824E+02   0.232107E+01   0.569453E+00
 0.313850E+01   0.200385E+01   0.124644E+02   0.233400E+01   0.573747E+00
 0.316800E+01   0.201284E+01   0.124546E+02   0.234653E+01   0.578023E+00
 0.319750E+01   0.202154E+01   0.124472E+02   0.235870E+01   0.582282E+00
 0.322700E+01   0.202996E+01   0.124291E+02   0.237050E+01   0.586522E+00
 0.325650E+01   0.203811E+01   0.124209E+02   0.238195E+01   0.590746E+00
 0.328600E+01   0.204600E+01   0.124038E+02   0.239305E+01   0.594952E+00
 0.331550E+01   0.205363E+01   0.123957E+02   0.240382E+01   0.599142E+00
 0.334500E+01   0.206101E+01   0.123826E+02   0.241427E+01   0.603315E+00
 0.337450E+01   0.206816E+01   0.123713E+02   0.242440E+01   0.607472E+00
 0.340400E+01   0.207508E+01   0.123633E+02   0.243423E+01   0.611612E+00
 0.343350E+01   0.208178E+01   0.123515E+02   0.244376E+01   0.615736E+00
 0.346300E+01   0.208825E+01   0.123366E+02   0.245300E+01   0.619845E+00
 0.349250E+01   0.209452E+01   0.123231E+02   0.246196E+01   0.623937E+00
 0.352200E+01   0.210059E+01   0.123065E+02   0.247065E+01   0.628015E+00
 0.355150E+01   0.210646E+01   0.123029E+02   0.247907E+01   0.632077E+00
 0.358100E+01   0.211214E+01   0.122873E+02   0.248724E+01   0.636124E+00
 0.361050E+01   0.211764E+01   0.122768E+02   0.249516E+01   0.640155E+00
 0.364000E+01   0.212296E+01   0.122580E+02   0.250283E+01   0.644173E+00
 0.366950E+01   0.212810E+01   0.122504E+02   0.251027E+01   0.648175E+00
 0.369900E+01   0.213308E+01   0.122435E+02   0.251748E+01   0.652164E+00
 0.372850E+01   0.213790E+01   0.122236E+02   0.252447E+01   0.656138E+00
 0.375800E+01   0.214256E+01   0.122157E+02   0.253124E+01   0.660097E+00
 0.378750E+01   0.214707E+01   0.122057E+02   0.253781E+01   0.664043E+00
 0.381700E+01   0.215144E+01   0.121913E+02   0.254417E+01   0.667976E+00
 0.384650E+01   0.215566E+01   0.121788E+02   0.255033E+01   0.671894E+00
 0.387600E+01   0.215974E+01   0.121735E+02   0.255630E+01   0.675800E+00
 0.390550E+01   0.216369E+01   0.121612E+02   0.256208E+01   0.679692E+00
 0.393500E+01   0.216751E+01   0.121482E+02   0.256769E+01   0.683571E+00
 0.396450E+01   0.217121E+01   0.121292E+02   0.257312E+01   0.687437E+00
 0.399400E+01   0.217478E+01   0.121274E+02   0.257837E+01   0.691290E+00
 0.402350E+01   0.217823E+01   0.121142E+02   0.258346E+01   0.695130E+00
 0.405300E+01   0.218158E+01   0.121036E+02   0.258839E+01   0.698958E+00
 0.408250E+01   0.218481E+01   0.120919E+02   0.259317E+01   0.702773E+00
 0.411200E+01   0.218793E+01   0.120776E+02   0.259779E+01   0.706577E+00
 0.414150E+01   0.219095E+01   0.120654E+02   0.260226E+01   0.710368E+00
 0.417100E+01   0.219387E+01   0.120580E+02   0.260659E+01   0.714147E+00
 0.420050E+01   0.219669E+01   0.120412E+02   0.261078E+01   0.717914E+00
 0.423000E+01   0.219941E+01   0.120377E+02   0.261483E+01   0.721669E+00
 0.425950E+01   0.220204E+01   0.120177E+02   0.261875E+01   0.725413E+00
 0.428900E+01   0.220459E+01   0.120060E+02   0.262254E+01   0.729146E+00
 0.431850E+01   0.220704E+01   0.119961E+02   0.262621E+01   0.732867E+00
 0.434800E+01   0.220942E+01   0.119921E+02   0.262976E+01   0.736576E+00
 0.437750E+01   0.221171E+01   0.119741E+02   0.263319E+01   0.740275E+00
 0.440700E+01   0.221392E+01   0.119678E+02   0.263650E+01   0.743963E+00
 0.443650E+01   0.221605E+01   0.119536E+02   0.263970E+01   0.747639E+00
 0.446600E+01   0.221812E+01   0.119456E+02   0.264279E+01   0.751305E+00
 0.449550E+01   0.222010E+01   0.119345E+02   0.264578E+01   0.754961E+00
 0.452500E+01   0.222202E+01   0.119231E+02   0.264867E+01   0.758605E+00
 0.455450E+01   0.222387E+01   0.119104E+02   0.265145E+01   0.762240E+00
 0.458400E+01   0.222565E+01   0.119069E+02   0.265414E+01   0.765864E+00
 0.461350E+01   0.222737E+01   0.118900E+02   0.265673E+01   0.769477E+00
 0.464300E+01   0.222902E+01   0.118821E+02   0.265923E+01   0.773081E+00
 0.467250E+01   0.223062E+01   0.118771E+02   0.266164E+01   0.776674E+00
 0.470200E+01   0.223215E+01   0.118668E+02   0.266397E+01   0.780258E+00
 0.473150E+01   0.223363E+01   0.118575E+02   0.266620E+01   0.783832E+00
 0.476100E+01   0.223505E+01   0.118486E+02   0.266836E+01   0.787396E+00
 0.479050E+01   0.223642E+01   0.118338E+02   0.267044E+01   0.790950E+00
 0.482000E+01   0.223773E+01   0.118237E+02   0.267243E+01   0.794495E+00
 0.484950E+01   0.223900E+01   0.118136E+02   0.267436E+01   0.798030E+00
 0.487900E+01   0.224021E+01   0.118012E+02   0.267620E+01   0.801556E+00
 0.490850E+01   0.224138E+01   0.117914E+02   0.267798E+01   0.805073E+00
 0.493800E+01   0.224249E+01   0.117885E+02   0.267968E+01   0.808581E+00
 0.496750E+01   0.224357E+01   0.117774E+02   0.268132E+01   0.812079E+00
 0.499700E+01   0.224459E+01   0.117691E+02   0.268289E+01   0.815568E+00
 0.502650E+01   0.224558E+01   0.117609E+02   0.268439E+01   0.819049E+00
 0.505600E+01   0.224652E+01   0.117457E+02   0.268583E+01   0.822521E+00
 0.508550E+01   0.224742E+01   0.117328E+02   0.268721E+01   0.825983E+00
 0.511500E+01   0.224828E+01   0.117305E+02   0.268853E+01   0.829438E+00
 0.514450E+01   0.224910E+01   0.117216E+02   0.268979E+01   0.832883E+00
 0.517400E+01   0.224989E+01   0.117049E+02   0.269099E+01   0.836320E+00
 0.520350E+01   0.225064E+01   0.116988E+02   0.269214E+01   0.839749E+00
 0.523300E+01   0.225135E+01   0.116899E+02   0.269324E+01   0.843169E+00
 0.526250E+01   0.225202E+01   0.116781E+02   0.269428E+01   0.846581E+00
 0.529200E+01   0.225267E+01   0.116760E+02   0.269527E+01   0.849985E+00
 0.532150E+01   0.225328E+01   0.116658E+02   0.269621E+01   0.853380E+00
 0.535100E+01   0.225385E+01   0.116599E+02   0.269710E+01   0.856768E+00
 0.538050E+01   0.225440E+01   0.116425E+02   0.269794E+01   0.860147E+00
 0.541000E+01   0.225492E+01   0.116357E+02   0.269874E+01   0.863519E+00
 0.543950E+01   0.225540E+01   0.116247E+02   0.269949E+01   0.866883E+00
 0.546900E+01   0.225586E+01   0.116150E+02   0.270020E+01   0.870239E+00
 0.549850E+01   0.225629E+01   0.116106E+02   0.270086E+01   0.873587E+00
 0.552800E+01   0.225669E+01   0.115985E+02   0.270148E+01   0.876927E+00
 0.555750E+01   0.225707E+01   0.115976E+02   0.270206E+01   0.880260E+00
 0.558700E+01   0.225742E+01   0.115897E+02   0.270260E+01   0.883586E+00
 0.561650E+01   0.225774E+01   0.115804E+02   0.270311E+01   0.886904E+00
 0.564600E+01   0.225804E+01   0.115684E+02   0.270357E+01   0.890214E+00
 0.567550E+01   0.225832E+01   0.115631E+02   0.270400E+01   0.893517E+00
 0.570500E+01   0.225857E+01   0.115562E+02   0.270439E+01   0.896813E+00
 0.573450E+01   0.225880E+01   0.115405E+02   0.270475E+01   0.900102E+00
 0.576400E+01   0.225901E+01   0.115396E+02   0.270507E+01   0.903383E+00
 0.579350E+01   0.225919E+01   0.115312E+02   0.270536E+01   0.906657E+00
 0.582300E+01   0.225936E+01   0.115233E+02   0.270561E+01   0.909925E+00
 0.585250E+01   0.225950E+01   0.115065E+02   0.270584E+01   0.913185E+00
 0.588200E+01   0.225962E+01   0.115022E+02   0.270603E+01   0.916439E+00
 0.591150E+01   0.225973E+01   0.114922E+02   0.270619E+01   0.919685E+00
 0.594100E+01   0.225981E+01   0.114863E+02   0.270633E+01   0.922925E+00
 0.597050E+01   0.225988E+01   0.114782E+02   0.270643E+01   0.926158E+00
