 0.100000E+00   0.327197E+00   0.170940E+03   0.329532E+00   0.209161E-01
 0.129500E+00   0.293492E+00   0.176821E+03   0.295553E+00   0.270697E-01
 0.159000E+00   0.250822E+00   0.181227E+03   0.252521E+00   0.332166E-01
 0.188500E+00   0.180408E+00   0.162716E+03   0.181505E+00   0.393570E-01
 0.218000E+00   0.128285E+00   0.140190E+03   0.128943E+00   0.454912E-01
 0.247500E+00   0.999687E-01   0.114851E+03   0.100388E+00   0.516192E-01
 0.277000E+00   0.906312E-01   0.988552E+02   0.909700E-01   0.577413E-01
 0.306500E+00   0.882419E-01   0.800784E+02   0.885575E-01   0.638576E-01
 0.336000E+00   0.891151E-01   0.647106E+02   0.894407E-01   0.701420E-01
 0.365500E+00   0.933187E-01   0.471651E+02   0.936984E-01   0.762624E-01
 0.395000E+00   0.996266E-01   0.409546E+02   0.100093E+00   0.823751E-01
 0.424500E+00   0.107162E+00   0.396372E+02   0.107740E+00   0.884799E-01
 0.454000E+00   0.115611E+00   0.351607E+02   0.116326E+00   0.945767E-01
 0.483500E+00   0.124814E+00   0.295029E+02   0.125689E+00   0.100665E+00
 0.513000E+00   0.134672E+00   0.257854E+02   0.135734E+00   0.106745E+00
 0.542500E+00   0.145139E+00   0.231638E+02   0.146415E+00   0.112816E+00
 0.572000E+00   0.156196E+00   0.212458E+02   0.157716E+00   0.118879E+00
 0.601500E+00   0.167835E+00   0.197814E+02   0.169633E+00   0.124931E+00
 0.631000E+00   0.179798E+00   0.186577E+02   0.181901E+00   0.130975E+00
 0.660500E+00   0.192177E+00   0.177536E+02   0.194619E+00   0.137009E+00
 0.690000E+00   0.205076E+00   0.170210E+02   0.207895E+00   0.143032E+00
 0.719500E+00   0.218556E+00   0.164176E+02   0.221795E+00   0.149046E+00
 0.749000E+00   0.232667E+00   0.158946E+02   0.236375E+00   0.155049E+00
 0.778500E+00   0.247454E+00   0.154565E+02   0.251684E+00   0.161040E+00
 0.808000E+00   0.262953E+00   0.150855E+02   0.267765E+00   0.167021E+00
 0.837500E+00   0.279197E+00   0.147597E+02   0.284658E+00   0.172989E+00
 0.867000E+00   0.296214E+00   0.144683E+02   0.302396E+00   0.178945E+00
 0.896500E+00   0.314024E+00   0.142295E+02   0.321007E+00   0.184889E+00
 0.926000E+00   0.332644E+00   0.140149E+02   0.340514E+00   0.190818E+00
 0.955500E+00   0.352084E+00   0.138303E+02   0.360935E+00   0.196734E+00
 0.985000E+00   0.372348E+00   0.136659E+02   0.382281E+00   0.202636E+00
 0.101450E+01   0.393437E+00   0.135210E+02   0.404560E+00   0.208523E+00
 0.104400E+01   0.415345E+00   0.133955E+02   0.427775E+00   0.214395E+00
 0.107350E+01   0.438061E+00   0.132892E+02   0.451922E+00   0.220250E+00
 0.110300E+01   0.461571E+00   0.131963E+02   0.476993E+00   0.226090E+00
 0.113250E+01   0.485855E+00   0.131211E+02   0.502976E+00   0.231912E+00
 0.116200E+01   0.510889E+00   0.130566E+02   0.529855E+00   0.237717E+00
 0.119150E+01   0.536646E+00   0.129929E+02   0.557609E+00   0.243505E+00
 0.122100E+01   0.563093E+00   0.129429E+02   0.586211E+00   0.249273E+00
 0.125050E+01   0.590196E+00   0.129032E+02   0.615632E+00   0.255024E+00
 0.128000E+01   0.617917E+00   0.128615E+02   0.645841E+00   0.260754E+00
 0.130950E+01   0.646214E+00   0.128307E+02   0.676799E+00   0.266465E+00
 0.133900E+01   0.675043E+00   0.128136E+02   0.708467E+00   0.272156E+00
 0.136850E+01   0.704358E+00   0.127842E+02   0.740803E+00   0.277826E+00
 0.139800E+01   0.734111E+00   0.127684E+02   0.773759E+00   0.283475E+00
 0.142750E+01   0.764251E+00   0.127598E+02   0.807288E+00   0.289103E+00
 0.145700E+01   0.794726E+00   0.127483E+02   0.841338E+00   0.294708E+00
 0.148650E+01   0.825484E+00   0.127380E+02   0.875855E+00   0.300291E+00
 0.151600E+01   0.856471E+00   0.127392E+02   0.910785E+00   0.305852E+00
 0.154550E+01   0.887633E+00   0.127355E+02   0.946072E+00   0.311389E+00
 0.157500E+01   0.918914E+00   0.127273E+02   0.981657E+00   0.316903E+00
 0.160450E+01   0.950262E+00   0.127288E+02   0.101748E+01   0.322394E+00
 0.163400E+01   0.981622E+00   0.127276E+02   0.105349E+01   0.327860E+00
 0.166350E+01   0.101294E+01   0.127344E+02   0.108962E+01   0.333302E+00
 0.169300E+01   0.104417E+01   0.127352E+02   0.112581E+01   0.338720E+00
 0.172250E+01   0.107525E+01   0.127355E+02   0.116202E+01   0.344113E+00
 0.175200E+01   0.110615E+01   0.127399E+02   0.119817E+01   0.349481E+00
 0.178150E+01   0.113681E+01   0.127404E+02   0.123422E+01   0.354824E+00
 0.181100E+01   0.116719E+01   0.127389E+02   0.127011E+01   0.360141E+00
 0.184050E+01   0.119725E+01   0.127412E+02   0.130579E+01   0.365434E+00
 0.187000E+01   0.122696E+01   0.127435E+02   0.134121E+01   0.370701E+00
 0.189950E+01   0.125627E+01   0.127449E+02   0.137634E+01   0.375942E+00
 0.192900E+01   0.128516E+01   0.127493E+02   0.141112E+01   0.381158E+00
 0.195850E+01   0.131359E+01   0.127526E+02   0.144551E+01   0.386348E+00
 0.198800E+01   0.134154E+01   0.127477E+02   0.147948E+01   0.391513E+00
 0.201750E+01   0.136899E+01   0.127509E+02   0.151299E+01   0.396652E+00
 0.204700E+01   0.139592E+01   0.127486E+02   0.154602E+01   0.401766E+00
 0.207650E+01   0.142230E+01   0.127506E+02   0.157854E+01   0.406854E+00
 0.210600E+01   0.144814E+01   0.127504E+02   0.161051E+01   0.411916E+00
 0.213550E+01   0.147340E+01   0.127436E+02   0.164193E+01   0.416953E+00
 0.216500E+01   0.149810E+01   0.127408E+02   0.167277E+01   0.421965E+00
 0.219450E+01   0.152221E+01   0.127372E+02   0.170301E+01   0.426952E+00
 0.222400E+01   0.154573E+01   0.127391E+02   0.173265E+01   0.431914E+00
 0.225350E+01   0.156867E+01   0.127293E+02   0.176167E+01   0.436851E+00
 0.228300E+01   0.159102E+01   0.127308E+02   0.179007E+01   0.441763E+00
 0.231250E+01   0.161279E+01   0.127265E+02   0.181784E+01   0.446651E+00
 0.234200E+01   0.163397E+01   0.127192E+02   0.184497E+01   0.451515E+00
 0.237150E+01   0.165458E+01   0.127140E+02   0.187148E+01   0.456354E+00
 0.240100E+01   0.167461E+01   0.127045E+02   0.189734E+01   0.461170E+00
 0.243050E+01   0.169407E+01   0.126968E+02   0.192258E+01   0.465961E+00
 0.246000E+01   0.171298E+01   0.126927E+02   0.194719E+01   0.470730E+00
 0.248950E+01   0.173134E+01   0.126862E+02   0.197117E+01   0.475474E+00
 0.251900E+01   0.174916E+01   0.126773E+02   0.199454E+01   0.480196E+00
 0.254850E+01   0.176646E+01   0.126743E+02   0.201730E+01   0.484895E+00
 0.257800E+01   0.178323E+01   0.126630E+02   0.203945E+01   0.489572E+00
 0.260750E+01   0.179950E+01   0.126548E+02   0.206101E+01   0.494226E+00
 0.263700E+01   0.181527E+01   0.126416E+02   0.208198E+01   0.498858E+00
 0.266650E+01   0.183055E+01   0.126316E+02   0.210238E+01   0.503468E+00
 0.269600E+01   0.184537E+01   0.126293E+02   0.212222E+01   0.508056E+00
 0.272550E+01   0.185972E+01   0.126204E+02   0.214150E+01   0.512623E+00
 0.275500E+01   0.187362E+01   0.126112E+02   0.216024E+01   0.517169E+00
 0.278450E+01   0.188709E+01   0.125968E+02   0.217845E+01   0.521693E+00
 0.281400E+01   0.190014E+01   0.125868E+02   0.219614E+01   0.526197E+00
 0.284350E+01   0.191277E+01   0.125822E+02   0.221332E+01   0.530681E+00
 0.287300E+01   0.192500E+01   0.125670E+02   0.223000E+01   0.535145E+00
 0.290250E+01   0.193684E+01   0.125561E+02   0.224621E+01   0.539588E+00
 0.293200E+01   0.194830E+01   0.125419E+02   0.226194E+01   0.544012E+00
 0.296150E+01   0.195940E+01   0.125349E+02   0.227720E+01   0.548416E+00
 0.299100E+01   0.197014E+01   0.125249E+02   0.229203E+01   0.552801E+00
 0.302050E+01   0.198053E+01   0.125118E+02   0.230641E+01   0.557167E+00
 0.305000E+01   0.199059E+01   0.124990E+02   0.232037E+01   0.561514E+00
 0.307950E+01   0.200033E+01   0.124902E+02   0.233391E+01   0.565843E+00
 0.310900E+01   0.200975E+01   0.124751E+02   0.234705E+01   0.570153E+00
 0.313850E+01   0.201887E+01   0.124673E+02   0.235980E+01   0.574446E+00
 0.316800E+01   0.202769E+01   0.124579E+02   0.237217E+01   0.578720E+00
 0.319750E+01   0.203623E+01   0.124406E+02   0.238416E+01   0.582976E+00
 0.322700E+01   0.204450E+01   0.124340E+02   0.239580E+01   0.587216E+00
 0.325650E+01   0.205249E+01   0.124222E+02   0.240708E+01   0.591438E+00
 0.328600E+01   0.206023E+01   0.124092E+02   0.241803E+01   0.595642E+00
 0.331550E+01   0.206771E+01   0.123928E+02   0.242864E+01   0.599831E+00
 0.334500E+01   0.207496E+01   0.123877E+02   0.243893E+01   0.604002E+00
 0.337450E+01   0.208196E+01   0.123739E+02   0.244891E+01   0.608157E+00
 0.340400E+01   0.208874E+01   0.123618E+02   0.245859E+01   0.612296E+00
 0.343350E+01   0.209530E+01   0.123530E+02   0.246797E+01   0.616419E+00
 0.346300E+01   0.210165E+01   0.123376E+02   0.247706E+01   0.620526E+00
 0.349250E+01   0.210779E+01   0.123290E+02   0.248588E+01   0.624617E+00
 0.352200E+01   0.211373E+01   0.123122E+02   0.249442E+01   0.628693E+00
 0.355150E+01   0.211948E+01   0.122983E+02   0.250271E+01   0.632753E+00
 0.358100E+01   0.212504E+01   0.122943E+02   0.251074E+01   0.636799E+00
 0.361050E+01   0.213042E+01   0.122796E+02   0.251852E+01   0.640830E+00
 0.364000E+01   0.213563E+01   0.122676E+02   0.252606E+01   0.644845E+00
 0.366950E+01   0.214066E+01   0.122513E+02   0.253337E+01   0.648847E+00
 0.369900E+01   0.214553E+01   0.122466E+02   0.254046E+01   0.652834E+00
 0.372850E+01   0.215025E+01   0.122310E+02   0.254732E+01   0.656806E+00
 0.375800E+01   0.215480E+01   0.122164E+02   0.255397E+01   0.660765E+00
 0.378750E+01   0.215921E+01   0.122101E+02   0.256041E+01   0.664710E+00
 0.381700E+01   0.216347E+01   0.121948E+02   0.256665E+01   0.668641E+00
 0.384650E+01   0.216760E+01   0.121838E+02   0.257270E+01   0.672559E+00
 0.387600E+01   0.217158E+01   0.121754E+02   0.257855E+01   0.676463E+00
 0.390550E+01   0.217544E+01   0.121640E+02   0.258423E+01   0.680354E+00
 0.393500E+01   0.217917E+01   0.121500E+02   0.258972E+01   0.684232E+00
 0.396450E+01   0.218277E+01   0.121429E+02   0.259504E+01   0.688096E+00
 0.399400E+01   0.218626E+01   0.121255E+02   0.260019E+01   0.691948E+00
 0.402350E+01   0.218963E+01   0.121155E+02   0.260517E+01   0.695788E+00
 0.405300E+01   0.219289E+01   0.121087E+02   0.261000E+01   0.699615E+00
 0.408250E+01   0.219603E+01   0.120934E+02   0.261467E+01   0.703429E+00
 0.411200E+01   0.219908E+01   0.120818E+02   0.261919E+01   0.707231E+00
 0.414150E+01   0.220202E+01   0.120685E+02   0.262356E+01   0.711021E+00
 0.417100E+01   0.220486E+01   0.120581E+02   0.262779E+01   0.714800E+00
 0.420050E+01   0.220760E+01   0.120543E+02   0.263188E+01   0.718566E+00
 0.423000E+01   0.221025E+01   0.120362E+02   0.263584E+01   0.722320E+00
 0.425950E+01   0.221281E+01   0.120262E+02   0.263967E+01   0.726063E+00
 0.428900E+01   0.221528E+01   0.120155E+02   0.264337E+01   0.729795E+00
 0.431850E+01   0.221767E+01   0.120048E+02   0.264695E+01   0.733515E+00
 0.434800E+01   0.221998E+01   0.119949E+02   0.265041E+01   0.737224E+00
 0.437750E+01   0.222220E+01   0.119895E+02   0.265375E+01   0.740922E+00
 0.440700E+01   0.222435E+01   0.119740E+02   0.265698E+01   0.744608E+00
 0.443650E+01   0.222642E+01   0.119629E+02   0.266009E+01   0.748284E+00
 0.446600E+01   0.222841E+01   0.119494E+02   0.266310E+01   0.751950E+00
 0.449550E+01   0.223034E+01   0.119384E+02   0.266601E+01   0.755604E+00
 0.452500E+01   0.223219E+01   0.119303E+02   0.266881E+01   0.759248E+00
 0.455450E+01   0.223398E+01   0.119178E+02   0.267152E+01   0.762882E+00
 0.458400E+01   0.223571E+01   0.119146E+02   0.267412E+01   0.766505E+00
 0.461350E+01   0.223737E+01   0.119040E+02   0.267664E+01   0.770118E+00
 0.464300E+01   0.223897E+01   0.118879E+02   0.267906E+01   0.773721E+00
 0.467250E+01   0.224050E+01   0.118809E+02   0.268140E+01   0.777313E+00
 0.470200E+01   0.224198E+01   0.118682E+02   0.268365E+01   0.780896E+00
 0.473150E+01   0.224341E+01   0.118626E+02   0.268582E+01   0.784469E+00
 0.476100E+01   0.224478E+01   0.118509E+02   0.268790E+01   0.788033E+00
 0.479050E+01   0.224609E+01   0.118454E+02   0.268991E+01   0.791587E+00
 0.482000E+01   0.224736E+01   0.118304E+02   0.269183E+01   0.795131E+00
 0.484950E+01   0.224857E+01   0.118168E+02   0.269369E+01   0.798665E+00
 0.487900E+01   0.224974E+01   0.118159E+02   0.269547E+01   0.802191E+00
 0.490850E+01   0.225085E+01   0.118053E+02   0.269717E+01   0.805707E+00
 0.493800E+01   0.225192E+01   0.117887E+02   0.269881E+01   0.809214E+00
 0.496750E+01   0.225295E+01   0.117788E+02   0.270038E+01   0.812712E+00
 0.499700E+01   0.225393E+01   0.117705E+02   0.270189E+01   0.816201E+00
 0.502650E+01   0.225487E+01   0.117679E+02   0.270333E+01   0.819681E+00
 0.505600E+01   0.225577E+01   0.117522E+02   0.270471E+01   0.823152E+00
 0.508550E+01   0.225662E+01   0.117479E+02   0.270603E+01   0.826614E+00
 0.511500E+01   0.225744E+01   0.117354E+02   0.270728E+01   0.830068E+00
 0.514450E+01   0.225822E+01   0.117265E+02   0.270848E+01   0.833513E+00
 0.517400E+01   0.225897E+01   0.117150E+02   0.270963E+01   0.836949E+00
 0.520350E+01   0.225967E+01   0.117074E+02   0.271072E+01   0.840377E+00
 0.523300E+01   0.226034E+01   0.117006E+02   0.271175E+01   0.843797E+00
 0.526250E+01   0.226098E+01   0.116944E+02   0.271274E+01   0.847209E+00
 0.529200E+01   0.226159E+01   0.116799E+02   0.271367E+01   0.850612E+00
 0.532150E+01   0.226216E+01   0.116721E+02   0.271455E+01   0.854007E+00
 0.535100E+01   0.226270E+01   0.116659E+02   0.271539E+01   0.857394E+00
 0.538050E+01   0.226321E+01   0.116566E+02   0.271618E+01   0.860773E+00
 0.541000E+01   0.226369E+01   0.116442E+02   0.271692E+01   0.864144E+00
 0.543950E+01   0.226414E+01   0.116330E+02   0.271762E+01   0.867507E+00
 0.546900E+01   0.226456E+01   0.116298E+02   0.271828E+01   0.870863E+00
 0.549850E+01   0.226495E+01   0.116156E+02   0.271889E+01   0.874211E+00
 0.552800E+01   0.226532E+01   0.116157E+02   0.271946E+01   0.877551E+00
 0.555750E+01   0.226566E+01   0.115981E+02   0.271999E+01   0.880883E+00
 0.558700E+01   0.226598E+01   0.115947E+02   0.272048E+01   0.884208E+00
 0.561650E+01   0.226627E+01   0.115856E+02   0.272093E+01   0.887526E+00
 0.564600E+01   0.226654E+01   0.115803E+02   0.272135E+01   0.890836E+00
 0.567550E+01   0.226678E+01   0.115713E+02   0.272173E+01   0.894138E+00
 0.570500E+01   0.226700E+01   0.115628E+02   0.272207E+01   0.897434E+00
 0.573450E+01   0.226720E+01   0.115553E+02   0.272238E+01   0.900722E+00
 0.576400E+01   0.226738E+01   0.115478E+02   0.272266E+01   0.904003E+00
 0.579350E+01   0.226753E+01   0.115332E+02   0.272290E+01   0.907277E+00
 0.582300E+01   0.226767E+01   0.115255E+02   0.272311E+01   0.910544E+00
 0.585250E+01   0.226778E+01   0.115193E+02   0.272329E+01   0.913804E+00
 0.588200E+01   0.226788E+01   0.115068E+02   0.272344E+01   0.917057E+00
 0.591150E+01   0.226795E+01   0.114997E+02   0.272356E+01   0.920303E+00
 0.594100E+01   0.226801E+01   0.114950E+02   0.272365E+01   0.923543E+00
 0.597050E+01   0.226805E+01   0.114884E+02   0.272371E+01   0.926775E+00
