 0.100000E+00   0.327197E+00   0.170940E+03   0.329532E+00   0.209161E-01
 0.129500E+00   0.293492E+00   0.176821E+03   0.295553E+00   0.270697E-01
 0.159000E+00   0.250822E+00   0.181227E+03   0.252521E+00   0.332166E-01
 0.188500E+00   0.182948E+00   0.165088E+03   0.184066E+00   0.393570E-01
 0.218000E+00   0.128971E+00   0.141244E+03   0.129635E+00   0.454912E-01
 0.247500E+00   0.100343E+00   0.115978E+03   0.100765E+00   0.516192E-01
 0.277000E+00   0.905960E-01   0.986188E+02   0.909345E-01   0.577413E-01
 0.306500E+00   0.882426E-01   0.800884E+02   0.885582E-01   0.638576E-01
 0.336000E+00   0.888069E-01   0.673848E+02   0.891300E-01   0.701514E-01
 0.365500E+00   0.925235E-01   0.487835E+02   0.928960E-01   0.762733E-01
 0.395000E+00   0.985113E-01   0.416059E+02   0.989668E-01   0.823875E-01
 0.424500E+00   0.105834E+00   0.401157E+02   0.106399E+00   0.884939E-01
 0.454000E+00   0.114151E+00   0.361191E+02   0.114850E+00   0.945923E-01
 0.483500E+00   0.123290E+00   0.300513E+02   0.124149E+00   0.100682E+00
 0.513000E+00   0.133148E+00   0.260937E+02   0.134193E+00   0.106764E+00
 0.542500E+00   0.143669E+00   0.233529E+02   0.144929E+00   0.112837E+00
 0.572000E+00   0.154832E+00   0.213430E+02   0.156338E+00   0.118900E+00
 0.601500E+00   0.166634E+00   0.198232E+02   0.168422E+00   0.124954E+00
 0.631000E+00   0.178859E+00   0.186564E+02   0.180959E+00   0.130999E+00
 0.660500E+00   0.191505E+00   0.177407E+02   0.193952E+00   0.137034E+00
 0.690000E+00   0.204695E+00   0.169867E+02   0.207529E+00   0.143058E+00
 0.719500E+00   0.218489E+00   0.163659E+02   0.221755E+00   0.149073E+00
 0.749000E+00   0.232933E+00   0.158435E+02   0.236682E+00   0.155076E+00
 0.778500E+00   0.248067E+00   0.154046E+02   0.252354E+00   0.161068E+00
 0.808000E+00   0.263923E+00   0.150346E+02   0.268812E+00   0.167049E+00
 0.837500E+00   0.280530E+00   0.147038E+02   0.286088E+00   0.173017E+00
 0.867000E+00   0.297909E+00   0.144301E+02   0.304210E+00   0.178973E+00
 0.896500E+00   0.316077E+00   0.141900E+02   0.323203E+00   0.184916E+00
 0.926000E+00   0.335045E+00   0.139741E+02   0.343084E+00   0.190846E+00
 0.955500E+00   0.354818E+00   0.137948E+02   0.363866E+00   0.196761E+00
 0.985000E+00   0.375398E+00   0.136311E+02   0.385556E+00   0.202662E+00
 0.101450E+01   0.396779E+00   0.134975E+02   0.408158E+00   0.208548E+00
 0.104400E+01   0.418953E+00   0.133810E+02   0.431670E+00   0.214419E+00
 0.107350E+01   0.441907E+00   0.132729E+02   0.456085E+00   0.220274E+00
 0.110300E+01   0.465623E+00   0.131829E+02   0.481392E+00   0.226112E+00
 0.113250E+01   0.490079E+00   0.131060E+02   0.507579E+00   0.231933E+00
 0.116200E+01   0.515251E+00   0.130432E+02   0.534625E+00   0.237737E+00
 0.119150E+01   0.541109E+00   0.129851E+02   0.562508E+00   0.243523E+00
 0.122100E+01   0.567624E+00   0.129361E+02   0.591203E+00   0.249291E+00
 0.125050E+01   0.594759E+00   0.129032E+02   0.620681E+00   0.255040E+00
 0.128000E+01   0.622478E+00   0.128618E+02   0.650910E+00   0.260769E+00
 0.130950E+01   0.650741E+00   0.128400E+02   0.681853E+00   0.266479E+00
 0.133900E+01   0.679506E+00   0.128095E+02   0.713473E+00   0.272169E+00
 0.136850E+01   0.708728E+00   0.127960E+02   0.745729E+00   0.277838E+00
 0.139800E+01   0.738363E+00   0.127820E+02   0.778577E+00   0.283485E+00
 0.142750E+01   0.768363E+00   0.127639E+02   0.811971E+00   0.289112E+00
 0.145700E+01   0.798678E+00   0.127601E+02   0.845863E+00   0.294716E+00
 0.148650E+01   0.829259E+00   0.127488E+02   0.880202E+00   0.300298E+00
 0.151600E+01   0.860055E+00   0.127460E+02   0.914937E+00   0.305858E+00
 0.154550E+01   0.891015E+00   0.127433E+02   0.950014E+00   0.311395E+00
 0.157500E+01   0.922087E+00   0.127400E+02   0.985379E+00   0.316908E+00
 0.160450E+01   0.953221E+00   0.127422E+02   0.102098E+01   0.322398E+00
 0.163400E+01   0.984363E+00   0.127439E+02   0.105675E+01   0.327864E+00
 0.166350E+01   0.101547E+01   0.127435E+02   0.109264E+01   0.333306E+00
 0.169300E+01   0.104648E+01   0.127468E+02   0.112860E+01   0.338723E+00
 0.172250E+01   0.107735E+01   0.127483E+02   0.116457E+01   0.344116E+00
 0.175200E+01   0.110804E+01   0.127469E+02   0.120049E+01   0.349484E+00
 0.178150E+01   0.113850E+01   0.127507E+02   0.123632E+01   0.354827E+00
 0.181100E+01   0.116870E+01   0.127523E+02   0.127199E+01   0.360145E+00
 0.184050E+01   0.119858E+01   0.127496E+02   0.130747E+01   0.365438E+00
 0.187000E+01   0.122811E+01   0.127520E+02   0.134269E+01   0.370705E+00
 0.189950E+01   0.125725E+01   0.127528E+02   0.137763E+01   0.375947E+00
 0.192900E+01   0.128599E+01   0.127526E+02   0.141223E+01   0.381163E+00
 0.195850E+01   0.131428E+01   0.127515E+02   0.144645E+01   0.386354E+00
 0.198800E+01   0.134210E+01   0.127548E+02   0.148026E+01   0.391519E+00
 0.201750E+01   0.136943E+01   0.127579E+02   0.151363E+01   0.396659E+00
 0.204700E+01   0.139624E+01   0.127525E+02   0.154652E+01   0.401773E+00
 0.207650E+01   0.142252E+01   0.127503E+02   0.157891E+01   0.406862E+00
 0.210600E+01   0.144826E+01   0.127539E+02   0.161077E+01   0.411925E+00
 0.213550E+01   0.147344E+01   0.127517E+02   0.164208E+01   0.416963E+00
 0.216500E+01   0.149806E+01   0.127459E+02   0.167282E+01   0.421976E+00
 0.219450E+01   0.152210E+01   0.127414E+02   0.170298E+01   0.426964E+00
 0.222400E+01   0.154556E+01   0.127423E+02   0.173254E+01   0.431927E+00
 0.225350E+01   0.156845E+01   0.127416E+02   0.176149E+01   0.436865E+00
 0.228300E+01   0.159075E+01   0.127374E+02   0.178982E+01   0.441778E+00
 0.231250E+01   0.161247E+01   0.127335E+02   0.181753E+01   0.446667E+00
 0.234200E+01   0.163361E+01   0.127187E+02   0.184462E+01   0.451532E+00
 0.237150E+01   0.165418E+01   0.127222E+02   0.187107E+01   0.456372E+00
 0.240100E+01   0.167418E+01   0.127103E+02   0.189690E+01   0.461189E+00
 0.243050E+01   0.169362E+01   0.127009E+02   0.192210E+01   0.465981E+00
 0.246000E+01   0.171251E+01   0.127020E+02   0.194668E+01   0.470751E+00
 0.248950E+01   0.173085E+01   0.126878E+02   0.197063E+01   0.475497E+00
 0.251900E+01   0.174865E+01   0.126783E+02   0.199398E+01   0.480219E+00
 0.254850E+01   0.176593E+01   0.126770E+02   0.201671E+01   0.484920E+00
 0.257800E+01   0.178269E+01   0.126695E+02   0.203885E+01   0.489597E+00
 0.260750E+01   0.179895E+01   0.126555E+02   0.206039E+01   0.494252E+00
 0.263700E+01   0.181471E+01   0.126533E+02   0.208135E+01   0.498885E+00
 0.266650E+01   0.182999E+01   0.126405E+02   0.210174E+01   0.503496E+00
 0.269600E+01   0.184480E+01   0.126323E+02   0.212157E+01   0.508085E+00
 0.272550E+01   0.185915E+01   0.126164E+02   0.214084E+01   0.512653E+00
 0.275500E+01   0.187305E+01   0.126118E+02   0.215958E+01   0.517200E+00
 0.278450E+01   0.188652E+01   0.126046E+02   0.217778E+01   0.521726E+00
 0.281400E+01   0.189956E+01   0.125928E+02   0.219547E+01   0.526231E+00
 0.284350E+01   0.191220E+01   0.125845E+02   0.221265E+01   0.530716E+00
 0.287300E+01   0.192443E+01   0.125662E+02   0.222934E+01   0.535180E+00
 0.290250E+01   0.193627E+01   0.125601E+02   0.224554E+01   0.539625E+00
 0.293200E+01   0.194773E+01   0.125437E+02   0.226127E+01   0.544049E+00
 0.296150E+01   0.195883E+01   0.125377E+02   0.227654E+01   0.548454E+00
 0.299100E+01   0.196958E+01   0.125258E+02   0.229137E+01   0.552840E+00
 0.302050E+01   0.197998E+01   0.125163E+02   0.230576E+01   0.557207E+00
 0.305000E+01   0.199004E+01   0.125007E+02   0.231972E+01   0.561555E+00
 0.307950E+01   0.199978E+01   0.124879E+02   0.233327E+01   0.565885E+00
 0.310900E+01   0.200921E+01   0.124799E+02   0.234641E+01   0.570196E+00
 0.313850E+01   0.201833E+01   0.124704E+02   0.235916E+01   0.574489E+00
 0.316800E+01   0.202716E+01   0.124622E+02   0.237154E+01   0.578764E+00
 0.319750E+01   0.203570E+01   0.124413E+02   0.238354E+01   0.583022E+00
 0.322700E+01   0.204397E+01   0.124351E+02   0.239518E+01   0.587262E+00
 0.325650E+01   0.205197E+01   0.124194E+02   0.240647E+01   0.591485E+00
 0.328600E+01   0.205971E+01   0.124109E+02   0.241742E+01   0.595690E+00
 0.331550E+01   0.206720E+01   0.123988E+02   0.242804E+01   0.599879E+00
 0.334500E+01   0.207445E+01   0.123918E+02   0.243833E+01   0.604051E+00
 0.337450E+01   0.208146E+01   0.123711E+02   0.244832E+01   0.608207E+00
 0.340400E+01   0.208825E+01   0.123615E+02   0.245800E+01   0.612347E+00
 0.343350E+01   0.209481E+01   0.123522E+02   0.246739E+01   0.616470E+00
 0.346300E+01   0.210116E+01   0.123401E+02   0.247649E+01   0.620578E+00
 0.349250E+01   0.210731E+01   0.123288E+02   0.248531E+01   0.624670E+00
 0.352200E+01   0.211325E+01   0.123199E+02   0.249386E+01   0.628747E+00
 0.355150E+01   0.211901E+01   0.123032E+02   0.250215E+01   0.632808E+00
 0.358100E+01   0.212457E+01   0.122879E+02   0.251019E+01   0.636854E+00
 0.361050E+01   0.212996E+01   0.122807E+02   0.251798E+01   0.640885E+00
 0.364000E+01   0.213517E+01   0.122681E+02   0.252553E+01   0.644902E+00
 0.366950E+01   0.214020E+01   0.122521E+02   0.253284E+01   0.648904E+00
 0.369900E+01   0.214508E+01   0.122426E+02   0.253993E+01   0.652892E+00
 0.372850E+01   0.214979E+01   0.122325E+02   0.254680E+01   0.656865E+00
 0.375800E+01   0.215436E+01   0.122182E+02   0.255345E+01   0.660824E+00
 0.378750E+01   0.215877E+01   0.122109E+02   0.255990E+01   0.664770E+00
 0.381700E+01   0.216303E+01   0.121944E+02   0.256615E+01   0.668702E+00
 0.384650E+01   0.216716E+01   0.121839E+02   0.257220E+01   0.672620E+00
 0.387600E+01   0.217115E+01   0.121720E+02   0.257806E+01   0.676525E+00
 0.390550E+01   0.217501E+01   0.121662E+02   0.258374E+01   0.680416E+00
 0.393500E+01   0.217874E+01   0.121569E+02   0.258923E+01   0.684294E+00
 0.396450E+01   0.218235E+01   0.121423E+02   0.259456E+01   0.688160E+00
 0.399400E+01   0.218584E+01   0.121346E+02   0.259971E+01   0.692012E+00
 0.402350E+01   0.218921E+01   0.121232E+02   0.260470E+01   0.695852E+00
 0.405300E+01   0.219247E+01   0.121027E+02   0.260953E+01   0.699680E+00
 0.408250E+01   0.219563E+01   0.120990E+02   0.261421E+01   0.703495E+00
 0.411200E+01   0.219867E+01   0.120808E+02   0.261873E+01   0.707298E+00
 0.414150E+01   0.220161E+01   0.120746E+02   0.262311E+01   0.711088E+00
 0.417100E+01   0.220446E+01   0.120669E+02   0.262734E+01   0.714867E+00
 0.420050E+01   0.220721E+01   0.120545E+02   0.263144E+01   0.718634E+00
 0.423000E+01   0.220986E+01   0.120371E+02   0.263540E+01   0.722389E+00
 0.425950E+01   0.221242E+01   0.120293E+02   0.263924E+01   0.726132E+00
 0.428900E+01   0.221490E+01   0.120188E+02   0.264294E+01   0.729864E+00
 0.431850E+01   0.221729E+01   0.120049E+02   0.264652E+01   0.733585E+00
 0.434800E+01   0.221959E+01   0.120017E+02   0.264998E+01   0.737294E+00
 0.437750E+01   0.222182E+01   0.119820E+02   0.265333E+01   0.740993E+00
 0.440700E+01   0.222397E+01   0.119733E+02   0.265656E+01   0.744680E+00
 0.443650E+01   0.222604E+01   0.119666E+02   0.265968E+01   0.748356E+00
 0.446600E+01   0.222804E+01   0.119513E+02   0.266269E+01   0.752022E+00
 0.449550E+01   0.222997E+01   0.119451E+02   0.266560E+01   0.755677E+00
 0.452500E+01   0.223183E+01   0.119345E+02   0.266841E+01   0.759321E+00
 0.455450E+01   0.223362E+01   0.119199E+02   0.267112E+01   0.762955E+00
 0.458400E+01   0.223535E+01   0.119175E+02   0.267373E+01   0.766579E+00
 0.461350E+01   0.223701E+01   0.119063E+02   0.267625E+01   0.770192E+00
 0.464300E+01   0.223861E+01   0.118907E+02   0.267868E+01   0.773796E+00
 0.467250E+01   0.224015E+01   0.118819E+02   0.268102E+01   0.777389E+00
 0.470200E+01   0.224163E+01   0.118693E+02   0.268327E+01   0.780972E+00
 0.473150E+01   0.224306E+01   0.118600E+02   0.268544E+01   0.784546E+00
 0.476100E+01   0.224443E+01   0.118534E+02   0.268753E+01   0.788110E+00
 0.479050E+01   0.224575E+01   0.118460E+02   0.268954E+01   0.791664E+00
 0.482000E+01   0.224701E+01   0.118305E+02   0.269147E+01   0.795208E+00
 0.484950E+01   0.224823E+01   0.118224E+02   0.269332E+01   0.798744E+00
 0.487900E+01   0.224940E+01   0.118136E+02   0.269510E+01   0.802269E+00
 0.490850E+01   0.225051E+01   0.117985E+02   0.269682E+01   0.805786E+00
 0.493800E+01   0.225159E+01   0.117916E+02   0.269846E+01   0.809293E+00
 0.496750E+01   0.225261E+01   0.117797E+02   0.270003E+01   0.812792E+00
 0.499700E+01   0.225360E+01   0.117725E+02   0.270154E+01   0.816281E+00
 0.502650E+01   0.225454E+01   0.117639E+02   0.270298E+01   0.819761E+00
 0.505600E+01   0.225544E+01   0.117565E+02   0.270436E+01   0.823233E+00
 0.508550E+01   0.225630E+01   0.117449E+02   0.270568E+01   0.826695E+00
 0.511500E+01   0.225712E+01   0.117339E+02   0.270694E+01   0.830149E+00
 0.514450E+01   0.225790E+01   0.117316E+02   0.270815E+01   0.833595E+00
 0.517400E+01   0.225864E+01   0.117200E+02   0.270929E+01   0.837032E+00
 0.520350E+01   0.225935E+01   0.117096E+02   0.271039E+01   0.840460E+00
 0.523300E+01   0.226002E+01   0.116956E+02   0.271142E+01   0.843880E+00
 0.526250E+01   0.226066E+01   0.116916E+02   0.271241E+01   0.847292E+00
 0.529200E+01   0.226127E+01   0.116776E+02   0.271335E+01   0.850696E+00
 0.532150E+01   0.226184E+01   0.116736E+02   0.271423E+01   0.854091E+00
 0.535100E+01   0.226238E+01   0.116675E+02   0.271507E+01   0.857479E+00
 0.538050E+01   0.226290E+01   0.116512E+02   0.271586E+01   0.860858E+00
 0.541000E+01   0.226338E+01   0.116493E+02   0.271661E+01   0.864229E+00
 0.543950E+01   0.226383E+01   0.116365E+02   0.271731E+01   0.867593E+00
 0.546900E+01   0.226425E+01   0.116264E+02   0.271796E+01   0.870949E+00
 0.549850E+01   0.226465E+01   0.116246E+02   0.271858E+01   0.874297E+00
 0.552800E+01   0.226502E+01   0.116146E+02   0.271915E+01   0.877637E+00
 0.555750E+01   0.226536E+01   0.115986E+02   0.271969E+01   0.880970E+00
 0.558700E+01   0.226568E+01   0.115969E+02   0.272018E+01   0.884296E+00
 0.561650E+01   0.226597E+01   0.115893E+02   0.272063E+01   0.887613E+00
 0.564600E+01   0.226624E+01   0.115801E+02   0.272105E+01   0.890924E+00
 0.567550E+01   0.226648E+01   0.115709E+02   0.272143E+01   0.894227E+00
 0.570500E+01   0.226671E+01   0.115650E+02   0.272178E+01   0.897523E+00
 0.573450E+01   0.226690E+01   0.115525E+02   0.272209E+01   0.900811E+00
 0.576400E+01   0.226708E+01   0.115446E+02   0.272237E+01   0.904093E+00
 0.579350E+01   0.226724E+01   0.115317E+02   0.272261E+01   0.907367E+00
 0.582300E+01   0.226738E+01   0.115296E+02   0.272283E+01   0.910634E+00
 0.585250E+01   0.226749E+01   0.115236E+02   0.272301E+01   0.913895E+00
 0.588200E+01   0.226759E+01   0.115148E+02   0.272316E+01   0.917148E+00
 0.591150E+01   0.226766E+01   0.115038E+02   0.272328E+01   0.920394E+00
 0.594100E+01   0.226772E+01   0.114975E+02   0.272337E+01   0.923634E+00
 0.597050E+01   0.226776E+01   0.114868E+02   0.272343E+01   0.926867E+00
