 0.100000E+00   0.327197E+00   0.170940E+03   0.329532E+00   0.209161E-01
 0.129500E+00   0.293492E+00   0.176821E+03   0.295553E+00   0.270697E-01
 0.159000E+00   0.252117E+00   0.182127E+03   0.253828E+00   0.332166E-01
 0.188500E+00   0.182896E+00   0.165040E+03   0.184014E+00   0.393570E-01
 0.218000E+00   0.128614E+00   0.140696E+03   0.129275E+00   0.454912E-01
 0.247500E+00   0.100063E+00   0.115136E+03   0.100483E+00   0.516192E-01
 0.277000E+00   0.906345E-01   0.988775E+02   0.909734E-01   0.577413E-01
 0.306500E+00   0.882834E-01   0.812648E+02   0.885997E-01   0.638576E-01
 0.336000E+00   0.883983E-01   0.710440E+02   0.887185E-01   0.701718E-01
 0.365500E+00   0.914244E-01   0.515891E+02   0.917883E-01   0.762965E-01
 0.395000E+00   0.970190E-01   0.420243E+02   0.974628E-01   0.824134E-01
 0.424500E+00   0.104180E+00   0.404234E+02   0.104733E+00   0.885225E-01
 0.454000E+00   0.112477E+00   0.372464E+02   0.113164E+00   0.946235E-01
 0.483500E+00   0.121714E+00   0.305735E+02   0.122564E+00   0.100716E+00
 0.513000E+00   0.131764E+00   0.263325E+02   0.132806E+00   0.106800E+00
 0.542500E+00   0.142556E+00   0.234289E+02   0.143821E+00   0.112875E+00
 0.572000E+00   0.154054E+00   0.213334E+02   0.155575E+00   0.118940E+00
 0.601500E+00   0.166241E+00   0.197695E+02   0.168056E+00   0.124996E+00
 0.631000E+00   0.179019E+00   0.185653E+02   0.181165E+00   0.131042E+00
 0.660500E+00   0.192197E+00   0.176225E+02   0.194710E+00   0.137078E+00
 0.690000E+00   0.205923E+00   0.168740E+02   0.208846E+00   0.143104E+00
 0.719500E+00   0.220259E+00   0.162620E+02   0.223640E+00   0.149119E+00
 0.749000E+00   0.235247E+00   0.157486E+02   0.239138E+00   0.155123E+00
 0.778500E+00   0.250921E+00   0.153134E+02   0.255382E+00   0.161115E+00
 0.808000E+00   0.267309E+00   0.149443E+02   0.272404E+00   0.167096E+00
 0.837500E+00   0.284434E+00   0.146271E+02   0.290232E+00   0.173064E+00
 0.867000E+00   0.302311E+00   0.143625E+02   0.308891E+00   0.179020E+00
 0.896500E+00   0.320952E+00   0.141314E+02   0.328397E+00   0.184962E+00
 0.926000E+00   0.340365E+00   0.139285E+02   0.348765E+00   0.190891E+00
 0.955500E+00   0.360550E+00   0.137526E+02   0.370002E+00   0.196805E+00
 0.985000E+00   0.381506E+00   0.136041E+02   0.392112E+00   0.202705E+00
 0.101450E+01   0.403224E+00   0.134796E+02   0.415096E+00   0.208590E+00
 0.104400E+01   0.425694E+00   0.133641E+02   0.438949E+00   0.214459E+00
 0.107350E+01   0.448901E+00   0.132671E+02   0.463661E+00   0.220312E+00
 0.110300E+01   0.472825E+00   0.131784E+02   0.489222E+00   0.226149E+00
 0.113250E+01   0.497445E+00   0.131128E+02   0.515616E+00   0.231968E+00
 0.116200E+01   0.522736E+00   0.130467E+02   0.542823E+00   0.237770E+00
 0.119150E+01   0.548670E+00   0.129940E+02   0.570822E+00   0.243555E+00
 0.122100E+01   0.575217E+00   0.129509E+02   0.599588E+00   0.249320E+00
 0.125050E+01   0.602344E+00   0.129100E+02   0.629093E+00   0.255067E+00
 0.128000E+01   0.630016E+00   0.128804E+02   0.659306E+00   0.260795E+00
 0.130950E+01   0.658195E+00   0.128507E+02   0.690194E+00   0.266503E+00
 0.133900E+01   0.686842E+00   0.128368E+02   0.721721E+00   0.272191E+00
 0.136850E+01   0.715917E+00   0.128158E+02   0.753850E+00   0.277858E+00
 0.139800E+01   0.745376E+00   0.127979E+02   0.786539E+00   0.283504E+00
 0.142750E+01   0.775176E+00   0.127843E+02   0.819747E+00   0.289129E+00
 0.145700E+01   0.805272E+00   0.127762E+02   0.853427E+00   0.294731E+00
 0.148650E+01   0.835615E+00   0.127700E+02   0.887534E+00   0.300312E+00
 0.151600E+01   0.866160E+00   0.127700E+02   0.922019E+00   0.305871E+00
 0.154550E+01   0.896859E+00   0.127648E+02   0.956832E+00   0.311406E+00
 0.157500E+01   0.927662E+00   0.127586E+02   0.991922E+00   0.316918E+00
 0.160450E+01   0.958521E+00   0.127600E+02   0.102724E+01   0.322407E+00
 0.163400E+01   0.989389E+00   0.127585E+02   0.106272E+01   0.327872E+00
 0.166350E+01   0.102022E+01   0.127605E+02   0.109833E+01   0.333313E+00
 0.169300E+01   0.105096E+01   0.127668E+02   0.113399E+01   0.338730E+00
 0.172250E+01   0.108156E+01   0.127603E+02   0.116968E+01   0.344122E+00
 0.175200E+01   0.111199E+01   0.127672E+02   0.120532E+01   0.349489E+00
 0.178150E+01   0.114220E+01   0.127648E+02   0.124086E+01   0.354832E+00
 0.181100E+01   0.117215E+01   0.127666E+02   0.127627E+01   0.360150E+00
 0.184050E+01   0.120180E+01   0.127731E+02   0.131148E+01   0.365442E+00
 0.187000E+01   0.123110E+01   0.127689E+02   0.134646E+01   0.370709E+00
 0.189950E+01   0.126004E+01   0.127726E+02   0.138116E+01   0.375951E+00
 0.192900E+01   0.128857E+01   0.127745E+02   0.141553E+01   0.381167E+00
 0.195850E+01   0.131667E+01   0.127727E+02   0.144954E+01   0.386358E+00
 0.198800E+01   0.134431E+01   0.127716E+02   0.148315E+01   0.391524E+00
 0.201750E+01   0.137147E+01   0.127687E+02   0.151632E+01   0.396664E+00
 0.204700E+01   0.139813E+01   0.127733E+02   0.154903E+01   0.401778E+00
 0.207650E+01   0.142427E+01   0.127673E+02   0.158125E+01   0.406868E+00
 0.210600E+01   0.144987E+01   0.127695E+02   0.161295E+01   0.411931E+00
 0.213550E+01   0.147493E+01   0.127662E+02   0.164411E+01   0.416970E+00
 0.216500E+01   0.149943E+01   0.127648E+02   0.167472E+01   0.421983E+00
 0.219450E+01   0.152336E+01   0.127628E+02   0.170475E+01   0.426972E+00
 0.222400E+01   0.154673E+01   0.127559E+02   0.173418E+01   0.431935E+00
 0.225350E+01   0.156952E+01   0.127533E+02   0.176302E+01   0.436874E+00
 0.228300E+01   0.159174E+01   0.127437E+02   0.179126E+01   0.441788E+00
 0.231250E+01   0.161338E+01   0.127436E+02   0.181887E+01   0.446677E+00
 0.234200E+01   0.163445E+01   0.127331E+02   0.184587E+01   0.451543E+00
 0.237150E+01   0.165496E+01   0.127274E+02   0.187224E+01   0.456384E+00
 0.240100E+01   0.167490E+01   0.127189E+02   0.189800E+01   0.461201E+00
 0.243050E+01   0.169428E+01   0.127210E+02   0.192313E+01   0.465994E+00
 0.246000E+01   0.171312E+01   0.127143E+02   0.194764E+01   0.470764E+00
 0.248950E+01   0.173141E+01   0.127001E+02   0.197154E+01   0.475511E+00
 0.251900E+01   0.174917E+01   0.126906E+02   0.199483E+01   0.480235E+00
 0.254850E+01   0.176641E+01   0.126848E+02   0.201751E+01   0.484936E+00
 0.257800E+01   0.178314E+01   0.126770E+02   0.203960E+01   0.489614E+00
 0.260750E+01   0.179936E+01   0.126729E+02   0.206111E+01   0.494270E+00
 0.263700E+01   0.181509E+01   0.126620E+02   0.208203E+01   0.498903E+00
 0.266650E+01   0.183035E+01   0.126531E+02   0.210238E+01   0.503515E+00
 0.269600E+01   0.184513E+01   0.126368E+02   0.212218E+01   0.508105E+00
 0.272550E+01   0.185946E+01   0.126281E+02   0.214142E+01   0.512674E+00
 0.275500E+01   0.187334E+01   0.126237E+02   0.216013E+01   0.517221E+00
 0.278450E+01   0.188679E+01   0.126106E+02   0.217831E+01   0.521748E+00
 0.281400E+01   0.189981E+01   0.126008E+02   0.219597E+01   0.526254E+00
 0.284350E+01   0.191242E+01   0.125943E+02   0.221313E+01   0.530739E+00
 0.287300E+01   0.192464E+01   0.125784E+02   0.222980E+01   0.535204E+00
 0.290250E+01   0.193647E+01   0.125641E+02   0.224598E+01   0.539650E+00
 0.293200E+01   0.194792E+01   0.125528E+02   0.226169E+01   0.544075E+00
 0.296150E+01   0.195901E+01   0.125416E+02   0.227695E+01   0.548481E+00
 0.299100E+01   0.196974E+01   0.125320E+02   0.229176E+01   0.552868E+00
 0.302050E+01   0.198013E+01   0.125203E+02   0.230613E+01   0.557235E+00
 0.305000E+01   0.199018E+01   0.125155E+02   0.232008E+01   0.561584E+00
 0.307950E+01   0.199991E+01   0.124961E+02   0.233362E+01   0.565914E+00
 0.310900E+01   0.200933E+01   0.124911E+02   0.234675E+01   0.570226E+00
 0.313850E+01   0.201845E+01   0.124774E+02   0.235949E+01   0.574520E+00
 0.316800E+01   0.202727E+01   0.124649E+02   0.237185E+01   0.578796E+00
 0.319750E+01   0.203580E+01   0.124529E+02   0.238385E+01   0.583054E+00
 0.322700E+01   0.204407E+01   0.124456E+02   0.239548E+01   0.587294E+00
 0.325650E+01   0.205206E+01   0.124252E+02   0.240676E+01   0.591518E+00
 0.328600E+01   0.205979E+01   0.124173E+02   0.241770E+01   0.595724E+00
 0.331550E+01   0.206728E+01   0.124040E+02   0.242832E+01   0.599913E+00
 0.334500E+01   0.207452E+01   0.123927E+02   0.243861E+01   0.604086E+00
 0.337450E+01   0.208153E+01   0.123848E+02   0.244858E+01   0.608243E+00
 0.340400E+01   0.208831E+01   0.123690E+02   0.245826E+01   0.612383E+00
 0.343350E+01   0.209487E+01   0.123612E+02   0.246764E+01   0.616507E+00
 0.346300E+01   0.210122E+01   0.123478E+02   0.247674E+01   0.620615E+00
 0.349250E+01   0.210736E+01   0.123369E+02   0.248555E+01   0.624708E+00
 0.352200E+01   0.211330E+01   0.123189E+02   0.249410E+01   0.628785E+00
 0.355150E+01   0.211905E+01   0.123102E+02   0.250239E+01   0.632847E+00
 0.358100E+01   0.212462E+01   0.122960E+02   0.251042E+01   0.636894E+00
 0.361050E+01   0.213000E+01   0.122879E+02   0.251820E+01   0.640926E+00
 0.364000E+01   0.213520E+01   0.122798E+02   0.252575E+01   0.644943E+00
 0.366950E+01   0.214024E+01   0.122631E+02   0.253306E+01   0.648945E+00
 0.369900E+01   0.214511E+01   0.122494E+02   0.254015E+01   0.652933E+00
 0.372850E+01   0.214983E+01   0.122444E+02   0.254701E+01   0.656907E+00
 0.375800E+01   0.215439E+01   0.122285E+02   0.255366E+01   0.660867E+00
 0.378750E+01   0.215879E+01   0.122173E+02   0.256011E+01   0.664813E+00
 0.381700E+01   0.216306E+01   0.122072E+02   0.256635E+01   0.668745E+00
 0.384650E+01   0.216719E+01   0.121885E+02   0.257240E+01   0.672664E+00
 0.387600E+01   0.217117E+01   0.121771E+02   0.257826E+01   0.676569E+00
 0.390550E+01   0.217503E+01   0.121679E+02   0.258393E+01   0.680461E+00
 0.393500E+01   0.217876E+01   0.121598E+02   0.258943E+01   0.684340E+00
 0.396450E+01   0.218237E+01   0.121425E+02   0.259475E+01   0.688206E+00
 0.399400E+01   0.218586E+01   0.121380E+02   0.259990E+01   0.692059E+00
 0.402350E+01   0.218923E+01   0.121239E+02   0.260489E+01   0.695899E+00
 0.405300E+01   0.219249E+01   0.121122E+02   0.260972E+01   0.699727E+00
 0.408250E+01   0.219564E+01   0.121058E+02   0.261439E+01   0.703543E+00
 0.411200E+01   0.219868E+01   0.120900E+02   0.261891E+01   0.707346E+00
 0.414150E+01   0.220162E+01   0.120824E+02   0.262329E+01   0.711137E+00
 0.417100E+01   0.220447E+01   0.120718E+02   0.262752E+01   0.714916E+00
 0.420050E+01   0.220721E+01   0.120552E+02   0.263162E+01   0.718683E+00
 0.423000E+01   0.220986E+01   0.120454E+02   0.263558E+01   0.722439E+00
 0.425950E+01   0.221243E+01   0.120361E+02   0.263941E+01   0.726183E+00
 0.428900E+01   0.221490E+01   0.120260E+02   0.264312E+01   0.729915E+00
 0.431850E+01   0.221729E+01   0.120105E+02   0.264670E+01   0.733636E+00
 0.434800E+01   0.221960E+01   0.120051E+02   0.265016E+01   0.737346E+00
 0.437750E+01   0.222182E+01   0.119913E+02   0.265350E+01   0.741045E+00
 0.440700E+01   0.222397E+01   0.119795E+02   0.265673E+01   0.744732E+00
 0.443650E+01   0.222604E+01   0.119657E+02   0.265985E+01   0.748409E+00
 0.446600E+01   0.222804E+01   0.119574E+02   0.266286E+01   0.752075E+00
 0.449550E+01   0.222997E+01   0.119443E+02   0.266577E+01   0.755731E+00
 0.452500E+01   0.223182E+01   0.119379E+02   0.266858E+01   0.759375E+00
 0.455450E+01   0.223362E+01   0.119313E+02   0.267128E+01   0.763010E+00
 0.458400E+01   0.223534E+01   0.119161E+02   0.267389E+01   0.766634E+00
 0.461350E+01   0.223700E+01   0.119044E+02   0.267641E+01   0.770247E+00
 0.464300E+01   0.223860E+01   0.118949E+02   0.267884E+01   0.773851E+00
 0.467250E+01   0.224014E+01   0.118849E+02   0.268118E+01   0.777445E+00
 0.470200E+01   0.224162E+01   0.118752E+02   0.268343E+01   0.781028E+00
 0.473150E+01   0.224305E+01   0.118625E+02   0.268560E+01   0.784602E+00
 0.476100E+01   0.224442E+01   0.118540E+02   0.268769E+01   0.788166E+00
 0.479050E+01   0.224574E+01   0.118462E+02   0.268969E+01   0.791721E+00
 0.482000E+01   0.224700E+01   0.118390E+02   0.269162E+01   0.795266E+00
 0.484950E+01   0.224822E+01   0.118231E+02   0.269348E+01   0.798801E+00
 0.487900E+01   0.224938E+01   0.118147E+02   0.269526E+01   0.802328E+00
 0.490850E+01   0.225050E+01   0.118026E+02   0.269697E+01   0.805844E+00
 0.493800E+01   0.225157E+01   0.117977E+02   0.269861E+01   0.809352E+00
 0.496750E+01   0.225260E+01   0.117883E+02   0.270018E+01   0.812851E+00
 0.499700E+01   0.225358E+01   0.117798E+02   0.270169E+01   0.816340E+00
 0.502650E+01   0.225452E+01   0.117708E+02   0.270313E+01   0.819821E+00
 0.505600E+01   0.225542E+01   0.117570E+02   0.270451E+01   0.823293E+00
 0.508550E+01   0.225628E+01   0.117481E+02   0.270583E+01   0.826756E+00
 0.511500E+01   0.225710E+01   0.117433E+02   0.270709E+01   0.830210E+00
 0.514450E+01   0.225788E+01   0.117300E+02   0.270830E+01   0.833656E+00
 0.517400E+01   0.225863E+01   0.117253E+02   0.270944E+01   0.837093E+00
 0.520350E+01   0.225934E+01   0.117160E+02   0.271053E+01   0.840522E+00
 0.523300E+01   0.226001E+01   0.116995E+02   0.271157E+01   0.843942E+00
 0.526250E+01   0.226065E+01   0.116905E+02   0.271256E+01   0.847354E+00
 0.529200E+01   0.226125E+01   0.116819E+02   0.271349E+01   0.850758E+00
 0.532150E+01   0.226183E+01   0.116787E+02   0.271438E+01   0.854154E+00
 0.535100E+01   0.226237E+01   0.116723E+02   0.271522E+01   0.857542E+00
 0.538050E+01   0.226288E+01   0.116616E+02   0.271601E+01   0.860921E+00
 0.541000E+01   0.226336E+01   0.116455E+02   0.271675E+01   0.864293E+00
 0.543950E+01   0.226381E+01   0.116400E+02   0.271745E+01   0.867657E+00
 0.546900E+01   0.226423E+01   0.116287E+02   0.271811E+01   0.871013E+00
 0.549850E+01   0.226463E+01   0.116214E+02   0.271872E+01   0.874361E+00
 0.552800E+01   0.226500E+01   0.116145E+02   0.271929E+01   0.877702E+00
 0.555750E+01   0.226534E+01   0.116097E+02   0.271983E+01   0.881035E+00
 0.558700E+01   0.226566E+01   0.116013E+02   0.272032E+01   0.884361E+00
 0.561650E+01   0.226595E+01   0.115873E+02   0.272078E+01   0.887679E+00
 0.564600E+01   0.226622E+01   0.115803E+02   0.272119E+01   0.890990E+00
 0.567550E+01   0.226646E+01   0.115744E+02   0.272157E+01   0.894293E+00
 0.570500E+01   0.226668E+01   0.115686E+02   0.272192E+01   0.897589E+00
 0.573450E+01   0.226688E+01   0.115549E+02   0.272223E+01   0.900878E+00
 0.576400E+01   0.226706E+01   0.115521E+02   0.272251E+01   0.904160E+00
 0.579350E+01   0.226722E+01   0.115403E+02   0.272275E+01   0.907434E+00
 0.582300E+01   0.226735E+01   0.115296E+02   0.272297E+01   0.910702E+00
 0.585250E+01   0.226747E+01   0.115280E+02   0.272315E+01   0.913962E+00
 0.588200E+01   0.226757E+01   0.115111E+02   0.272330E+01   0.917216E+00
 0.591150E+01   0.226764E+01   0.115058E+02   0.272342E+01   0.920463E+00
 0.594100E+01   0.226770E+01   0.114951E+02   0.272351E+01   0.923703E+00
 0.597050E+01   0.226774E+01   0.114921E+02   0.272357E+01   0.926936E+00
