 0.100000E+00   0.327197E+00   0.170940E+03   0.329532E+00   0.209161E-01
 0.129500E+00   0.293492E+00   0.176821E+03   0.295553E+00   0.270697E-01
 0.159000E+00   0.251799E+00   0.181905E+03   0.253506E+00   0.332166E-01
 0.188500E+00   0.181237E+00   0.163491E+03   0.182341E+00   0.393570E-01
 0.218000E+00   0.129486E+00   0.142032E+03   0.130154E+00   0.454912E-01
 0.247500E+00   0.100055E+00   0.115112E+03   0.100475E+00   0.516192E-01
 0.277000E+00   0.906331E-01   0.988679E+02   0.909720E-01   0.577413E-01
 0.306500E+00   0.882581E-01   0.805463E+02   0.885739E-01   0.638576E-01
 0.336000E+00   0.885340E-01   0.699684E+02   0.888552E-01   0.701664E-01
 0.365500E+00   0.918024E-01   0.505350E+02   0.921694E-01   0.762902E-01
 0.395000E+00   0.975541E-01   0.421621E+02   0.980026E-01   0.824063E-01
 0.424500E+00   0.104784E+00   0.405586E+02   0.105342E+00   0.885146E-01
 0.454000E+00   0.113097E+00   0.368050E+02   0.113790E+00   0.946148E-01
 0.483500E+00   0.122305E+00   0.303740E+02   0.123159E+00   0.100707E+00
 0.513000E+00   0.132283E+00   0.262429E+02   0.133328E+00   0.106790E+00
 0.542500E+00   0.142965E+00   0.233989E+02   0.144230E+00   0.112864E+00
 0.572000E+00   0.154320E+00   0.213428E+02   0.155838E+00   0.118929E+00
 0.601500E+00   0.166336E+00   0.197924E+02   0.168142E+00   0.124985E+00
 0.631000E+00   0.178884E+00   0.185986E+02   0.181015E+00   0.131030E+00
 0.660500E+00   0.191823E+00   0.176693E+02   0.194312E+00   0.137066E+00
 0.690000E+00   0.205299E+00   0.169194E+02   0.208187E+00   0.143092E+00
 0.719500E+00   0.219373E+00   0.163058E+02   0.222708E+00   0.149107E+00
 0.749000E+00   0.234091E+00   0.157865E+02   0.237924E+00   0.155111E+00
 0.778500E+00   0.249491E+00   0.153535E+02   0.253879E+00   0.161103E+00
 0.808000E+00   0.265603E+00   0.149838E+02   0.270609E+00   0.167084E+00
 0.837500E+00   0.282455E+00   0.146646E+02   0.288148E+00   0.173053E+00
 0.867000E+00   0.300066E+00   0.143907E+02   0.306522E+00   0.179009E+00
 0.896500E+00   0.318451E+00   0.141515E+02   0.325753E+00   0.184952E+00
 0.926000E+00   0.337621E+00   0.139537E+02   0.345856E+00   0.190882E+00
 0.955500E+00   0.357580E+00   0.137774E+02   0.366846E+00   0.196797E+00
 0.985000E+00   0.378328E+00   0.136199E+02   0.388727E+00   0.202698E+00
 0.101450E+01   0.399861E+00   0.134802E+02   0.411504E+00   0.208584E+00
 0.104400E+01   0.422170E+00   0.133654E+02   0.435173E+00   0.214455E+00
 0.107350E+01   0.445241E+00   0.132675E+02   0.459728E+00   0.220309E+00
 0.110300E+01   0.469057E+00   0.131884E+02   0.485160E+00   0.226147E+00
 0.113250E+01   0.493597E+00   0.131054E+02   0.511453E+00   0.231968E+00
 0.116200E+01   0.518837E+00   0.130419E+02   0.538590E+00   0.237772E+00
 0.119150E+01   0.544747E+00   0.129892E+02   0.566548E+00   0.243557E+00
 0.122100E+01   0.571299E+00   0.129464E+02   0.595302E+00   0.249324E+00
 0.125050E+01   0.598457E+00   0.129022E+02   0.624825E+00   0.255073E+00
 0.128000E+01   0.626185E+00   0.128726E+02   0.655084E+00   0.260802E+00
 0.130950E+01   0.654445E+00   0.128466E+02   0.686045E+00   0.266511E+00
 0.133900E+01   0.683196E+00   0.128213E+02   0.717670E+00   0.272200E+00
 0.136850E+01   0.712394E+00   0.128011E+02   0.749919E+00   0.277868E+00
 0.139800E+01   0.741994E+00   0.127907E+02   0.782750E+00   0.283516E+00
 0.142750E+01   0.771951E+00   0.127795E+02   0.816117E+00   0.289141E+00
 0.145700E+01   0.802216E+00   0.127697E+02   0.849974E+00   0.294745E+00
 0.148650E+01   0.832740E+00   0.127612E+02   0.884270E+00   0.300327E+00
 0.151600E+01   0.863473E+00   0.127604E+02   0.918955E+00   0.305886E+00
 0.154550E+01   0.894366E+00   0.127525E+02   0.953977E+00   0.311422E+00
 0.157500E+01   0.925367E+00   0.127510E+02   0.989281E+00   0.316935E+00
 0.160450E+01   0.956425E+00   0.127528E+02   0.102481E+01   0.322425E+00
 0.163400E+01   0.987491E+00   0.127506E+02   0.106052E+01   0.327890E+00
 0.166350E+01   0.101851E+01   0.127485E+02   0.109634E+01   0.333332E+00
 0.169300E+01   0.104945E+01   0.127477E+02   0.113223E+01   0.338749E+00
 0.172250E+01   0.108024E+01   0.127580E+02   0.116812E+01   0.344141E+00
 0.175200E+01   0.111085E+01   0.127575E+02   0.120397E+01   0.349509E+00
 0.178150E+01   0.114123E+01   0.127572E+02   0.123971E+01   0.354851E+00
 0.181100E+01   0.117134E+01   0.127562E+02   0.127531E+01   0.360169E+00
 0.184050E+01   0.120115E+01   0.127648E+02   0.131071E+01   0.365461E+00
 0.187000E+01   0.123060E+01   0.127610E+02   0.134586E+01   0.370728E+00
 0.189950E+01   0.125967E+01   0.127604E+02   0.138072E+01   0.375970E+00
 0.192900E+01   0.128833E+01   0.127613E+02   0.141525E+01   0.381186E+00
 0.195850E+01   0.131655E+01   0.127672E+02   0.144940E+01   0.386376E+00
 0.198800E+01   0.134430E+01   0.127642E+02   0.148315E+01   0.391541E+00
 0.201750E+01   0.137156E+01   0.127608E+02   0.151645E+01   0.396681E+00
 0.204700E+01   0.139831E+01   0.127629E+02   0.154927E+01   0.401795E+00
 0.207650E+01   0.142453E+01   0.127667E+02   0.158160E+01   0.406883E+00
 0.210600E+01   0.145021E+01   0.127623E+02   0.161339E+01   0.411946E+00
 0.213550E+01   0.147534E+01   0.127645E+02   0.164464E+01   0.416984E+00
 0.216500E+01   0.149990E+01   0.127585E+02   0.167533E+01   0.421997E+00
 0.219450E+01   0.152388E+01   0.127557E+02   0.170543E+01   0.426985E+00
 0.222400E+01   0.154730E+01   0.127475E+02   0.173493E+01   0.431947E+00
 0.225350E+01   0.157013E+01   0.127454E+02   0.176383E+01   0.436885E+00
 0.228300E+01   0.159239E+01   0.127380E+02   0.179211E+01   0.441798E+00
 0.231250E+01   0.161406E+01   0.127414E+02   0.181978E+01   0.446687E+00
 0.234200E+01   0.163516E+01   0.127338E+02   0.184681E+01   0.451552E+00
 0.237150E+01   0.165569E+01   0.127284E+02   0.187322E+01   0.456392E+00
 0.240100E+01   0.167565E+01   0.127161E+02   0.189901E+01   0.461208E+00
 0.243050E+01   0.169506E+01   0.127171E+02   0.192417E+01   0.466001E+00
 0.246000E+01   0.171390E+01   0.127009E+02   0.194870E+01   0.470770E+00
 0.248950E+01   0.173221E+01   0.127013E+02   0.197262E+01   0.475516E+00
 0.251900E+01   0.174998E+01   0.126851E+02   0.199593E+01   0.480239E+00
 0.254850E+01   0.176723E+01   0.126820E+02   0.201863E+01   0.484939E+00
 0.257800E+01   0.178396E+01   0.126713E+02   0.204073E+01   0.489616E+00
 0.260750E+01   0.180019E+01   0.126675E+02   0.206224E+01   0.494271E+00
 0.263700E+01   0.181592E+01   0.126521E+02   0.208317E+01   0.498904E+00
 0.266650E+01   0.183117E+01   0.126450E+02   0.210353E+01   0.503515E+00
 0.269600E+01   0.184596E+01   0.126384E+02   0.212333E+01   0.508104E+00
 0.272550E+01   0.186028E+01   0.126315E+02   0.214258E+01   0.512672E+00
 0.275500E+01   0.187416E+01   0.126175E+02   0.216128E+01   0.517219E+00
 0.278450E+01   0.188761E+01   0.126031E+02   0.217946E+01   0.521745E+00
 0.281400E+01   0.190063E+01   0.125940E+02   0.219712E+01   0.526250E+00
 0.284350E+01   0.191324E+01   0.125816E+02   0.221428E+01   0.530734E+00
 0.287300E+01   0.192545E+01   0.125790E+02   0.223094E+01   0.535199E+00
 0.290250E+01   0.193727E+01   0.125691E+02   0.224712E+01   0.539643E+00
 0.293200E+01   0.194872E+01   0.125539E+02   0.226283E+01   0.544068E+00
 0.296150E+01   0.195980E+01   0.125460E+02   0.227808E+01   0.548473E+00
 0.299100E+01   0.197053E+01   0.125341E+02   0.229289E+01   0.552859E+00
 0.302050E+01   0.198091E+01   0.125239E+02   0.230725E+01   0.557226E+00
 0.305000E+01   0.199096E+01   0.125062E+02   0.232120E+01   0.561574E+00
 0.307950E+01   0.200068E+01   0.124979E+02   0.233473E+01   0.565904E+00
 0.310900E+01   0.201009E+01   0.124887E+02   0.234785E+01   0.570215E+00
 0.313850E+01   0.201920E+01   0.124751E+02   0.236059E+01   0.574508E+00
 0.316800E+01   0.202802E+01   0.124580E+02   0.237295E+01   0.578783E+00
 0.319750E+01   0.203655E+01   0.124471E+02   0.238493E+01   0.583040E+00
 0.322700E+01   0.204480E+01   0.124434E+02   0.239656E+01   0.587280E+00
 0.325650E+01   0.205279E+01   0.124246E+02   0.240783E+01   0.591503E+00
 0.328600E+01   0.206052E+01   0.124176E+02   0.241877E+01   0.595709E+00
 0.331550E+01   0.206800E+01   0.124013E+02   0.242937E+01   0.599898E+00
 0.334500E+01   0.207523E+01   0.123938E+02   0.243965E+01   0.604070E+00
 0.337450E+01   0.208223E+01   0.123780E+02   0.244962E+01   0.608226E+00
 0.340400E+01   0.208901E+01   0.123704E+02   0.245929E+01   0.612365E+00
 0.343350E+01   0.209556E+01   0.123584E+02   0.246867E+01   0.616489E+00
 0.346300E+01   0.210190E+01   0.123452E+02   0.247775E+01   0.620596E+00
 0.349250E+01   0.210804E+01   0.123317E+02   0.248656E+01   0.624688E+00
 0.352200E+01   0.211398E+01   0.123219E+02   0.249511E+01   0.628765E+00
 0.355150E+01   0.211972E+01   0.123136E+02   0.250338E+01   0.632826E+00
 0.358100E+01   0.212528E+01   0.122941E+02   0.251141E+01   0.636873E+00
 0.361050E+01   0.213065E+01   0.122887E+02   0.251919E+01   0.640904E+00
 0.364000E+01   0.213585E+01   0.122739E+02   0.252672E+01   0.644920E+00
 0.366950E+01   0.214088E+01   0.122634E+02   0.253403E+01   0.648922E+00
 0.369900E+01   0.214575E+01   0.122482E+02   0.254111E+01   0.652910E+00
 0.372850E+01   0.215046E+01   0.122354E+02   0.254797E+01   0.656883E+00
 0.375800E+01   0.215501E+01   0.122256E+02   0.255461E+01   0.660843E+00
 0.378750E+01   0.215942E+01   0.122162E+02   0.256105E+01   0.664788E+00
 0.381700E+01   0.216368E+01   0.122000E+02   0.256729E+01   0.668720E+00
 0.384650E+01   0.216780E+01   0.121910E+02   0.257333E+01   0.672638E+00
 0.387600E+01   0.217178E+01   0.121807E+02   0.257918E+01   0.676543E+00
 0.390550E+01   0.217563E+01   0.121719E+02   0.258485E+01   0.680434E+00
 0.393500E+01   0.217936E+01   0.121600E+02   0.259034E+01   0.684313E+00
 0.396450E+01   0.218296E+01   0.121405E+02   0.259565E+01   0.688178E+00
 0.399400E+01   0.218645E+01   0.121305E+02   0.260080E+01   0.692031E+00
 0.402350E+01   0.218981E+01   0.121188E+02   0.260578E+01   0.695871E+00
 0.405300E+01   0.219307E+01   0.121154E+02   0.261060E+01   0.699698E+00
 0.408250E+01   0.219621E+01   0.121020E+02   0.261527E+01   0.703513E+00
 0.411200E+01   0.219925E+01   0.120885E+02   0.261979E+01   0.707316E+00
 0.414150E+01   0.220219E+01   0.120731E+02   0.262416E+01   0.711107E+00
 0.417100E+01   0.220503E+01   0.120624E+02   0.262839E+01   0.714885E+00
 0.420050E+01   0.220777E+01   0.120536E+02   0.263248E+01   0.718652E+00
 0.423000E+01   0.221042E+01   0.120493E+02   0.263644E+01   0.722407E+00
 0.425950E+01   0.221298E+01   0.120311E+02   0.264026E+01   0.726151E+00
 0.428900E+01   0.221545E+01   0.120221E+02   0.264396E+01   0.729883E+00
 0.431850E+01   0.221783E+01   0.120085E+02   0.264753E+01   0.733603E+00
 0.434800E+01   0.222014E+01   0.120047E+02   0.265099E+01   0.737313E+00
 0.437750E+01   0.222236E+01   0.119941E+02   0.265433E+01   0.741011E+00
 0.440700E+01   0.222450E+01   0.119768E+02   0.265755E+01   0.744698E+00
 0.443650E+01   0.222657E+01   0.119714E+02   0.266067E+01   0.748375E+00
 0.446600E+01   0.222857E+01   0.119631E+02   0.266368E+01   0.752041E+00
 0.449550E+01   0.223049E+01   0.119427E+02   0.266658E+01   0.755696E+00
 0.452500E+01   0.223235E+01   0.119365E+02   0.266938E+01   0.759340E+00
 0.455450E+01   0.223413E+01   0.119249E+02   0.267208E+01   0.762974E+00
 0.458400E+01   0.223586E+01   0.119151E+02   0.267469E+01   0.766598E+00
 0.461350E+01   0.223751E+01   0.119081E+02   0.267721E+01   0.770211E+00
 0.464300E+01   0.223911E+01   0.118946E+02   0.267963E+01   0.773814E+00
 0.467250E+01   0.224065E+01   0.118830E+02   0.268196E+01   0.777408E+00
 0.470200E+01   0.224213E+01   0.118803E+02   0.268421E+01   0.780991E+00
 0.473150E+01   0.224355E+01   0.118659E+02   0.268637E+01   0.784565E+00
 0.476100E+01   0.224492E+01   0.118526E+02   0.268846E+01   0.788128E+00
 0.479050E+01   0.224623E+01   0.118417E+02   0.269046E+01   0.791683E+00
 0.482000E+01   0.224750E+01   0.118383E+02   0.269239E+01   0.795227E+00
 0.484950E+01   0.224871E+01   0.118289E+02   0.269424E+01   0.798762E+00
 0.487900E+01   0.224987E+01   0.118205E+02   0.269602E+01   0.802288E+00
 0.490850E+01   0.225099E+01   0.118025E+02   0.269772E+01   0.805805E+00
 0.493800E+01   0.225206E+01   0.117939E+02   0.269936E+01   0.809312E+00
 0.496750E+01   0.225308E+01   0.117890E+02   0.270093E+01   0.812810E+00
 0.499700E+01   0.225406E+01   0.117750E+02   0.270243E+01   0.816300E+00
 0.502650E+01   0.225500E+01   0.117709E+02   0.270387E+01   0.819780E+00
 0.505600E+01   0.225590E+01   0.117585E+02   0.270525E+01   0.823251E+00
 0.508550E+01   0.225675E+01   0.117521E+02   0.270657E+01   0.826714E+00
 0.511500E+01   0.225757E+01   0.117355E+02   0.270782E+01   0.830168E+00
 0.514450E+01   0.225835E+01   0.117326E+02   0.270902E+01   0.833614E+00
 0.517400E+01   0.225909E+01   0.117235E+02   0.271016E+01   0.837051E+00
 0.520350E+01   0.225980E+01   0.117088E+02   0.271125E+01   0.840479E+00
 0.523300E+01   0.226047E+01   0.117047E+02   0.271229E+01   0.843899E+00
 0.526250E+01   0.226110E+01   0.116930E+02   0.271327E+01   0.847311E+00
 0.529200E+01   0.226171E+01   0.116857E+02   0.271420E+01   0.850715E+00
 0.532150E+01   0.226228E+01   0.116766E+02   0.271509E+01   0.854110E+00
 0.535100E+01   0.226282E+01   0.116626E+02   0.271592E+01   0.857498E+00
 0.538050E+01   0.226333E+01   0.116603E+02   0.271671E+01   0.860877E+00
 0.541000E+01   0.226381E+01   0.116496E+02   0.271745E+01   0.864248E+00
 0.543950E+01   0.226426E+01   0.116443E+02   0.271815E+01   0.867612E+00
 0.546900E+01   0.226468E+01   0.116301E+02   0.271880E+01   0.870968E+00
 0.549850E+01   0.226507E+01   0.116243E+02   0.271941E+01   0.874316E+00
 0.552800E+01   0.226544E+01   0.116127E+02   0.271998E+01   0.877656E+00
 0.555750E+01   0.226578E+01   0.116108E+02   0.272051E+01   0.880989E+00
 0.558700E+01   0.226609E+01   0.115953E+02   0.272100E+01   0.884315E+00
 0.561650E+01   0.226639E+01   0.115855E+02   0.272146E+01   0.887632E+00
 0.564600E+01   0.226665E+01   0.115797E+02   0.272187E+01   0.890943E+00
 0.567550E+01   0.226689E+01   0.115746E+02   0.272225E+01   0.894246E+00
 0.570500E+01   0.226711E+01   0.115669E+02   0.272259E+01   0.897542E+00
 0.573450E+01   0.226731E+01   0.115548E+02   0.272290E+01   0.900830E+00
 0.576400E+01   0.226749E+01   0.115456E+02   0.272318E+01   0.904112E+00
 0.579350E+01   0.226764E+01   0.115350E+02   0.272342E+01   0.907386E+00
 0.582300E+01   0.226778E+01   0.115345E+02   0.272363E+01   0.910653E+00
 0.585250E+01   0.226789E+01   0.115213E+02   0.272381E+01   0.913914E+00
 0.588200E+01   0.226799E+01   0.115137E+02   0.272395E+01   0.917167E+00
 0.591150E+01   0.226806E+01   0.115061E+02   0.272407E+01   0.920414E+00
 0.594100E+01   0.226812E+01   0.115018E+02   0.272416E+01   0.923653E+00
 0.597050E+01   0.226816E+01   0.114935E+02   0.272422E+01   0.926886E+00
