 0.100000E+00   0.327197E+00   0.170940E+03   0.329532E+00   0.209161E-01
 0.129500E+00   0.293492E+00   0.176821E+03   0.295553E+00   0.270697E-01
 0.159000E+00   0.251799E+00   0.181905E+03   0.253506E+00   0.332166E-01
 0.188500E+00   0.181511E+00   0.163747E+03   0.182617E+00   0.393570E-01
 0.218000E+00   0.129115E+00   0.141464E+03   0.129780E+00   0.454912E-01
 0.247500E+00   0.100196E+00   0.115536E+03   0.100617E+00   0.516192E-01
 0.277000E+00   0.906289E-01   0.988402E+02   0.909678E-01   0.577413E-01
 0.306500E+00   0.882609E-01   0.806173E+02   0.885768E-01   0.638576E-01
 0.336000E+00   0.885261E-01   0.697978E+02   0.888474E-01   0.701719E-01
 0.365500E+00   0.918693E-01   0.503506E+02   0.922379E-01   0.762961E-01
 0.395000E+00   0.977553E-01   0.420998E+02   0.982079E-01   0.824126E-01
 0.424500E+00   0.105158E+00   0.404270E+02   0.105723E+00   0.885211E-01
 0.454000E+00   0.113672E+00   0.363239E+02   0.114377E+00   0.946214E-01
 0.483500E+00   0.123095E+00   0.300065E+02   0.123968E+00   0.100713E+00
 0.513000E+00   0.133297E+00   0.259566E+02   0.134366E+00   0.106796E+00
 0.542500E+00   0.144205E+00   0.231804E+02   0.145502E+00   0.112870E+00
 0.572000E+00   0.155781E+00   0.211661E+02   0.157338E+00   0.118935E+00
 0.601500E+00   0.168009E+00   0.196504E+02   0.169864E+00   0.124990E+00
 0.631000E+00   0.180774E+00   0.184895E+02   0.182962E+00   0.131035E+00
 0.660500E+00   0.193902E+00   0.175855E+02   0.196458E+00   0.137071E+00
 0.690000E+00   0.207545E+00   0.168497E+02   0.210511E+00   0.143095E+00
 0.719500E+00   0.221766E+00   0.162483E+02   0.225189E+00   0.149110E+00
 0.749000E+00   0.236610E+00   0.157485E+02   0.240540E+00   0.155113E+00
 0.778500E+00   0.252114E+00   0.153265E+02   0.256610E+00   0.161105E+00
 0.808000E+00   0.268310E+00   0.149623E+02   0.273434E+00   0.167085E+00
 0.837500E+00   0.285224E+00   0.146477E+02   0.291045E+00   0.173053E+00
 0.867000E+00   0.302878E+00   0.143863E+02   0.309471E+00   0.179008E+00
 0.896500E+00   0.321287E+00   0.141574E+02   0.328734E+00   0.184950E+00
 0.926000E+00   0.340463E+00   0.139509E+02   0.348853E+00   0.190879E+00
 0.955500E+00   0.360412E+00   0.137753E+02   0.369839E+00   0.196794E+00
 0.985000E+00   0.381135E+00   0.136320E+02   0.391703E+00   0.202694E+00
 0.101450E+01   0.402630E+00   0.134983E+02   0.414447E+00   0.208579E+00
 0.104400E+01   0.424888E+00   0.133806E+02   0.438071E+00   0.214448E+00
 0.107350E+01   0.447899E+00   0.132836E+02   0.462571E+00   0.220302E+00
 0.110300E+01   0.471645E+00   0.131992E+02   0.487937E+00   0.226139E+00
 0.113250E+01   0.496109E+00   0.131231E+02   0.514157E+00   0.231959E+00
 0.116200E+01   0.521266E+00   0.130607E+02   0.541214E+00   0.237762E+00
 0.119150E+01   0.547091E+00   0.130078E+02   0.569087E+00   0.243546E+00
 0.122100E+01   0.573553E+00   0.129589E+02   0.597753E+00   0.249313E+00
 0.125050E+01   0.600620E+00   0.129208E+02   0.627185E+00   0.255060E+00
 0.128000E+01   0.628257E+00   0.128897E+02   0.657352E+00   0.260789E+00
 0.130950E+01   0.656426E+00   0.128640E+02   0.688220E+00   0.266497E+00
 0.133900E+01   0.685087E+00   0.128391E+02   0.719753E+00   0.272186E+00
 0.136850E+01   0.714196E+00   0.128235E+02   0.751912E+00   0.277853E+00
 0.139800E+01   0.743711E+00   0.128083E+02   0.784653E+00   0.283500E+00
 0.142750E+01   0.773584E+00   0.127918E+02   0.817934E+00   0.289125E+00
 0.145700E+01   0.803768E+00   0.127829E+02   0.851706E+00   0.294729E+00
 0.148650E+01   0.834215E+00   0.127749E+02   0.885921E+00   0.300310E+00
 0.151600E+01   0.864875E+00   0.127720E+02   0.920529E+00   0.305869E+00
 0.154550E+01   0.895697E+00   0.127636E+02   0.955475E+00   0.311404E+00
 0.157500E+01   0.926631E+00   0.127653E+02   0.990708E+00   0.316917E+00
 0.160450E+01   0.957627E+00   0.127631E+02   0.102617E+01   0.322406E+00
 0.163400E+01   0.988632E+00   0.127677E+02   0.106181E+01   0.327871E+00
 0.166350E+01   0.101960E+01   0.127594E+02   0.109757E+01   0.333312E+00
 0.169300E+01   0.105048E+01   0.127598E+02   0.113340E+01   0.338728E+00
 0.172250E+01   0.108122E+01   0.127654E+02   0.116924E+01   0.344120E+00
 0.175200E+01   0.111178E+01   0.127669E+02   0.120503E+01   0.349487E+00
 0.178150E+01   0.114212E+01   0.127663E+02   0.124073E+01   0.354830E+00
 0.181100E+01   0.117219E+01   0.127743E+02   0.127628E+01   0.360147E+00
 0.184050E+01   0.120195E+01   0.127689E+02   0.131163E+01   0.365439E+00
 0.187000E+01   0.123137E+01   0.127698E+02   0.134674E+01   0.370705E+00
 0.189950E+01   0.126040E+01   0.127774E+02   0.138156E+01   0.375947E+00
 0.192900E+01   0.128903E+01   0.127755E+02   0.141604E+01   0.381162E+00
 0.195850E+01   0.131722E+01   0.127732E+02   0.145016E+01   0.386352E+00
 0.198800E+01   0.134494E+01   0.127748E+02   0.148387E+01   0.391517E+00
 0.201750E+01   0.137217E+01   0.127756E+02   0.151713E+01   0.396656E+00
 0.204700E+01   0.139889E+01   0.127755E+02   0.154993E+01   0.401770E+00
 0.207650E+01   0.142509E+01   0.127722E+02   0.158222E+01   0.406858E+00
 0.210600E+01   0.145074E+01   0.127670E+02   0.161399E+01   0.411921E+00
 0.213550E+01   0.147584E+01   0.127691E+02   0.164521E+01   0.416959E+00
 0.216500E+01   0.150038E+01   0.127648E+02   0.167586E+01   0.421971E+00
 0.219450E+01   0.152434E+01   0.127658E+02   0.170594E+01   0.426958E+00
 0.222400E+01   0.154773E+01   0.127552E+02   0.173541E+01   0.431921E+00
 0.225350E+01   0.157055E+01   0.127495E+02   0.176429E+01   0.436858E+00
 0.228300E+01   0.159278E+01   0.127514E+02   0.179255E+01   0.441771E+00
 0.231250E+01   0.161444E+01   0.127437E+02   0.182019E+01   0.446660E+00
 0.234200E+01   0.163553E+01   0.127388E+02   0.184720E+01   0.451524E+00
 0.237150E+01   0.165604E+01   0.127334E+02   0.187359E+01   0.456364E+00
 0.240100E+01   0.167599E+01   0.127294E+02   0.189936E+01   0.461180E+00
 0.243050E+01   0.169537E+01   0.127156E+02   0.192450E+01   0.465972E+00
 0.246000E+01   0.171421E+01   0.127078E+02   0.194901E+01   0.470741E+00
 0.248950E+01   0.173250E+01   0.127017E+02   0.197292E+01   0.475487E+00
 0.251900E+01   0.175026E+01   0.126994E+02   0.199620E+01   0.480209E+00
 0.254850E+01   0.176749E+01   0.126828E+02   0.201889E+01   0.484909E+00
 0.257800E+01   0.178421E+01   0.126785E+02   0.204097E+01   0.489586E+00
 0.260750E+01   0.180043E+01   0.126748E+02   0.206247E+01   0.494241E+00
 0.263700E+01   0.181615E+01   0.126594E+02   0.208339E+01   0.498874E+00
 0.266650E+01   0.183140E+01   0.126475E+02   0.210373E+01   0.503485E+00
 0.269600E+01   0.184617E+01   0.126461E+02   0.212352E+01   0.508074E+00
 0.272550E+01   0.186049E+01   0.126290E+02   0.214275E+01   0.512641E+00
 0.275500E+01   0.187436E+01   0.126178E+02   0.216144E+01   0.517188E+00
 0.278450E+01   0.188779E+01   0.126165E+02   0.217961E+01   0.521713E+00
 0.281400E+01   0.190081E+01   0.125984E+02   0.219726E+01   0.526218E+00
 0.284350E+01   0.191341E+01   0.125886E+02   0.221441E+01   0.530703E+00
 0.287300E+01   0.192561E+01   0.125832E+02   0.223106E+01   0.535167E+00
 0.290250E+01   0.193743E+01   0.125725E+02   0.224723E+01   0.539611E+00
 0.293200E+01   0.194887E+01   0.125571E+02   0.226293E+01   0.544036E+00
 0.296150E+01   0.195994E+01   0.125490E+02   0.227817E+01   0.548441E+00
 0.299100E+01   0.197066E+01   0.125340E+02   0.229297E+01   0.552826E+00
 0.302050E+01   0.198104E+01   0.125203E+02   0.230732E+01   0.557193E+00
 0.305000E+01   0.199108E+01   0.125178E+02   0.232126E+01   0.561541E+00
 0.307950E+01   0.200080E+01   0.125063E+02   0.233478E+01   0.565870E+00
 0.310900E+01   0.201021E+01   0.124867E+02   0.234790E+01   0.570181E+00
 0.313850E+01   0.201931E+01   0.124764E+02   0.236063E+01   0.574474E+00
 0.316800E+01   0.202812E+01   0.124630E+02   0.237298E+01   0.578749E+00
 0.319750E+01   0.203665E+01   0.124504E+02   0.238496E+01   0.583007E+00
 0.322700E+01   0.204490E+01   0.124467E+02   0.239657E+01   0.587246E+00
 0.325650E+01   0.205288E+01   0.124335E+02   0.240784E+01   0.591469E+00
 0.328600E+01   0.206061E+01   0.124193E+02   0.241877E+01   0.595674E+00
 0.331550E+01   0.206808E+01   0.124039E+02   0.242937E+01   0.599863E+00
 0.334500E+01   0.207531E+01   0.123982E+02   0.243965E+01   0.604035E+00
 0.337450E+01   0.208231E+01   0.123888E+02   0.244961E+01   0.608191E+00
 0.340400E+01   0.208908E+01   0.123731E+02   0.245928E+01   0.612330E+00
 0.343350E+01   0.209563E+01   0.123621E+02   0.246865E+01   0.616454E+00
 0.346300E+01   0.210197E+01   0.123527E+02   0.247773E+01   0.620561E+00
 0.349250E+01   0.210811E+01   0.123381E+02   0.248653E+01   0.624653E+00
 0.352200E+01   0.211404E+01   0.123285E+02   0.249507E+01   0.628730E+00
 0.355150E+01   0.211978E+01   0.123124E+02   0.250334E+01   0.632791E+00
 0.358100E+01   0.212534E+01   0.123023E+02   0.251136E+01   0.636837E+00
 0.361050E+01   0.213071E+01   0.122873E+02   0.251914E+01   0.640868E+00
 0.364000E+01   0.213591E+01   0.122737E+02   0.252667E+01   0.644885E+00
 0.366950E+01   0.214094E+01   0.122629E+02   0.253397E+01   0.648886E+00
 0.369900E+01   0.214580E+01   0.122572E+02   0.254105E+01   0.652874E+00
 0.372850E+01   0.215051E+01   0.122426E+02   0.254790E+01   0.656847E+00
 0.375800E+01   0.215506E+01   0.122298E+02   0.255455E+01   0.660807E+00
 0.378750E+01   0.215946E+01   0.122223E+02   0.256098E+01   0.664752E+00
 0.381700E+01   0.216372E+01   0.122090E+02   0.256722E+01   0.668684E+00
 0.384650E+01   0.216784E+01   0.121942E+02   0.257325E+01   0.672602E+00
 0.387600E+01   0.217182E+01   0.121791E+02   0.257910E+01   0.676506E+00
 0.390550E+01   0.217567E+01   0.121713E+02   0.258477E+01   0.680398E+00
 0.393500E+01   0.217939E+01   0.121616E+02   0.259026E+01   0.684276E+00
 0.396450E+01   0.218299E+01   0.121472E+02   0.259557E+01   0.688141E+00
 0.399400E+01   0.218648E+01   0.121336E+02   0.260071E+01   0.691994E+00
 0.402350E+01   0.218984E+01   0.121283E+02   0.260569E+01   0.695834E+00
 0.405300E+01   0.219309E+01   0.121167E+02   0.261051E+01   0.699661E+00
 0.408250E+01   0.219624E+01   0.121025E+02   0.261518E+01   0.703476E+00
 0.411200E+01   0.219928E+01   0.120949E+02   0.261969E+01   0.707279E+00
 0.414150E+01   0.220221E+01   0.120760E+02   0.262406E+01   0.711069E+00
 0.417100E+01   0.220505E+01   0.120699E+02   0.262829E+01   0.714848E+00
 0.420050E+01   0.220779E+01   0.120583E+02   0.263237E+01   0.718614E+00
 0.423000E+01   0.221044E+01   0.120480E+02   0.263633E+01   0.722369E+00
 0.425950E+01   0.221300E+01   0.120352E+02   0.264015E+01   0.726113E+00
 0.428900E+01   0.221547E+01   0.120217E+02   0.264385E+01   0.729845E+00
 0.431850E+01   0.221785E+01   0.120160E+02   0.264742E+01   0.733565E+00
 0.434800E+01   0.222015E+01   0.119995E+02   0.265088E+01   0.737275E+00
 0.437750E+01   0.222237E+01   0.119913E+02   0.265421E+01   0.740973E+00
 0.440700E+01   0.222452E+01   0.119825E+02   0.265744E+01   0.744660E+00
 0.443650E+01   0.222658E+01   0.119700E+02   0.266055E+01   0.748336E+00
 0.446600E+01   0.222858E+01   0.119643E+02   0.266356E+01   0.752002E+00
 0.449550E+01   0.223050E+01   0.119516E+02   0.266646E+01   0.755657E+00
 0.452500E+01   0.223236E+01   0.119433E+02   0.266926E+01   0.759301E+00
 0.455450E+01   0.223414E+01   0.119337E+02   0.267196E+01   0.762935E+00
 0.458400E+01   0.223586E+01   0.119171E+02   0.267457E+01   0.766559E+00
 0.461350E+01   0.223752E+01   0.119049E+02   0.267708E+01   0.770172E+00
 0.464300E+01   0.223912E+01   0.118996E+02   0.267950E+01   0.773775E+00
 0.467250E+01   0.224065E+01   0.118848E+02   0.268183E+01   0.777369E+00
 0.470200E+01   0.224213E+01   0.118770E+02   0.268408E+01   0.780952E+00
 0.473150E+01   0.224356E+01   0.118723E+02   0.268624E+01   0.784525E+00
 0.476100E+01   0.224492E+01   0.118547E+02   0.268832E+01   0.788089E+00
 0.479050E+01   0.224624E+01   0.118518E+02   0.269033E+01   0.791643E+00
 0.482000E+01   0.224750E+01   0.118404E+02   0.269225E+01   0.795188E+00
 0.484950E+01   0.224871E+01   0.118325E+02   0.269410E+01   0.798723E+00
 0.487900E+01   0.224987E+01   0.118151E+02   0.269588E+01   0.802249E+00
 0.490850E+01   0.225099E+01   0.118055E+02   0.269758E+01   0.805765E+00
 0.493800E+01   0.225206E+01   0.118043E+02   0.269922E+01   0.809272E+00
 0.496750E+01   0.225308E+01   0.117870E+02   0.270079E+01   0.812770E+00
 0.499700E+01   0.225406E+01   0.117820E+02   0.270229E+01   0.816260E+00
 0.502650E+01   0.225500E+01   0.117746E+02   0.270373E+01   0.819740E+00
 0.505600E+01   0.225589E+01   0.117577E+02   0.270510E+01   0.823211E+00
 0.508550E+01   0.225675E+01   0.117502E+02   0.270642E+01   0.826674E+00
 0.511500E+01   0.225757E+01   0.117427E+02   0.270768E+01   0.830128E+00
 0.514450E+01   0.225835E+01   0.117310E+02   0.270887E+01   0.833573E+00
 0.517400E+01   0.225909E+01   0.117247E+02   0.271002E+01   0.837010E+00
 0.520350E+01   0.225979E+01   0.117110E+02   0.271110E+01   0.840439E+00
 0.523300E+01   0.226046E+01   0.117105E+02   0.271214E+01   0.843859E+00
 0.526250E+01   0.226110E+01   0.116934E+02   0.271312E+01   0.847271E+00
 0.529200E+01   0.226170E+01   0.116907E+02   0.271405E+01   0.850674E+00
 0.532150E+01   0.226227E+01   0.116750E+02   0.271493E+01   0.854070E+00
 0.535100E+01   0.226281E+01   0.116729E+02   0.271577E+01   0.857457E+00
 0.538050E+01   0.226332E+01   0.116570E+02   0.271655E+01   0.860836E+00
 0.541000E+01   0.226380E+01   0.116532E+02   0.271730E+01   0.864208E+00
 0.543950E+01   0.226425E+01   0.116430E+02   0.271799E+01   0.867571E+00
 0.546900E+01   0.226467E+01   0.116371E+02   0.271865E+01   0.870927E+00
 0.549850E+01   0.226506E+01   0.116246E+02   0.271926E+01   0.874275E+00
 0.552800E+01   0.226543E+01   0.116184E+02   0.271983E+01   0.877615E+00
 0.555750E+01   0.226577E+01   0.116111E+02   0.272036E+01   0.880948E+00
 0.558700E+01   0.226608E+01   0.116036E+02   0.272085E+01   0.884273E+00
 0.561650E+01   0.226637E+01   0.115870E+02   0.272130E+01   0.887591E+00
 0.564600E+01   0.226664E+01   0.115787E+02   0.272171E+01   0.890902E+00
 0.567550E+01   0.226688E+01   0.115734E+02   0.272209E+01   0.894205E+00
 0.570500E+01   0.226710E+01   0.115662E+02   0.272243E+01   0.897500E+00
 0.573450E+01   0.226730E+01   0.115604E+02   0.272274E+01   0.900789E+00
 0.576400E+01   0.226748E+01   0.115469E+02   0.272301E+01   0.904070E+00
 0.579350E+01   0.226763E+01   0.115387E+02   0.272326E+01   0.907345E+00
 0.582300E+01   0.226776E+01   0.115321E+02   0.272346E+01   0.910612E+00
 0.585250E+01   0.226788E+01   0.115227E+02   0.272364E+01   0.913872E+00
 0.588200E+01   0.226797E+01   0.115220E+02   0.272379E+01   0.917125E+00
 0.591150E+01   0.226805E+01   0.115059E+02   0.272391E+01   0.920372E+00
 0.594100E+01   0.226810E+01   0.115002E+02   0.272400E+01   0.923611E+00
 0.597050E+01   0.226814E+01   0.114984E+02   0.272406E+01   0.926844E+00
