 0.100000E+00   0.327197E+00   0.170940E+03   0.329532E+00   0.209161E-01
 0.129500E+00   0.293492E+00   0.176821E+03   0.295553E+00   0.270697E-01
 0.159000E+00   0.249935E+00   0.180612E+03   0.251626E+00   0.332166E-01
 0.188500E+00   0.181513E+00   0.163748E+03   0.182619E+00   0.393570E-01
 0.218000E+00   0.128859E+00   0.141072E+03   0.129522E+00   0.454912E-01
 0.247500E+00   0.100126E+00   0.115326E+03   0.100547E+00   0.516192E-01
 0.277000E+00   0.905640E-01   0.984046E+02   0.909023E-01   0.577413E-01
 0.306500E+00   0.882705E-01   0.813403E+02   0.885869E-01   0.638576E-01
 0.336000E+00   0.883376E-01   0.717690E+02   0.886576E-01   0.701838E-01
 0.365500E+00   0.913143E-01   0.519025E+02   0.916788E-01   0.763095E-01
 0.395000E+00   0.970060E-01   0.421112E+02   0.974532E-01   0.824275E-01
 0.424500E+00   0.104350E+00   0.405538E+02   0.104911E+00   0.885375E-01
 0.454000E+00   0.112882E+00   0.368388E+02   0.113583E+00   0.946391E-01
 0.483500E+00   0.122383E+00   0.302310E+02   0.123254E+00   0.100732E+00
 0.513000E+00   0.132707E+00   0.260373E+02   0.133779E+00   0.106817E+00
 0.542500E+00   0.143772E+00   0.231929E+02   0.145076E+00   0.112892E+00
 0.572000E+00   0.155532E+00   0.211448E+02   0.157102E+00   0.118958E+00
 0.601500E+00   0.167964E+00   0.196129E+02   0.169839E+00   0.125014E+00
 0.631000E+00   0.181002E+00   0.184379E+02   0.183220E+00   0.131060E+00
 0.660500E+00   0.194398E+00   0.175204E+02   0.196996E+00   0.137096E+00
 0.690000E+00   0.208301E+00   0.167918E+02   0.211320E+00   0.143121E+00
 0.719500E+00   0.222776E+00   0.161946E+02   0.226265E+00   0.149136E+00
 0.749000E+00   0.237868E+00   0.156937E+02   0.241878E+00   0.155139E+00
 0.778500E+00   0.253611E+00   0.152789E+02   0.258202E+00   0.161131E+00
 0.808000E+00   0.270038E+00   0.149215E+02   0.275272E+00   0.167112E+00
 0.837500E+00   0.287171E+00   0.146181E+02   0.293119E+00   0.173080E+00
 0.867000E+00   0.305031E+00   0.143524E+02   0.311769E+00   0.179035E+00
 0.896500E+00   0.323632E+00   0.141303E+02   0.331242E+00   0.184977E+00
 0.926000E+00   0.342985E+00   0.139279E+02   0.351557E+00   0.190905E+00
 0.955500E+00   0.363096E+00   0.137648E+02   0.372725E+00   0.196820E+00
 0.985000E+00   0.383965E+00   0.136179E+02   0.394753E+00   0.202719E+00
 0.101450E+01   0.405588E+00   0.134912E+02   0.417646E+00   0.208604E+00
 0.104400E+01   0.427958E+00   0.133775E+02   0.441402E+00   0.214473E+00
 0.107350E+01   0.451063E+00   0.132787E+02   0.466017E+00   0.220326E+00
 0.110300E+01   0.474888E+00   0.131963E+02   0.491481E+00   0.226163E+00
 0.113250E+01   0.499413E+00   0.131248E+02   0.517782E+00   0.231982E+00
 0.116200E+01   0.524616E+00   0.130622E+02   0.544904E+00   0.237784E+00
 0.119150E+01   0.550471E+00   0.130105E+02   0.572826E+00   0.243569E+00
 0.122100E+01   0.576949E+00   0.129722E+02   0.601526E+00   0.249334E+00
 0.125050E+01   0.604018E+00   0.129244E+02   0.630977E+00   0.255081E+00
 0.128000E+01   0.631644E+00   0.128956E+02   0.661148E+00   0.260809E+00
 0.130950E+01   0.659789E+00   0.128681E+02   0.692008E+00   0.266517E+00
 0.133900E+01   0.688416E+00   0.128517E+02   0.723521E+00   0.272205E+00
 0.136850E+01   0.717481E+00   0.128342E+02   0.755648E+00   0.277872E+00
 0.139800E+01   0.746942E+00   0.128192E+02   0.788349E+00   0.283518E+00
 0.142750E+01   0.776754E+00   0.127982E+02   0.821579E+00   0.289143E+00
 0.145700E+01   0.806870E+00   0.127973E+02   0.855292E+00   0.294745E+00
 0.148650E+01   0.837243E+00   0.127838E+02   0.889442E+00   0.300326E+00
 0.151600E+01   0.867825E+00   0.127828E+02   0.923977E+00   0.305884E+00
 0.154550E+01   0.898565E+00   0.127820E+02   0.958847E+00   0.311419E+00
 0.157500E+01   0.929413E+00   0.127709E+02   0.993999E+00   0.316931E+00
 0.160450E+01   0.960321E+00   0.127714E+02   0.102938E+01   0.322420E+00
 0.163400E+01   0.991239E+00   0.127697E+02   0.106493E+01   0.327884E+00
 0.166350E+01   0.102212E+01   0.127776E+02   0.110061E+01   0.333325E+00
 0.169300E+01   0.105291E+01   0.127780E+02   0.113635E+01   0.338741E+00
 0.172250E+01   0.108356E+01   0.127792E+02   0.117209E+01   0.344133E+00
 0.175200E+01   0.111404E+01   0.127802E+02   0.120780E+01   0.349499E+00
 0.178150E+01   0.114429E+01   0.127793E+02   0.124341E+01   0.354841E+00
 0.181100E+01   0.117427E+01   0.127745E+02   0.127887E+01   0.360158E+00
 0.184050E+01   0.120395E+01   0.127757E+02   0.131414E+01   0.365450E+00
 0.187000E+01   0.123329E+01   0.127846E+02   0.134917E+01   0.370716E+00
 0.189950E+01   0.126225E+01   0.127828E+02   0.138390E+01   0.375957E+00
 0.192900E+01   0.129080E+01   0.127857E+02   0.141831E+01   0.381173E+00
 0.195850E+01   0.131892E+01   0.127820E+02   0.145235E+01   0.386363E+00
 0.198800E+01   0.134657E+01   0.127846E+02   0.148599E+01   0.391527E+00
 0.201750E+01   0.137374E+01   0.127849E+02   0.151919E+01   0.396666E+00
 0.204700E+01   0.140040E+01   0.127852E+02   0.155191E+01   0.401780E+00
 0.207650E+01   0.142654E+01   0.127763E+02   0.158414E+01   0.406868E+00
 0.210600E+01   0.145213E+01   0.127724E+02   0.161585E+01   0.411931E+00
 0.213550E+01   0.147718E+01   0.127787E+02   0.164701E+01   0.416968E+00
 0.216500E+01   0.150167E+01   0.127748E+02   0.167761E+01   0.421981E+00
 0.219450E+01   0.152559E+01   0.127681E+02   0.170763E+01   0.426968E+00
 0.222400E+01   0.154893E+01   0.127622E+02   0.173706E+01   0.431930E+00
 0.225350E+01   0.157170E+01   0.127590E+02   0.176589E+01   0.436868E+00
 0.228300E+01   0.159390E+01   0.127554E+02   0.179410E+01   0.441781E+00
 0.231250E+01   0.161552E+01   0.127479E+02   0.182170E+01   0.446669E+00
 0.234200E+01   0.163657E+01   0.127445E+02   0.184867E+01   0.451533E+00
 0.237150E+01   0.165704E+01   0.127329E+02   0.187502E+01   0.456373E+00
 0.240100E+01   0.167696E+01   0.127265E+02   0.190075E+01   0.461189E+00
 0.243050E+01   0.169632E+01   0.127245E+02   0.192585E+01   0.465982E+00
 0.246000E+01   0.171512E+01   0.127200E+02   0.195034E+01   0.470751E+00
 0.248950E+01   0.173339E+01   0.127054E+02   0.197421E+01   0.475496E+00
 0.251900E+01   0.175112E+01   0.126994E+02   0.199746E+01   0.480219E+00
 0.254850E+01   0.176833E+01   0.126932E+02   0.202012E+01   0.484919E+00
 0.257800E+01   0.178502E+01   0.126842E+02   0.204218E+01   0.489596E+00
 0.260750E+01   0.180122E+01   0.126738E+02   0.206365E+01   0.494251E+00
 0.263700E+01   0.181692E+01   0.126631E+02   0.208454E+01   0.498883E+00
 0.266650E+01   0.183214E+01   0.126535E+02   0.210486E+01   0.503494E+00
 0.269600E+01   0.184690E+01   0.126424E+02   0.212462E+01   0.508083E+00
 0.272550E+01   0.186120E+01   0.126362E+02   0.214383E+01   0.512651E+00
 0.275500E+01   0.187505E+01   0.126304E+02   0.216251E+01   0.517198E+00
 0.278450E+01   0.188847E+01   0.126156E+02   0.218066E+01   0.521723E+00
 0.281400E+01   0.190147E+01   0.126025E+02   0.219829E+01   0.526228E+00
 0.284350E+01   0.191405E+01   0.125997E+02   0.221541E+01   0.530713E+00
 0.287300E+01   0.192624E+01   0.125891E+02   0.223205E+01   0.535177E+00
 0.290250E+01   0.193804E+01   0.125762E+02   0.224820E+01   0.539621E+00
 0.293200E+01   0.194947E+01   0.125620E+02   0.226389E+01   0.544046E+00
 0.296150E+01   0.196053E+01   0.125519E+02   0.227911E+01   0.548451E+00
 0.299100E+01   0.197124E+01   0.125370E+02   0.229389E+01   0.552837E+00
 0.302050E+01   0.198161E+01   0.125248E+02   0.230824E+01   0.557203E+00
 0.305000E+01   0.199164E+01   0.125167E+02   0.232216E+01   0.561551E+00
 0.307950E+01   0.200135E+01   0.125027E+02   0.233567E+01   0.565881E+00
 0.310900E+01   0.201074E+01   0.124982E+02   0.234877E+01   0.570192E+00
 0.313850E+01   0.201984E+01   0.124865E+02   0.236149E+01   0.574485E+00
 0.316800E+01   0.202864E+01   0.124678E+02   0.237383E+01   0.578760E+00
 0.319750E+01   0.203715E+01   0.124575E+02   0.238579E+01   0.583017E+00
 0.322700E+01   0.204540E+01   0.124501E+02   0.239740E+01   0.587257E+00
 0.325650E+01   0.205337E+01   0.124340E+02   0.240866E+01   0.591480E+00
 0.328600E+01   0.206109E+01   0.124268E+02   0.241958E+01   0.595685E+00
 0.331550E+01   0.206855E+01   0.124110E+02   0.243016E+01   0.599874E+00
 0.334500E+01   0.207578E+01   0.123964E+02   0.244043E+01   0.604046E+00
 0.337450E+01   0.208277E+01   0.123891E+02   0.245039E+01   0.608202E+00
 0.340400E+01   0.208953E+01   0.123712E+02   0.246004E+01   0.612341E+00
 0.343350E+01   0.209608E+01   0.123668E+02   0.246940E+01   0.616465E+00
 0.346300E+01   0.210241E+01   0.123517E+02   0.247848E+01   0.620573E+00
 0.349250E+01   0.210854E+01   0.123381E+02   0.248728E+01   0.624665E+00
 0.352200E+01   0.211446E+01   0.123243E+02   0.249580E+01   0.628741E+00
 0.355150E+01   0.212020E+01   0.123210E+02   0.250407E+01   0.632802E+00
 0.358100E+01   0.212575E+01   0.122993E+02   0.251208E+01   0.636848E+00
 0.361050E+01   0.213112E+01   0.122973E+02   0.251985E+01   0.640880E+00
 0.364000E+01   0.213631E+01   0.122802E+02   0.252738E+01   0.644896E+00
 0.366950E+01   0.214133E+01   0.122664E+02   0.253467E+01   0.648898E+00
 0.369900E+01   0.214619E+01   0.122536E+02   0.254174E+01   0.652886E+00
 0.372850E+01   0.215089E+01   0.122480E+02   0.254859E+01   0.656859E+00
 0.375800E+01   0.215544E+01   0.122380E+02   0.255522E+01   0.660818E+00
 0.378750E+01   0.215984E+01   0.122212E+02   0.256165E+01   0.664764E+00
 0.381700E+01   0.216409E+01   0.122068E+02   0.256788E+01   0.668696E+00
 0.384650E+01   0.216820E+01   0.121997E+02   0.257391E+01   0.672614E+00
 0.387600E+01   0.217218E+01   0.121890E+02   0.257976E+01   0.676518E+00
 0.390550E+01   0.217603E+01   0.121706E+02   0.258542E+01   0.680410E+00
 0.393500E+01   0.217975E+01   0.121591E+02   0.259090E+01   0.684288E+00
 0.396450E+01   0.218335E+01   0.121508E+02   0.259621E+01   0.688154E+00
 0.399400E+01   0.218682E+01   0.121452E+02   0.260134E+01   0.692006E+00
 0.402350E+01   0.219019E+01   0.121250E+02   0.260632E+01   0.695846E+00
 0.405300E+01   0.219344E+01   0.121210E+02   0.261113E+01   0.699673E+00
 0.408250E+01   0.219658E+01   0.121057E+02   0.261579E+01   0.703488E+00
 0.411200E+01   0.219961E+01   0.120984E+02   0.262030E+01   0.707291E+00
 0.414150E+01   0.220255E+01   0.120867E+02   0.262467E+01   0.711082E+00
 0.417100E+01   0.220538E+01   0.120736E+02   0.262889E+01   0.714860E+00
 0.420050E+01   0.220812E+01   0.120633E+02   0.263297E+01   0.718627E+00
 0.423000E+01   0.221076E+01   0.120477E+02   0.263692E+01   0.722382E+00
 0.425950E+01   0.221332E+01   0.120347E+02   0.264074E+01   0.726126E+00
 0.428900E+01   0.221578E+01   0.120260E+02   0.264444E+01   0.729858E+00
 0.431850E+01   0.221816E+01   0.120181E+02   0.264801E+01   0.733578E+00
 0.434800E+01   0.222046E+01   0.120119E+02   0.265146E+01   0.737288E+00
 0.437750E+01   0.222268E+01   0.119931E+02   0.265479E+01   0.740986E+00
 0.440700E+01   0.222482E+01   0.119838E+02   0.265801E+01   0.744673E+00
 0.443650E+01   0.222689E+01   0.119786E+02   0.266112E+01   0.748350E+00
 0.446600E+01   0.222888E+01   0.119686E+02   0.266412E+01   0.752015E+00
 0.449550E+01   0.223080E+01   0.119537E+02   0.266702E+01   0.755670E+00
 0.452500E+01   0.223265E+01   0.119447E+02   0.266982E+01   0.759315E+00
 0.455450E+01   0.223443E+01   0.119309E+02   0.267251E+01   0.762949E+00
 0.458400E+01   0.223615E+01   0.119259E+02   0.267512E+01   0.766572E+00
 0.461350E+01   0.223781E+01   0.119086E+02   0.267763E+01   0.770186E+00
 0.464300E+01   0.223940E+01   0.119064E+02   0.268004E+01   0.773789E+00
 0.467250E+01   0.224094E+01   0.118872E+02   0.268237E+01   0.777382E+00
 0.470200E+01   0.224241E+01   0.118811E+02   0.268462E+01   0.780965E+00
 0.473150E+01   0.224383E+01   0.118714E+02   0.268678E+01   0.784539E+00
 0.476100E+01   0.224520E+01   0.118624E+02   0.268886E+01   0.788103E+00
 0.479050E+01   0.224651E+01   0.118474E+02   0.269086E+01   0.791657E+00
 0.482000E+01   0.224777E+01   0.118414E+02   0.269278E+01   0.795201E+00
 0.484950E+01   0.224898E+01   0.118353E+02   0.269463E+01   0.798737E+00
 0.487900E+01   0.225014E+01   0.118189E+02   0.269640E+01   0.802262E+00
 0.490850E+01   0.225126E+01   0.118096E+02   0.269810E+01   0.805779E+00
 0.493800E+01   0.225232E+01   0.118000E+02   0.269974E+01   0.809286E+00
 0.496750E+01   0.225334E+01   0.117954E+02   0.270130E+01   0.812784E+00
 0.499700E+01   0.225432E+01   0.117834E+02   0.270280E+01   0.816274E+00
 0.502650E+01   0.225526E+01   0.117695E+02   0.270424E+01   0.819754E+00
 0.505600E+01   0.225615E+01   0.117627E+02   0.270561E+01   0.823225E+00
 0.508550E+01   0.225701E+01   0.117519E+02   0.270692E+01   0.826688E+00
 0.511500E+01   0.225782E+01   0.117460E+02   0.270818E+01   0.830142E+00
 0.514450E+01   0.225860E+01   0.117396E+02   0.270937E+01   0.833588E+00
 0.517400E+01   0.225934E+01   0.117225E+02   0.271051E+01   0.837025E+00
 0.520350E+01   0.226004E+01   0.117143E+02   0.271160E+01   0.840453E+00
 0.523300E+01   0.226071E+01   0.117076E+02   0.271263E+01   0.843873E+00
 0.526250E+01   0.226135E+01   0.117026E+02   0.271361E+01   0.847285E+00
 0.529200E+01   0.226195E+01   0.116862E+02   0.271454E+01   0.850689E+00
 0.532150E+01   0.226252E+01   0.116804E+02   0.271542E+01   0.854084E+00
 0.535100E+01   0.226305E+01   0.116745E+02   0.271625E+01   0.857471E+00
 0.538050E+01   0.226356E+01   0.116598E+02   0.271704E+01   0.860851E+00
 0.541000E+01   0.226404E+01   0.116540E+02   0.271777E+01   0.864222E+00
 0.543950E+01   0.226449E+01   0.116430E+02   0.271847E+01   0.867586E+00
 0.546900E+01   0.226491E+01   0.116350E+02   0.271912E+01   0.870942E+00
 0.549850E+01   0.226530E+01   0.116238E+02   0.271973E+01   0.874290E+00
 0.552800E+01   0.226566E+01   0.116174E+02   0.272030E+01   0.877630E+00
 0.555750E+01   0.226600E+01   0.116090E+02   0.272082E+01   0.880963E+00
 0.558700E+01   0.226632E+01   0.116027E+02   0.272131E+01   0.884288E+00
 0.561650E+01   0.226661E+01   0.115955E+02   0.272176E+01   0.887606E+00
 0.564600E+01   0.226687E+01   0.115873E+02   0.272218E+01   0.890916E+00
 0.567550E+01   0.226711E+01   0.115786E+02   0.272255E+01   0.894220E+00
 0.570500E+01   0.226733E+01   0.115648E+02   0.272289E+01   0.897515E+00
 0.573450E+01   0.226753E+01   0.115616E+02   0.272320E+01   0.900804E+00
 0.576400E+01   0.226770E+01   0.115501E+02   0.272347E+01   0.904085E+00
 0.579350E+01   0.226786E+01   0.115452E+02   0.272371E+01   0.907360E+00
 0.582300E+01   0.226799E+01   0.115320E+02   0.272392E+01   0.910627E+00
 0.585250E+01   0.226810E+01   0.115268E+02   0.272409E+01   0.913887E+00
 0.588200E+01   0.226819E+01   0.115187E+02   0.272424E+01   0.917141E+00
 0.591150E+01   0.226827E+01   0.115162E+02   0.272436E+01   0.920387E+00
 0.594100E+01   0.226832E+01   0.115002E+02   0.272444E+01   0.923627E+00
 0.597050E+01   0.226836E+01   0.114954E+02   0.272450E+01   0.926860E+00
