 0.100000E+00   0.327197E+00   0.170940E+03   0.329532E+00   0.209161E-01
 0.129500E+00   0.293492E+00   0.176821E+03   0.295553E+00   0.270697E-01
 0.159000E+00   0.252117E+00   0.182127E+03   0.253828E+00   0.332166E-01
 0.188500E+00   0.182616E+00   0.164779E+03   0.183732E+00   0.393570E-01
 0.218000E+00   0.128861E+00   0.141075E+03   0.129524E+00   0.454912E-01
 0.247500E+00   0.999164E-01   0.114693E+03   0.100335E+00   0.516192E-01
 0.277000E+00   0.906079E-01   0.986992E+02   0.909466E-01   0.577413E-01
 0.306500E+00   0.882601E-01   0.806731E+02   0.885760E-01   0.638576E-01
 0.336000E+00   0.884920E-01   0.697921E+02   0.888130E-01   0.701749E-01
 0.365500E+00   0.918278E-01   0.504872E+02   0.921964E-01   0.762994E-01
 0.395000E+00   0.977390E-01   0.421027E+02   0.981923E-01   0.824161E-01
 0.424500E+00   0.105198E+00   0.404335E+02   0.105765E+00   0.885249E-01
 0.454000E+00   0.113790E+00   0.362128E+02   0.114499E+00   0.946253E-01
 0.483500E+00   0.123309E+00   0.299051E+02   0.124187E+00   0.100717E+00
 0.513000E+00   0.133618E+00   0.258598E+02   0.134696E+00   0.106800E+00
 0.542500E+00   0.144641E+00   0.230924E+02   0.145951E+00   0.112874E+00
 0.572000E+00   0.156340E+00   0.210936E+02   0.157914E+00   0.118939E+00
 0.601500E+00   0.168694E+00   0.195858E+02   0.170570E+00   0.124994E+00
 0.631000E+00   0.181597E+00   0.184387E+02   0.183812E+00   0.131039E+00
 0.660500E+00   0.194857E+00   0.175379E+02   0.197447E+00   0.137074E+00
 0.690000E+00   0.208628E+00   0.168130E+02   0.211633E+00   0.143099E+00
 0.719500E+00   0.222971E+00   0.162225E+02   0.226439E+00   0.149113E+00
 0.749000E+00   0.237930E+00   0.157244E+02   0.241914E+00   0.155115E+00
 0.778500E+00   0.253544E+00   0.153047E+02   0.258100E+00   0.161107E+00
 0.808000E+00   0.269841E+00   0.149430E+02   0.275033E+00   0.167087E+00
 0.837500E+00   0.286848E+00   0.146387E+02   0.292745E+00   0.173054E+00
 0.867000E+00   0.304586E+00   0.143802E+02   0.311263E+00   0.179009E+00
 0.896500E+00   0.323069E+00   0.141428E+02   0.330609E+00   0.184950E+00
 0.926000E+00   0.342309E+00   0.139536E+02   0.350799E+00   0.190878E+00
 0.955500E+00   0.362310E+00   0.137760E+02   0.371847E+00   0.196792E+00
 0.985000E+00   0.383076E+00   0.136287E+02   0.393761E+00   0.202691E+00
 0.101450E+01   0.404601E+00   0.135047E+02   0.416544E+00   0.208576E+00
 0.104400E+01   0.426879E+00   0.133898E+02   0.440195E+00   0.214444E+00
 0.107350E+01   0.449898E+00   0.132899E+02   0.464711E+00   0.220297E+00
 0.110300E+01   0.473643E+00   0.132065E+02   0.490081E+00   0.226133E+00
 0.113250E+01   0.498094E+00   0.131323E+02   0.516295E+00   0.231953E+00
 0.116200E+01   0.523229E+00   0.130673E+02   0.543334E+00   0.237755E+00
 0.119150E+01   0.549022E+00   0.130206E+02   0.571180E+00   0.243539E+00
 0.122100E+01   0.575443E+00   0.129728E+02   0.599809E+00   0.249305E+00
 0.125050E+01   0.602462E+00   0.129327E+02   0.629195E+00   0.255052E+00
 0.128000E+01   0.630042E+00   0.128973E+02   0.659307E+00   0.260779E+00
 0.130950E+01   0.658149E+00   0.128740E+02   0.690113E+00   0.266487E+00
 0.133900E+01   0.686740E+00   0.128460E+02   0.721577E+00   0.272175E+00
 0.136850E+01   0.715777E+00   0.128257E+02   0.753661E+00   0.277842E+00
 0.139800E+01   0.745214E+00   0.128140E+02   0.786322E+00   0.283488E+00
 0.142750E+01   0.775006E+00   0.127984E+02   0.819519E+00   0.289113E+00
 0.145700E+01   0.805108E+00   0.127967E+02   0.853203E+00   0.294716E+00
 0.148650E+01   0.835470E+00   0.127808E+02   0.887328E+00   0.300297E+00
 0.151600E+01   0.866044E+00   0.127769E+02   0.921844E+00   0.305855E+00
 0.154550E+01   0.896781E+00   0.127756E+02   0.956698E+00   0.311390E+00
 0.157500E+01   0.927631E+00   0.127742E+02   0.991838E+00   0.316902E+00
 0.160450E+01   0.958542E+00   0.127692E+02   0.102721E+01   0.322391E+00
 0.163400E+01   0.989466E+00   0.127750E+02   0.106276E+01   0.327855E+00
 0.166350E+01   0.102035E+01   0.127670E+02   0.109843E+01   0.333296E+00
 0.169300E+01   0.105116E+01   0.127747E+02   0.113417E+01   0.338712E+00
 0.172250E+01   0.108183E+01   0.127722E+02   0.116992E+01   0.344104E+00
 0.175200E+01   0.111232E+01   0.127775E+02   0.120563E+01   0.349471E+00
 0.178150E+01   0.114259E+01   0.127786E+02   0.124125E+01   0.354813E+00
 0.181100E+01   0.117259E+01   0.127752E+02   0.127673E+01   0.360130E+00
 0.184050E+01   0.120229E+01   0.127802E+02   0.131201E+01   0.365422E+00
 0.187000E+01   0.123165E+01   0.127787E+02   0.134705E+01   0.370689E+00
 0.189950E+01   0.126064E+01   0.127835E+02   0.138180E+01   0.375930E+00
 0.192900E+01   0.128921E+01   0.127825E+02   0.141623E+01   0.381146E+00
 0.195850E+01   0.131735E+01   0.127827E+02   0.145029E+01   0.386336E+00
 0.198800E+01   0.134503E+01   0.127823E+02   0.148395E+01   0.391501E+00
 0.201750E+01   0.137223E+01   0.127804E+02   0.151716E+01   0.396640E+00
 0.204700E+01   0.139891E+01   0.127791E+02   0.154991E+01   0.401753E+00
 0.207650E+01   0.142507E+01   0.127769E+02   0.158216E+01   0.406842E+00
 0.210600E+01   0.145070E+01   0.127722E+02   0.161389E+01   0.411905E+00
 0.213550E+01   0.147577E+01   0.127718E+02   0.164508E+01   0.416942E+00
 0.216500E+01   0.150028E+01   0.127657E+02   0.167570E+01   0.421955E+00
 0.219450E+01   0.152423E+01   0.127631E+02   0.170574E+01   0.426942E+00
 0.222400E+01   0.154760E+01   0.127590E+02   0.173520E+01   0.431905E+00
 0.225350E+01   0.157040E+01   0.127589E+02   0.176404E+01   0.436843E+00
 0.228300E+01   0.159262E+01   0.127542E+02   0.179228E+01   0.441756E+00
 0.231250E+01   0.161426E+01   0.127498E+02   0.181990E+01   0.446644E+00
 0.234200E+01   0.163533E+01   0.127434E+02   0.184690E+01   0.451509E+00
 0.237150E+01   0.165583E+01   0.127380E+02   0.187327E+01   0.456349E+00
 0.240100E+01   0.167577E+01   0.127304E+02   0.189902E+01   0.461165E+00
 0.243050E+01   0.169515E+01   0.127212E+02   0.192415E+01   0.465958E+00
 0.246000E+01   0.171398E+01   0.127112E+02   0.194865E+01   0.470727E+00
 0.248950E+01   0.173226E+01   0.127061E+02   0.197254E+01   0.475473E+00
 0.251900E+01   0.175001E+01   0.127002E+02   0.199582E+01   0.480195E+00
 0.254850E+01   0.176724E+01   0.126897E+02   0.201850E+01   0.484895E+00
 0.257800E+01   0.178396E+01   0.126810E+02   0.204058E+01   0.489573E+00
 0.260750E+01   0.180017E+01   0.126708E+02   0.206206E+01   0.494228E+00
 0.263700E+01   0.181589E+01   0.126597E+02   0.208297E+01   0.498860E+00
 0.266650E+01   0.183113E+01   0.126581E+02   0.210331E+01   0.503471E+00
 0.269600E+01   0.184591E+01   0.126433E+02   0.212310E+01   0.508061E+00
 0.272550E+01   0.186022E+01   0.126367E+02   0.214233E+01   0.512628E+00
 0.275500E+01   0.187409E+01   0.126220E+02   0.216102E+01   0.517175E+00
 0.278450E+01   0.188753E+01   0.126116E+02   0.217918E+01   0.521701E+00
 0.281400E+01   0.190054E+01   0.126033E+02   0.219683E+01   0.526206E+00
 0.284350E+01   0.191314E+01   0.125963E+02   0.221397E+01   0.530690E+00
 0.287300E+01   0.192534E+01   0.125858E+02   0.223062E+01   0.535155E+00
 0.290250E+01   0.193716E+01   0.125709E+02   0.224679E+01   0.539599E+00
 0.293200E+01   0.194860E+01   0.125596E+02   0.226249E+01   0.544024E+00
 0.296150E+01   0.195968E+01   0.125479E+02   0.227773E+01   0.548429E+00
 0.299100E+01   0.197040E+01   0.125398E+02   0.229253E+01   0.552815E+00
 0.302050E+01   0.198077E+01   0.125316E+02   0.230689E+01   0.557182E+00
 0.305000E+01   0.199082E+01   0.125124E+02   0.232082E+01   0.561530E+00
 0.307950E+01   0.200054E+01   0.125073E+02   0.233434E+01   0.565859E+00
 0.310900E+01   0.200995E+01   0.124879E+02   0.234746E+01   0.570171E+00
 0.313850E+01   0.201905E+01   0.124851E+02   0.236019E+01   0.574464E+00
 0.316800E+01   0.202786E+01   0.124711E+02   0.237254E+01   0.578739E+00
 0.319750E+01   0.203639E+01   0.124589E+02   0.238452E+01   0.582996E+00
 0.322700E+01   0.204464E+01   0.124420E+02   0.239614E+01   0.587236E+00
 0.325650E+01   0.205263E+01   0.124318E+02   0.240741E+01   0.591459E+00
 0.328600E+01   0.206035E+01   0.124249E+02   0.241834E+01   0.595665E+00
 0.331550E+01   0.206783E+01   0.124071E+02   0.242894E+01   0.599853E+00
 0.334500E+01   0.207506E+01   0.123999E+02   0.243922E+01   0.604026E+00
 0.337450E+01   0.208206E+01   0.123838E+02   0.244918E+01   0.608181E+00
 0.340400E+01   0.208883E+01   0.123762E+02   0.245885E+01   0.612321E+00
 0.343350E+01   0.209539E+01   0.123650E+02   0.246822E+01   0.616445E+00
 0.346300E+01   0.210173E+01   0.123529E+02   0.247730E+01   0.620552E+00
 0.349250E+01   0.210786E+01   0.123350E+02   0.248611E+01   0.624644E+00
 0.352200E+01   0.211380E+01   0.123304E+02   0.249465E+01   0.628721E+00
 0.355150E+01   0.211954E+01   0.123093E+02   0.250292E+01   0.632782E+00
 0.358100E+01   0.212510E+01   0.123053E+02   0.251094E+01   0.636828E+00
 0.361050E+01   0.213047E+01   0.122941E+02   0.251872E+01   0.640860E+00
 0.364000E+01   0.213567E+01   0.122737E+02   0.252625E+01   0.644876E+00
 0.366950E+01   0.214070E+01   0.122658E+02   0.253356E+01   0.648878E+00
 0.369900E+01   0.214557E+01   0.122558E+02   0.254063E+01   0.652866E+00
 0.372850E+01   0.215027E+01   0.122426E+02   0.254749E+01   0.656839E+00
 0.375800E+01   0.215483E+01   0.122278E+02   0.255413E+01   0.660799E+00
 0.378750E+01   0.215923E+01   0.122182E+02   0.256057E+01   0.664744E+00
 0.381700E+01   0.216349E+01   0.122087E+02   0.256681E+01   0.668676E+00
 0.384650E+01   0.216761E+01   0.121930E+02   0.257285E+01   0.672594E+00
 0.387600E+01   0.217159E+01   0.121847E+02   0.257870E+01   0.676499E+00
 0.390550E+01   0.217545E+01   0.121764E+02   0.258437E+01   0.680390E+00
 0.393500E+01   0.217917E+01   0.121589E+02   0.258985E+01   0.684269E+00
 0.396450E+01   0.218277E+01   0.121489E+02   0.259517E+01   0.688134E+00
 0.399400E+01   0.218626E+01   0.121409E+02   0.260031E+01   0.691987E+00
 0.402350E+01   0.218962E+01   0.121245E+02   0.260529E+01   0.695827E+00
 0.405300E+01   0.219288E+01   0.121205E+02   0.261011E+01   0.699654E+00
 0.408250E+01   0.219602E+01   0.121067E+02   0.261478E+01   0.703469E+00
 0.411200E+01   0.219906E+01   0.120968E+02   0.261930E+01   0.707272E+00
 0.414150E+01   0.220200E+01   0.120829E+02   0.262367E+01   0.711063E+00
 0.417100E+01   0.220484E+01   0.120671E+02   0.262789E+01   0.714841E+00
 0.420050E+01   0.220758E+01   0.120619E+02   0.263198E+01   0.718608E+00
 0.423000E+01   0.221023E+01   0.120535E+02   0.263594E+01   0.722363E+00
 0.425950E+01   0.221279E+01   0.120350E+02   0.263976E+01   0.726107E+00
 0.428900E+01   0.221526E+01   0.120229E+02   0.264346E+01   0.729839E+00
 0.431850E+01   0.221764E+01   0.120139E+02   0.264704E+01   0.733560E+00
 0.434800E+01   0.221995E+01   0.120022E+02   0.265049E+01   0.737269E+00
 0.437750E+01   0.222217E+01   0.119937E+02   0.265383E+01   0.740967E+00
 0.440700E+01   0.222431E+01   0.119804E+02   0.265706E+01   0.744655E+00
 0.443650E+01   0.222638E+01   0.119695E+02   0.266017E+01   0.748331E+00
 0.446600E+01   0.222838E+01   0.119643E+02   0.266318E+01   0.751997E+00
 0.449550E+01   0.223030E+01   0.119528E+02   0.266608E+01   0.755652E+00
 0.452500E+01   0.223216E+01   0.119418E+02   0.266888E+01   0.759296E+00
 0.455450E+01   0.223394E+01   0.119335E+02   0.267159E+01   0.762930E+00
 0.458400E+01   0.223567E+01   0.119164E+02   0.267419E+01   0.766554E+00
 0.461350E+01   0.223732E+01   0.119072E+02   0.267671E+01   0.770167E+00
 0.464300E+01   0.223892E+01   0.118985E+02   0.267913E+01   0.773771E+00
 0.467250E+01   0.224046E+01   0.118894E+02   0.268146E+01   0.777364E+00
 0.470200E+01   0.224194E+01   0.118843E+02   0.268371E+01   0.780947E+00
 0.473150E+01   0.224336E+01   0.118666E+02   0.268587E+01   0.784521E+00
 0.476100E+01   0.224473E+01   0.118608E+02   0.268796E+01   0.788085E+00
 0.479050E+01   0.224604E+01   0.118532E+02   0.268996E+01   0.791639E+00
 0.482000E+01   0.224731E+01   0.118416E+02   0.269189E+01   0.795183E+00
 0.484950E+01   0.224852E+01   0.118302E+02   0.269374E+01   0.798719E+00
 0.487900E+01   0.224968E+01   0.118213E+02   0.269552E+01   0.802244E+00
 0.490850E+01   0.225080E+01   0.118099E+02   0.269722E+01   0.805761E+00
 0.493800E+01   0.225187E+01   0.118024E+02   0.269886E+01   0.809268E+00
 0.496750E+01   0.225289E+01   0.117886E+02   0.270043E+01   0.812766E+00
 0.499700E+01   0.225387E+01   0.117811E+02   0.270193E+01   0.816256E+00
 0.502650E+01   0.225481E+01   0.117705E+02   0.270337E+01   0.819736E+00
 0.505600E+01   0.225571E+01   0.117637E+02   0.270475E+01   0.823208E+00
 0.508550E+01   0.225657E+01   0.117573E+02   0.270607E+01   0.826670E+00
 0.511500E+01   0.225738E+01   0.117399E+02   0.270732E+01   0.830124E+00
 0.514450E+01   0.225816E+01   0.117335E+02   0.270852E+01   0.833570E+00
 0.517400E+01   0.225890E+01   0.117217E+02   0.270967E+01   0.837007E+00
 0.520350E+01   0.225961E+01   0.117207E+02   0.271075E+01   0.840435E+00
 0.523300E+01   0.226028E+01   0.117085E+02   0.271179E+01   0.843855E+00
 0.526250E+01   0.226092E+01   0.117013E+02   0.271277E+01   0.847267E+00
 0.529200E+01   0.226152E+01   0.116846E+02   0.271370E+01   0.850671E+00
 0.532150E+01   0.226209E+01   0.116763E+02   0.271459E+01   0.854066E+00
 0.535100E+01   0.226263E+01   0.116728E+02   0.271542E+01   0.857454E+00
 0.538050E+01   0.226314E+01   0.116632E+02   0.271621E+01   0.860833E+00
 0.541000E+01   0.226362E+01   0.116574E+02   0.271695E+01   0.864205E+00
 0.543950E+01   0.226407E+01   0.116427E+02   0.271765E+01   0.867568E+00
 0.546900E+01   0.226449E+01   0.116360E+02   0.271830E+01   0.870924E+00
 0.549850E+01   0.226489E+01   0.116285E+02   0.271891E+01   0.874272E+00
 0.552800E+01   0.226525E+01   0.116150E+02   0.271949E+01   0.877613E+00
 0.555750E+01   0.226559E+01   0.116080E+02   0.272002E+01   0.880945E+00
 0.558700E+01   0.226591E+01   0.115992E+02   0.272051E+01   0.884271E+00
 0.561650E+01   0.226620E+01   0.115921E+02   0.272096E+01   0.887589E+00
 0.564600E+01   0.226647E+01   0.115838E+02   0.272137E+01   0.890899E+00
 0.567550E+01   0.226671E+01   0.115782E+02   0.272175E+01   0.894202E+00
 0.570500E+01   0.226693E+01   0.115694E+02   0.272210E+01   0.897498E+00
 0.573450E+01   0.226713E+01   0.115575E+02   0.272241E+01   0.900787E+00
 0.576400E+01   0.226731E+01   0.115532E+02   0.272268E+01   0.904068E+00
 0.579350E+01   0.226746E+01   0.115475E+02   0.272292E+01   0.907342E+00
 0.582300E+01   0.226760E+01   0.115325E+02   0.272313E+01   0.910610E+00
 0.585250E+01   0.226771E+01   0.115259E+02   0.272331E+01   0.913870E+00
 0.588200E+01   0.226780E+01   0.115222E+02   0.272346E+01   0.917123E+00
 0.591150E+01   0.226788E+01   0.115143E+02   0.272358E+01   0.920370E+00
 0.594100E+01   0.226794E+01   0.114983E+02   0.272367E+01   0.923609E+00
 0.597050E+01   0.226797E+01   0.114940E+02   0.272373E+01   0.926842E+00
