 0.100000E+00   0.327197E+00   0.170940E+03   0.329532E+00   0.209161E-01
 0.129500E+00   0.293492E+00   0.176821E+03   0.295553E+00   0.270697E-01
 0.159000E+00   0.251149E+00   0.181454E+03   0.252851E+00   0.332166E-01
 0.188500E+00   0.182336E+00   0.164518E+03   0.183449E+00   0.393570E-01
 0.218000E+00   0.128186E+00   0.140038E+03   0.128843E+00   0.454912E-01
 0.247500E+00   0.996424E-01   0.113863E+03   0.100059E+00   0.516192E-01
 0.277000E+00   0.905788E-01   0.985036E+02   0.909172E-01   0.577413E-01
 0.306500E+00   0.882967E-01   0.822856E+02   0.886139E-01   0.638576E-01
 0.336000E+00   0.882280E-01   0.731344E+02   0.885477E-01   0.702032E-01
 0.365500E+00   0.910783E-01   0.524679E+02   0.914435E-01   0.763309E-01
 0.395000E+00   0.969301E-01   0.420261E+02   0.973829E-01   0.824505E-01
 0.424500E+00   0.104615E+00   0.406058E+02   0.105189E+00   0.885619E-01
 0.454000E+00   0.113603E+00   0.361322E+02   0.114329E+00   0.946648E-01
 0.483500E+00   0.123637E+00   0.295957E+02   0.124547E+00   0.100759E+00
 0.513000E+00   0.134541E+00   0.255056E+02   0.135668E+00   0.106844E+00
 0.542500E+00   0.146210E+00   0.227320E+02   0.147589E+00   0.112919E+00
 0.572000E+00   0.158582E+00   0.207608E+02   0.160250E+00   0.118985E+00
 0.601500E+00   0.171620E+00   0.192969E+02   0.173617E+00   0.125041E+00
 0.631000E+00   0.185289E+00   0.181774E+02   0.187658E+00   0.131086E+00
 0.660500E+00   0.199295E+00   0.173095E+02   0.202073E+00   0.137121E+00
 0.690000E+00   0.213740E+00   0.166136E+02   0.216970E+00   0.143146E+00
 0.719500E+00   0.228705E+00   0.160535E+02   0.232436E+00   0.149159E+00
 0.749000E+00   0.244233E+00   0.155828E+02   0.248518E+00   0.155161E+00
 0.778500E+00   0.260360E+00   0.151919E+02   0.265258E+00   0.161151E+00
 0.808000E+00   0.277116E+00   0.148566E+02   0.282690E+00   0.167130E+00
 0.837500E+00   0.294526E+00   0.145681E+02   0.300847E+00   0.173096E+00
 0.867000E+00   0.312611E+00   0.143268E+02   0.319753E+00   0.179049E+00
 0.896500E+00   0.331386E+00   0.141113E+02   0.339432E+00   0.184989E+00
 0.926000E+00   0.350865E+00   0.139322E+02   0.359903E+00   0.190915E+00
 0.955500E+00   0.371055E+00   0.137661E+02   0.381180E+00   0.196827E+00
 0.985000E+00   0.391960E+00   0.136252E+02   0.403273E+00   0.202725E+00
 0.101450E+01   0.413581E+00   0.135048E+02   0.426190E+00   0.208607E+00
 0.104400E+01   0.435913E+00   0.134079E+02   0.449933E+00   0.214474E+00
 0.107350E+01   0.458948E+00   0.133135E+02   0.474500E+00   0.220325E+00
 0.110300E+01   0.482674E+00   0.132361E+02   0.499887E+00   0.226159E+00
 0.113250E+01   0.507076E+00   0.131594E+02   0.526084E+00   0.231976E+00
 0.116200E+01   0.532135E+00   0.131055E+02   0.553079E+00   0.237776E+00
 0.119150E+01   0.557828E+00   0.130577E+02   0.580855E+00   0.243559E+00
 0.122100E+01   0.584130E+00   0.130095E+02   0.609393E+00   0.249322E+00
 0.125050E+01   0.611012E+00   0.129729E+02   0.638668E+00   0.255067E+00
 0.128000E+01   0.638443E+00   0.129418E+02   0.668655E+00   0.260793E+00
 0.130950E+01   0.666388E+00   0.129133E+02   0.699322E+00   0.266499E+00
 0.133900E+01   0.694810E+00   0.128925E+02   0.730637E+00   0.272185E+00
 0.136850E+01   0.723669E+00   0.128726E+02   0.762563E+00   0.277850E+00
 0.139800E+01   0.752925E+00   0.128586E+02   0.795062E+00   0.283495E+00
 0.142750E+01   0.782534E+00   0.128426E+02   0.828090E+00   0.289117E+00
 0.145700E+01   0.812450E+00   0.128327E+02   0.861603E+00   0.294719E+00
 0.148650E+01   0.842626E+00   0.128277E+02   0.895555E+00   0.300298E+00
 0.151600E+01   0.873015E+00   0.128200E+02   0.929897E+00   0.305854E+00
 0.154550E+01   0.903568E+00   0.128090E+02   0.964577E+00   0.311388E+00
 0.157500E+01   0.934235E+00   0.128152E+02   0.999543E+00   0.316898E+00
 0.160450E+01   0.964967E+00   0.128056E+02   0.103474E+01   0.322385E+00
 0.163400E+01   0.995714E+00   0.128039E+02   0.107012E+01   0.327848E+00
 0.166350E+01   0.102643E+01   0.128080E+02   0.110563E+01   0.333287E+00
 0.169300E+01   0.105706E+01   0.128086E+02   0.114120E+01   0.338702E+00
 0.172250E+01   0.108756E+01   0.128074E+02   0.117679E+01   0.344092E+00
 0.175200E+01   0.111789E+01   0.128064E+02   0.121234E+01   0.349458E+00
 0.178150E+01   0.114800E+01   0.128036E+02   0.124780E+01   0.354798E+00
 0.181100E+01   0.117785E+01   0.128037E+02   0.128312E+01   0.360114E+00
 0.184050E+01   0.120740E+01   0.128125E+02   0.131824E+01   0.365404E+00
 0.187000E+01   0.123661E+01   0.128095E+02   0.135313E+01   0.370670E+00
 0.189950E+01   0.126546E+01   0.128103E+02   0.138774E+01   0.375909E+00
 0.192900E+01   0.129389E+01   0.128078E+02   0.142202E+01   0.381124E+00
 0.195850E+01   0.132190E+01   0.128069E+02   0.145594E+01   0.386312E+00
 0.198800E+01   0.134944E+01   0.128031E+02   0.148946E+01   0.391476E+00
 0.201750E+01   0.137651E+01   0.128051E+02   0.152254E+01   0.396614E+00
 0.204700E+01   0.140307E+01   0.128051E+02   0.155515E+01   0.401726E+00
 0.207650E+01   0.142911E+01   0.127970E+02   0.158727E+01   0.406813E+00
 0.210600E+01   0.145462E+01   0.128008E+02   0.161888E+01   0.411875E+00
 0.213550E+01   0.147958E+01   0.127944E+02   0.164994E+01   0.416911E+00
 0.216500E+01   0.150398E+01   0.127946E+02   0.168044E+01   0.421923E+00
 0.219450E+01   0.152782E+01   0.127881E+02   0.171037E+01   0.426909E+00
 0.222400E+01   0.155109E+01   0.127857E+02   0.173970E+01   0.431870E+00
 0.225350E+01   0.157378E+01   0.127829E+02   0.176844E+01   0.436807E+00
 0.228300E+01   0.159591E+01   0.127768E+02   0.179657E+01   0.441719E+00
 0.231250E+01   0.161746E+01   0.127715E+02   0.182408E+01   0.446606E+00
 0.234200E+01   0.163844E+01   0.127590E+02   0.185098E+01   0.451470E+00
 0.237150E+01   0.165885E+01   0.127511E+02   0.187725E+01   0.456309E+00
 0.240100E+01   0.167871E+01   0.127482E+02   0.190291E+01   0.461124E+00
 0.243050E+01   0.169801E+01   0.127430E+02   0.192794E+01   0.465916E+00
 0.246000E+01   0.171676E+01   0.127360E+02   0.195236E+01   0.470684E+00
 0.248950E+01   0.173497E+01   0.127230E+02   0.197616E+01   0.475429E+00
 0.251900E+01   0.175265E+01   0.127144E+02   0.199935E+01   0.480150E+00
 0.254850E+01   0.176981E+01   0.127077E+02   0.202194E+01   0.484849E+00
 0.257800E+01   0.178646E+01   0.127016E+02   0.204394E+01   0.489526E+00
 0.260750E+01   0.180261E+01   0.126908E+02   0.206536E+01   0.494180E+00
 0.263700E+01   0.181827E+01   0.126856E+02   0.208619E+01   0.498812E+00
 0.266650E+01   0.183345E+01   0.126717E+02   0.210646E+01   0.503422E+00
 0.269600E+01   0.184816E+01   0.126593E+02   0.212617E+01   0.508010E+00
 0.272550E+01   0.186242E+01   0.126478E+02   0.214533E+01   0.512577E+00
 0.275500E+01   0.187624E+01   0.126379E+02   0.216396E+01   0.517123E+00
 0.278450E+01   0.188962E+01   0.126266E+02   0.218206E+01   0.521648E+00
 0.281400E+01   0.190259E+01   0.126171E+02   0.219965E+01   0.526152E+00
 0.284350E+01   0.191514E+01   0.126060E+02   0.221673E+01   0.530636E+00
 0.287300E+01   0.192730E+01   0.125941E+02   0.223333E+01   0.535100E+00
 0.290250E+01   0.193908E+01   0.125911E+02   0.224944E+01   0.539544E+00
 0.293200E+01   0.195047E+01   0.125768E+02   0.226509E+01   0.543968E+00
 0.296150E+01   0.196151E+01   0.125630E+02   0.228028E+01   0.548372E+00
 0.299100E+01   0.197219E+01   0.125535E+02   0.229502E+01   0.552757E+00
 0.302050E+01   0.198253E+01   0.125387E+02   0.230933E+01   0.557124E+00
 0.305000E+01   0.199254E+01   0.125316E+02   0.232322E+01   0.561471E+00
 0.307950E+01   0.200222E+01   0.125143E+02   0.233669E+01   0.565800E+00
 0.310900E+01   0.201160E+01   0.125028E+02   0.234977E+01   0.570110E+00
 0.313850E+01   0.202067E+01   0.124923E+02   0.236246E+01   0.574403E+00
 0.316800E+01   0.202945E+01   0.124854E+02   0.237476E+01   0.578677E+00
 0.319750E+01   0.203795E+01   0.124690E+02   0.238670E+01   0.582934E+00
 0.322700E+01   0.204617E+01   0.124576E+02   0.239828E+01   0.587174E+00
 0.325650E+01   0.205413E+01   0.124449E+02   0.240952E+01   0.591396E+00
 0.328600E+01   0.206182E+01   0.124306E+02   0.242041E+01   0.595601E+00
 0.331550E+01   0.206927E+01   0.124190E+02   0.243097E+01   0.599789E+00
 0.334500E+01   0.207648E+01   0.124071E+02   0.244122E+01   0.603961E+00
 0.337450E+01   0.208346E+01   0.124007E+02   0.245115E+01   0.608116E+00
 0.340400E+01   0.209021E+01   0.123905E+02   0.246079E+01   0.612255E+00
 0.343350E+01   0.209674E+01   0.123763E+02   0.247013E+01   0.616378E+00
 0.346300E+01   0.210306E+01   0.123663E+02   0.247918E+01   0.620486E+00
 0.349250E+01   0.210917E+01   0.123524E+02   0.248796E+01   0.624577E+00
 0.352200E+01   0.211508E+01   0.123439E+02   0.249647E+01   0.628653E+00
 0.355150E+01   0.212081E+01   0.123234E+02   0.250471E+01   0.632714E+00
 0.358100E+01   0.212634E+01   0.123163E+02   0.251271E+01   0.636760E+00
 0.361050E+01   0.213170E+01   0.123057E+02   0.252046E+01   0.640791E+00
 0.364000E+01   0.213688E+01   0.122880E+02   0.252797E+01   0.644807E+00
 0.366950E+01   0.214189E+01   0.122740E+02   0.253525E+01   0.648809E+00
 0.369900E+01   0.214674E+01   0.122656E+02   0.254230E+01   0.652796E+00
 0.372850E+01   0.215143E+01   0.122554E+02   0.254913E+01   0.656769E+00
 0.375800E+01   0.215597E+01   0.122481E+02   0.255575E+01   0.660728E+00
 0.378750E+01   0.216036E+01   0.122272E+02   0.256217E+01   0.664673E+00
 0.381700E+01   0.216460E+01   0.122175E+02   0.256838E+01   0.668604E+00
 0.384650E+01   0.216871E+01   0.122043E+02   0.257440E+01   0.672522E+00
 0.387600E+01   0.217267E+01   0.121932E+02   0.258023E+01   0.676426E+00
 0.390550E+01   0.217651E+01   0.121835E+02   0.258588E+01   0.680318E+00
 0.393500E+01   0.218023E+01   0.121700E+02   0.259135E+01   0.684196E+00
 0.396450E+01   0.218381E+01   0.121575E+02   0.259664E+01   0.688061E+00
 0.399400E+01   0.218728E+01   0.121509E+02   0.260177E+01   0.691913E+00
 0.402350E+01   0.219064E+01   0.121416E+02   0.260673E+01   0.695753E+00
 0.405300E+01   0.219388E+01   0.121268E+02   0.261154E+01   0.699580E+00
 0.408250E+01   0.219701E+01   0.121126E+02   0.261619E+01   0.703394E+00
 0.411200E+01   0.220004E+01   0.121015E+02   0.262069E+01   0.707197E+00
 0.414150E+01   0.220297E+01   0.120901E+02   0.262504E+01   0.710987E+00
 0.417100E+01   0.220580E+01   0.120794E+02   0.262925E+01   0.714765E+00
 0.420050E+01   0.220853E+01   0.120697E+02   0.263333E+01   0.718532E+00
 0.423000E+01   0.221117E+01   0.120628E+02   0.263727E+01   0.722287E+00
 0.425950E+01   0.221371E+01   0.120497E+02   0.264108E+01   0.726030E+00
 0.428900E+01   0.221618E+01   0.120406E+02   0.264476E+01   0.729762E+00
 0.431850E+01   0.221855E+01   0.120225E+02   0.264832E+01   0.733482E+00
 0.434800E+01   0.222084E+01   0.120128E+02   0.265176E+01   0.737191E+00
 0.437750E+01   0.222306E+01   0.120013E+02   0.265509E+01   0.740889E+00
 0.440700E+01   0.222519E+01   0.119917E+02   0.265830E+01   0.744576E+00
 0.443650E+01   0.222725E+01   0.119855E+02   0.266140E+01   0.748252E+00
 0.446600E+01   0.222924E+01   0.119704E+02   0.266439E+01   0.751918E+00
 0.449550E+01   0.223115E+01   0.119651E+02   0.266729E+01   0.755572E+00
 0.452500E+01   0.223300E+01   0.119489E+02   0.267007E+01   0.759216E+00
 0.455450E+01   0.223478E+01   0.119398E+02   0.267277E+01   0.762850E+00
 0.458400E+01   0.223650E+01   0.119341E+02   0.267536E+01   0.766474E+00
 0.461350E+01   0.223815E+01   0.119255E+02   0.267786E+01   0.770087E+00
 0.464300E+01   0.223974E+01   0.119089E+02   0.268027E+01   0.773690E+00
 0.467250E+01   0.224127E+01   0.119021E+02   0.268260E+01   0.777283E+00
 0.470200E+01   0.224274E+01   0.118936E+02   0.268484E+01   0.780866E+00
 0.473150E+01   0.224416E+01   0.118848E+02   0.268699E+01   0.784439E+00
 0.476100E+01   0.224552E+01   0.118650E+02   0.268906E+01   0.788003E+00
 0.479050E+01   0.224682E+01   0.118558E+02   0.269106E+01   0.791557E+00
 0.482000E+01   0.224808E+01   0.118487E+02   0.269297E+01   0.795101E+00
 0.484950E+01   0.224929E+01   0.118401E+02   0.269481E+01   0.798636E+00
 0.487900E+01   0.225044E+01   0.118275E+02   0.269658E+01   0.802162E+00
 0.490850E+01   0.225155E+01   0.118178E+02   0.269828E+01   0.805678E+00
 0.493800E+01   0.225262E+01   0.118063E+02   0.269991E+01   0.809185E+00
 0.496750E+01   0.225364E+01   0.118055E+02   0.270147E+01   0.812683E+00
 0.499700E+01   0.225461E+01   0.117892E+02   0.270296E+01   0.816172E+00
 0.502650E+01   0.225554E+01   0.117841E+02   0.270439E+01   0.819652E+00
 0.505600E+01   0.225644E+01   0.117699E+02   0.270576E+01   0.823123E+00
 0.508550E+01   0.225729E+01   0.117657E+02   0.270707E+01   0.826586E+00
 0.511500E+01   0.225810E+01   0.117537E+02   0.270832E+01   0.830040E+00
 0.514450E+01   0.225887E+01   0.117396E+02   0.270951E+01   0.833485E+00
 0.517400E+01   0.225961E+01   0.117393E+02   0.271065E+01   0.836922E+00
 0.520350E+01   0.226031E+01   0.117216E+02   0.271173E+01   0.840350E+00
 0.523300E+01   0.226098E+01   0.117180E+02   0.271275E+01   0.843770E+00
 0.526250E+01   0.226161E+01   0.117076E+02   0.271373E+01   0.847181E+00
 0.529200E+01   0.226221E+01   0.116947E+02   0.271465E+01   0.850585E+00
 0.532150E+01   0.226277E+01   0.116934E+02   0.271553E+01   0.853980E+00
 0.535100E+01   0.226331E+01   0.116799E+02   0.271636E+01   0.857367E+00
 0.538050E+01   0.226381E+01   0.116670E+02   0.271714E+01   0.860747E+00
 0.541000E+01   0.226429E+01   0.116668E+02   0.271787E+01   0.864118E+00
 0.543950E+01   0.226473E+01   0.116584E+02   0.271856E+01   0.867481E+00
 0.546900E+01   0.226515E+01   0.116470E+02   0.271921E+01   0.870837E+00
 0.549850E+01   0.226554E+01   0.116354E+02   0.271982E+01   0.874185E+00
 0.552800E+01   0.226590E+01   0.116257E+02   0.272038E+01   0.877525E+00
 0.555750E+01   0.226624E+01   0.116153E+02   0.272091E+01   0.880858E+00
 0.558700E+01   0.226655E+01   0.116096E+02   0.272139E+01   0.884183E+00
 0.561650E+01   0.226684E+01   0.116043E+02   0.272184E+01   0.887500E+00
 0.564600E+01   0.226710E+01   0.115899E+02   0.272225E+01   0.890811E+00
 0.567550E+01   0.226734E+01   0.115890E+02   0.272262E+01   0.894114E+00
 0.570500E+01   0.226756E+01   0.115784E+02   0.272296E+01   0.897409E+00
 0.573450E+01   0.226775E+01   0.115688E+02   0.272326E+01   0.900698E+00
 0.576400E+01   0.226792E+01   0.115647E+02   0.272353E+01   0.903979E+00
 0.579350E+01   0.226808E+01   0.115567E+02   0.272377E+01   0.907253E+00
 0.582300E+01   0.226821E+01   0.115421E+02   0.272397E+01   0.910520E+00
 0.585250E+01   0.226832E+01   0.115400E+02   0.272414E+01   0.913780E+00
 0.588200E+01   0.226841E+01   0.115325E+02   0.272429E+01   0.917033E+00
 0.591150E+01   0.226848E+01   0.115167E+02   0.272440E+01   0.920280E+00
 0.594100E+01   0.226853E+01   0.115101E+02   0.272448E+01   0.923519E+00
 0.597050E+01   0.226857E+01   0.115036E+02   0.272454E+01   0.926752E+00
