 0.100000E+00   0.327197E+00   0.170940E+03   0.329532E+00   0.209161E-01
 0.129500E+00   0.293492E+00   0.176821E+03   0.295553E+00   0.270697E-01
 0.159000E+00   0.251257E+00   0.181529E+03   0.252960E+00   0.332166E-01
 0.188500E+00   0.182915E+00   0.165058E+03   0.184033E+00   0.393570E-01
 0.218000E+00   0.128191E+00   0.140046E+03   0.128849E+00   0.454912E-01
 0.247500E+00   0.100052E+00   0.115104E+03   0.100473E+00   0.516192E-01
 0.277000E+00   0.905916E-01   0.985892E+02   0.909301E-01   0.577413E-01
 0.306500E+00   0.882645E-01   0.804184E+02   0.885803E-01   0.638576E-01
 0.336000E+00   0.895587E-01   0.617113E+02   0.898879E-01   0.701237E-01
 0.365500E+00   0.942710E-01   0.460630E+02   0.946586E-01   0.762416E-01
 0.395000E+00   0.100838E+00   0.401032E+02   0.101314E+00   0.823519E-01
 0.424500E+00   0.108498E+00   0.391941E+02   0.109086E+00   0.884544E-01
 0.454000E+00   0.116970E+00   0.343832E+02   0.117693E+00   0.945489E-01
 0.483500E+00   0.126114E+00   0.291009E+02   0.126996E+00   0.100635E+00
 0.513000E+00   0.135851E+00   0.255830E+02   0.136916E+00   0.106713E+00
 0.542500E+00   0.146149E+00   0.230860E+02   0.147422E+00   0.112782E+00
 0.572000E+00   0.156998E+00   0.212287E+02   0.158509E+00   0.118843E+00
 0.601500E+00   0.168345E+00   0.198107E+02   0.170123E+00   0.124894E+00
 0.631000E+00   0.179959E+00   0.187088E+02   0.182031E+00   0.130936E+00
 0.660500E+00   0.192012E+00   0.178275E+02   0.194409E+00   0.136968E+00
 0.690000E+00   0.204585E+00   0.170982E+02   0.207345E+00   0.142991E+00
 0.719500E+00   0.217740E+00   0.164826E+02   0.220905E+00   0.149003E+00
 0.749000E+00   0.231531E+00   0.159600E+02   0.235148E+00   0.155005E+00
 0.778500E+00   0.246004E+00   0.155191E+02   0.250124E+00   0.160996E+00
 0.808000E+00   0.261197E+00   0.151409E+02   0.265881E+00   0.166976E+00
 0.837500E+00   0.277147E+00   0.148049E+02   0.282458E+00   0.172944E+00
 0.867000E+00   0.293883E+00   0.145157E+02   0.299892E+00   0.178899E+00
 0.896500E+00   0.311426E+00   0.142666E+02   0.318213E+00   0.184842E+00
 0.926000E+00   0.329795E+00   0.140510E+02   0.337444E+00   0.190772E+00
 0.955500E+00   0.349001E+00   0.138574E+02   0.357605E+00   0.196688E+00
 0.985000E+00   0.369050E+00   0.136929E+02   0.378710E+00   0.202590E+00
 0.101450E+01   0.389942E+00   0.135426E+02   0.400765E+00   0.208477E+00
 0.104400E+01   0.411673E+00   0.134156E+02   0.423775E+00   0.214348E+00
 0.107350E+01   0.434233E+00   0.133047E+02   0.447737E+00   0.220204E+00
 0.110300E+01   0.457605E+00   0.132068E+02   0.472642E+00   0.226044E+00
 0.113250E+01   0.481771E+00   0.131298E+02   0.498479E+00   0.231867E+00
 0.116200E+01   0.506707E+00   0.130534E+02   0.525231E+00   0.237672E+00
 0.119150E+01   0.532384E+00   0.129949E+02   0.552876E+00   0.243460E+00
 0.122100E+01   0.558770E+00   0.129415E+02   0.581388E+00   0.249229E+00
 0.125050E+01   0.585828E+00   0.128922E+02   0.610738E+00   0.254980E+00
 0.128000E+01   0.613521E+00   0.128618E+02   0.640892E+00   0.260711E+00
 0.130950E+01   0.641805E+00   0.128291E+02   0.671812E+00   0.266423E+00
 0.133900E+01   0.670637E+00   0.127990E+02   0.703457E+00   0.272114E+00
 0.136850E+01   0.699967E+00   0.127841E+02   0.735784E+00   0.277785E+00
 0.139800E+01   0.729748E+00   0.127586E+02   0.768745E+00   0.283435E+00
 0.142750E+01   0.759927E+00   0.127453E+02   0.802291E+00   0.289063E+00
 0.145700E+01   0.790451E+00   0.127383E+02   0.836369E+00   0.294669E+00
 0.148650E+01   0.821267E+00   0.127321E+02   0.870924E+00   0.300252E+00
 0.151600E+01   0.852319E+00   0.127235E+02   0.905902E+00   0.305813E+00
 0.154550E+01   0.883553E+00   0.127257E+02   0.941244E+00   0.311351E+00
 0.157500E+01   0.914912E+00   0.127211E+02   0.976892E+00   0.316866E+00
 0.160450E+01   0.946342E+00   0.127225E+02   0.101279E+01   0.322357E+00
 0.163400E+01   0.977787E+00   0.127201E+02   0.104887E+01   0.327824E+00
 0.166350E+01   0.100920E+01   0.127218E+02   0.108507E+01   0.333266E+00
 0.169300E+01   0.104051E+01   0.127152E+02   0.112135E+01   0.338685E+00
 0.172250E+01   0.107169E+01   0.127189E+02   0.115763E+01   0.344078E+00
 0.175200E+01   0.110268E+01   0.127253E+02   0.119387E+01   0.349447E+00
 0.178150E+01   0.113343E+01   0.127246E+02   0.123001E+01   0.354790E+00
 0.181100E+01   0.116391E+01   0.127240E+02   0.126598E+01   0.360108E+00
 0.184050E+01   0.119406E+01   0.127299E+02   0.130175E+01   0.365401E+00
 0.187000E+01   0.122386E+01   0.127343E+02   0.133727E+01   0.370668E+00
 0.189950E+01   0.125326E+01   0.127311E+02   0.137247E+01   0.375910E+00
 0.192900E+01   0.128223E+01   0.127369E+02   0.140734E+01   0.381126E+00
 0.195850E+01   0.131075E+01   0.127414E+02   0.144181E+01   0.386317E+00
 0.198800E+01   0.133878E+01   0.127375E+02   0.147587E+01   0.391482E+00
 0.201750E+01   0.136631E+01   0.127395E+02   0.150946E+01   0.396621E+00
 0.204700E+01   0.139331E+01   0.127386E+02   0.154257E+01   0.401735E+00
 0.207650E+01   0.141977E+01   0.127426E+02   0.157516E+01   0.406823E+00
 0.210600E+01   0.144568E+01   0.127359E+02   0.160721E+01   0.411886E+00
 0.213550E+01   0.147102E+01   0.127353E+02   0.163869E+01   0.416923E+00
 0.216500E+01   0.149578E+01   0.127321E+02   0.166960E+01   0.421936E+00
 0.219450E+01   0.151995E+01   0.127287E+02   0.169991E+01   0.426923E+00
 0.222400E+01   0.154354E+01   0.127303E+02   0.172962E+01   0.431885E+00
 0.225350E+01   0.156654E+01   0.127192E+02   0.175870E+01   0.436822E+00
 0.228300E+01   0.158895E+01   0.127196E+02   0.178716E+01   0.441734E+00
 0.231250E+01   0.161077E+01   0.127149E+02   0.181499E+01   0.446622E+00
 0.234200E+01   0.163200E+01   0.127067E+02   0.184218E+01   0.451486E+00
 0.237150E+01   0.165266E+01   0.127064E+02   0.186874E+01   0.456326E+00
 0.240100E+01   0.167274E+01   0.126954E+02   0.189466E+01   0.461141E+00
 0.243050E+01   0.169225E+01   0.126944E+02   0.191994E+01   0.465933E+00
 0.246000E+01   0.171121E+01   0.126878E+02   0.194460E+01   0.470701E+00
 0.248950E+01   0.172961E+01   0.126778E+02   0.196863E+01   0.475446E+00
 0.251900E+01   0.174747E+01   0.126714E+02   0.199204E+01   0.480168E+00
 0.254850E+01   0.176480E+01   0.126647E+02   0.201484E+01   0.484868E+00
 0.257800E+01   0.178161E+01   0.126509E+02   0.203703E+01   0.489544E+00
 0.260750E+01   0.179792E+01   0.126447E+02   0.205863E+01   0.494198E+00
 0.263700E+01   0.181372E+01   0.126401E+02   0.207965E+01   0.498830E+00
 0.266650E+01   0.182904E+01   0.126280E+02   0.210008E+01   0.503440E+00
 0.269600E+01   0.184389E+01   0.126160E+02   0.211995E+01   0.508029E+00
 0.272550E+01   0.185827E+01   0.126109E+02   0.213927E+01   0.512596E+00
 0.275500E+01   0.187220E+01   0.125960E+02   0.215804E+01   0.517141E+00
 0.278450E+01   0.188570E+01   0.125897E+02   0.217629E+01   0.521666E+00
 0.281400E+01   0.189877E+01   0.125762E+02   0.219401E+01   0.526170E+00
 0.284350E+01   0.191143E+01   0.125674E+02   0.221122E+01   0.530654E+00
 0.287300E+01   0.192368E+01   0.125645E+02   0.222793E+01   0.535118E+00
 0.290250E+01   0.193555E+01   0.125452E+02   0.224416E+01   0.539561E+00
 0.293200E+01   0.194703E+01   0.125351E+02   0.225992E+01   0.543985E+00
 0.296150E+01   0.195815E+01   0.125309E+02   0.227521E+01   0.548389E+00
 0.299100E+01   0.196891E+01   0.125152E+02   0.229006E+01   0.552774E+00
 0.302050E+01   0.197933E+01   0.125106E+02   0.230447E+01   0.557140E+00
 0.305000E+01   0.198941E+01   0.124969E+02   0.231845E+01   0.561488E+00
 0.307950E+01   0.199917E+01   0.124790E+02   0.233202E+01   0.565816E+00
 0.310900E+01   0.200861E+01   0.124702E+02   0.234518E+01   0.570127E+00
 0.313850E+01   0.201775E+01   0.124604E+02   0.235795E+01   0.574419E+00
 0.316800E+01   0.202659E+01   0.124458E+02   0.237034E+01   0.578693E+00
 0.319750E+01   0.203514E+01   0.124394E+02   0.238235E+01   0.582950E+00
 0.322700E+01   0.204342E+01   0.124272E+02   0.239401E+01   0.587189E+00
 0.325650E+01   0.205143E+01   0.124132E+02   0.240531E+01   0.591411E+00
 0.328600E+01   0.205918E+01   0.124027E+02   0.241628E+01   0.595616E+00
 0.331550E+01   0.206668E+01   0.123863E+02   0.242691E+01   0.599804E+00
 0.334500E+01   0.207394E+01   0.123803E+02   0.243722E+01   0.603975E+00
 0.337450E+01   0.208096E+01   0.123669E+02   0.244721E+01   0.608130E+00
 0.340400E+01   0.208776E+01   0.123540E+02   0.245690E+01   0.612269E+00
 0.343350E+01   0.209433E+01   0.123404E+02   0.246630E+01   0.616392E+00
 0.346300E+01   0.210069E+01   0.123326E+02   0.247541E+01   0.620499E+00
 0.349250E+01   0.210684E+01   0.123171E+02   0.248424E+01   0.624590E+00
 0.352200E+01   0.211280E+01   0.123113E+02   0.249280E+01   0.628666E+00
 0.355150E+01   0.211856E+01   0.122976E+02   0.250110E+01   0.632727E+00
 0.358100E+01   0.212413E+01   0.122867E+02   0.250915E+01   0.636772E+00
 0.361050E+01   0.212952E+01   0.122723E+02   0.251694E+01   0.640803E+00
 0.364000E+01   0.213474E+01   0.122633E+02   0.252450E+01   0.644819E+00
 0.366950E+01   0.213978E+01   0.122500E+02   0.253182E+01   0.648820E+00
 0.369900E+01   0.214466E+01   0.122378E+02   0.253892E+01   0.652807E+00
 0.372850E+01   0.214938E+01   0.122308E+02   0.254579E+01   0.656780E+00
 0.375800E+01   0.215395E+01   0.122134E+02   0.255246E+01   0.660739E+00
 0.378750E+01   0.215837E+01   0.122031E+02   0.255891E+01   0.664684E+00
 0.381700E+01   0.216264E+01   0.121926E+02   0.256516E+01   0.668615E+00
 0.384650E+01   0.216677E+01   0.121825E+02   0.257122E+01   0.672532E+00
 0.387600E+01   0.217077E+01   0.121671E+02   0.257709E+01   0.676436E+00
 0.390550E+01   0.217463E+01   0.121551E+02   0.258277E+01   0.680327E+00
 0.393500E+01   0.217837E+01   0.121477E+02   0.258827E+01   0.684205E+00
 0.396450E+01   0.218198E+01   0.121371E+02   0.259360E+01   0.688070E+00
 0.399400E+01   0.218547E+01   0.121271E+02   0.259876E+01   0.691922E+00
 0.402350E+01   0.218885E+01   0.121100E+02   0.260376E+01   0.695761E+00
 0.405300E+01   0.219211E+01   0.120988E+02   0.260859E+01   0.699588E+00
 0.408250E+01   0.219527E+01   0.120859E+02   0.261327E+01   0.703403E+00
 0.411200E+01   0.219832E+01   0.120793E+02   0.261780E+01   0.707205E+00
 0.414150E+01   0.220126E+01   0.120712E+02   0.262218E+01   0.710995E+00
 0.417100E+01   0.220411E+01   0.120533E+02   0.262642E+01   0.714773E+00
 0.420050E+01   0.220686E+01   0.120447E+02   0.263052E+01   0.718539E+00
 0.423000E+01   0.220952E+01   0.120321E+02   0.263449E+01   0.722294E+00
 0.425950E+01   0.221209E+01   0.120202E+02   0.263833E+01   0.726037E+00
 0.428900E+01   0.221456E+01   0.120107E+02   0.264204E+01   0.729768E+00
 0.431850E+01   0.221696E+01   0.119986E+02   0.264562E+01   0.733488E+00
 0.434800E+01   0.221927E+01   0.119906E+02   0.264909E+01   0.737197E+00
 0.437750E+01   0.222150E+01   0.119850E+02   0.265244E+01   0.740895E+00
 0.440700E+01   0.222365E+01   0.119707E+02   0.265567E+01   0.744582E+00
 0.443650E+01   0.222572E+01   0.119602E+02   0.265880E+01   0.748258E+00
 0.446600E+01   0.222773E+01   0.119507E+02   0.266181E+01   0.751923E+00
 0.449550E+01   0.222966E+01   0.119350E+02   0.266473E+01   0.755578E+00
 0.452500E+01   0.223152E+01   0.119274E+02   0.266754E+01   0.759221E+00
 0.455450E+01   0.223331E+01   0.119208E+02   0.267025E+01   0.762855E+00
 0.458400E+01   0.223504E+01   0.119047E+02   0.267286E+01   0.766478E+00
 0.461350E+01   0.223671E+01   0.119014E+02   0.267539E+01   0.770091E+00
 0.464300E+01   0.223831E+01   0.118858E+02   0.267782E+01   0.773694E+00
 0.467250E+01   0.223985E+01   0.118767E+02   0.268016E+01   0.777287E+00
 0.470200E+01   0.224134E+01   0.118671E+02   0.268242E+01   0.780870E+00
 0.473150E+01   0.224277E+01   0.118565E+02   0.268459E+01   0.784443E+00
 0.476100E+01   0.224414E+01   0.118502E+02   0.268668E+01   0.788006E+00
 0.479050E+01   0.224546E+01   0.118349E+02   0.268869E+01   0.791560E+00
 0.482000E+01   0.224673E+01   0.118317E+02   0.269062E+01   0.795104E+00
 0.484950E+01   0.224794E+01   0.118140E+02   0.269248E+01   0.798639E+00
 0.487900E+01   0.224911E+01   0.118114E+02   0.269427E+01   0.802164E+00
 0.490850E+01   0.225023E+01   0.117969E+02   0.269598E+01   0.805680E+00
 0.493800E+01   0.225131E+01   0.117926E+02   0.269762E+01   0.809187E+00
 0.496750E+01   0.225234E+01   0.117777E+02   0.269920E+01   0.812685E+00
 0.499700E+01   0.225332E+01   0.117716E+02   0.270071E+01   0.816174E+00
 0.502650E+01   0.225427E+01   0.117587E+02   0.270216E+01   0.819654E+00
 0.505600E+01   0.225517E+01   0.117491E+02   0.270354E+01   0.823125E+00
 0.508550E+01   0.225603E+01   0.117364E+02   0.270486E+01   0.826587E+00
 0.511500E+01   0.225685E+01   0.117352E+02   0.270613E+01   0.830041E+00
 0.514450E+01   0.225763E+01   0.117225E+02   0.270733E+01   0.833486E+00
 0.517400E+01   0.225838E+01   0.117126E+02   0.270848E+01   0.836922E+00
 0.520350E+01   0.225909E+01   0.117065E+02   0.270957E+01   0.840350E+00
 0.523300E+01   0.225976E+01   0.116980E+02   0.271061E+01   0.843770E+00
 0.526250E+01   0.226040E+01   0.116862E+02   0.271160E+01   0.847182E+00
 0.529200E+01   0.226101E+01   0.116789E+02   0.271254E+01   0.850585E+00
 0.532150E+01   0.226159E+01   0.116694E+02   0.271343E+01   0.853980E+00
 0.535100E+01   0.226213E+01   0.116549E+02   0.271427E+01   0.857367E+00
 0.538050E+01   0.226264E+01   0.116532E+02   0.271506E+01   0.860746E+00
 0.541000E+01   0.226312E+01   0.116396E+02   0.271581E+01   0.864117E+00
 0.543950E+01   0.226358E+01   0.116290E+02   0.271651E+01   0.867480E+00
 0.546900E+01   0.226400E+01   0.116265E+02   0.271717E+01   0.870836E+00
 0.549850E+01   0.226440E+01   0.116128E+02   0.271779E+01   0.874183E+00
 0.552800E+01   0.226477E+01   0.116060E+02   0.271836E+01   0.877524E+00
 0.555750E+01   0.226511E+01   0.115983E+02   0.271890E+01   0.880856E+00
 0.558700E+01   0.226543E+01   0.115909E+02   0.271939E+01   0.884181E+00
 0.561650E+01   0.226573E+01   0.115820E+02   0.271985E+01   0.887498E+00
 0.564600E+01   0.226600E+01   0.115724E+02   0.272027E+01   0.890809E+00
 0.567550E+01   0.226624E+01   0.115695E+02   0.272065E+01   0.894111E+00
 0.570500E+01   0.226647E+01   0.115601E+02   0.272100E+01   0.897407E+00
 0.573450E+01   0.226667E+01   0.115530E+02   0.272132E+01   0.900695E+00
 0.576400E+01   0.226684E+01   0.115354E+02   0.272159E+01   0.903976E+00
 0.579350E+01   0.226700E+01   0.115344E+02   0.272184E+01   0.907250E+00
 0.582300E+01   0.226714E+01   0.115233E+02   0.272205E+01   0.910517E+00
 0.585250E+01   0.226726E+01   0.115168E+02   0.272224E+01   0.913777E+00
 0.588200E+01   0.226735E+01   0.115089E+02   0.272239E+01   0.917030E+00
 0.591150E+01   0.226743E+01   0.114992E+02   0.272251E+01   0.920276E+00
 0.594100E+01   0.226749E+01   0.114908E+02   0.272261E+01   0.923515E+00
 0.597050E+01   0.226753E+01   0.114800E+02   0.272267E+01   0.926748E+00
