 0.100000E+00   0.327197E+00   0.170940E+03   0.329532E+00   0.209161E-01
 0.129500E+00   0.293492E+00   0.176821E+03   0.295553E+00   0.270697E-01
 0.159000E+00   0.250505E+00   0.181007E+03   0.252201E+00   0.332166E-01
 0.188500E+00   0.181236E+00   0.163490E+03   0.182340E+00   0.393570E-01
 0.218000E+00   0.129088E+00   0.141423E+03   0.129753E+00   0.454912E-01
 0.247500E+00   0.998316E-01   0.114436E+03   0.100250E+00   0.516192E-01
 0.277000E+00   0.905102E-01   0.980431E+02   0.908479E-01   0.577413E-01
 0.306500E+00   0.882492E-01   0.801882E+02   0.885649E-01   0.638576E-01
 0.336000E+00   0.895045E-01   0.621738E+02   0.898332E-01   0.701244E-01
 0.365500E+00   0.941329E-01   0.461516E+02   0.945191E-01   0.762425E-01
 0.395000E+00   0.100637E+00   0.400995E+02   0.101111E+00   0.823530E-01
 0.424500E+00   0.108243E+00   0.393237E+02   0.108828E+00   0.884558E-01
 0.454000E+00   0.116668E+00   0.345680E+02   0.117388E+00   0.945505E-01
 0.483500E+00   0.125774E+00   0.292208E+02   0.126651E+00   0.100637E+00
 0.513000E+00   0.135480E+00   0.256645E+02   0.136539E+00   0.106715E+00
 0.542500E+00   0.145754E+00   0.231434E+02   0.147021E+00   0.112785E+00
 0.572000E+00   0.156588E+00   0.212659E+02   0.158091E+00   0.118845E+00
 0.601500E+00   0.167931E+00   0.198291E+02   0.169702E+00   0.124897E+00
 0.631000E+00   0.179551E+00   0.187293E+02   0.181614E+00   0.130939E+00
 0.660500E+00   0.191614E+00   0.178379E+02   0.194003E+00   0.136971E+00
 0.690000E+00   0.204204E+00   0.170953E+02   0.206956E+00   0.142994E+00
 0.719500E+00   0.217383E+00   0.164887E+02   0.220539E+00   0.149007E+00
 0.749000E+00   0.231202E+00   0.159663E+02   0.234811E+00   0.155009E+00
 0.778500E+00   0.245707E+00   0.155192E+02   0.249821E+00   0.161000E+00
 0.808000E+00   0.260938E+00   0.151333E+02   0.265616E+00   0.166980E+00
 0.837500E+00   0.276929E+00   0.148021E+02   0.282235E+00   0.172948E+00
 0.867000E+00   0.293707E+00   0.145100E+02   0.299715E+00   0.178904E+00
 0.896500E+00   0.311296E+00   0.142605E+02   0.318083E+00   0.184847E+00
 0.926000E+00   0.329712E+00   0.140374E+02   0.337363E+00   0.190777E+00
 0.955500E+00   0.348965E+00   0.138494E+02   0.357575E+00   0.196693E+00
 0.985000E+00   0.369062E+00   0.136858E+02   0.378729E+00   0.202595E+00
 0.101450E+01   0.390000E+00   0.135331E+02   0.400835E+00   0.208482E+00
 0.104400E+01   0.411776E+00   0.134106E+02   0.423892E+00   0.214353E+00
 0.107350E+01   0.434377E+00   0.132953E+02   0.447899E+00   0.220209E+00
 0.110300E+01   0.457789E+00   0.132025E+02   0.472848E+00   0.226049E+00
 0.113250E+01   0.481991E+00   0.131187E+02   0.498725E+00   0.231872E+00
 0.116200E+01   0.506959E+00   0.130503E+02   0.525513E+00   0.237677E+00
 0.119150E+01   0.532663E+00   0.129928E+02   0.553189E+00   0.243465E+00
 0.122100E+01   0.559073E+00   0.129377E+02   0.581729E+00   0.249234E+00
 0.125050E+01   0.586151E+00   0.128922E+02   0.611102E+00   0.254985E+00
 0.128000E+01   0.613859E+00   0.128529E+02   0.641274E+00   0.260716E+00
 0.130950E+01   0.642154E+00   0.128286E+02   0.672208E+00   0.266428E+00
 0.133900E+01   0.670991E+00   0.128014E+02   0.703863E+00   0.272119E+00
 0.136850E+01   0.700325E+00   0.127817E+02   0.736194E+00   0.277790E+00
 0.139800E+01   0.730104E+00   0.127608E+02   0.769156E+00   0.283439E+00
 0.142750E+01   0.760278E+00   0.127483E+02   0.802698E+00   0.289067E+00
 0.145700E+01   0.790794E+00   0.127373E+02   0.836770E+00   0.294673E+00
 0.148650E+01   0.821599E+00   0.127331E+02   0.871316E+00   0.300257E+00
 0.151600E+01   0.852638E+00   0.127249E+02   0.906281E+00   0.305818E+00
 0.154550E+01   0.883856E+00   0.127172E+02   0.941608E+00   0.311356E+00
 0.157500E+01   0.915198E+00   0.127134E+02   0.977238E+00   0.316870E+00
 0.160450E+01   0.946610E+00   0.127189E+02   0.101311E+01   0.322361E+00
 0.163400E+01   0.978036E+00   0.127205E+02   0.104917E+01   0.327828E+00
 0.166350E+01   0.100942E+01   0.127187E+02   0.108536E+01   0.333271E+00
 0.169300E+01   0.104072E+01   0.127244E+02   0.112161E+01   0.338689E+00
 0.172250E+01   0.107188E+01   0.127191E+02   0.115788E+01   0.344083E+00
 0.175200E+01   0.110285E+01   0.127267E+02   0.119409E+01   0.349451E+00
 0.178150E+01   0.113358E+01   0.127221E+02   0.123020E+01   0.354795E+00
 0.181100E+01   0.116404E+01   0.127306E+02   0.126616E+01   0.360113E+00
 0.184050E+01   0.119417E+01   0.127336E+02   0.130191E+01   0.365406E+00
 0.187000E+01   0.122395E+01   0.127324E+02   0.133740E+01   0.370673E+00
 0.189950E+01   0.125333E+01   0.127368E+02   0.137259E+01   0.375915E+00
 0.192900E+01   0.128229E+01   0.127386E+02   0.140744E+01   0.381131E+00
 0.195850E+01   0.131079E+01   0.127326E+02   0.144190E+01   0.386322E+00
 0.198800E+01   0.133881E+01   0.127366E+02   0.147594E+01   0.391487E+00
 0.201750E+01   0.136633E+01   0.127387E+02   0.150952E+01   0.396627E+00
 0.204700E+01   0.139332E+01   0.127402E+02   0.154261E+01   0.401741E+00
 0.207650E+01   0.141977E+01   0.127387E+02   0.157519E+01   0.406829E+00
 0.210600E+01   0.144567E+01   0.127325E+02   0.160722E+01   0.411892E+00
 0.213550E+01   0.147100E+01   0.127363E+02   0.163870E+01   0.416929E+00
 0.216500E+01   0.149575E+01   0.127352E+02   0.166960E+01   0.421942E+00
 0.219450E+01   0.151992E+01   0.127300E+02   0.169990E+01   0.426929E+00
 0.222400E+01   0.154350E+01   0.127221E+02   0.172960E+01   0.431891E+00
 0.225350E+01   0.156650E+01   0.127234E+02   0.175868E+01   0.436829E+00
 0.228300E+01   0.158890E+01   0.127204E+02   0.178713E+01   0.441741E+00
 0.231250E+01   0.161072E+01   0.127146E+02   0.181495E+01   0.446630E+00
 0.234200E+01   0.163195E+01   0.127059E+02   0.184214E+01   0.451493E+00
 0.237150E+01   0.165260E+01   0.127021E+02   0.186869E+01   0.456333E+00
 0.240100E+01   0.167268E+01   0.126951E+02   0.189461E+01   0.461149E+00
 0.243050E+01   0.169219E+01   0.126918E+02   0.191989E+01   0.465941E+00
 0.246000E+01   0.171114E+01   0.126826E+02   0.194455E+01   0.470709E+00
 0.248950E+01   0.172954E+01   0.126779E+02   0.196858E+01   0.475455E+00
 0.251900E+01   0.174740E+01   0.126740E+02   0.199199E+01   0.480177E+00
 0.254850E+01   0.176473E+01   0.126598E+02   0.201478E+01   0.484876E+00
 0.257800E+01   0.178154E+01   0.126525E+02   0.203698E+01   0.489553E+00
 0.260750E+01   0.179785E+01   0.126489E+02   0.205858E+01   0.494207E+00
 0.263700E+01   0.181365E+01   0.126420E+02   0.207959E+01   0.498839E+00
 0.266650E+01   0.182897E+01   0.126283E+02   0.210003E+01   0.503449E+00
 0.269600E+01   0.184382E+01   0.126188E+02   0.211990E+01   0.508038E+00
 0.272550E+01   0.185820E+01   0.126061E+02   0.213922E+01   0.512605E+00
 0.275500E+01   0.187214E+01   0.125978E+02   0.215799E+01   0.517151E+00
 0.278450E+01   0.188563E+01   0.125880E+02   0.217623E+01   0.521676E+00
 0.281400E+01   0.189870E+01   0.125854E+02   0.219395E+01   0.526180E+00
 0.284350E+01   0.191136E+01   0.125727E+02   0.221116E+01   0.530664E+00
 0.287300E+01   0.192362E+01   0.125556E+02   0.222788E+01   0.535128E+00
 0.290250E+01   0.193548E+01   0.125481E+02   0.224411E+01   0.539572E+00
 0.293200E+01   0.194697E+01   0.125359E+02   0.225987E+01   0.543995E+00
 0.296150E+01   0.195809E+01   0.125309E+02   0.227517E+01   0.548400E+00
 0.299100E+01   0.196885E+01   0.125178E+02   0.229001E+01   0.552785E+00
 0.302050E+01   0.197927E+01   0.125104E+02   0.230442E+01   0.557151E+00
 0.305000E+01   0.198935E+01   0.124939E+02   0.231841E+01   0.561499E+00
 0.307950E+01   0.199911E+01   0.124864E+02   0.233197E+01   0.565827E+00
 0.310900E+01   0.200855E+01   0.124757E+02   0.234514E+01   0.570138E+00
 0.313850E+01   0.201769E+01   0.124593E+02   0.235791E+01   0.574430E+00
 0.316800E+01   0.202653E+01   0.124468E+02   0.237030E+01   0.578705E+00
 0.319750E+01   0.203509E+01   0.124382E+02   0.238232E+01   0.582961E+00
 0.322700E+01   0.204337E+01   0.124308E+02   0.239397E+01   0.587201E+00
 0.325650E+01   0.205138E+01   0.124168E+02   0.240528E+01   0.591423E+00
 0.328600E+01   0.205913E+01   0.123989E+02   0.241624E+01   0.595628E+00
 0.331550E+01   0.206663E+01   0.123902E+02   0.242687E+01   0.599816E+00
 0.334500E+01   0.207389E+01   0.123801E+02   0.243718E+01   0.603988E+00
 0.337450E+01   0.208091E+01   0.123653E+02   0.244718E+01   0.608143E+00
 0.340400E+01   0.208771E+01   0.123531E+02   0.245687E+01   0.612282E+00
 0.343350E+01   0.209428E+01   0.123489E+02   0.246627E+01   0.616405E+00
 0.346300E+01   0.210064E+01   0.123346E+02   0.247538E+01   0.620512E+00
 0.349250E+01   0.210680E+01   0.123224E+02   0.248422E+01   0.624603E+00
 0.352200E+01   0.211275E+01   0.123061E+02   0.249278E+01   0.628679E+00
 0.355150E+01   0.211851E+01   0.122956E+02   0.250108E+01   0.632740E+00
 0.358100E+01   0.212408E+01   0.122806E+02   0.250912E+01   0.636786E+00
 0.361050E+01   0.212947E+01   0.122715E+02   0.251692E+01   0.640816E+00
 0.364000E+01   0.213469E+01   0.122642E+02   0.252448E+01   0.644832E+00
 0.366950E+01   0.213974E+01   0.122488E+02   0.253180E+01   0.648834E+00
 0.369900E+01   0.214462E+01   0.122376E+02   0.253890E+01   0.652821E+00
 0.372850E+01   0.214934E+01   0.122218E+02   0.254578E+01   0.656794E+00
 0.375800E+01   0.215391E+01   0.122138E+02   0.255244E+01   0.660753E+00
 0.378750E+01   0.215832E+01   0.122014E+02   0.255889E+01   0.664697E+00
 0.381700E+01   0.216260E+01   0.121926E+02   0.256515E+01   0.668629E+00
 0.384650E+01   0.216673E+01   0.121851E+02   0.257121E+01   0.672546E+00
 0.387600E+01   0.217073E+01   0.121671E+02   0.257707E+01   0.676451E+00
 0.390550E+01   0.217459E+01   0.121546E+02   0.258276E+01   0.680342E+00
 0.393500E+01   0.217833E+01   0.121455E+02   0.258826E+01   0.684219E+00
 0.396450E+01   0.218194E+01   0.121347E+02   0.259359E+01   0.688084E+00
 0.399400E+01   0.218543E+01   0.121188E+02   0.259875E+01   0.691936E+00
 0.402350E+01   0.218881E+01   0.121156E+02   0.260375E+01   0.695776E+00
 0.405300E+01   0.219208E+01   0.121018E+02   0.260858E+01   0.699603E+00
 0.408250E+01   0.219523E+01   0.120880E+02   0.261326E+01   0.703417E+00
 0.411200E+01   0.219828E+01   0.120810E+02   0.261779E+01   0.707220E+00
 0.414150E+01   0.220123E+01   0.120629E+02   0.262218E+01   0.711010E+00
 0.417100E+01   0.220408E+01   0.120588E+02   0.262642E+01   0.714788E+00
 0.420050E+01   0.220683E+01   0.120501E+02   0.263052E+01   0.718554E+00
 0.423000E+01   0.220949E+01   0.120347E+02   0.263449E+01   0.722309E+00
 0.425950E+01   0.221205E+01   0.120277E+02   0.263832E+01   0.726052E+00
 0.428900E+01   0.221453E+01   0.120108E+02   0.264203E+01   0.729784E+00
 0.431850E+01   0.221692E+01   0.120029E+02   0.264562E+01   0.733504E+00
 0.434800E+01   0.221923E+01   0.119868E+02   0.264908E+01   0.737213E+00
 0.437750E+01   0.222146E+01   0.119780E+02   0.265243E+01   0.740911E+00
 0.440700E+01   0.222362E+01   0.119688E+02   0.265567E+01   0.744597E+00
 0.443650E+01   0.222569E+01   0.119592E+02   0.265879E+01   0.748273E+00
 0.446600E+01   0.222769E+01   0.119510E+02   0.266181E+01   0.751939E+00
 0.449550E+01   0.222963E+01   0.119359E+02   0.266473E+01   0.755593E+00
 0.452500E+01   0.223149E+01   0.119263E+02   0.266754E+01   0.759237E+00
 0.455450E+01   0.223328E+01   0.119211E+02   0.267025E+01   0.762871E+00
 0.458400E+01   0.223501E+01   0.119049E+02   0.267286E+01   0.766494E+00
 0.461350E+01   0.223668E+01   0.118939E+02   0.267539E+01   0.770107E+00
 0.464300E+01   0.223828E+01   0.118906E+02   0.267782E+01   0.773710E+00
 0.467250E+01   0.223982E+01   0.118732E+02   0.268016E+01   0.777303E+00
 0.470200E+01   0.224131E+01   0.118645E+02   0.268242E+01   0.780886E+00
 0.473150E+01   0.224274E+01   0.118528E+02   0.268459E+01   0.784459E+00
 0.476100E+01   0.224411E+01   0.118454E+02   0.268668E+01   0.788023E+00
 0.479050E+01   0.224543E+01   0.118346E+02   0.268869E+01   0.791576E+00
 0.482000E+01   0.224670E+01   0.118294E+02   0.269063E+01   0.795121E+00
 0.484950E+01   0.224792E+01   0.118133E+02   0.269249E+01   0.798655E+00
 0.487900E+01   0.224909E+01   0.118065E+02   0.269427E+01   0.802181E+00
 0.490850E+01   0.225021E+01   0.117963E+02   0.269599E+01   0.805697E+00
 0.493800E+01   0.225128E+01   0.117897E+02   0.269763E+01   0.809204E+00
 0.496750E+01   0.225231E+01   0.117817E+02   0.269921E+01   0.812702E+00
 0.499700E+01   0.225330E+01   0.117660E+02   0.270072E+01   0.816191E+00
 0.502650E+01   0.225424E+01   0.117575E+02   0.270216E+01   0.819671E+00
 0.505600E+01   0.225514E+01   0.117515E+02   0.270355E+01   0.823142E+00
 0.508550E+01   0.225600E+01   0.117440E+02   0.270487E+01   0.826604E+00
 0.511500E+01   0.225682E+01   0.117306E+02   0.270613E+01   0.830058E+00
 0.514450E+01   0.225761E+01   0.117189E+02   0.270734E+01   0.833503E+00
 0.517400E+01   0.225835E+01   0.117167E+02   0.270849E+01   0.836940E+00
 0.520350E+01   0.225906E+01   0.117087E+02   0.270958E+01   0.840368E+00
 0.523300E+01   0.225974E+01   0.116984E+02   0.271062E+01   0.843788E+00
 0.526250E+01   0.226038E+01   0.116863E+02   0.271161E+01   0.847199E+00
 0.529200E+01   0.226099E+01   0.116761E+02   0.271255E+01   0.850602E+00
 0.532150E+01   0.226156E+01   0.116713E+02   0.271344E+01   0.853997E+00
 0.535100E+01   0.226210E+01   0.116551E+02   0.271428E+01   0.857385E+00
 0.538050E+01   0.226262E+01   0.116454E+02   0.271507E+01   0.860764E+00
 0.541000E+01   0.226310E+01   0.116367E+02   0.271582E+01   0.864135E+00
 0.543950E+01   0.226355E+01   0.116306E+02   0.271652E+01   0.867498E+00
 0.546900E+01   0.226398E+01   0.116280E+02   0.271718E+01   0.870854E+00
 0.549850E+01   0.226438E+01   0.116113E+02   0.271780E+01   0.874201E+00
 0.552800E+01   0.226475E+01   0.116019E+02   0.271838E+01   0.877541E+00
 0.555750E+01   0.226509E+01   0.115989E+02   0.271891E+01   0.880874E+00
 0.558700E+01   0.226541E+01   0.115928E+02   0.271941E+01   0.884199E+00
 0.561650E+01   0.226570E+01   0.115799E+02   0.271986E+01   0.887517E+00
 0.564600E+01   0.226597E+01   0.115746E+02   0.272028E+01   0.890827E+00
 0.567550E+01   0.226622E+01   0.115694E+02   0.272067E+01   0.894129E+00
 0.570500E+01   0.226644E+01   0.115539E+02   0.272102E+01   0.897425E+00
 0.573450E+01   0.226664E+01   0.115521E+02   0.272133E+01   0.900713E+00
 0.576400E+01   0.226682E+01   0.115444E+02   0.272161E+01   0.903994E+00
 0.579350E+01   0.226698E+01   0.115340E+02   0.272186E+01   0.907268E+00
 0.582300E+01   0.226712E+01   0.115270E+02   0.272207E+01   0.910535E+00
 0.585250E+01   0.226724E+01   0.115188E+02   0.272225E+01   0.913795E+00
 0.588200E+01   0.226733E+01   0.115032E+02   0.272241E+01   0.917049E+00
 0.591150E+01   0.226741E+01   0.114988E+02   0.272253E+01   0.920295E+00
 0.594100E+01   0.226747E+01   0.114895E+02   0.272262E+01   0.923534E+00
 0.597050E+01   0.226751E+01   0.114864E+02   0.272269E+01   0.926767E+00
