 0.100000E+00   0.327197E+00   0.170940E+03   0.329532E+00   0.209161E-01
 0.129500E+00   0.293492E+00   0.176821E+03   0.295553E+00   0.270697E-01
 0.159000E+00   0.251584E+00   0.181756E+03   0.253289E+00   0.332166E-01
 0.188500E+00   0.182913E+00   0.165056E+03   0.184031E+00   0.393570E-01
 0.218000E+00   0.128951E+00   0.141214E+03   0.129615E+00   0.454912E-01
 0.247500E+00   0.999258E-01   0.114721E+03   0.100345E+00   0.516192E-01
 0.277000E+00   0.905976E-01   0.986297E+02   0.909361E-01   0.577413E-01
 0.306500E+00   0.882606E-01   0.814387E+02   0.885771E-01   0.638576E-01
 0.336000E+00   0.882799E-01   0.721666E+02   0.885997E-01   0.701936E-01
 0.365500E+00   0.912350E-01   0.521464E+02   0.916003E-01   0.763203E-01
 0.395000E+00   0.970353E-01   0.420873E+02   0.974861E-01   0.824391E-01
 0.424500E+00   0.104578E+00   0.405780E+02   0.105146E+00   0.885497E-01
 0.454000E+00   0.113367E+00   0.363828E+02   0.114082E+00   0.946519E-01
 0.483500E+00   0.123164E+00   0.298395E+02   0.124057E+00   0.100745E+00
 0.513000E+00   0.133808E+00   0.257206E+02   0.134911E+00   0.106830E+00
 0.542500E+00   0.145206E+00   0.229223E+02   0.146552E+00   0.112905E+00
 0.572000E+00   0.157302E+00   0.209204E+02   0.158927E+00   0.118971E+00
 0.601500E+00   0.170068E+00   0.194276E+02   0.172010E+00   0.125027E+00
 0.631000E+00   0.183454E+00   0.182809E+02   0.185755E+00   0.131072E+00
 0.660500E+00   0.197179E+00   0.174044E+02   0.199875E+00   0.137108E+00
 0.690000E+00   0.211378E+00   0.166934E+02   0.214513E+00   0.143132E+00
 0.719500E+00   0.226122E+00   0.161120E+02   0.229743E+00   0.149146E+00
 0.749000E+00   0.241454E+00   0.156372E+02   0.245614E+00   0.155149E+00
 0.778500E+00   0.257410E+00   0.152265E+02   0.262168E+00   0.161140E+00
 0.808000E+00   0.274019E+00   0.148879E+02   0.279439E+00   0.167119E+00
 0.837500E+00   0.291307E+00   0.145884E+02   0.297458E+00   0.173086E+00
 0.867000E+00   0.309292E+00   0.143380E+02   0.316251E+00   0.179040E+00
 0.896500E+00   0.327992E+00   0.141243E+02   0.335840E+00   0.184980E+00
 0.926000E+00   0.347416E+00   0.139361E+02   0.356243E+00   0.190908E+00
 0.955500E+00   0.367571E+00   0.137715E+02   0.377472E+00   0.196820E+00
 0.985000E+00   0.388461E+00   0.136268E+02   0.399536E+00   0.202719E+00
 0.101450E+01   0.410082E+00   0.134967E+02   0.422442E+00   0.208602E+00
 0.104400E+01   0.432430E+00   0.133945E+02   0.446189E+00   0.214470E+00
 0.107350E+01   0.455493E+00   0.132970E+02   0.470774E+00   0.220321E+00
 0.110300E+01   0.479259E+00   0.132155E+02   0.496191E+00   0.226157E+00
 0.113250E+01   0.503711E+00   0.131461E+02   0.522429E+00   0.231975E+00
 0.116200E+01   0.528827E+00   0.130870E+02   0.549472E+00   0.237776E+00
 0.119150E+01   0.554584E+00   0.130399E+02   0.577304E+00   0.243559E+00
 0.122100E+01   0.580954E+00   0.129877E+02   0.605903E+00   0.249323E+00
 0.125050E+01   0.607908E+00   0.129563E+02   0.635243E+00   0.255069E+00
 0.128000E+01   0.635413E+00   0.129234E+02   0.665298E+00   0.260796E+00
 0.130950E+01   0.663433E+00   0.128936E+02   0.696035E+00   0.266502E+00
 0.133900E+01   0.691930E+00   0.128668E+02   0.727420E+00   0.272189E+00
 0.136850E+01   0.720865E+00   0.128576E+02   0.759417E+00   0.277855E+00
 0.139800E+01   0.750195E+00   0.128370E+02   0.791985E+00   0.283500E+00
 0.142750E+01   0.779876E+00   0.128265E+02   0.825082E+00   0.289124E+00
 0.145700E+01   0.809862E+00   0.128148E+02   0.858663E+00   0.294726E+00
 0.148650E+01   0.840107E+00   0.128111E+02   0.892680E+00   0.300305E+00
 0.151600E+01   0.870563E+00   0.128041E+02   0.927085E+00   0.305863E+00
 0.154550E+01   0.901180E+00   0.127945E+02   0.961827E+00   0.311397E+00
 0.157500E+01   0.931909E+00   0.127975E+02   0.996853E+00   0.316908E+00
 0.160450E+01   0.962701E+00   0.127884E+02   0.103211E+01   0.322396E+00
 0.163400E+01   0.993507E+00   0.127878E+02   0.106755E+01   0.327859E+00
 0.166350E+01   0.102428E+01   0.127910E+02   0.110310E+01   0.333299E+00
 0.169300E+01   0.105496E+01   0.127874E+02   0.113873E+01   0.338715E+00
 0.172250E+01   0.108552E+01   0.127939E+02   0.117437E+01   0.344106E+00
 0.175200E+01   0.111590E+01   0.127886E+02   0.120997E+01   0.349472E+00
 0.178150E+01   0.114606E+01   0.127972E+02   0.124548E+01   0.354813E+00
 0.181100E+01   0.117596E+01   0.127904E+02   0.128085E+01   0.360129E+00
 0.184050E+01   0.120555E+01   0.127988E+02   0.131602E+01   0.365420E+00
 0.187000E+01   0.123481E+01   0.127952E+02   0.135096E+01   0.370686E+00
 0.189950E+01   0.126370E+01   0.127930E+02   0.138561E+01   0.375927E+00
 0.192900E+01   0.129218E+01   0.127928E+02   0.141994E+01   0.381142E+00
 0.195850E+01   0.132023E+01   0.127965E+02   0.145390E+01   0.386331E+00
 0.198800E+01   0.134782E+01   0.127995E+02   0.148747E+01   0.391495E+00
 0.201750E+01   0.137492E+01   0.127913E+02   0.152059E+01   0.396634E+00
 0.204700E+01   0.140153E+01   0.127952E+02   0.155325E+01   0.401747E+00
 0.207650E+01   0.142761E+01   0.127938E+02   0.158541E+01   0.406834E+00
 0.210600E+01   0.145315E+01   0.127843E+02   0.161706E+01   0.411897E+00
 0.213550E+01   0.147815E+01   0.127845E+02   0.164816E+01   0.416934E+00
 0.216500E+01   0.150259E+01   0.127868E+02   0.167871E+01   0.421946E+00
 0.219450E+01   0.152647E+01   0.127784E+02   0.170867E+01   0.426933E+00
 0.222400E+01   0.154977E+01   0.127712E+02   0.173805E+01   0.431894E+00
 0.225350E+01   0.157250E+01   0.127696E+02   0.176683E+01   0.436832E+00
 0.228300E+01   0.159466E+01   0.127637E+02   0.179500E+01   0.441744E+00
 0.231250E+01   0.161624E+01   0.127570E+02   0.182255E+01   0.446632E+00
 0.234200E+01   0.163726E+01   0.127571E+02   0.184948E+01   0.451496E+00
 0.237150E+01   0.165770E+01   0.127448E+02   0.187579E+01   0.456336E+00
 0.240100E+01   0.167759E+01   0.127403E+02   0.190148E+01   0.461152E+00
 0.243050E+01   0.169692E+01   0.127367E+02   0.192655E+01   0.465944E+00
 0.246000E+01   0.171570E+01   0.127255E+02   0.195100E+01   0.470712E+00
 0.248950E+01   0.173394E+01   0.127192E+02   0.197483E+01   0.475458E+00
 0.251900E+01   0.175164E+01   0.127138E+02   0.199806E+01   0.480180E+00
 0.254850E+01   0.176883E+01   0.126972E+02   0.202068E+01   0.484880E+00
 0.257800E+01   0.178550E+01   0.126920E+02   0.204271E+01   0.489557E+00
 0.260750E+01   0.180168E+01   0.126819E+02   0.206415E+01   0.494211E+00
 0.263700E+01   0.181736E+01   0.126765E+02   0.208502E+01   0.498844E+00
 0.266650E+01   0.183256E+01   0.126676E+02   0.210532E+01   0.503454E+00
 0.269600E+01   0.184730E+01   0.126517E+02   0.212505E+01   0.508043E+00
 0.272550E+01   0.186158E+01   0.126478E+02   0.214424E+01   0.512610E+00
 0.275500E+01   0.187542E+01   0.126387E+02   0.216290E+01   0.517157E+00
 0.278450E+01   0.188882E+01   0.126204E+02   0.218102E+01   0.521682E+00
 0.281400E+01   0.190181E+01   0.126122E+02   0.219863E+01   0.526187E+00
 0.284350E+01   0.191438E+01   0.126010E+02   0.221574E+01   0.530671E+00
 0.287300E+01   0.192656E+01   0.125880E+02   0.223236E+01   0.535135E+00
 0.290250E+01   0.193835E+01   0.125785E+02   0.224849E+01   0.539579E+00
 0.293200E+01   0.194976E+01   0.125712E+02   0.226416E+01   0.544004E+00
 0.296150E+01   0.196081E+01   0.125591E+02   0.227937E+01   0.548409E+00
 0.299100E+01   0.197151E+01   0.125492E+02   0.229413E+01   0.552794E+00
 0.302050E+01   0.198186E+01   0.125348E+02   0.230846E+01   0.557161E+00
 0.305000E+01   0.199188E+01   0.125229E+02   0.232237E+01   0.561509E+00
 0.307950E+01   0.200159E+01   0.125105E+02   0.233587E+01   0.565838E+00
 0.310900E+01   0.201097E+01   0.124987E+02   0.234896E+01   0.570149E+00
 0.313850E+01   0.202006E+01   0.124933E+02   0.236166E+01   0.574441E+00
 0.316800E+01   0.202885E+01   0.124760E+02   0.237399E+01   0.578716E+00
 0.319750E+01   0.203736E+01   0.124660E+02   0.238594E+01   0.582974E+00
 0.322700E+01   0.204559E+01   0.124506E+02   0.239754E+01   0.587213E+00
 0.325650E+01   0.205356E+01   0.124374E+02   0.240879E+01   0.591436E+00
 0.328600E+01   0.206127E+01   0.124312E+02   0.241970E+01   0.595641E+00
 0.331550E+01   0.206873E+01   0.124144E+02   0.243027E+01   0.599830E+00
 0.334500E+01   0.207595E+01   0.124098E+02   0.244053E+01   0.604002E+00
 0.337450E+01   0.208293E+01   0.123951E+02   0.245048E+01   0.608157E+00
 0.340400E+01   0.208969E+01   0.123823E+02   0.246013E+01   0.612297E+00
 0.343350E+01   0.209623E+01   0.123672E+02   0.246948E+01   0.616420E+00
 0.346300E+01   0.210256E+01   0.123601E+02   0.247854E+01   0.620528E+00
 0.349250E+01   0.210868E+01   0.123464E+02   0.248733E+01   0.624619E+00
 0.352200E+01   0.211460E+01   0.123315E+02   0.249585E+01   0.628696E+00
 0.355150E+01   0.212033E+01   0.123196E+02   0.250411E+01   0.632757E+00
 0.358100E+01   0.212588E+01   0.123108E+02   0.251212E+01   0.636803E+00
 0.361050E+01   0.213124E+01   0.122971E+02   0.251988E+01   0.640834E+00
 0.364000E+01   0.213643E+01   0.122908E+02   0.252740E+01   0.644851E+00
 0.366950E+01   0.214145E+01   0.122735E+02   0.253469E+01   0.648852E+00
 0.369900E+01   0.214631E+01   0.122656E+02   0.254175E+01   0.652840E+00
 0.372850E+01   0.215100E+01   0.122537E+02   0.254859E+01   0.656813E+00
 0.375800E+01   0.215555E+01   0.122424E+02   0.255522E+01   0.660772E+00
 0.378750E+01   0.215994E+01   0.122230E+02   0.256165E+01   0.664718E+00
 0.381700E+01   0.216419E+01   0.122169E+02   0.256787E+01   0.668649E+00
 0.384650E+01   0.216830E+01   0.122058E+02   0.257390E+01   0.672567E+00
 0.387600E+01   0.217228E+01   0.121938E+02   0.257974E+01   0.676472E+00
 0.390550E+01   0.217612E+01   0.121846E+02   0.258539E+01   0.680363E+00
 0.393500E+01   0.217984E+01   0.121693E+02   0.259087E+01   0.684241E+00
 0.396450E+01   0.218343E+01   0.121533E+02   0.259617E+01   0.688107E+00
 0.399400E+01   0.218691E+01   0.121487E+02   0.260130E+01   0.691959E+00
 0.402350E+01   0.219027E+01   0.121332E+02   0.260627E+01   0.695799E+00
 0.405300E+01   0.219351E+01   0.121215E+02   0.261109E+01   0.699626E+00
 0.408250E+01   0.219665E+01   0.121078E+02   0.261574E+01   0.703441E+00
 0.411200E+01   0.219968E+01   0.121025E+02   0.262025E+01   0.707244E+00
 0.414150E+01   0.220262E+01   0.120922E+02   0.262461E+01   0.711034E+00
 0.417100E+01   0.220545E+01   0.120730E+02   0.262883E+01   0.714813E+00
 0.420050E+01   0.220818E+01   0.120645E+02   0.263291E+01   0.718580E+00
 0.423000E+01   0.221083E+01   0.120596E+02   0.263685E+01   0.722335E+00
 0.425950E+01   0.221338E+01   0.120462E+02   0.264067E+01   0.726078E+00
 0.428900E+01   0.221584E+01   0.120312E+02   0.264436E+01   0.729810E+00
 0.431850E+01   0.221822E+01   0.120244E+02   0.264793E+01   0.733530E+00
 0.434800E+01   0.222052E+01   0.120069E+02   0.265137E+01   0.737240E+00
 0.437750E+01   0.222273E+01   0.120029E+02   0.265470E+01   0.740938E+00
 0.440700E+01   0.222487E+01   0.119863E+02   0.265792E+01   0.744625E+00
 0.443650E+01   0.222694E+01   0.119790E+02   0.266103E+01   0.748301E+00
 0.446600E+01   0.222893E+01   0.119687E+02   0.266403E+01   0.751967E+00
 0.449550E+01   0.223085E+01   0.119612E+02   0.266692E+01   0.755622E+00
 0.452500E+01   0.223270E+01   0.119461E+02   0.266972E+01   0.759266E+00
 0.455450E+01   0.223448E+01   0.119358E+02   0.267241E+01   0.762900E+00
 0.458400E+01   0.223620E+01   0.119281E+02   0.267501E+01   0.766524E+00
 0.461350E+01   0.223785E+01   0.119192E+02   0.267752E+01   0.770137E+00
 0.464300E+01   0.223944E+01   0.119040E+02   0.267993E+01   0.773740E+00
 0.467250E+01   0.224098E+01   0.118969E+02   0.268226E+01   0.777333E+00
 0.470200E+01   0.224245E+01   0.118852E+02   0.268450E+01   0.780917E+00
 0.473150E+01   0.224387E+01   0.118747E+02   0.268666E+01   0.784490E+00
 0.476100E+01   0.224523E+01   0.118610E+02   0.268874E+01   0.788054E+00
 0.479050E+01   0.224654E+01   0.118551E+02   0.269074E+01   0.791608E+00
 0.482000E+01   0.224780E+01   0.118495E+02   0.269266E+01   0.795152E+00
 0.484950E+01   0.224901E+01   0.118346E+02   0.269450E+01   0.798687E+00
 0.487900E+01   0.225017E+01   0.118228E+02   0.269627E+01   0.802213E+00
 0.490850E+01   0.225128E+01   0.118203E+02   0.269797E+01   0.805730E+00
 0.493800E+01   0.225235E+01   0.118090E+02   0.269961E+01   0.809237E+00
 0.496750E+01   0.225337E+01   0.117944E+02   0.270117E+01   0.812735E+00
 0.499700E+01   0.225435E+01   0.117876E+02   0.270267E+01   0.816224E+00
 0.502650E+01   0.225528E+01   0.117816E+02   0.270410E+01   0.819704E+00
 0.505600E+01   0.225618E+01   0.117716E+02   0.270548E+01   0.823176E+00
 0.508550E+01   0.225703E+01   0.117625E+02   0.270679E+01   0.826638E+00
 0.511500E+01   0.225784E+01   0.117481E+02   0.270804E+01   0.830092E+00
 0.514450E+01   0.225862E+01   0.117379E+02   0.270923E+01   0.833538E+00
 0.517400E+01   0.225936E+01   0.117316E+02   0.271037E+01   0.836975E+00
 0.520350E+01   0.226006E+01   0.117258E+02   0.271146E+01   0.840403E+00
 0.523300E+01   0.226073E+01   0.117118E+02   0.271249E+01   0.843823E+00
 0.526250E+01   0.226136E+01   0.117005E+02   0.271346E+01   0.847235E+00
 0.529200E+01   0.226196E+01   0.116959E+02   0.271439E+01   0.850638E+00
 0.532150E+01   0.226253E+01   0.116886E+02   0.271527E+01   0.854034E+00
 0.535100E+01   0.226307E+01   0.116808E+02   0.271610E+01   0.857421E+00
 0.538050E+01   0.226358E+01   0.116634E+02   0.271688E+01   0.860800E+00
 0.541000E+01   0.226405E+01   0.116578E+02   0.271762E+01   0.864172E+00
 0.543950E+01   0.226450E+01   0.116523E+02   0.271832E+01   0.867535E+00
 0.546900E+01   0.226492E+01   0.116453E+02   0.271897E+01   0.870891E+00
 0.549850E+01   0.226531E+01   0.116349E+02   0.271957E+01   0.874239E+00
 0.552800E+01   0.226567E+01   0.116237E+02   0.272014E+01   0.877580E+00
 0.555750E+01   0.226601E+01   0.116165E+02   0.272067E+01   0.880912E+00
 0.558700E+01   0.226633E+01   0.116112E+02   0.272115E+01   0.884237E+00
 0.561650E+01   0.226661E+01   0.115941E+02   0.272160E+01   0.887555E+00
 0.564600E+01   0.226688E+01   0.115926E+02   0.272201E+01   0.890866E+00
 0.567550E+01   0.226712E+01   0.115802E+02   0.272239E+01   0.894169E+00
 0.570500E+01   0.226734E+01   0.115738E+02   0.272273E+01   0.897464E+00
 0.573450E+01   0.226753E+01   0.115663E+02   0.272304E+01   0.900753E+00
 0.576400E+01   0.226771E+01   0.115548E+02   0.272331E+01   0.904034E+00
 0.579350E+01   0.226786E+01   0.115483E+02   0.272355E+01   0.907309E+00
 0.582300E+01   0.226799E+01   0.115406E+02   0.272375E+01   0.910576E+00
 0.585250E+01   0.226810E+01   0.115343E+02   0.272393E+01   0.913836E+00
 0.588200E+01   0.226820E+01   0.115244E+02   0.272407E+01   0.917089E+00
 0.591150E+01   0.226827E+01   0.115165E+02   0.272419E+01   0.920336E+00
 0.594100E+01   0.226833E+01   0.115098E+02   0.272427E+01   0.923575E+00
 0.597050E+01   0.226836E+01   0.115009E+02   0.272433E+01   0.926808E+00
