 0.100000E+00   0.327197E+00   0.170940E+03   0.329532E+00   0.209161E-01
 0.129500E+00   0.293492E+00   0.176821E+03   0.295553E+00   0.270697E-01
 0.159000E+00   0.252445E+00   0.182354E+03   0.254158E+00   0.332166E-01
 0.188500E+00   0.181760E+00   0.163980E+03   0.182868E+00   0.393570E-01
 0.218000E+00   0.129457E+00   0.141987E+03   0.130125E+00   0.454912E-01
 0.247500E+00   0.998232E-01   0.114411E+03   0.100241E+00   0.516192E-01
 0.277000E+00   0.906475E-01   0.989652E+02   0.909866E-01   0.577413E-01
 0.306500E+00   0.882691E-01   0.804878E+02   0.885850E-01   0.638576E-01
 0.336000E+00   0.932746E-01   0.478795E+02   0.936444E-01   0.700895E-01
 0.365500E+00   0.102063E+00   0.400315E+02   0.102543E+00   0.761986E-01
 0.395000E+00   0.112345E+00   0.388517E+02   0.112970E+00   0.822988E-01
 0.424500E+00   0.123528E+00   0.316475E+02   0.124330E+00   0.883899E-01
 0.454000E+00   0.135343E+00   0.268891E+02   0.136353E+00   0.944716E-01
 0.483500E+00   0.147650E+00   0.238376E+02   0.148896E+00   0.100544E+00
 0.513000E+00   0.160369E+00   0.217353E+02   0.161885E+00   0.106607E+00
 0.542500E+00   0.173463E+00   0.202037E+02   0.175279E+00   0.112659E+00
 0.572000E+00   0.186783E+00   0.190460E+02   0.188931E+00   0.118702E+00
 0.601500E+00   0.200021E+00   0.181679E+02   0.202523E+00   0.124735E+00
 0.631000E+00   0.213398E+00   0.174640E+02   0.216284E+00   0.130757E+00
 0.660500E+00   0.227009E+00   0.168781E+02   0.230311E+00   0.136770E+00
 0.690000E+00   0.240918E+00   0.163967E+02   0.244672E+00   0.142772E+00
 0.719500E+00   0.255181E+00   0.159814E+02   0.259428E+00   0.148764E+00
 0.749000E+00   0.269847E+00   0.156215E+02   0.274631E+00   0.154744E+00
 0.778500E+00   0.284962E+00   0.153154E+02   0.290332E+00   0.160713E+00
 0.808000E+00   0.300565E+00   0.150375E+02   0.306574E+00   0.166671E+00
 0.837500E+00   0.316694E+00   0.148011E+02   0.323400E+00   0.172617E+00
 0.867000E+00   0.333381E+00   0.145836E+02   0.340847E+00   0.178550E+00
 0.896500E+00   0.350656E+00   0.143851E+02   0.358951E+00   0.184471E+00
 0.926000E+00   0.368542E+00   0.142133E+02   0.377743E+00   0.190379E+00
 0.955500E+00   0.387063E+00   0.140619E+02   0.397249E+00   0.196273E+00
 0.985000E+00   0.406234E+00   0.139316E+02   0.417493E+00   0.202153E+00
 0.101450E+01   0.426070E+00   0.138006E+02   0.438496E+00   0.208019E+00
 0.104400E+01   0.446580E+00   0.136952E+02   0.460272E+00   0.213870E+00
 0.107350E+01   0.467768E+00   0.135972E+02   0.482835E+00   0.219705E+00
 0.110300E+01   0.489637E+00   0.135082E+02   0.506191E+00   0.225525E+00
 0.113250E+01   0.512183E+00   0.134212E+02   0.530346E+00   0.231329E+00
 0.116200E+01   0.535400E+00   0.133505E+02   0.555298E+00   0.237116E+00
 0.119150E+01   0.559276E+00   0.132948E+02   0.581043E+00   0.242886E+00
 0.122100E+01   0.583797E+00   0.132358E+02   0.607573E+00   0.248638E+00
 0.125050E+01   0.608943E+00   0.131880E+02   0.634874E+00   0.254372E+00
 0.128000E+01   0.634692E+00   0.131406E+02   0.662930E+00   0.260088E+00
 0.130950E+01   0.661017E+00   0.131063E+02   0.691719E+00   0.265784E+00
 0.133900E+01   0.687889E+00   0.130632E+02   0.721217E+00   0.271462E+00
 0.136850E+01   0.715273E+00   0.130400E+02   0.751393E+00   0.277119E+00
 0.139800E+01   0.743133E+00   0.130106E+02   0.782214E+00   0.282756E+00
 0.142750E+01   0.771429E+00   0.129876E+02   0.813644E+00   0.288372E+00
 0.145700E+01   0.800118E+00   0.129721E+02   0.845642E+00   0.293967E+00
 0.148650E+01   0.829155E+00   0.129460E+02   0.878163E+00   0.299540E+00
 0.151600E+01   0.858494E+00   0.129353E+02   0.911161E+00   0.305091E+00
 0.154550E+01   0.888085E+00   0.129181E+02   0.944587E+00   0.310620E+00
 0.157500E+01   0.917877E+00   0.129164E+02   0.978388E+00   0.316126E+00
 0.160450E+01   0.947821E+00   0.129030E+02   0.101251E+01   0.321609E+00
 0.163400E+01   0.977863E+00   0.128977E+02   0.104690E+01   0.327069E+00
 0.166350E+01   0.100795E+01   0.128829E+02   0.108150E+01   0.332505E+00
 0.169300E+01   0.103804E+01   0.128825E+02   0.111625E+01   0.337917E+00
 0.172250E+01   0.106807E+01   0.128791E+02   0.115110E+01   0.343305E+00
 0.175200E+01   0.109800E+01   0.128725E+02   0.118599E+01   0.348668E+00
 0.178150E+01   0.112777E+01   0.128715E+02   0.122086E+01   0.354007E+00
 0.181100E+01   0.115735E+01   0.128577E+02   0.125566E+01   0.359321E+00
 0.184050E+01   0.118668E+01   0.128615E+02   0.129033E+01   0.364610E+00
 0.187000E+01   0.121573E+01   0.128594E+02   0.132483E+01   0.369874E+00
 0.189950E+01   0.124445E+01   0.128508E+02   0.135911E+01   0.375113E+00
 0.192900E+01   0.127282E+01   0.128517E+02   0.139311E+01   0.380327E+00
 0.195850E+01   0.130079E+01   0.128455E+02   0.142680E+01   0.385515E+00
 0.198800E+01   0.132834E+01   0.128457E+02   0.146013E+01   0.390678E+00
 0.201750E+01   0.135544E+01   0.128412E+02   0.149307E+01   0.395816E+00
 0.204700E+01   0.138207E+01   0.128321E+02   0.152558E+01   0.400928E+00
 0.207650E+01   0.140820E+01   0.128311E+02   0.155763E+01   0.406015E+00
 0.210600E+01   0.143383E+01   0.128254E+02   0.158920E+01   0.411077E+00
 0.213550E+01   0.145892E+01   0.128171E+02   0.162025E+01   0.416113E+00
 0.216500E+01   0.148347E+01   0.128111E+02   0.165077E+01   0.421125E+00
 0.219450E+01   0.150748E+01   0.128041E+02   0.168074E+01   0.426111E+00
 0.222400E+01   0.153093E+01   0.128042E+02   0.171014E+01   0.431073E+00
 0.225350E+01   0.155381E+01   0.127967E+02   0.173896E+01   0.436010E+00
 0.228300E+01   0.157613E+01   0.127946E+02   0.176718E+01   0.440922E+00
 0.231250E+01   0.159789E+01   0.127797E+02   0.179480E+01   0.445810E+00
 0.234200E+01   0.161908E+01   0.127787E+02   0.182182E+01   0.450674E+00
 0.237150E+01   0.163971E+01   0.127700E+02   0.184823E+01   0.455514E+00
 0.240100E+01   0.165978E+01   0.127594E+02   0.187402E+01   0.460329E+00
 0.243050E+01   0.167930E+01   0.127518E+02   0.189920E+01   0.465121E+00
 0.246000E+01   0.169827E+01   0.127435E+02   0.192377E+01   0.469890E+00
 0.248950E+01   0.171671E+01   0.127310E+02   0.194774E+01   0.474636E+00
 0.251900E+01   0.173461E+01   0.127209E+02   0.197109E+01   0.479358E+00
 0.254850E+01   0.175199E+01   0.127158E+02   0.199386E+01   0.484058E+00
 0.257800E+01   0.176886E+01   0.127114E+02   0.201603E+01   0.488735E+00
 0.260750E+01   0.178522E+01   0.127014E+02   0.203762E+01   0.493389E+00
 0.263700E+01   0.180110E+01   0.126854E+02   0.205863E+01   0.498022E+00
 0.266650E+01   0.181649E+01   0.126721E+02   0.207907E+01   0.502632E+00
 0.269600E+01   0.183141E+01   0.126645E+02   0.209896E+01   0.507221E+00
 0.272550E+01   0.184588E+01   0.126505E+02   0.211830E+01   0.511789E+00
 0.275500E+01   0.185990E+01   0.126468E+02   0.213710E+01   0.516336E+00
 0.278450E+01   0.187348E+01   0.126356E+02   0.215538E+01   0.520861E+00
 0.281400E+01   0.188664E+01   0.126179E+02   0.217315E+01   0.525366E+00
 0.284350E+01   0.189939E+01   0.126134E+02   0.219041E+01   0.529850E+00
 0.287300E+01   0.191173E+01   0.125963E+02   0.220717E+01   0.534315E+00
 0.290250E+01   0.192369E+01   0.125909E+02   0.222346E+01   0.538759E+00
 0.293200E+01   0.193527E+01   0.125764E+02   0.223928E+01   0.543183E+00
 0.296150E+01   0.194648E+01   0.125629E+02   0.225463E+01   0.547588E+00
 0.299100E+01   0.195734E+01   0.125525E+02   0.226954E+01   0.551974E+00
 0.302050E+01   0.196784E+01   0.125465E+02   0.228402E+01   0.556341E+00
 0.305000E+01   0.197802E+01   0.125342E+02   0.229807E+01   0.560689E+00
 0.307950E+01   0.198787E+01   0.125133E+02   0.231171E+01   0.565018E+00
 0.310900E+01   0.199740E+01   0.125093E+02   0.232494E+01   0.569329E+00
 0.313850E+01   0.200663E+01   0.124929E+02   0.233778E+01   0.573622E+00
 0.316800E+01   0.201556E+01   0.124838E+02   0.235025E+01   0.577897E+00
 0.319750E+01   0.202420E+01   0.124669E+02   0.236234E+01   0.582155E+00
 0.322700E+01   0.203257E+01   0.124574E+02   0.237407E+01   0.586395E+00
 0.325650E+01   0.204067E+01   0.124449E+02   0.238545E+01   0.590617E+00
 0.328600E+01   0.204850E+01   0.124348E+02   0.239648E+01   0.594823E+00
 0.331550E+01   0.205609E+01   0.124202E+02   0.240719E+01   0.599011E+00
 0.334500E+01   0.206343E+01   0.124083E+02   0.241758E+01   0.603184E+00
 0.337450E+01   0.207053E+01   0.123923E+02   0.242765E+01   0.607339E+00
 0.340400E+01   0.207741E+01   0.123819E+02   0.243742E+01   0.611479E+00
 0.343350E+01   0.208406E+01   0.123728E+02   0.244689E+01   0.615602E+00
 0.346300E+01   0.209050E+01   0.123628E+02   0.245608E+01   0.619710E+00
 0.349250E+01   0.209673E+01   0.123468E+02   0.246498E+01   0.623802E+00
 0.352200E+01   0.210276E+01   0.123365E+02   0.247362E+01   0.627878E+00
 0.355150E+01   0.210859E+01   0.123247E+02   0.248199E+01   0.631939E+00
 0.358100E+01   0.211424E+01   0.123071E+02   0.249011E+01   0.635986E+00
 0.361050E+01   0.211970E+01   0.122972E+02   0.249798E+01   0.640017E+00
 0.364000E+01   0.212499E+01   0.122897E+02   0.250561E+01   0.644033E+00
 0.366950E+01   0.213010E+01   0.122767E+02   0.251300E+01   0.648035E+00
 0.369900E+01   0.213505E+01   0.122662E+02   0.252017E+01   0.652023E+00
 0.372850E+01   0.213984E+01   0.122519E+02   0.252712E+01   0.655996E+00
 0.375800E+01   0.214447E+01   0.122431E+02   0.253385E+01   0.659955E+00
 0.378750E+01   0.214896E+01   0.122262E+02   0.254037E+01   0.663901E+00
 0.381700E+01   0.215329E+01   0.122194E+02   0.254669E+01   0.667832E+00
 0.384650E+01   0.215749E+01   0.122037E+02   0.255282E+01   0.671750E+00
 0.387600E+01   0.216154E+01   0.121874E+02   0.255875E+01   0.675655E+00
 0.390550E+01   0.216547E+01   0.121744E+02   0.256450E+01   0.679546E+00
 0.393500E+01   0.216926E+01   0.121656E+02   0.257007E+01   0.683425E+00
 0.396450E+01   0.217294E+01   0.121578E+02   0.257547E+01   0.687290E+00
 0.399400E+01   0.217649E+01   0.121487E+02   0.258069E+01   0.691142E+00
 0.402350E+01   0.217992E+01   0.121291E+02   0.258575E+01   0.694982E+00
 0.405300E+01   0.218324E+01   0.121190E+02   0.259065E+01   0.698809E+00
 0.408250E+01   0.218645E+01   0.121098E+02   0.259539E+01   0.702624E+00
 0.411200E+01   0.218955E+01   0.121024E+02   0.259998E+01   0.706427E+00
 0.414150E+01   0.219255E+01   0.120854E+02   0.260442E+01   0.710217E+00
 0.417100E+01   0.219545E+01   0.120730E+02   0.260872E+01   0.713996E+00
 0.420050E+01   0.219825E+01   0.120626E+02   0.261289E+01   0.717763E+00
 0.423000E+01   0.220096E+01   0.120568E+02   0.261691E+01   0.721518E+00
 0.425950E+01   0.220357E+01   0.120466E+02   0.262081E+01   0.725261E+00
 0.428900E+01   0.220610E+01   0.120307E+02   0.262457E+01   0.728993E+00
 0.431850E+01   0.220854E+01   0.120161E+02   0.262822E+01   0.732713E+00
 0.434800E+01   0.221089E+01   0.120130E+02   0.263174E+01   0.736423E+00
 0.437750E+01   0.221317E+01   0.119945E+02   0.263514E+01   0.740121E+00
 0.440700E+01   0.221536E+01   0.119841E+02   0.263843E+01   0.743808E+00
 0.443650E+01   0.221748E+01   0.119812E+02   0.264161E+01   0.747484E+00
 0.446600E+01   0.221953E+01   0.119619E+02   0.264468E+01   0.751150E+00
 0.449550E+01   0.222150E+01   0.119597E+02   0.264765E+01   0.754804E+00
 0.452500E+01   0.222340E+01   0.119446E+02   0.265051E+01   0.758449E+00
 0.455450E+01   0.222524E+01   0.119329E+02   0.265327E+01   0.762083E+00
 0.458400E+01   0.222701E+01   0.119264E+02   0.265594E+01   0.765706E+00
 0.461350E+01   0.222871E+01   0.119113E+02   0.265851E+01   0.769319E+00
 0.464300E+01   0.223035E+01   0.119000E+02   0.266099E+01   0.772922E+00
 0.467250E+01   0.223194E+01   0.118976E+02   0.266339E+01   0.776515E+00
 0.470200E+01   0.223346E+01   0.118805E+02   0.266569E+01   0.780099E+00
 0.473150E+01   0.223492E+01   0.118715E+02   0.266791E+01   0.783672E+00
 0.476100E+01   0.223633E+01   0.118630E+02   0.267005E+01   0.787236E+00
 0.479050E+01   0.223769E+01   0.118526E+02   0.267211E+01   0.790790E+00
 0.482000E+01   0.223899E+01   0.118386E+02   0.267409E+01   0.794334E+00
 0.484950E+01   0.224024E+01   0.118329E+02   0.267599E+01   0.797869E+00
 0.487900E+01   0.224145E+01   0.118265E+02   0.267782E+01   0.801395E+00
 0.490850E+01   0.224260E+01   0.118125E+02   0.267958E+01   0.804911E+00
 0.493800E+01   0.224371E+01   0.118073E+02   0.268127E+01   0.808418E+00
 0.496750E+01   0.224477E+01   0.117976E+02   0.268289E+01   0.811916E+00
 0.499700E+01   0.224579E+01   0.117822E+02   0.268445E+01   0.815405E+00
 0.502650E+01   0.224676E+01   0.117773E+02   0.268593E+01   0.818885E+00
 0.505600E+01   0.224769E+01   0.117689E+02   0.268736E+01   0.822356E+00
 0.508550E+01   0.224858E+01   0.117574E+02   0.268873E+01   0.825819E+00
 0.511500E+01   0.224944E+01   0.117472E+02   0.269003E+01   0.829273E+00
 0.514450E+01   0.225025E+01   0.117354E+02   0.269128E+01   0.832718E+00
 0.517400E+01   0.225102E+01   0.117248E+02   0.269247E+01   0.836155E+00
 0.520350E+01   0.225176E+01   0.117191E+02   0.269360E+01   0.839583E+00
 0.523300E+01   0.225247E+01   0.117109E+02   0.269468E+01   0.843003E+00
 0.526250E+01   0.225313E+01   0.117014E+02   0.269571E+01   0.846415E+00
 0.529200E+01   0.225377E+01   0.116892E+02   0.269669E+01   0.849818E+00
 0.532150E+01   0.225437E+01   0.116846E+02   0.269761E+01   0.853213E+00
 0.535100E+01   0.225494E+01   0.116681E+02   0.269849E+01   0.856600E+00
 0.538050E+01   0.225548E+01   0.116671E+02   0.269932E+01   0.859979E+00
 0.541000E+01   0.225599E+01   0.116538E+02   0.270011E+01   0.863351E+00
 0.543950E+01   0.225647E+01   0.116438E+02   0.270085E+01   0.866714E+00
 0.546900E+01   0.225692E+01   0.116377E+02   0.270154E+01   0.870070E+00
 0.549850E+01   0.225734E+01   0.116310E+02   0.270220E+01   0.873417E+00
 0.552800E+01   0.225773E+01   0.116234E+02   0.270281E+01   0.876758E+00
 0.555750E+01   0.225810E+01   0.116104E+02   0.270338E+01   0.880090E+00
 0.558700E+01   0.225845E+01   0.115985E+02   0.270391E+01   0.883415E+00
 0.561650E+01   0.225876E+01   0.115924E+02   0.270440E+01   0.886733E+00
 0.564600E+01   0.225906E+01   0.115876E+02   0.270485E+01   0.890043E+00
 0.567550E+01   0.225932E+01   0.115730E+02   0.270527E+01   0.893346E+00
 0.570500E+01   0.225957E+01   0.115645E+02   0.270565E+01   0.896641E+00
 0.573450E+01   0.225979E+01   0.115653E+02   0.270600E+01   0.899930E+00
 0.576400E+01   0.225999E+01   0.115496E+02   0.270631E+01   0.903211E+00
 0.579350E+01   0.226017E+01   0.115414E+02   0.270659E+01   0.906485E+00
 0.582300E+01   0.226033E+01   0.115385E+02   0.270684E+01   0.909752E+00
 0.585250E+01   0.226047E+01   0.115279E+02   0.270705E+01   0.913012E+00
 0.588200E+01   0.226059E+01   0.115222E+02   0.270724E+01   0.916265E+00
 0.591150E+01   0.226069E+01   0.115106E+02   0.270739E+01   0.919511E+00
 0.594100E+01   0.226076E+01   0.115034E+02   0.270751E+01   0.922751E+00
 0.597050E+01   0.226083E+01   0.114953E+02   0.270761E+01   0.925983E+00
