 0.100000E+00   0.327197E+00   0.170940E+03   0.329532E+00   0.209161E-01
 0.129500E+00   0.293492E+00   0.176821E+03   0.295553E+00   0.270697E-01
 0.159000E+00   0.251584E+00   0.181756E+03   0.253289E+00   0.332166E-01
 0.188500E+00   0.182634E+00   0.164795E+03   0.183749E+00   0.393570E-01
 0.218000E+00   0.129371E+00   0.141857E+03   0.130038E+00   0.454912E-01
 0.247500E+00   0.998450E-01   0.114477E+03   0.100263E+00   0.516192E-01
 0.277000E+00   0.906677E-01   0.991007E+02   0.910069E-01   0.577413E-01
 0.306500E+00   0.882731E-01   0.815293E+02   0.885897E-01   0.638576E-01
 0.336000E+00   0.883046E-01   0.718248E+02   0.886247E-01   0.701945E-01
 0.365500E+00   0.913514E-01   0.516797E+02   0.917181E-01   0.763212E-01
 0.395000E+00   0.972556E-01   0.421822E+02   0.977094E-01   0.824399E-01
 0.424500E+00   0.104894E+00   0.405675E+02   0.105467E+00   0.885504E-01
 0.454000E+00   0.113780E+00   0.360672E+02   0.114503E+00   0.946525E-01
 0.483500E+00   0.123672E+00   0.296379E+02   0.124575E+00   0.100746E+00
 0.513000E+00   0.134407E+00   0.255824E+02   0.135522E+00   0.106830E+00
 0.542500E+00   0.145889E+00   0.228243E+02   0.147249E+00   0.112905E+00
 0.572000E+00   0.158061E+00   0.208494E+02   0.159704E+00   0.118970E+00
 0.601500E+00   0.170895E+00   0.193765E+02   0.172858E+00   0.125026E+00
 0.631000E+00   0.184337E+00   0.182458E+02   0.186662E+00   0.131071E+00
 0.660500E+00   0.198105E+00   0.173703E+02   0.200829E+00   0.137106E+00
 0.690000E+00   0.212337E+00   0.166748E+02   0.215502E+00   0.143130E+00
 0.719500E+00   0.227102E+00   0.161038E+02   0.230756E+00   0.149144E+00
 0.749000E+00   0.242446E+00   0.156281E+02   0.246641E+00   0.155146E+00
 0.778500E+00   0.258403E+00   0.152272E+02   0.263199E+00   0.161137E+00
 0.808000E+00   0.275005E+00   0.148821E+02   0.280464E+00   0.167115E+00
 0.837500E+00   0.292275E+00   0.145922E+02   0.298468E+00   0.173082E+00
 0.867000E+00   0.310237E+00   0.143428E+02   0.317237E+00   0.179035E+00
 0.896500E+00   0.328905E+00   0.141203E+02   0.336796E+00   0.184976E+00
 0.926000E+00   0.348292E+00   0.139326E+02   0.357162E+00   0.190903E+00
 0.955500E+00   0.368406E+00   0.137760E+02   0.378349E+00   0.196815E+00
 0.985000E+00   0.389251E+00   0.136356E+02   0.400368E+00   0.202713E+00
 0.101450E+01   0.410824E+00   0.135048E+02   0.423224E+00   0.208596E+00
 0.104400E+01   0.433122E+00   0.133980E+02   0.446921E+00   0.214464E+00
 0.107350E+01   0.456135E+00   0.133038E+02   0.471454E+00   0.220315E+00
 0.110300E+01   0.479852E+00   0.132292E+02   0.496819E+00   0.226150E+00
 0.113250E+01   0.504255E+00   0.131519E+02   0.523006E+00   0.231968E+00
 0.116200E+01   0.529324E+00   0.130968E+02   0.550000E+00   0.237769E+00
 0.119150E+01   0.555036E+00   0.130480E+02   0.577785E+00   0.243551E+00
 0.122100E+01   0.581365E+00   0.129974E+02   0.606339E+00   0.249316E+00
 0.125050E+01   0.608281E+00   0.129583E+02   0.635639E+00   0.255061E+00
 0.128000E+01   0.635752E+00   0.129241E+02   0.665657E+00   0.260788E+00
 0.130950E+01   0.663741E+00   0.129031E+02   0.696361E+00   0.266494E+00
 0.133900E+01   0.692212E+00   0.128766E+02   0.727718E+00   0.272181E+00
 0.136850E+01   0.721124E+00   0.128633E+02   0.759690E+00   0.277847E+00
 0.139800E+01   0.750436E+00   0.128432E+02   0.792237E+00   0.283492E+00
 0.142750E+01   0.780102E+00   0.128320E+02   0.825317E+00   0.289115E+00
 0.145700E+01   0.810077E+00   0.128187E+02   0.858885E+00   0.294717E+00
 0.148650E+01   0.840314E+00   0.128144E+02   0.892894E+00   0.300296E+00
 0.151600E+01   0.870764E+00   0.128083E+02   0.927293E+00   0.305853E+00
 0.154550E+01   0.901378E+00   0.127981E+02   0.962031E+00   0.311388E+00
 0.157500E+01   0.932107E+00   0.128032E+02   0.997057E+00   0.316899E+00
 0.160450E+01   0.962900E+00   0.127974E+02   0.103232E+01   0.322386E+00
 0.163400E+01   0.993709E+00   0.127928E+02   0.106775E+01   0.327850E+00
 0.166350E+01   0.102448E+01   0.127991E+02   0.110332E+01   0.333289E+00
 0.169300E+01   0.105517E+01   0.127951E+02   0.113895E+01   0.338704E+00
 0.172250E+01   0.108574E+01   0.127923E+02   0.117460E+01   0.344095E+00
 0.175200E+01   0.111612E+01   0.128016E+02   0.121020E+01   0.349461E+00
 0.178150E+01   0.114629E+01   0.127938E+02   0.124572E+01   0.354802E+00
 0.181100E+01   0.117619E+01   0.128004E+02   0.128109E+01   0.360118E+00
 0.184050E+01   0.120579E+01   0.127957E+02   0.131628E+01   0.365409E+00
 0.187000E+01   0.123506E+01   0.128010E+02   0.135122E+01   0.370675E+00
 0.189950E+01   0.126395E+01   0.128035E+02   0.138588E+01   0.375915E+00
 0.192900E+01   0.129244E+01   0.128045E+02   0.142021E+01   0.381129E+00
 0.195850E+01   0.132049E+01   0.128025E+02   0.145418E+01   0.386319E+00
 0.198800E+01   0.134808E+01   0.127945E+02   0.148775E+01   0.391482E+00
 0.201750E+01   0.137519E+01   0.127986E+02   0.152087E+01   0.396621E+00
 0.204700E+01   0.140179E+01   0.127968E+02   0.155353E+01   0.401733E+00
 0.207650E+01   0.142787E+01   0.127901E+02   0.158570E+01   0.406821E+00
 0.210600E+01   0.145342E+01   0.127915E+02   0.161735E+01   0.411883E+00
 0.213550E+01   0.147842E+01   0.127889E+02   0.164845E+01   0.416920E+00
 0.216500E+01   0.150285E+01   0.127873E+02   0.167899E+01   0.421931E+00
 0.219450E+01   0.152673E+01   0.127806E+02   0.170896E+01   0.426918E+00
 0.222400E+01   0.155003E+01   0.127796E+02   0.173833E+01   0.431880E+00
 0.225350E+01   0.157276E+01   0.127723E+02   0.176711E+01   0.436816E+00
 0.228300E+01   0.159492E+01   0.127701E+02   0.179527E+01   0.441729E+00
 0.231250E+01   0.161650E+01   0.127645E+02   0.182282E+01   0.446616E+00
 0.234200E+01   0.163751E+01   0.127550E+02   0.184975E+01   0.451480E+00
 0.237150E+01   0.165795E+01   0.127508E+02   0.187606E+01   0.456319E+00
 0.240100E+01   0.167783E+01   0.127433E+02   0.190174E+01   0.461135E+00
 0.243050E+01   0.169715E+01   0.127358E+02   0.192680E+01   0.465927E+00
 0.246000E+01   0.171593E+01   0.127280E+02   0.195125E+01   0.470695E+00
 0.248950E+01   0.173416E+01   0.127170E+02   0.197508E+01   0.475440E+00
 0.251900E+01   0.175187E+01   0.127119E+02   0.199830E+01   0.480162E+00
 0.254850E+01   0.176905E+01   0.127022E+02   0.202091E+01   0.484862E+00
 0.257800E+01   0.178572E+01   0.126975E+02   0.204294E+01   0.489538E+00
 0.260750E+01   0.180189E+01   0.126886E+02   0.206438E+01   0.494192E+00
 0.263700E+01   0.181757E+01   0.126790E+02   0.208523E+01   0.498825E+00
 0.266650E+01   0.183277E+01   0.126683E+02   0.210552E+01   0.503435E+00
 0.269600E+01   0.184750E+01   0.126553E+02   0.212526E+01   0.508024E+00
 0.272550E+01   0.186178E+01   0.126498E+02   0.214444E+01   0.512591E+00
 0.275500E+01   0.187561E+01   0.126398E+02   0.216309E+01   0.517137E+00
 0.278450E+01   0.188901E+01   0.126228E+02   0.218121E+01   0.521662E+00
 0.281400E+01   0.190199E+01   0.126197E+02   0.219881E+01   0.526167E+00
 0.284350E+01   0.191456E+01   0.126021E+02   0.221592E+01   0.530651E+00
 0.287300E+01   0.192673E+01   0.125930E+02   0.223253E+01   0.535114E+00
 0.290250E+01   0.193851E+01   0.125859E+02   0.224866E+01   0.539558E+00
 0.293200E+01   0.194993E+01   0.125765E+02   0.226432E+01   0.543982E+00
 0.296150E+01   0.196097E+01   0.125621E+02   0.227952E+01   0.548387E+00
 0.299100E+01   0.197167E+01   0.125469E+02   0.229428E+01   0.552772E+00
 0.302050E+01   0.198202E+01   0.125343E+02   0.230861E+01   0.557139E+00
 0.305000E+01   0.199204E+01   0.125220E+02   0.232251E+01   0.561486E+00
 0.307950E+01   0.200173E+01   0.125133E+02   0.233600E+01   0.565816E+00
 0.310900E+01   0.201112E+01   0.125022E+02   0.234909E+01   0.570126E+00
 0.313850E+01   0.202020E+01   0.124882E+02   0.236179E+01   0.574419E+00
 0.316800E+01   0.202899E+01   0.124776E+02   0.237411E+01   0.578693E+00
 0.319750E+01   0.203749E+01   0.124685E+02   0.238606E+01   0.582950E+00
 0.322700E+01   0.204572E+01   0.124541E+02   0.239765E+01   0.587190E+00
 0.325650E+01   0.205369E+01   0.124464E+02   0.240889E+01   0.591412E+00
 0.328600E+01   0.206140E+01   0.124266E+02   0.241980E+01   0.595618E+00
 0.331550E+01   0.206885E+01   0.124147E+02   0.243037E+01   0.599806E+00
 0.334500E+01   0.207607E+01   0.124073E+02   0.244063E+01   0.603978E+00
 0.337450E+01   0.208305E+01   0.123974E+02   0.245057E+01   0.608133E+00
 0.340400E+01   0.208981E+01   0.123874E+02   0.246021E+01   0.612272E+00
 0.343350E+01   0.209635E+01   0.123757E+02   0.246956E+01   0.616396E+00
 0.346300E+01   0.210267E+01   0.123569E+02   0.247863E+01   0.620503E+00
 0.349250E+01   0.210879E+01   0.123462E+02   0.248741E+01   0.624595E+00
 0.352200E+01   0.211471E+01   0.123382E+02   0.249593E+01   0.628671E+00
 0.355150E+01   0.212044E+01   0.123196E+02   0.250419E+01   0.632732E+00
 0.358100E+01   0.212598E+01   0.123064E+02   0.251219E+01   0.636778E+00
 0.361050E+01   0.213134E+01   0.122946E+02   0.251994E+01   0.640809E+00
 0.364000E+01   0.213653E+01   0.122867E+02   0.252746E+01   0.644825E+00
 0.366950E+01   0.214155E+01   0.122717E+02   0.253475E+01   0.648827E+00
 0.369900E+01   0.214640E+01   0.122664E+02   0.254181E+01   0.652814E+00
 0.372850E+01   0.215110E+01   0.122505E+02   0.254865E+01   0.656787E+00
 0.375800E+01   0.215564E+01   0.122394E+02   0.255527E+01   0.660746E+00
 0.378750E+01   0.216003E+01   0.122248E+02   0.256170E+01   0.664691E+00
 0.381700E+01   0.216428E+01   0.122170E+02   0.256792E+01   0.668623E+00
 0.384650E+01   0.216839E+01   0.122075E+02   0.257394E+01   0.672541E+00
 0.387600E+01   0.217236E+01   0.121933E+02   0.257978E+01   0.676445E+00
 0.390550E+01   0.217620E+01   0.121855E+02   0.258543E+01   0.680336E+00
 0.393500E+01   0.217992E+01   0.121743E+02   0.259091E+01   0.684214E+00
 0.396450E+01   0.218351E+01   0.121625E+02   0.259621E+01   0.688079E+00
 0.399400E+01   0.218699E+01   0.121477E+02   0.260134E+01   0.691932E+00
 0.402350E+01   0.219034E+01   0.121326E+02   0.260631E+01   0.695772E+00
 0.405300E+01   0.219359E+01   0.121209E+02   0.261112E+01   0.699599E+00
 0.408250E+01   0.219673E+01   0.121141E+02   0.261577E+01   0.703413E+00
 0.411200E+01   0.219976E+01   0.121037E+02   0.262027E+01   0.707216E+00
 0.414150E+01   0.220269E+01   0.120938E+02   0.262463E+01   0.711006E+00
 0.417100E+01   0.220552E+01   0.120781E+02   0.262885E+01   0.714785E+00
 0.420050E+01   0.220825E+01   0.120655E+02   0.263293E+01   0.718551E+00
 0.423000E+01   0.221090E+01   0.120573E+02   0.263687E+01   0.722306E+00
 0.425950E+01   0.221345E+01   0.120470E+02   0.264069E+01   0.726049E+00
 0.428900E+01   0.221591E+01   0.120375E+02   0.264438E+01   0.729781E+00
 0.431850E+01   0.221829E+01   0.120271E+02   0.264794E+01   0.733502E+00
 0.434800E+01   0.222058E+01   0.120091E+02   0.265139E+01   0.737211E+00
 0.437750E+01   0.222280E+01   0.120001E+02   0.265471E+01   0.740909E+00
 0.440700E+01   0.222494E+01   0.119960E+02   0.265793E+01   0.744596E+00
 0.443650E+01   0.222700E+01   0.119845E+02   0.266104E+01   0.748272E+00
 0.446600E+01   0.222899E+01   0.119668E+02   0.266403E+01   0.751938E+00
 0.449550E+01   0.223091E+01   0.119634E+02   0.266693E+01   0.755592E+00
 0.452500E+01   0.223276E+01   0.119453E+02   0.266972E+01   0.759237E+00
 0.455450E+01   0.223454E+01   0.119352E+02   0.267242E+01   0.762870E+00
 0.458400E+01   0.223626E+01   0.119319E+02   0.267501E+01   0.766494E+00
 0.461350E+01   0.223791E+01   0.119128E+02   0.267752E+01   0.770107E+00
 0.464300E+01   0.223950E+01   0.119043E+02   0.267993E+01   0.773710E+00
 0.467250E+01   0.224103E+01   0.118958E+02   0.268226E+01   0.777303E+00
 0.470200E+01   0.224251E+01   0.118892E+02   0.268450E+01   0.780886E+00
 0.473150E+01   0.224393E+01   0.118813E+02   0.268666E+01   0.784460E+00
 0.476100E+01   0.224529E+01   0.118620E+02   0.268873E+01   0.788023E+00
 0.479050E+01   0.224660E+01   0.118547E+02   0.269073E+01   0.791577E+00
 0.482000E+01   0.224786E+01   0.118472E+02   0.269265E+01   0.795122E+00
 0.484950E+01   0.224907E+01   0.118324E+02   0.269449E+01   0.798657E+00
 0.487900E+01   0.225022E+01   0.118287E+02   0.269626E+01   0.802182E+00
 0.490850E+01   0.225134E+01   0.118194E+02   0.269796E+01   0.805699E+00
 0.493800E+01   0.225240E+01   0.118029E+02   0.269960E+01   0.809206E+00
 0.496750E+01   0.225342E+01   0.118014E+02   0.270116E+01   0.812704E+00
 0.499700E+01   0.225440E+01   0.117914E+02   0.270266E+01   0.816193E+00
 0.502650E+01   0.225533E+01   0.117753E+02   0.270409E+01   0.819673E+00
 0.505600E+01   0.225623E+01   0.117677E+02   0.270546E+01   0.823145E+00
 0.508550E+01   0.225708E+01   0.117574E+02   0.270677E+01   0.826607E+00
 0.511500E+01   0.225789E+01   0.117508E+02   0.270802E+01   0.830061E+00
 0.514450E+01   0.225867E+01   0.117376E+02   0.270922E+01   0.833506E+00
 0.517400E+01   0.225941E+01   0.117311E+02   0.271035E+01   0.836943E+00
 0.520350E+01   0.226011E+01   0.117236E+02   0.271144E+01   0.840371E+00
 0.523300E+01   0.226078E+01   0.117144E+02   0.271247E+01   0.843791E+00
 0.526250E+01   0.226141E+01   0.117008E+02   0.271344E+01   0.847203E+00
 0.529200E+01   0.226201E+01   0.116944E+02   0.271437E+01   0.850607E+00
 0.532150E+01   0.226258E+01   0.116868E+02   0.271525E+01   0.854002E+00
 0.535100E+01   0.226311E+01   0.116735E+02   0.271608E+01   0.857389E+00
 0.538050E+01   0.226362E+01   0.116733E+02   0.271686E+01   0.860768E+00
 0.541000E+01   0.226410E+01   0.116547E+02   0.271760E+01   0.864140E+00
 0.543950E+01   0.226454E+01   0.116486E+02   0.271829E+01   0.867503E+00
 0.546900E+01   0.226496E+01   0.116376E+02   0.271894E+01   0.870859E+00
 0.549850E+01   0.226535E+01   0.116342E+02   0.271955E+01   0.874207E+00
 0.552800E+01   0.226572E+01   0.116254E+02   0.272011E+01   0.877547E+00
 0.555750E+01   0.226605E+01   0.116130E+02   0.272064E+01   0.880880E+00
 0.558700E+01   0.226637E+01   0.116038E+02   0.272113E+01   0.884205E+00
 0.561650E+01   0.226666E+01   0.115947E+02   0.272157E+01   0.887523E+00
 0.564600E+01   0.226692E+01   0.115951E+02   0.272199E+01   0.890833E+00
 0.567550E+01   0.226716E+01   0.115794E+02   0.272236E+01   0.894136E+00
 0.570500E+01   0.226738E+01   0.115694E+02   0.272270E+01   0.897431E+00
 0.573450E+01   0.226757E+01   0.115690E+02   0.272300E+01   0.900720E+00
 0.576400E+01   0.226775E+01   0.115581E+02   0.272328E+01   0.904001E+00
 0.579350E+01   0.226790E+01   0.115521E+02   0.272351E+01   0.907275E+00
 0.582300E+01   0.226803E+01   0.115426E+02   0.272372E+01   0.910542E+00
 0.585250E+01   0.226814E+01   0.115294E+02   0.272389E+01   0.913803E+00
 0.588200E+01   0.226823E+01   0.115251E+02   0.272404E+01   0.917056E+00
 0.591150E+01   0.226831E+01   0.115123E+02   0.272415E+01   0.920302E+00
 0.594100E+01   0.226836E+01   0.115081E+02   0.272424E+01   0.923542E+00
 0.597050E+01   0.226840E+01   0.114970E+02   0.272430E+01   0.926775E+00
