 0.100000E+00   0.327197E+00   0.170940E+03   0.329532E+00   0.209161E-01
 0.129500E+00   0.293492E+00   0.176821E+03   0.295553E+00   0.270697E-01
 0.159000E+00   0.251322E+00   0.181574E+03   0.253025E+00   0.332166E-01
 0.188500E+00   0.180956E+00   0.163228E+03   0.182057E+00   0.393570E-01
 0.218000E+00   0.128358E+00   0.140303E+03   0.129017E+00   0.454912E-01
 0.247500E+00   0.999936E-01   0.114926E+03   0.100413E+00   0.516192E-01
 0.277000E+00   0.906301E-01   0.988480E+02   0.909690E-01   0.577413E-01
 0.306500E+00   0.882490E-01   0.801854E+02   0.885647E-01   0.638576E-01
 0.336000E+00   0.922775E-01   0.504354E+02   0.926367E-01   0.701101E-01
 0.365500E+00   0.100347E+00   0.408005E+02   0.100808E+00   0.762223E-01
 0.395000E+00   0.110119E+00   0.394005E+02   0.110718E+00   0.823257E-01
 0.424500E+00   0.120947E+00   0.329266E+02   0.121718E+00   0.884200E-01
 0.454000E+00   0.132543E+00   0.276410E+02   0.133517E+00   0.945050E-01
 0.483500E+00   0.144742E+00   0.243004E+02   0.145951E+00   0.100580E+00
 0.513000E+00   0.157452E+00   0.220173E+02   0.158929E+00   0.106646E+00
 0.542500E+00   0.170621E+00   0.203716E+02   0.172401E+00   0.112702E+00
 0.572000E+00   0.184206E+00   0.191357E+02   0.186325E+00   0.118748E+00
 0.601500E+00   0.197791E+00   0.182042E+02   0.200274E+00   0.124783E+00
 0.631000E+00   0.211532E+00   0.174672E+02   0.214410E+00   0.130809E+00
 0.660500E+00   0.225537E+00   0.168610E+02   0.228846E+00   0.136823E+00
 0.690000E+00   0.239870E+00   0.163601E+02   0.243649E+00   0.142828E+00
 0.719500E+00   0.254582E+00   0.159400E+02   0.258874E+00   0.148821E+00
 0.749000E+00   0.269718E+00   0.155709E+02   0.274570E+00   0.154803E+00
 0.778500E+00   0.285317E+00   0.152531E+02   0.290781E+00   0.160774E+00
 0.808000E+00   0.301414E+00   0.149862E+02   0.307545E+00   0.166733E+00
 0.837500E+00   0.318041E+00   0.147427E+02   0.324900E+00   0.172680E+00
 0.867000E+00   0.335224E+00   0.145229E+02   0.342877E+00   0.178614E+00
 0.896500E+00   0.352986E+00   0.143379E+02   0.361505E+00   0.184535E+00
 0.926000E+00   0.371349E+00   0.141695E+02   0.380810E+00   0.190443E+00
 0.955500E+00   0.390326E+00   0.140225E+02   0.400814E+00   0.196338E+00
 0.985000E+00   0.409932E+00   0.138888E+02   0.421534E+00   0.202218E+00
 0.101450E+01   0.430174E+00   0.137649E+02   0.442986E+00   0.208084E+00
 0.104400E+01   0.451057E+00   0.136662E+02   0.465180E+00   0.213934E+00
 0.107350E+01   0.472584E+00   0.135642E+02   0.488125E+00   0.219769E+00
 0.110300E+01   0.494752E+00   0.134880E+02   0.511825E+00   0.225589E+00
 0.113250E+01   0.517555E+00   0.134081E+02   0.536281E+00   0.231392E+00
 0.116200E+01   0.540986E+00   0.133449E+02   0.561490E+00   0.237178E+00
 0.119150E+01   0.565031E+00   0.132841E+02   0.587446E+00   0.242947E+00
 0.122100E+01   0.589676E+00   0.132318E+02   0.614139E+00   0.248698E+00
 0.125050E+01   0.614901E+00   0.131842E+02   0.641556E+00   0.254432E+00
 0.128000E+01   0.640684E+00   0.131368E+02   0.669680E+00   0.260146E+00
 0.130950E+01   0.667001E+00   0.131033E+02   0.698492E+00   0.265842E+00
 0.133900E+01   0.693823E+00   0.130698E+02   0.727967E+00   0.271518E+00
 0.136850E+01   0.721119E+00   0.130458E+02   0.758079E+00   0.277175E+00
 0.139800E+01   0.748856E+00   0.130149E+02   0.788796E+00   0.282811E+00
 0.142750E+01   0.776996E+00   0.129949E+02   0.820085E+00   0.288426E+00
 0.145700E+01   0.805501E+00   0.129800E+02   0.851909E+00   0.294020E+00
 0.148650E+01   0.834330E+00   0.129635E+02   0.884228E+00   0.299593E+00
 0.151600E+01   0.863439E+00   0.129504E+02   0.916999E+00   0.305144E+00
 0.154550E+01   0.892783E+00   0.129299E+02   0.950176E+00   0.310672E+00
 0.157500E+01   0.922316E+00   0.129200E+02   0.983711E+00   0.316178E+00
 0.160450E+01   0.951991E+00   0.129155E+02   0.101756E+01   0.321661E+00
 0.163400E+01   0.981759E+00   0.129005E+02   0.105166E+01   0.327121E+00
 0.166350E+01   0.101157E+01   0.128979E+02   0.108596E+01   0.332557E+00
 0.169300E+01   0.104138E+01   0.128948E+02   0.112042E+01   0.337970E+00
 0.172250E+01   0.107114E+01   0.128901E+02   0.115497E+01   0.343358E+00
 0.175200E+01   0.110080E+01   0.128806E+02   0.118957E+01   0.348722E+00
 0.178150E+01   0.113031E+01   0.128728E+02   0.122416E+01   0.354062E+00
 0.181100E+01   0.115964E+01   0.128750E+02   0.125868E+01   0.359377E+00
 0.184050E+01   0.118873E+01   0.128692E+02   0.129309E+01   0.364667E+00
 0.187000E+01   0.121755E+01   0.128695E+02   0.132733E+01   0.369932E+00
 0.189950E+01   0.124606E+01   0.128613E+02   0.136136E+01   0.375172E+00
 0.192900E+01   0.127422E+01   0.128619E+02   0.139514E+01   0.380387E+00
 0.195850E+01   0.130201E+01   0.128538E+02   0.142861E+01   0.385576E+00
 0.198800E+01   0.132938E+01   0.128557E+02   0.146174E+01   0.390741E+00
 0.201750E+01   0.135632E+01   0.128433E+02   0.149449E+01   0.395880E+00
 0.204700E+01   0.138280E+01   0.128416E+02   0.152683E+01   0.400994E+00
 0.207650E+01   0.140880E+01   0.128329E+02   0.155872E+01   0.406082E+00
 0.210600E+01   0.143429E+01   0.128337E+02   0.159014E+01   0.411146E+00
 0.213550E+01   0.145928E+01   0.128256E+02   0.162106E+01   0.416184E+00
 0.216500E+01   0.148373E+01   0.128222E+02   0.165146E+01   0.421197E+00
 0.219450E+01   0.150764E+01   0.128179E+02   0.168132E+01   0.426186E+00
 0.222400E+01   0.153100E+01   0.128110E+02   0.171062E+01   0.431149E+00
 0.225350E+01   0.155382E+01   0.128056E+02   0.173934E+01   0.436088E+00
 0.228300E+01   0.157607E+01   0.127994E+02   0.176749E+01   0.441002E+00
 0.231250E+01   0.159777E+01   0.127863E+02   0.179504E+01   0.445892E+00
 0.234200E+01   0.161891E+01   0.127830E+02   0.182200E+01   0.450758E+00
 0.237150E+01   0.163950E+01   0.127781E+02   0.184835E+01   0.455599E+00
 0.240100E+01   0.165953E+01   0.127710E+02   0.187409E+01   0.460417E+00
 0.243050E+01   0.167901E+01   0.127545E+02   0.189923E+01   0.465211E+00
 0.246000E+01   0.169796E+01   0.127539E+02   0.192377E+01   0.469981E+00
 0.248950E+01   0.171636E+01   0.127400E+02   0.194770E+01   0.474729E+00
 0.251900E+01   0.173424E+01   0.127320E+02   0.197104E+01   0.479453E+00
 0.254850E+01   0.175161E+01   0.127197E+02   0.199378E+01   0.484154E+00
 0.257800E+01   0.176846E+01   0.127160E+02   0.201593E+01   0.488833E+00
 0.260750E+01   0.178481E+01   0.127060E+02   0.203750E+01   0.493490E+00
 0.263700E+01   0.180068E+01   0.126946E+02   0.205850E+01   0.498124E+00
 0.266650E+01   0.181606E+01   0.126846E+02   0.207894E+01   0.502737E+00
 0.269600E+01   0.183098E+01   0.126738E+02   0.209882E+01   0.507327E+00
 0.272550E+01   0.184544E+01   0.126648E+02   0.211816E+01   0.511897E+00
 0.275500E+01   0.185946E+01   0.126460E+02   0.213696E+01   0.516445E+00
 0.278450E+01   0.187304E+01   0.126356E+02   0.215524E+01   0.520972E+00
 0.281400E+01   0.188620E+01   0.126249E+02   0.217301E+01   0.525479E+00
 0.284350E+01   0.189895E+01   0.126194E+02   0.219027E+01   0.529965E+00
 0.287300E+01   0.191130E+01   0.126021E+02   0.220704E+01   0.534431E+00
 0.290250E+01   0.192326E+01   0.125958E+02   0.222333E+01   0.538877E+00
 0.293200E+01   0.193484E+01   0.125791E+02   0.223915E+01   0.543303E+00
 0.296150E+01   0.194605E+01   0.125663E+02   0.225452E+01   0.547709E+00
 0.299100E+01   0.195691E+01   0.125549E+02   0.226943E+01   0.552097E+00
 0.302050E+01   0.196743E+01   0.125438E+02   0.228392E+01   0.556465E+00
 0.305000E+01   0.197760E+01   0.125331E+02   0.229797E+01   0.560814E+00
 0.307950E+01   0.198746E+01   0.125200E+02   0.231162E+01   0.565145E+00
 0.310900E+01   0.199700E+01   0.125056E+02   0.232486E+01   0.569458E+00
 0.313850E+01   0.200623E+01   0.124981E+02   0.233771E+01   0.573752E+00
 0.316800E+01   0.201517E+01   0.124896E+02   0.235019E+01   0.578029E+00
 0.319750E+01   0.202382E+01   0.124685E+02   0.236229E+01   0.582287E+00
 0.322700E+01   0.203219E+01   0.124618E+02   0.237402E+01   0.586529E+00
 0.325650E+01   0.204029E+01   0.124502E+02   0.238541E+01   0.590753E+00
 0.328600E+01   0.204813E+01   0.124392E+02   0.239646E+01   0.594960E+00
 0.331550E+01   0.205573E+01   0.124236E+02   0.240718E+01   0.599150E+00
 0.334500E+01   0.206307E+01   0.124072E+02   0.241757E+01   0.603323E+00
 0.337450E+01   0.207018E+01   0.123952E+02   0.242765E+01   0.607480E+00
 0.340400E+01   0.207706E+01   0.123828E+02   0.243743E+01   0.611621E+00
 0.343350E+01   0.208372E+01   0.123720E+02   0.244691E+01   0.615746E+00
 0.346300E+01   0.209016E+01   0.123614E+02   0.245610E+01   0.619854E+00
 0.349250E+01   0.209640E+01   0.123461E+02   0.246502E+01   0.623948E+00
 0.352200E+01   0.210243E+01   0.123387E+02   0.247367E+01   0.628025E+00
 0.355150E+01   0.210827E+01   0.123242E+02   0.248205E+01   0.632088E+00
 0.358100E+01   0.211392E+01   0.123095E+02   0.249017E+01   0.636135E+00
 0.361050E+01   0.211939E+01   0.123028E+02   0.249805E+01   0.640167E+00
 0.364000E+01   0.212468E+01   0.122861E+02   0.250569E+01   0.644185E+00
 0.366950E+01   0.212980E+01   0.122810E+02   0.251309E+01   0.648188E+00
 0.369900E+01   0.213476E+01   0.122642E+02   0.252027E+01   0.652177E+00
 0.372850E+01   0.213955E+01   0.122484E+02   0.252722E+01   0.656151E+00
 0.375800E+01   0.214419E+01   0.122425E+02   0.253396E+01   0.660111E+00
 0.378750E+01   0.214867E+01   0.122241E+02   0.254049E+01   0.664058E+00
 0.381700E+01   0.215301E+01   0.122188E+02   0.254682E+01   0.667990E+00
 0.384650E+01   0.215721E+01   0.122022E+02   0.255295E+01   0.671910E+00
 0.387600E+01   0.216127E+01   0.121897E+02   0.255889E+01   0.675815E+00
 0.390550E+01   0.216520E+01   0.121838E+02   0.256465E+01   0.679708E+00
 0.393500E+01   0.216900E+01   0.121669E+02   0.257022E+01   0.683587E+00
 0.396450E+01   0.217268E+01   0.121607E+02   0.257562E+01   0.687453E+00
 0.399400E+01   0.217623E+01   0.121423E+02   0.258085E+01   0.691307E+00
 0.402350E+01   0.217967E+01   0.121352E+02   0.258592E+01   0.695147E+00
 0.405300E+01   0.218299E+01   0.121250E+02   0.259082E+01   0.698976E+00
 0.408250E+01   0.218620E+01   0.121129E+02   0.259557E+01   0.702791E+00
 0.411200E+01   0.218931E+01   0.120972E+02   0.260017E+01   0.706595E+00
 0.414150E+01   0.219231E+01   0.120925E+02   0.260462E+01   0.710386E+00
 0.417100E+01   0.219521E+01   0.120811E+02   0.260892E+01   0.714166E+00
 0.420050E+01   0.219802E+01   0.120687E+02   0.261309E+01   0.717933E+00
 0.423000E+01   0.220073E+01   0.120556E+02   0.261712E+01   0.721689E+00
 0.425950E+01   0.220335E+01   0.120405E+02   0.262102E+01   0.725433E+00
 0.428900E+01   0.220587E+01   0.120362E+02   0.262479E+01   0.729166E+00
 0.431850E+01   0.220832E+01   0.120173E+02   0.262844E+01   0.732887E+00
 0.434800E+01   0.221068E+01   0.120074E+02   0.263197E+01   0.736598E+00
 0.437750E+01   0.221295E+01   0.120013E+02   0.263538E+01   0.740297E+00
 0.440700E+01   0.221515E+01   0.119911E+02   0.263867E+01   0.743985E+00
 0.443650E+01   0.221727E+01   0.119814E+02   0.264185E+01   0.747662E+00
 0.446600E+01   0.221932E+01   0.119667E+02   0.264493E+01   0.751328E+00
 0.449550E+01   0.222130E+01   0.119590E+02   0.264790E+01   0.754983E+00
 0.452500E+01   0.222320E+01   0.119439E+02   0.265077E+01   0.758629E+00
 0.455450E+01   0.222504E+01   0.119348E+02   0.265353E+01   0.762263E+00
 0.458400E+01   0.222681E+01   0.119279E+02   0.265620E+01   0.765887E+00
 0.461350E+01   0.222852E+01   0.119107E+02   0.265878E+01   0.769501E+00
 0.464300E+01   0.223016E+01   0.119002E+02   0.266127E+01   0.773105E+00
 0.467250E+01   0.223174E+01   0.118906E+02   0.266366E+01   0.776699E+00
 0.470200E+01   0.223327E+01   0.118832E+02   0.266597E+01   0.780283E+00
 0.473150E+01   0.223474E+01   0.118697E+02   0.266819E+01   0.783857E+00
 0.476100E+01   0.223615E+01   0.118686E+02   0.267034E+01   0.787422E+00
 0.479050E+01   0.223751E+01   0.118521E+02   0.267240E+01   0.790976E+00
 0.482000E+01   0.223881E+01   0.118446E+02   0.267438E+01   0.794521E+00
 0.484950E+01   0.224007E+01   0.118347E+02   0.267629E+01   0.798057E+00
 0.487900E+01   0.224127E+01   0.118246E+02   0.267812E+01   0.801583E+00
 0.490850E+01   0.224243E+01   0.118165E+02   0.267988E+01   0.805100E+00
 0.493800E+01   0.224354E+01   0.118042E+02   0.268158E+01   0.808608E+00
 0.496750E+01   0.224460E+01   0.117987E+02   0.268320E+01   0.812107E+00
 0.499700E+01   0.224562E+01   0.117806E+02   0.268476E+01   0.815597E+00
 0.502650E+01   0.224659E+01   0.117760E+02   0.268625E+01   0.819077E+00
 0.505600E+01   0.224753E+01   0.117641E+02   0.268768E+01   0.822549E+00
 0.508550E+01   0.224842E+01   0.117557E+02   0.268905E+01   0.826012E+00
 0.511500E+01   0.224927E+01   0.117471E+02   0.269035E+01   0.829467E+00
 0.514450E+01   0.225009E+01   0.117413E+02   0.269160E+01   0.832913E+00
 0.517400E+01   0.225086E+01   0.117271E+02   0.269279E+01   0.836350E+00
 0.520350E+01   0.225161E+01   0.117238E+02   0.269393E+01   0.839779E+00
 0.523300E+01   0.225231E+01   0.117136E+02   0.269501E+01   0.843200E+00
 0.526250E+01   0.225298E+01   0.116961E+02   0.269605E+01   0.846612E+00
 0.529200E+01   0.225362E+01   0.116883E+02   0.269702E+01   0.850016E+00
 0.532150E+01   0.225422E+01   0.116814E+02   0.269795E+01   0.853412E+00
 0.535100E+01   0.225479E+01   0.116776E+02   0.269883E+01   0.856799E+00
 0.538050E+01   0.225533E+01   0.116679E+02   0.269967E+01   0.860179E+00
 0.541000E+01   0.225584E+01   0.116556E+02   0.270045E+01   0.863551E+00
 0.543950E+01   0.225632E+01   0.116470E+02   0.270120E+01   0.866915E+00
 0.546900E+01   0.225677E+01   0.116363E+02   0.270189E+01   0.870271E+00
 0.549850E+01   0.225719E+01   0.116251E+02   0.270255E+01   0.873620E+00
 0.552800E+01   0.225759E+01   0.116158E+02   0.270316E+01   0.876960E+00
 0.555750E+01   0.225796E+01   0.116080E+02   0.270374E+01   0.880294E+00
 0.558700E+01   0.225830E+01   0.116071E+02   0.270427E+01   0.883619E+00
 0.561650E+01   0.225862E+01   0.115955E+02   0.270476E+01   0.886937E+00
 0.564600E+01   0.225892E+01   0.115823E+02   0.270522E+01   0.890248E+00
 0.567550E+01   0.225919E+01   0.115769E+02   0.270564E+01   0.893551E+00
 0.570500E+01   0.225943E+01   0.115673E+02   0.270602E+01   0.896848E+00
 0.573450E+01   0.225966E+01   0.115606E+02   0.270637E+01   0.900136E+00
 0.576400E+01   0.225986E+01   0.115485E+02   0.270668E+01   0.903418E+00
 0.579350E+01   0.226004E+01   0.115420E+02   0.270696E+01   0.906693E+00
 0.582300E+01   0.226020E+01   0.115384E+02   0.270721E+01   0.909960E+00
 0.585250E+01   0.226034E+01   0.115292E+02   0.270743E+01   0.913221E+00
 0.588200E+01   0.226046E+01   0.115176E+02   0.270761E+01   0.916475E+00
 0.591150E+01   0.226056E+01   0.115076E+02   0.270777E+01   0.919721E+00
 0.594100E+01   0.226064E+01   0.115045E+02   0.270790E+01   0.922961E+00
 0.597050E+01   0.226070E+01   0.114966E+02   0.270799E+01   0.926194E+00
