 0.100000E+00   0.327197E+00   0.170940E+03   0.329532E+00   0.209161E-01
 0.129500E+00   0.293492E+00   0.176821E+03   0.295553E+00   0.270697E-01
 0.159000E+00   0.251799E+00   0.181905E+03   0.253506E+00   0.332166E-01
 0.188500E+00   0.181508E+00   0.163744E+03   0.182613E+00   0.393570E-01
 0.218000E+00   0.130155E+00   0.143053E+03   0.130829E+00   0.454912E-01
 0.247500E+00   0.999918E-01   0.114921E+03   0.100411E+00   0.516192E-01
 0.277000E+00   0.906318E-01   0.988593E+02   0.909707E-01   0.577413E-01
 0.306500E+00   0.882491E-01   0.801863E+02   0.885647E-01   0.638576E-01
 0.336000E+00   0.887503E-01   0.678605E+02   0.890730E-01   0.701557E-01
 0.365500E+00   0.924063E-01   0.490807E+02   0.927782E-01   0.762780E-01
 0.395000E+00   0.983935E-01   0.416140E+02   0.988489E-01   0.823927E-01
 0.424500E+00   0.105760E+00   0.401621E+02   0.106326E+00   0.884995E-01
 0.454000E+00   0.114150E+00   0.360900E+02   0.114852E+00   0.945982E-01
 0.483500E+00   0.123388E+00   0.299775E+02   0.124252E+00   0.100689E+00
 0.513000E+00   0.133362E+00   0.260150E+02   0.134416E+00   0.106770E+00
 0.542500E+00   0.144016E+00   0.232703E+02   0.145288E+00   0.112843E+00
 0.572000E+00   0.155322E+00   0.212703E+02   0.156845E+00   0.118907E+00
 0.601500E+00   0.167278E+00   0.197600E+02   0.169087E+00   0.124961E+00
 0.631000E+00   0.179679E+00   0.185993E+02   0.181808E+00   0.131006E+00
 0.660500E+00   0.192494E+00   0.176767E+02   0.194977E+00   0.137040E+00
 0.690000E+00   0.205850E+00   0.169350E+02   0.208728E+00   0.143065E+00
 0.719500E+00   0.219806E+00   0.163228E+02   0.223124E+00   0.149078E+00
 0.749000E+00   0.234407E+00   0.158119E+02   0.238217E+00   0.155081E+00
 0.778500E+00   0.249692E+00   0.153784E+02   0.254050E+00   0.161073E+00
 0.808000E+00   0.265692E+00   0.150019E+02   0.270662E+00   0.167053E+00
 0.837500E+00   0.282434E+00   0.146880E+02   0.288083E+00   0.173021E+00
 0.867000E+00   0.299938E+00   0.144162E+02   0.306341E+00   0.178977E+00
 0.896500E+00   0.318220E+00   0.141787E+02   0.325459E+00   0.184919E+00
 0.926000E+00   0.337289E+00   0.139684E+02   0.345453E+00   0.190848E+00
 0.955500E+00   0.357150E+00   0.137864E+02   0.366334E+00   0.196762E+00
 0.985000E+00   0.377804E+00   0.136390E+02   0.388110E+00   0.202663E+00
 0.101450E+01   0.399245E+00   0.135004E+02   0.410784E+00   0.208548E+00
 0.104400E+01   0.421465E+00   0.133794E+02   0.434352E+00   0.214418E+00
 0.107350E+01   0.444449E+00   0.132790E+02   0.458808E+00   0.220271E+00
 0.110300E+01   0.468181E+00   0.131890E+02   0.484142E+00   0.226109E+00
 0.113250E+01   0.492639E+00   0.131216E+02   0.510340E+00   0.231929E+00
 0.116200E+01   0.517799E+00   0.130543E+02   0.537382E+00   0.237732E+00
 0.119150E+01   0.543632E+00   0.129941E+02   0.565247E+00   0.243517E+00
 0.122100E+01   0.570108E+00   0.129456E+02   0.593911E+00   0.249284E+00
 0.125050E+01   0.597193E+00   0.129152E+02   0.623344E+00   0.255032E+00
 0.128000E+01   0.624851E+00   0.128750E+02   0.653515E+00   0.260761E+00
 0.130950E+01   0.653042E+00   0.128437E+02   0.684390E+00   0.266470E+00
 0.133900E+01   0.681727E+00   0.128209E+02   0.715931E+00   0.272158E+00
 0.136850E+01   0.710862E+00   0.128076E+02   0.748098E+00   0.277827E+00
 0.139800E+01   0.740402E+00   0.127938E+02   0.780850E+00   0.283474E+00
 0.142750E+01   0.770302E+00   0.127766E+02   0.814140E+00   0.289099E+00
 0.145700E+01   0.800512E+00   0.127724E+02   0.847923E+00   0.294703E+00
 0.148650E+01   0.830986E+00   0.127581E+02   0.882149E+00   0.300285E+00
 0.151600E+01   0.861673E+00   0.127592E+02   0.916767E+00   0.305844E+00
 0.154550E+01   0.892522E+00   0.127559E+02   0.951726E+00   0.311380E+00
 0.157500E+01   0.923484E+00   0.127516E+02   0.986971E+00   0.316893E+00
 0.160450E+01   0.954508E+00   0.127509E+02   0.102245E+01   0.322382E+00
 0.163400E+01   0.985543E+00   0.127505E+02   0.105810E+01   0.327848E+00
 0.166350E+01   0.101654E+01   0.127496E+02   0.109388E+01   0.333290E+00
 0.169300E+01   0.104745E+01   0.127546E+02   0.112972E+01   0.338707E+00
 0.172250E+01   0.107823E+01   0.127532E+02   0.116558E+01   0.344099E+00
 0.175200E+01   0.110882E+01   0.127578E+02   0.120139E+01   0.349467E+00
 0.178150E+01   0.113919E+01   0.127510E+02   0.123711E+01   0.354810E+00
 0.181100E+01   0.116930E+01   0.127555E+02   0.127269E+01   0.360128E+00
 0.184050E+01   0.119909E+01   0.127618E+02   0.130806E+01   0.365420E+00
 0.187000E+01   0.122855E+01   0.127606E+02   0.134320E+01   0.370688E+00
 0.189950E+01   0.125763E+01   0.127611E+02   0.137805E+01   0.375929E+00
 0.192900E+01   0.128629E+01   0.127656E+02   0.141257E+01   0.381146E+00
 0.195850E+01   0.131452E+01   0.127585E+02   0.144672E+01   0.386337E+00
 0.198800E+01   0.134228E+01   0.127590E+02   0.148046E+01   0.391502E+00
 0.201750E+01   0.136956E+01   0.127603E+02   0.151376E+01   0.396642E+00
 0.204700E+01   0.139632E+01   0.127607E+02   0.154659E+01   0.401756E+00
 0.207650E+01   0.142256E+01   0.127589E+02   0.157892E+01   0.406845E+00
 0.210600E+01   0.144826E+01   0.127637E+02   0.161073E+01   0.411909E+00
 0.213550E+01   0.147340E+01   0.127597E+02   0.164199E+01   0.416947E+00
 0.216500E+01   0.149798E+01   0.127582E+02   0.167269E+01   0.421960E+00
 0.219450E+01   0.152200E+01   0.127504E+02   0.170281E+01   0.426948E+00
 0.222400E+01   0.154543E+01   0.127451E+02   0.173233E+01   0.431911E+00
 0.225350E+01   0.156829E+01   0.127425E+02   0.176125E+01   0.436849E+00
 0.228300E+01   0.159057E+01   0.127355E+02   0.178955E+01   0.441763E+00
 0.231250E+01   0.161227E+01   0.127307E+02   0.181723E+01   0.446652E+00
 0.234200E+01   0.163340E+01   0.127239E+02   0.184429E+01   0.451517E+00
 0.237150E+01   0.165395E+01   0.127174E+02   0.187073E+01   0.456357E+00
 0.240100E+01   0.167394E+01   0.127208E+02   0.189653E+01   0.461174E+00
 0.243050E+01   0.169337E+01   0.127139E+02   0.192171E+01   0.465967E+00
 0.246000E+01   0.171224E+01   0.127038E+02   0.194627E+01   0.470737E+00
 0.248950E+01   0.173057E+01   0.126899E+02   0.197022E+01   0.475483E+00
 0.251900E+01   0.174837E+01   0.126828E+02   0.199355E+01   0.480206E+00
 0.254850E+01   0.176564E+01   0.126829E+02   0.201627E+01   0.484907E+00
 0.257800E+01   0.178240E+01   0.126748E+02   0.203840E+01   0.489584E+00
 0.260750E+01   0.179865E+01   0.126578E+02   0.205993E+01   0.494240E+00
 0.263700E+01   0.181441E+01   0.126550E+02   0.208089E+01   0.498873E+00
 0.266650E+01   0.182968E+01   0.126472E+02   0.210127E+01   0.503484E+00
 0.269600E+01   0.184449E+01   0.126383E+02   0.212109E+01   0.508074E+00
 0.272550E+01   0.185884E+01   0.126281E+02   0.214036E+01   0.512642E+00
 0.275500E+01   0.187274E+01   0.126119E+02   0.215909E+01   0.517189E+00
 0.278450E+01   0.188620E+01   0.126030E+02   0.217729E+01   0.521715E+00
 0.281400E+01   0.189925E+01   0.125980E+02   0.219498E+01   0.526220E+00
 0.284350E+01   0.191188E+01   0.125866E+02   0.221215E+01   0.530705E+00
 0.287300E+01   0.192411E+01   0.125741E+02   0.222884E+01   0.535170E+00
 0.290250E+01   0.193595E+01   0.125672E+02   0.224504E+01   0.539615E+00
 0.293200E+01   0.194741E+01   0.125468E+02   0.226077E+01   0.544040E+00
 0.296150E+01   0.195851E+01   0.125393E+02   0.227604E+01   0.548445E+00
 0.299100E+01   0.196926E+01   0.125304E+02   0.229086E+01   0.552831E+00
 0.302050E+01   0.197966E+01   0.125130E+02   0.230525E+01   0.557199E+00
 0.305000E+01   0.198972E+01   0.125111E+02   0.231921E+01   0.561547E+00
 0.307950E+01   0.199947E+01   0.124915E+02   0.233276E+01   0.565877E+00
 0.310900E+01   0.200889E+01   0.124826E+02   0.234591E+01   0.570188E+00
 0.313850E+01   0.201802E+01   0.124684E+02   0.235866E+01   0.574481E+00
 0.316800E+01   0.202685E+01   0.124572E+02   0.237103E+01   0.578757E+00
 0.319750E+01   0.203539E+01   0.124510E+02   0.238304E+01   0.583015E+00
 0.322700E+01   0.204366E+01   0.124359E+02   0.239468E+01   0.587255E+00
 0.325650E+01   0.205166E+01   0.124245E+02   0.240597E+01   0.591478E+00
 0.328600E+01   0.205941E+01   0.124088E+02   0.241692E+01   0.595684E+00
 0.331550E+01   0.206690E+01   0.124002E+02   0.242754E+01   0.599873E+00
 0.334500E+01   0.207415E+01   0.123943E+02   0.243784E+01   0.604045E+00
 0.337450E+01   0.208116E+01   0.123783E+02   0.244783E+01   0.608201E+00
 0.340400E+01   0.208795E+01   0.123672E+02   0.245751E+01   0.612341E+00
 0.343350E+01   0.209451E+01   0.123533E+02   0.246690E+01   0.616465E+00
 0.346300E+01   0.210087E+01   0.123416E+02   0.247600E+01   0.620573E+00
 0.349250E+01   0.210702E+01   0.123266E+02   0.248482E+01   0.624665E+00
 0.352200E+01   0.211296E+01   0.123212E+02   0.249338E+01   0.628742E+00
 0.355150E+01   0.211872E+01   0.123038E+02   0.250167E+01   0.632803E+00
 0.358100E+01   0.212429E+01   0.122970E+02   0.250971E+01   0.636850E+00
 0.361050E+01   0.212967E+01   0.122823E+02   0.251750E+01   0.640881E+00
 0.364000E+01   0.213488E+01   0.122702E+02   0.252505E+01   0.644898E+00
 0.366950E+01   0.213992E+01   0.122618E+02   0.253237E+01   0.648900E+00
 0.369900E+01   0.214480E+01   0.122499E+02   0.253946E+01   0.652888E+00
 0.372850E+01   0.214952E+01   0.122345E+02   0.254633E+01   0.656861E+00
 0.375800E+01   0.215408E+01   0.122226E+02   0.255298E+01   0.660821E+00
 0.378750E+01   0.215849E+01   0.122160E+02   0.255943E+01   0.664767E+00
 0.381700E+01   0.216276E+01   0.121965E+02   0.256568E+01   0.668699E+00
 0.384650E+01   0.216689E+01   0.121905E+02   0.257173E+01   0.672617E+00
 0.387600E+01   0.217088E+01   0.121756E+02   0.257760E+01   0.676522E+00
 0.390550E+01   0.217474E+01   0.121681E+02   0.258328E+01   0.680413E+00
 0.393500E+01   0.217848E+01   0.121581E+02   0.258878E+01   0.684292E+00
 0.396450E+01   0.218209E+01   0.121435E+02   0.259410E+01   0.688158E+00
 0.399400E+01   0.218558E+01   0.121351E+02   0.259926E+01   0.692010E+00
 0.402350E+01   0.218895E+01   0.121210E+02   0.260425E+01   0.695850E+00
 0.405300E+01   0.219221E+01   0.121050E+02   0.260908E+01   0.699678E+00
 0.408250E+01   0.219537E+01   0.120984E+02   0.261376E+01   0.703493E+00
 0.411200E+01   0.219841E+01   0.120889E+02   0.261828E+01   0.707296E+00
 0.414150E+01   0.220136E+01   0.120780E+02   0.262266E+01   0.711087E+00
 0.417100E+01   0.220420E+01   0.120595E+02   0.262690E+01   0.714866E+00
 0.420050E+01   0.220695E+01   0.120564E+02   0.263100E+01   0.718633E+00
 0.423000E+01   0.220961E+01   0.120374E+02   0.263496E+01   0.722388E+00
 0.425950E+01   0.221217E+01   0.120357E+02   0.263880E+01   0.726131E+00
 0.428900E+01   0.221465E+01   0.120210E+02   0.264250E+01   0.729864E+00
 0.431850E+01   0.221704E+01   0.120124E+02   0.264609E+01   0.733584E+00
 0.434800E+01   0.221935E+01   0.120010E+02   0.264955E+01   0.737294E+00
 0.437750E+01   0.222158E+01   0.119916E+02   0.265290E+01   0.740992E+00
 0.440700E+01   0.222373E+01   0.119805E+02   0.265613E+01   0.744680E+00
 0.443650E+01   0.222580E+01   0.119630E+02   0.265925E+01   0.748356E+00
 0.446600E+01   0.222780E+01   0.119580E+02   0.266227E+01   0.752022E+00
 0.449550E+01   0.222973E+01   0.119405E+02   0.266518E+01   0.755677E+00
 0.452500E+01   0.223159E+01   0.119309E+02   0.266799E+01   0.759322E+00
 0.455450E+01   0.223338E+01   0.119202E+02   0.267070E+01   0.762956E+00
 0.458400E+01   0.223511E+01   0.119173E+02   0.267331E+01   0.766580E+00
 0.461350E+01   0.223677E+01   0.119063E+02   0.267583E+01   0.770193E+00
 0.464300E+01   0.223837E+01   0.118904E+02   0.267826E+01   0.773797E+00
 0.467250E+01   0.223992E+01   0.118823E+02   0.268060E+01   0.777390E+00
 0.470200E+01   0.224140E+01   0.118758E+02   0.268286E+01   0.780974E+00
 0.473150E+01   0.224283E+01   0.118666E+02   0.268503E+01   0.784547E+00
 0.476100E+01   0.224420E+01   0.118533E+02   0.268711E+01   0.788111E+00
 0.479050E+01   0.224552E+01   0.118437E+02   0.268912E+01   0.791665E+00
 0.482000E+01   0.224679E+01   0.118366E+02   0.269106E+01   0.795210E+00
 0.484950E+01   0.224800E+01   0.118270E+02   0.269291E+01   0.798745E+00
 0.487900E+01   0.224917E+01   0.118158E+02   0.269470E+01   0.802271E+00
 0.490850E+01   0.225029E+01   0.117994E+02   0.269641E+01   0.805788E+00
 0.493800E+01   0.225136E+01   0.117925E+02   0.269805E+01   0.809295E+00
 0.496750E+01   0.225239E+01   0.117828E+02   0.269963E+01   0.812794E+00
 0.499700E+01   0.225338E+01   0.117719E+02   0.270114E+01   0.816283E+00
 0.502650E+01   0.225432E+01   0.117651E+02   0.270258E+01   0.819764E+00
 0.505600E+01   0.225522E+01   0.117528E+02   0.270396E+01   0.823235E+00
 0.508550E+01   0.225608E+01   0.117499E+02   0.270528E+01   0.826698E+00
 0.511500E+01   0.225690E+01   0.117391E+02   0.270655E+01   0.830152E+00
 0.514450E+01   0.225768E+01   0.117302E+02   0.270775E+01   0.833598E+00
 0.517400E+01   0.225843E+01   0.117195E+02   0.270890E+01   0.837035E+00
 0.520350E+01   0.225914E+01   0.117089E+02   0.270999E+01   0.840463E+00
 0.523300E+01   0.225981E+01   0.116972E+02   0.271103E+01   0.843884E+00
 0.526250E+01   0.226045E+01   0.116891E+02   0.271202E+01   0.847295E+00
 0.529200E+01   0.226106E+01   0.116820E+02   0.271296E+01   0.850699E+00
 0.532150E+01   0.226163E+01   0.116771E+02   0.271384E+01   0.854095E+00
 0.535100E+01   0.226217E+01   0.116624E+02   0.271468E+01   0.857482E+00
 0.538050E+01   0.226268E+01   0.116575E+02   0.271547E+01   0.860862E+00
 0.541000E+01   0.226317E+01   0.116425E+02   0.271622E+01   0.864233E+00
 0.543950E+01   0.226362E+01   0.116342E+02   0.271692E+01   0.867597E+00
 0.546900E+01   0.226404E+01   0.116279E+02   0.271758E+01   0.870953E+00
 0.549850E+01   0.226444E+01   0.116209E+02   0.271820E+01   0.874301E+00
 0.552800E+01   0.226481E+01   0.116124E+02   0.271877E+01   0.877642E+00
 0.555750E+01   0.226515E+01   0.115999E+02   0.271930E+01   0.880974E+00
 0.558700E+01   0.226547E+01   0.115971E+02   0.271980E+01   0.884300E+00
 0.561650E+01   0.226576E+01   0.115853E+02   0.272026E+01   0.887618E+00
 0.564600E+01   0.226603E+01   0.115758E+02   0.272067E+01   0.890928E+00
 0.567550E+01   0.226628E+01   0.115732E+02   0.272106E+01   0.894231E+00
 0.570500E+01   0.226650E+01   0.115635E+02   0.272140E+01   0.897527E+00
 0.573450E+01   0.226670E+01   0.115543E+02   0.272172E+01   0.900816E+00
 0.576400E+01   0.226688E+01   0.115445E+02   0.272200E+01   0.904098E+00
 0.579350E+01   0.226704E+01   0.115407E+02   0.272224E+01   0.907372E+00
 0.582300E+01   0.226717E+01   0.115243E+02   0.272245E+01   0.910639E+00
 0.585250E+01   0.226729E+01   0.115194E+02   0.272264E+01   0.913900E+00
 0.588200E+01   0.226739E+01   0.115084E+02   0.272279E+01   0.917153E+00
 0.591150E+01   0.226746E+01   0.115074E+02   0.272291E+01   0.920400E+00
 0.594100E+01   0.226752E+01   0.114954E+02   0.272300E+01   0.923639E+00
 0.597050E+01   0.226756E+01   0.114916E+02   0.272307E+01   0.926872E+00
