 0.100000E+00   0.327197E+00   0.170940E+03   0.329532E+00   0.209161E-01
 0.129500E+00   0.293492E+00   0.176821E+03   0.295553E+00   0.270697E-01
 0.159000E+00   0.251799E+00   0.181905E+03   0.253506E+00   0.332166E-01
 0.188500E+00   0.181785E+00   0.164003E+03   0.182894E+00   0.393570E-01
 0.218000E+00   0.129490E+00   0.142039E+03   0.130159E+00   0.454912E-01
 0.247500E+00   0.100130E+00   0.115339E+03   0.100551E+00   0.516192E-01
 0.277000E+00   0.905938E-01   0.986040E+02   0.909323E-01   0.577413E-01
 0.306500E+00   0.882579E-01   0.804598E+02   0.885737E-01   0.638576E-01
 0.336000E+00   0.885948E-01   0.689963E+02   0.889169E-01   0.701783E-01
 0.365500E+00   0.921964E-01   0.494824E+02   0.925696E-01   0.763028E-01
 0.395000E+00   0.983973E-01   0.416131E+02   0.988597E-01   0.824194E-01
 0.424500E+00   0.106143E+00   0.403812E+02   0.106725E+00   0.885279E-01
 0.454000E+00   0.115019E+00   0.353277E+02   0.115748E+00   0.946280E-01
 0.483500E+00   0.124807E+00   0.293048E+02   0.125713E+00   0.100719E+00
 0.513000E+00   0.135365E+00   0.254463E+02   0.136478E+00   0.106802E+00
 0.542500E+00   0.146612E+00   0.227959E+02   0.147965E+00   0.112875E+00
 0.572000E+00   0.158504E+00   0.208787E+02   0.160130E+00   0.118939E+00
 0.601500E+00   0.171020E+00   0.194294E+02   0.172955E+00   0.124993E+00
 0.631000E+00   0.184044E+00   0.183188E+02   0.186326E+00   0.131037E+00
 0.660500E+00   0.197384E+00   0.174584E+02   0.200048E+00   0.137071E+00
 0.690000E+00   0.211195E+00   0.167561E+02   0.214281E+00   0.143095E+00
 0.719500E+00   0.225542E+00   0.161855E+02   0.229097E+00   0.149108E+00
 0.749000E+00   0.240471E+00   0.156985E+02   0.244545E+00   0.155110E+00
 0.778500E+00   0.256021E+00   0.152990E+02   0.260671E+00   0.161100E+00
 0.808000E+00   0.272226E+00   0.149490E+02   0.277513E+00   0.167079E+00
 0.837500E+00   0.289115E+00   0.146524E+02   0.295107E+00   0.173046E+00
 0.867000E+00   0.306712E+00   0.143859E+02   0.313483E+00   0.179000E+00
 0.896500E+00   0.325036E+00   0.141630E+02   0.332667E+00   0.184941E+00
 0.926000E+00   0.344102E+00   0.139702E+02   0.352680E+00   0.190868E+00
 0.955500E+00   0.363920E+00   0.137989E+02   0.373539E+00   0.196781E+00
 0.985000E+00   0.384497E+00   0.136521E+02   0.395257E+00   0.202680E+00
 0.101450E+01   0.405832E+00   0.135249E+02   0.417841E+00   0.208564E+00
 0.104400E+01   0.427923E+00   0.134125E+02   0.441297E+00   0.214433E+00
 0.107350E+01   0.450761E+00   0.133133E+02   0.465621E+00   0.220285E+00
 0.110300E+01   0.474334E+00   0.132279E+02   0.490810E+00   0.226122E+00
 0.113250E+01   0.498626E+00   0.131523E+02   0.516854E+00   0.231941E+00
 0.116200E+01   0.523617E+00   0.130951E+02   0.543739E+00   0.237743E+00
 0.119150E+01   0.549283E+00   0.130342E+02   0.571448E+00   0.243527E+00
 0.122100E+01   0.575596E+00   0.129851E+02   0.599958E+00   0.249293E+00
 0.125050E+01   0.602526E+00   0.129475E+02   0.629246E+00   0.255040E+00
 0.128000E+01   0.630037E+00   0.129204E+02   0.659281E+00   0.260767E+00
 0.130950E+01   0.658094E+00   0.128888E+02   0.690032E+00   0.266475E+00
 0.133900E+01   0.686656E+00   0.128635E+02   0.721461E+00   0.272163E+00
 0.136850E+01   0.715682E+00   0.128459E+02   0.753531E+00   0.277830E+00
 0.139800E+01   0.745125E+00   0.128294E+02   0.786198E+00   0.283477E+00
 0.142750E+01   0.774941E+00   0.128139E+02   0.819418E+00   0.289101E+00
 0.145700E+01   0.805080E+00   0.128064E+02   0.853143E+00   0.294704E+00
 0.148650E+01   0.835493E+00   0.127993E+02   0.887324E+00   0.300285E+00
 0.151600E+01   0.866130E+00   0.127886E+02   0.921907E+00   0.305843E+00
 0.154550E+01   0.896937E+00   0.127855E+02   0.956841E+00   0.311378E+00
 0.157500E+01   0.927865E+00   0.127795E+02   0.992069E+00   0.316890E+00
 0.160450E+01   0.958860E+00   0.127792E+02   0.102754E+01   0.322378E+00
 0.163400E+01   0.989871E+00   0.127819E+02   0.106319E+01   0.327842E+00
 0.166350E+01   0.102085E+01   0.127753E+02   0.109896E+01   0.333282E+00
 0.169300E+01   0.105174E+01   0.127842E+02   0.113481E+01   0.338698E+00
 0.172250E+01   0.108250E+01   0.127805E+02   0.117066E+01   0.344089E+00
 0.175200E+01   0.111307E+01   0.127797E+02   0.120648E+01   0.349456E+00
 0.178150E+01   0.114343E+01   0.127865E+02   0.124220E+01   0.354797E+00
 0.181100E+01   0.117351E+01   0.127815E+02   0.127777E+01   0.360113E+00
 0.184050E+01   0.120328E+01   0.127850E+02   0.131314E+01   0.365404E+00
 0.187000E+01   0.123271E+01   0.127840E+02   0.134827E+01   0.370670E+00
 0.189950E+01   0.126176E+01   0.127901E+02   0.138310E+01   0.375910E+00
 0.192900E+01   0.129040E+01   0.127824E+02   0.141760E+01   0.381125E+00
 0.195850E+01   0.131859E+01   0.127910E+02   0.145173E+01   0.386314E+00
 0.198800E+01   0.134631E+01   0.127831E+02   0.148545E+01   0.391478E+00
 0.201750E+01   0.137354E+01   0.127884E+02   0.151872E+01   0.396616E+00
 0.204700E+01   0.140026E+01   0.127811E+02   0.155151E+01   0.401728E+00
 0.207650E+01   0.142645E+01   0.127817E+02   0.158380E+01   0.406815E+00
 0.210600E+01   0.145210E+01   0.127791E+02   0.161557E+01   0.411877E+00
 0.213550E+01   0.147719E+01   0.127785E+02   0.164678E+01   0.416914E+00
 0.216500E+01   0.150172E+01   0.127770E+02   0.167743E+01   0.421925E+00
 0.219450E+01   0.152567E+01   0.127708E+02   0.170749E+01   0.426911E+00
 0.222400E+01   0.154905E+01   0.127692E+02   0.173695E+01   0.431872E+00
 0.225350E+01   0.157185E+01   0.127643E+02   0.176581E+01   0.436809E+00
 0.228300E+01   0.159407E+01   0.127540E+02   0.179405E+01   0.441721E+00
 0.231250E+01   0.161571E+01   0.127565E+02   0.182167E+01   0.446608E+00
 0.234200E+01   0.163677E+01   0.127503E+02   0.184867E+01   0.451471E+00
 0.237150E+01   0.165727E+01   0.127413E+02   0.187503E+01   0.456310E+00
 0.240100E+01   0.167719E+01   0.127371E+02   0.190077E+01   0.461125E+00
 0.243050E+01   0.169656E+01   0.127244E+02   0.192589E+01   0.465916E+00
 0.246000E+01   0.171537E+01   0.127145E+02   0.195038E+01   0.470684E+00
 0.248950E+01   0.173364E+01   0.127094E+02   0.197426E+01   0.475429E+00
 0.251900E+01   0.175138E+01   0.127005E+02   0.199752E+01   0.480150E+00
 0.254850E+01   0.176859E+01   0.126987E+02   0.202018E+01   0.484849E+00
 0.257800E+01   0.178529E+01   0.126851E+02   0.204223E+01   0.489525E+00
 0.260750E+01   0.180149E+01   0.126754E+02   0.206370E+01   0.494179E+00
 0.263700E+01   0.181719E+01   0.126668E+02   0.208459E+01   0.498811E+00
 0.266650E+01   0.183241E+01   0.126565E+02   0.210491E+01   0.503420E+00
 0.269600E+01   0.184716E+01   0.126450E+02   0.212467E+01   0.508008E+00
 0.272550E+01   0.186146E+01   0.126359E+02   0.214388E+01   0.512575E+00
 0.275500E+01   0.187531E+01   0.126334E+02   0.216255E+01   0.517121E+00
 0.278450E+01   0.188872E+01   0.126167E+02   0.218069E+01   0.521645E+00
 0.281400E+01   0.190172E+01   0.126133E+02   0.219831E+01   0.526149E+00
 0.284350E+01   0.191430E+01   0.126021E+02   0.221543E+01   0.530633E+00
 0.287300E+01   0.192649E+01   0.125907E+02   0.223206E+01   0.535096E+00
 0.290250E+01   0.193828E+01   0.125773E+02   0.224821E+01   0.539540E+00
 0.293200E+01   0.194971E+01   0.125702E+02   0.226388E+01   0.543963E+00
 0.296150E+01   0.196076E+01   0.125533E+02   0.227910E+01   0.548367E+00
 0.299100E+01   0.197147E+01   0.125386E+02   0.229387E+01   0.552752E+00
 0.302050E+01   0.198183E+01   0.125362E+02   0.230821E+01   0.557118E+00
 0.305000E+01   0.199185E+01   0.125210E+02   0.232212E+01   0.561465E+00
 0.307950E+01   0.200156E+01   0.125132E+02   0.233562E+01   0.565794E+00
 0.310900E+01   0.201095E+01   0.124943E+02   0.234872E+01   0.570104E+00
 0.313850E+01   0.202004E+01   0.124802E+02   0.236143E+01   0.574396E+00
 0.316800E+01   0.202883E+01   0.124763E+02   0.237376E+01   0.578670E+00
 0.319750E+01   0.203735E+01   0.124581E+02   0.238572E+01   0.582927E+00
 0.322700E+01   0.204558E+01   0.124511E+02   0.239732E+01   0.587166E+00
 0.325650E+01   0.205355E+01   0.124369E+02   0.240857E+01   0.591388E+00
 0.328600E+01   0.206127E+01   0.124230E+02   0.241948E+01   0.595593E+00
 0.331550E+01   0.206873E+01   0.124091E+02   0.243006E+01   0.599781E+00
 0.334500E+01   0.207595E+01   0.124027E+02   0.244032E+01   0.603952E+00
 0.337450E+01   0.208294E+01   0.123919E+02   0.245027E+01   0.608107E+00
 0.340400E+01   0.208969E+01   0.123754E+02   0.245992E+01   0.612246E+00
 0.343350E+01   0.209624E+01   0.123635E+02   0.246927E+01   0.616369E+00
 0.346300E+01   0.210256E+01   0.123509E+02   0.247834E+01   0.620475E+00
 0.349250E+01   0.210869E+01   0.123378E+02   0.248713E+01   0.624567E+00
 0.352200E+01   0.211461E+01   0.123327E+02   0.249565E+01   0.628643E+00
 0.355150E+01   0.212034E+01   0.123168E+02   0.250391E+01   0.632703E+00
 0.358100E+01   0.212589E+01   0.123045E+02   0.251192E+01   0.636749E+00
 0.361050E+01   0.213125E+01   0.122983E+02   0.251968E+01   0.640779E+00
 0.364000E+01   0.213644E+01   0.122826E+02   0.252720E+01   0.644795E+00
 0.366950E+01   0.214146E+01   0.122752E+02   0.253449E+01   0.648796E+00
 0.369900E+01   0.214632E+01   0.122603E+02   0.254155E+01   0.652783E+00
 0.372850E+01   0.215101E+01   0.122454E+02   0.254840E+01   0.656756E+00
 0.375800E+01   0.215556E+01   0.122371E+02   0.255503E+01   0.660715E+00
 0.378750E+01   0.215995E+01   0.122219E+02   0.256145E+01   0.664660E+00
 0.381700E+01   0.216420E+01   0.122104E+02   0.256768E+01   0.668591E+00
 0.384650E+01   0.216832E+01   0.122007E+02   0.257370E+01   0.672508E+00
 0.387600E+01   0.217229E+01   0.121919E+02   0.257954E+01   0.676412E+00
 0.390550E+01   0.217614E+01   0.121724E+02   0.258520E+01   0.680303E+00
 0.393500E+01   0.217985E+01   0.121669E+02   0.259067E+01   0.684181E+00
 0.396450E+01   0.218345E+01   0.121524E+02   0.259598E+01   0.688046E+00
 0.399400E+01   0.218692E+01   0.121416E+02   0.260111E+01   0.691898E+00
 0.402350E+01   0.219028E+01   0.121279E+02   0.260608E+01   0.695737E+00
 0.405300E+01   0.219353E+01   0.121174E+02   0.261089E+01   0.699564E+00
 0.408250E+01   0.219667E+01   0.121032E+02   0.261555E+01   0.703379E+00
 0.411200E+01   0.219970E+01   0.120935E+02   0.262006E+01   0.707181E+00
 0.414150E+01   0.220263E+01   0.120893E+02   0.262442E+01   0.710971E+00
 0.417100E+01   0.220546E+01   0.120754E+02   0.262863E+01   0.714749E+00
 0.420050E+01   0.220820E+01   0.120653E+02   0.263271E+01   0.718515E+00
 0.423000E+01   0.221084E+01   0.120568E+02   0.263666E+01   0.722270E+00
 0.425950E+01   0.221340E+01   0.120389E+02   0.264048E+01   0.726013E+00
 0.428900E+01   0.221586E+01   0.120338E+02   0.264417E+01   0.729744E+00
 0.431850E+01   0.221824E+01   0.120185E+02   0.264773E+01   0.733464E+00
 0.434800E+01   0.222054E+01   0.120095E+02   0.265118E+01   0.737173E+00
 0.437750E+01   0.222275E+01   0.119956E+02   0.265451E+01   0.740871E+00
 0.440700E+01   0.222489E+01   0.119857E+02   0.265773E+01   0.744558E+00
 0.443650E+01   0.222696E+01   0.119786E+02   0.266083E+01   0.748234E+00
 0.446600E+01   0.222895E+01   0.119664E+02   0.266383E+01   0.751899E+00
 0.449550E+01   0.223087E+01   0.119549E+02   0.266673E+01   0.755553E+00
 0.452500E+01   0.223272E+01   0.119481E+02   0.266952E+01   0.759197E+00
 0.455450E+01   0.223450E+01   0.119368E+02   0.267222E+01   0.762831E+00
 0.458400E+01   0.223622E+01   0.119201E+02   0.267482E+01   0.766454E+00
 0.461350E+01   0.223787E+01   0.119102E+02   0.267733E+01   0.770067E+00
 0.464300E+01   0.223946E+01   0.119009E+02   0.267974E+01   0.773670E+00
 0.467250E+01   0.224100E+01   0.118928E+02   0.268207E+01   0.777263E+00
 0.470200E+01   0.224247E+01   0.118870E+02   0.268431E+01   0.780846E+00
 0.473150E+01   0.224389E+01   0.118776E+02   0.268647E+01   0.784419E+00
 0.476100E+01   0.224525E+01   0.118632E+02   0.268854E+01   0.787982E+00
 0.479050E+01   0.224656E+01   0.118558E+02   0.269054E+01   0.791536E+00
 0.482000E+01   0.224782E+01   0.118473E+02   0.269246E+01   0.795080E+00
 0.484950E+01   0.224903E+01   0.118381E+02   0.269431E+01   0.798615E+00
 0.487900E+01   0.225019E+01   0.118263E+02   0.269608E+01   0.802140E+00
 0.490850E+01   0.225130E+01   0.118178E+02   0.269778E+01   0.805656E+00
 0.493800E+01   0.225237E+01   0.118009E+02   0.269941E+01   0.809163E+00
 0.496750E+01   0.225339E+01   0.117989E+02   0.270098E+01   0.812661E+00
 0.499700E+01   0.225437E+01   0.117831E+02   0.270247E+01   0.816150E+00
 0.502650E+01   0.225530E+01   0.117758E+02   0.270391E+01   0.819630E+00
 0.505600E+01   0.225620E+01   0.117623E+02   0.270528E+01   0.823101E+00
 0.508550E+01   0.225705E+01   0.117522E+02   0.270659E+01   0.826563E+00
 0.511500E+01   0.225786E+01   0.117451E+02   0.270784E+01   0.830017E+00
 0.514450E+01   0.225864E+01   0.117357E+02   0.270904E+01   0.833462E+00
 0.517400E+01   0.225938E+01   0.117308E+02   0.271018E+01   0.836899E+00
 0.520350E+01   0.226008E+01   0.117144E+02   0.271126E+01   0.840327E+00
 0.523300E+01   0.226075E+01   0.117099E+02   0.271229E+01   0.843747E+00
 0.526250E+01   0.226138E+01   0.117035E+02   0.271327E+01   0.847158E+00
 0.529200E+01   0.226198E+01   0.116942E+02   0.271420E+01   0.850561E+00
 0.532150E+01   0.226255E+01   0.116842E+02   0.271508E+01   0.853956E+00
 0.535100E+01   0.226309E+01   0.116694E+02   0.271591E+01   0.857343E+00
 0.538050E+01   0.226360E+01   0.116649E+02   0.271669E+01   0.860722E+00
 0.541000E+01   0.226407E+01   0.116584E+02   0.271743E+01   0.864094E+00
 0.543950E+01   0.226452E+01   0.116460E+02   0.271812E+01   0.867457E+00
 0.546900E+01   0.226494E+01   0.116345E+02   0.271877E+01   0.870812E+00
 0.549850E+01   0.226533E+01   0.116278E+02   0.271938E+01   0.874160E+00
 0.552800E+01   0.226569E+01   0.116189E+02   0.271994E+01   0.877500E+00
 0.555750E+01   0.226603E+01   0.116155E+02   0.272047E+01   0.880833E+00
 0.558700E+01   0.226635E+01   0.116022E+02   0.272096E+01   0.884158E+00
 0.561650E+01   0.226663E+01   0.115997E+02   0.272141E+01   0.887475E+00
 0.564600E+01   0.226690E+01   0.115858E+02   0.272182E+01   0.890785E+00
 0.567550E+01   0.226714E+01   0.115763E+02   0.272219E+01   0.894088E+00
 0.570500E+01   0.226736E+01   0.115710E+02   0.272253E+01   0.897383E+00
 0.573450E+01   0.226755E+01   0.115610E+02   0.272284E+01   0.900672E+00
 0.576400E+01   0.226773E+01   0.115579E+02   0.272311E+01   0.903953E+00
 0.579350E+01   0.226788E+01   0.115413E+02   0.272335E+01   0.907227E+00
 0.582300E+01   0.226801E+01   0.115358E+02   0.272356E+01   0.910494E+00
 0.585250E+01   0.226812E+01   0.115257E+02   0.272373E+01   0.913754E+00
 0.588200E+01   0.226822E+01   0.115213E+02   0.272388E+01   0.917007E+00
 0.591150E+01   0.226829E+01   0.115188E+02   0.272399E+01   0.920253E+00
 0.594100E+01   0.226834E+01   0.115063E+02   0.272408E+01   0.923492E+00
 0.597050E+01   0.226838E+01   0.114950E+02   0.272413E+01   0.926725E+00
