 0.100000E+00   0.327197E+00   0.170940E+03   0.329532E+00   0.209161E-01
 0.129500E+00   0.293492E+00   0.176821E+03   0.295553E+00   0.270697E-01
 0.159000E+00   0.251584E+00   0.181756E+03   0.253289E+00   0.332166E-01
 0.188500E+00   0.182084E+00   0.164282E+03   0.183195E+00   0.393570E-01
 0.218000E+00   0.128463E+00   0.140463E+03   0.129122E+00   0.454912E-01
 0.247500E+00   0.999894E-01   0.114914E+03   0.100409E+00   0.516192E-01
 0.277000E+00   0.905833E-01   0.985339E+02   0.909217E-01   0.577413E-01
 0.306500E+00   0.882804E-01   0.815731E+02   0.885970E-01   0.638576E-01
 0.336000E+00   0.883264E-01   0.715533E+02   0.886467E-01   0.701971E-01
 0.365500E+00   0.914715E-01   0.513871E+02   0.918399E-01   0.763239E-01
 0.395000E+00   0.974968E-01   0.421428E+02   0.979544E-01   0.824427E-01
 0.424500E+00   0.105263E+00   0.403455E+02   0.105843E+00   0.885532E-01
 0.454000E+00   0.114284E+00   0.356912E+02   0.115016E+00   0.946552E-01
 0.483500E+00   0.124309E+00   0.293778E+02   0.125225E+00   0.100748E+00
 0.513000E+00   0.135171E+00   0.253925E+02   0.136303E+00   0.106832E+00
 0.542500E+00   0.146770E+00   0.226896E+02   0.148151E+00   0.112907E+00
 0.572000E+00   0.159047E+00   0.207497E+02   0.160715E+00   0.118972E+00
 0.601500E+00   0.171970E+00   0.192977E+02   0.173963E+00   0.125027E+00
 0.631000E+00   0.185489E+00   0.181944E+02   0.187849E+00   0.131072E+00
 0.660500E+00   0.199316E+00   0.173296E+02   0.202078E+00   0.137107E+00
 0.690000E+00   0.213585E+00   0.166440E+02   0.216793E+00   0.143131E+00
 0.719500E+00   0.228370E+00   0.160796E+02   0.232070E+00   0.149144E+00
 0.749000E+00   0.243716E+00   0.156089E+02   0.247961E+00   0.155146E+00
 0.778500E+00   0.259659E+00   0.152182E+02   0.264507E+00   0.161136E+00
 0.808000E+00   0.276232E+00   0.148784E+02   0.281745E+00   0.167114E+00
 0.837500E+00   0.293462E+00   0.145955E+02   0.299709E+00   0.173080E+00
 0.867000E+00   0.311370E+00   0.143468E+02   0.318426E+00   0.179034E+00
 0.896500E+00   0.329976E+00   0.141298E+02   0.337922E+00   0.184974E+00
 0.926000E+00   0.349293E+00   0.139427E+02   0.358217E+00   0.190900E+00
 0.955500E+00   0.369332E+00   0.137790E+02   0.379328E+00   0.196813E+00
 0.985000E+00   0.390098E+00   0.136460E+02   0.401267E+00   0.202710E+00
 0.101450E+01   0.411592E+00   0.135156E+02   0.424041E+00   0.208593E+00
 0.104400E+01   0.433811E+00   0.134089E+02   0.447656E+00   0.214460E+00
 0.107350E+01   0.456748E+00   0.133156E+02   0.472110E+00   0.220312E+00
 0.110300E+01   0.480392E+00   0.132358E+02   0.497399E+00   0.226147E+00
 0.113250E+01   0.504728E+00   0.131672E+02   0.523516E+00   0.231965E+00
 0.116200E+01   0.529738E+00   0.131094E+02   0.550447E+00   0.237765E+00
 0.119150E+01   0.555398E+00   0.130521E+02   0.578176E+00   0.243548E+00
 0.122100E+01   0.581683E+00   0.130054E+02   0.606685E+00   0.249312E+00
 0.125050E+01   0.608565E+00   0.129672E+02   0.635948E+00   0.255058E+00
 0.128000E+01   0.636010E+00   0.129316E+02   0.665938E+00   0.260784E+00
 0.130950E+01   0.663984E+00   0.129048E+02   0.696626E+00   0.266491E+00
 0.133900E+01   0.692448E+00   0.128883E+02   0.727975E+00   0.272177E+00
 0.136850E+01   0.721362E+00   0.128610E+02   0.759950E+00   0.277843E+00
 0.139800E+01   0.750683E+00   0.128541E+02   0.792510E+00   0.283488E+00
 0.142750E+01   0.780367E+00   0.128370E+02   0.825611E+00   0.289112E+00
 0.145700E+01   0.810367E+00   0.128264E+02   0.859207E+00   0.294713E+00
 0.148650E+01   0.840634E+00   0.128191E+02   0.893250E+00   0.300293E+00
 0.151600E+01   0.871120E+00   0.128113E+02   0.927691E+00   0.305849E+00
 0.154550E+01   0.901773E+00   0.128110E+02   0.962475E+00   0.311383E+00
 0.157500E+01   0.932544E+00   0.128031E+02   0.997551E+00   0.316894E+00
 0.160450E+01   0.963382E+00   0.128065E+02   0.103286E+01   0.322381E+00
 0.163400E+01   0.994236E+00   0.127971E+02   0.106836E+01   0.327845E+00
 0.166350E+01   0.102506E+01   0.127967E+02   0.110397E+01   0.333284E+00
 0.169300E+01   0.105579E+01   0.128050E+02   0.113966E+01   0.338699E+00
 0.172250E+01   0.108640E+01   0.128017E+02   0.117536E+01   0.344089E+00
 0.175200E+01   0.111683E+01   0.127995E+02   0.121102E+01   0.349455E+00
 0.178150E+01   0.114703E+01   0.127980E+02   0.124659E+01   0.354795E+00
 0.181100E+01   0.117698E+01   0.127976E+02   0.128201E+01   0.360111E+00
 0.184050E+01   0.120661E+01   0.127995E+02   0.131724E+01   0.365401E+00
 0.187000E+01   0.123591E+01   0.128018E+02   0.135223E+01   0.370666E+00
 0.189950E+01   0.126483E+01   0.128046E+02   0.138693E+01   0.375906E+00
 0.192900E+01   0.129334E+01   0.128066E+02   0.142130E+01   0.381120E+00
 0.195850E+01   0.132142E+01   0.128052E+02   0.145529E+01   0.386308E+00
 0.198800E+01   0.134903E+01   0.127974E+02   0.148889E+01   0.391471E+00
 0.201750E+01   0.137615E+01   0.128061E+02   0.152204E+01   0.396609E+00
 0.204700E+01   0.140277E+01   0.128009E+02   0.155472E+01   0.401721E+00
 0.207650E+01   0.142886E+01   0.128017E+02   0.158690E+01   0.406808E+00
 0.210600E+01   0.145441E+01   0.127937E+02   0.161856E+01   0.411869E+00
 0.213550E+01   0.147942E+01   0.127934E+02   0.164968E+01   0.416905E+00
 0.216500E+01   0.150386E+01   0.127936E+02   0.168023E+01   0.421916E+00
 0.219450E+01   0.152773E+01   0.127873E+02   0.171020E+01   0.426902E+00
 0.222400E+01   0.155103E+01   0.127845E+02   0.173957E+01   0.431863E+00
 0.225350E+01   0.157376E+01   0.127730E+02   0.176835E+01   0.436799E+00
 0.228300E+01   0.159591E+01   0.127740E+02   0.179651E+01   0.441710E+00
 0.231250E+01   0.161748E+01   0.127608E+02   0.182405E+01   0.446597E+00
 0.234200E+01   0.163848E+01   0.127612E+02   0.185097E+01   0.451460E+00
 0.237150E+01   0.165892E+01   0.127573E+02   0.187727E+01   0.456299E+00
 0.240100E+01   0.167879E+01   0.127505E+02   0.190295E+01   0.461114E+00
 0.243050E+01   0.169810E+01   0.127363E+02   0.192800E+01   0.465905E+00
 0.246000E+01   0.171686E+01   0.127359E+02   0.195243E+01   0.470672E+00
 0.248950E+01   0.173509E+01   0.127228E+02   0.197625E+01   0.475417E+00
 0.251900E+01   0.175278E+01   0.127160E+02   0.199946E+01   0.480138E+00
 0.254850E+01   0.176995E+01   0.127116E+02   0.202206E+01   0.484837E+00
 0.257800E+01   0.178660E+01   0.127013E+02   0.204407E+01   0.489513E+00
 0.260750E+01   0.180276E+01   0.126918E+02   0.206549E+01   0.494166E+00
 0.263700E+01   0.181842E+01   0.126757E+02   0.208633E+01   0.498798E+00
 0.266650E+01   0.183361E+01   0.126727E+02   0.210661E+01   0.503407E+00
 0.269600E+01   0.184833E+01   0.126583E+02   0.212633E+01   0.507995E+00
 0.272550E+01   0.186259E+01   0.126463E+02   0.214549E+01   0.512562E+00
 0.275500E+01   0.187641E+01   0.126393E+02   0.216412E+01   0.517107E+00
 0.278450E+01   0.188980E+01   0.126277E+02   0.218223E+01   0.521632E+00
 0.281400E+01   0.190276E+01   0.126152E+02   0.219982E+01   0.526136E+00
 0.284350E+01   0.191532E+01   0.126037E+02   0.221691E+01   0.530619E+00
 0.287300E+01   0.192748E+01   0.125974E+02   0.223350E+01   0.535082E+00
 0.290250E+01   0.193925E+01   0.125896E+02   0.224962E+01   0.539526E+00
 0.293200E+01   0.195065E+01   0.125707E+02   0.226526E+01   0.543949E+00
 0.296150E+01   0.196169E+01   0.125642E+02   0.228045E+01   0.548353E+00
 0.299100E+01   0.197237E+01   0.125514E+02   0.229520E+01   0.552738E+00
 0.302050E+01   0.198271E+01   0.125408E+02   0.230951E+01   0.557104E+00
 0.305000E+01   0.199272E+01   0.125253E+02   0.232340E+01   0.561451E+00
 0.307950E+01   0.200240E+01   0.125204E+02   0.233687E+01   0.565779E+00
 0.310900E+01   0.201177E+01   0.125071E+02   0.234995E+01   0.570090E+00
 0.313850E+01   0.202085E+01   0.124982E+02   0.236263E+01   0.574382E+00
 0.316800E+01   0.202963E+01   0.124823E+02   0.237494E+01   0.578656E+00
 0.319750E+01   0.203812E+01   0.124734E+02   0.238688E+01   0.582912E+00
 0.322700E+01   0.204634E+01   0.124583E+02   0.239846E+01   0.587151E+00
 0.325650E+01   0.205430E+01   0.124419E+02   0.240969E+01   0.591373E+00
 0.328600E+01   0.206200E+01   0.124327E+02   0.242058E+01   0.595578E+00
 0.331550E+01   0.206944E+01   0.124259E+02   0.243114E+01   0.599766E+00
 0.334500E+01   0.207665E+01   0.124074E+02   0.244139E+01   0.603937E+00
 0.337450E+01   0.208363E+01   0.124017E+02   0.245132E+01   0.608092E+00
 0.340400E+01   0.209037E+01   0.123887E+02   0.246095E+01   0.612231E+00
 0.343350E+01   0.209690E+01   0.123760E+02   0.247029E+01   0.616354E+00
 0.346300E+01   0.210322E+01   0.123634E+02   0.247934E+01   0.620460E+00
 0.349250E+01   0.210933E+01   0.123524E+02   0.248811E+01   0.624552E+00
 0.352200E+01   0.211524E+01   0.123343E+02   0.249662E+01   0.628627E+00
 0.355150E+01   0.212097E+01   0.123240E+02   0.250487E+01   0.632688E+00
 0.358100E+01   0.212650E+01   0.123152E+02   0.251286E+01   0.636733E+00
 0.361050E+01   0.213185E+01   0.123052E+02   0.252061E+01   0.640764E+00
 0.364000E+01   0.213703E+01   0.122873E+02   0.252812E+01   0.644780E+00
 0.366950E+01   0.214205E+01   0.122816E+02   0.253539E+01   0.648781E+00
 0.369900E+01   0.214689E+01   0.122699E+02   0.254244E+01   0.652768E+00
 0.372850E+01   0.215158E+01   0.122536E+02   0.254928E+01   0.656741E+00
 0.375800E+01   0.215612E+01   0.122426E+02   0.255590E+01   0.660699E+00
 0.378750E+01   0.216051E+01   0.122353E+02   0.256231E+01   0.664644E+00
 0.381700E+01   0.216475E+01   0.122186E+02   0.256852E+01   0.668575E+00
 0.384650E+01   0.216885E+01   0.122110E+02   0.257454E+01   0.672493E+00
 0.387600E+01   0.217282E+01   0.121941E+02   0.258037E+01   0.676397E+00
 0.390550E+01   0.217666E+01   0.121862E+02   0.258601E+01   0.680288E+00
 0.393500E+01   0.218037E+01   0.121692E+02   0.259148E+01   0.684166E+00
 0.396450E+01   0.218396E+01   0.121641E+02   0.259677E+01   0.688030E+00
 0.399400E+01   0.218743E+01   0.121480E+02   0.260190E+01   0.691882E+00
 0.402350E+01   0.219078E+01   0.121411E+02   0.260686E+01   0.695722E+00
 0.405300E+01   0.219402E+01   0.121290E+02   0.261166E+01   0.699549E+00
 0.408250E+01   0.219715E+01   0.121143E+02   0.261631E+01   0.703363E+00
 0.411200E+01   0.220018E+01   0.121008E+02   0.262081E+01   0.707165E+00
 0.414150E+01   0.220311E+01   0.120949E+02   0.262516E+01   0.710955E+00
 0.417100E+01   0.220593E+01   0.120770E+02   0.262937E+01   0.714733E+00
 0.420050E+01   0.220866E+01   0.120742E+02   0.263344E+01   0.718500E+00
 0.423000E+01   0.221130E+01   0.120541E+02   0.263738E+01   0.722254E+00
 0.425950E+01   0.221385E+01   0.120521E+02   0.264119E+01   0.725997E+00
 0.428900E+01   0.221631E+01   0.120415E+02   0.264487E+01   0.729729E+00
 0.431850E+01   0.221868E+01   0.120301E+02   0.264843E+01   0.733449E+00
 0.434800E+01   0.222097E+01   0.120106E+02   0.265187E+01   0.737158E+00
 0.437750E+01   0.222319E+01   0.120007E+02   0.265520E+01   0.740855E+00
 0.440700E+01   0.222532E+01   0.119973E+02   0.265841E+01   0.744542E+00
 0.443650E+01   0.222738E+01   0.119791E+02   0.266151E+01   0.748218E+00
 0.446600E+01   0.222937E+01   0.119739E+02   0.266450E+01   0.751883E+00
 0.449550E+01   0.223128E+01   0.119652E+02   0.266739E+01   0.755538E+00
 0.452500E+01   0.223313E+01   0.119466E+02   0.267018E+01   0.759182E+00
 0.455450E+01   0.223490E+01   0.119392E+02   0.267287E+01   0.762815E+00
 0.458400E+01   0.223662E+01   0.119327E+02   0.267546E+01   0.766438E+00
 0.461350E+01   0.223827E+01   0.119241E+02   0.267796E+01   0.770051E+00
 0.464300E+01   0.223986E+01   0.119131E+02   0.268037E+01   0.773654E+00
 0.467250E+01   0.224139E+01   0.119026E+02   0.268270E+01   0.777247E+00
 0.470200E+01   0.224286E+01   0.118862E+02   0.268493E+01   0.780830E+00
 0.473150E+01   0.224427E+01   0.118811E+02   0.268709E+01   0.784403E+00
 0.476100E+01   0.224564E+01   0.118683E+02   0.268916E+01   0.787966E+00
 0.479050E+01   0.224694E+01   0.118556E+02   0.269115E+01   0.791520E+00
 0.482000E+01   0.224820E+01   0.118499E+02   0.269306E+01   0.795064E+00
 0.484950E+01   0.224940E+01   0.118435E+02   0.269491E+01   0.798599E+00
 0.487900E+01   0.225056E+01   0.118283E+02   0.269667E+01   0.802124E+00
 0.490850E+01   0.225167E+01   0.118203E+02   0.269837E+01   0.805641E+00
 0.493800E+01   0.225273E+01   0.118081E+02   0.270000E+01   0.809148E+00
 0.496750E+01   0.225375E+01   0.118030E+02   0.270156E+01   0.812645E+00
 0.499700E+01   0.225472E+01   0.117884E+02   0.270305E+01   0.816134E+00
 0.502650E+01   0.225566E+01   0.117804E+02   0.270448E+01   0.819614E+00
 0.505600E+01   0.225655E+01   0.117695E+02   0.270585E+01   0.823085E+00
 0.508550E+01   0.225740E+01   0.117660E+02   0.270715E+01   0.826548E+00
 0.511500E+01   0.225821E+01   0.117501E+02   0.270840E+01   0.830001E+00
 0.514450E+01   0.225898E+01   0.117398E+02   0.270959E+01   0.833446E+00
 0.517400E+01   0.225972E+01   0.117322E+02   0.271073E+01   0.836883E+00
 0.520350E+01   0.226042E+01   0.117262E+02   0.271181E+01   0.840311E+00
 0.523300E+01   0.226109E+01   0.117195E+02   0.271283E+01   0.843731E+00
 0.526250E+01   0.226172E+01   0.117111E+02   0.271381E+01   0.847142E+00
 0.529200E+01   0.226232E+01   0.116945E+02   0.271473E+01   0.850545E+00
 0.532150E+01   0.226288E+01   0.116921E+02   0.271561E+01   0.853940E+00
 0.535100E+01   0.226342E+01   0.116837E+02   0.271643E+01   0.857328E+00
 0.538050E+01   0.226392E+01   0.116747E+02   0.271721E+01   0.860707E+00
 0.541000E+01   0.226439E+01   0.116576E+02   0.271795E+01   0.864078E+00
 0.543950E+01   0.226484E+01   0.116569E+02   0.271864E+01   0.867441E+00
 0.546900E+01   0.226526E+01   0.116450E+02   0.271929E+01   0.870796E+00
 0.549850E+01   0.226565E+01   0.116363E+02   0.271989E+01   0.874144E+00
 0.552800E+01   0.226601E+01   0.116317E+02   0.272045E+01   0.877484E+00
 0.555750E+01   0.226634E+01   0.116174E+02   0.272098E+01   0.880817E+00
 0.558700E+01   0.226666E+01   0.116094E+02   0.272146E+01   0.884142E+00
 0.561650E+01   0.226694E+01   0.116050E+02   0.272191E+01   0.887459E+00
 0.564600E+01   0.226720E+01   0.115906E+02   0.272232E+01   0.890769E+00
 0.567550E+01   0.226744E+01   0.115825E+02   0.272269E+01   0.894072E+00
 0.570500E+01   0.226766E+01   0.115714E+02   0.272302E+01   0.897368E+00
 0.573450E+01   0.226785E+01   0.115662E+02   0.272333E+01   0.900656E+00
 0.576400E+01   0.226803E+01   0.115567E+02   0.272360E+01   0.903937E+00
 0.579350E+01   0.226818E+01   0.115541E+02   0.272383E+01   0.907211E+00
 0.582300E+01   0.226831E+01   0.115415E+02   0.272404E+01   0.910478E+00
 0.585250E+01   0.226842E+01   0.115395E+02   0.272421E+01   0.913738E+00
 0.588200E+01   0.226851E+01   0.115291E+02   0.272435E+01   0.916991E+00
 0.591150E+01   0.226858E+01   0.115166E+02   0.272446E+01   0.920237E+00
 0.594100E+01   0.226863E+01   0.115112E+02   0.272455E+01   0.923476E+00
 0.597050E+01   0.226867E+01   0.115029E+02   0.272460E+01   0.926709E+00
