 0.100000E+00   0.327197E+00   0.170940E+03   0.329532E+00   0.209161E-01
 0.129500E+00   0.293492E+00   0.176821E+03   0.295553E+00   0.270697E-01
 0.159000E+00   0.250505E+00   0.181007E+03   0.252201E+00   0.332166E-01
 0.188500E+00   0.182902E+00   0.165046E+03   0.184020E+00   0.393570E-01
 0.218000E+00   0.128691E+00   0.140814E+03   0.129353E+00   0.454912E-01
 0.247500E+00   0.100271E+00   0.115763E+03   0.100693E+00   0.516192E-01
 0.277000E+00   0.906158E-01   0.987518E+02   0.909545E-01   0.577413E-01
 0.306500E+00   0.882779E-01   0.806194E+02   0.885938E-01   0.638576E-01
 0.336000E+00   0.894964E-01   0.621471E+02   0.898249E-01   0.701228E-01
 0.365500E+00   0.941023E-01   0.462370E+02   0.944879E-01   0.762408E-01
 0.395000E+00   0.100572E+00   0.401149E+02   0.101044E+00   0.823512E-01
 0.424500E+00   0.108140E+00   0.393771E+02   0.108723E+00   0.884539E-01
 0.454000E+00   0.116526E+00   0.346647E+02   0.117243E+00   0.945486E-01
 0.483500E+00   0.125596E+00   0.292937E+02   0.126469E+00   0.100635E+00
 0.513000E+00   0.135271E+00   0.257130E+02   0.136325E+00   0.106713E+00
 0.542500E+00   0.145520E+00   0.231737E+02   0.146781E+00   0.112783E+00
 0.572000E+00   0.156335E+00   0.212933E+02   0.157832E+00   0.118843E+00
 0.601500E+00   0.167665E+00   0.198563E+02   0.169427E+00   0.124895E+00
 0.631000E+00   0.179279E+00   0.187383E+02   0.181334E+00   0.130937E+00
 0.660500E+00   0.191348E+00   0.178437E+02   0.193727E+00   0.136969E+00
 0.690000E+00   0.203952E+00   0.171054E+02   0.206694E+00   0.142992E+00
 0.719500E+00   0.217154E+00   0.164915E+02   0.220300E+00   0.149005E+00
 0.749000E+00   0.231003E+00   0.159661E+02   0.234602E+00   0.155007E+00
 0.778500E+00   0.245546E+00   0.155174E+02   0.249651E+00   0.160998E+00
 0.808000E+00   0.260820E+00   0.151350E+02   0.265490E+00   0.166978E+00
 0.837500E+00   0.276859E+00   0.147965E+02   0.282159E+00   0.172946E+00
 0.867000E+00   0.293689E+00   0.145054E+02   0.299692E+00   0.178902E+00
 0.896500E+00   0.311332E+00   0.142566E+02   0.318116E+00   0.184844E+00
 0.926000E+00   0.329803E+00   0.140325E+02   0.337455E+00   0.190774E+00
 0.955500E+00   0.349112E+00   0.138495E+02   0.357724E+00   0.196690E+00
 0.985000E+00   0.369261E+00   0.136754E+02   0.378935E+00   0.202591E+00
 0.101450E+01   0.390251E+00   0.135368E+02   0.401094E+00   0.208478E+00
 0.104400E+01   0.412073E+00   0.134101E+02   0.424202E+00   0.214350E+00
 0.107350E+01   0.434716E+00   0.132939E+02   0.448254E+00   0.220205E+00
 0.110300E+01   0.458164E+00   0.132034E+02   0.473242E+00   0.226045E+00
 0.113250E+01   0.482396E+00   0.131233E+02   0.499151E+00   0.231867E+00
 0.116200E+01   0.507386E+00   0.130461E+02   0.525964E+00   0.237672E+00
 0.119150E+01   0.533106E+00   0.129876E+02   0.553658E+00   0.243460E+00
 0.122100E+01   0.559523E+00   0.129360E+02   0.582208E+00   0.249229E+00
 0.125050E+01   0.586601E+00   0.128932E+02   0.611582E+00   0.254979E+00
 0.128000E+01   0.614301E+00   0.128512E+02   0.641747E+00   0.260710E+00
 0.130950E+01   0.642581E+00   0.128267E+02   0.672665E+00   0.266421E+00
 0.133900E+01   0.671397E+00   0.128009E+02   0.704297E+00   0.272112E+00
 0.136850E+01   0.700702E+00   0.127733E+02   0.736599E+00   0.277782E+00
 0.139800E+01   0.730447E+00   0.127578E+02   0.769524E+00   0.283432E+00
 0.142750E+01   0.760582E+00   0.127463E+02   0.803023E+00   0.289059E+00
 0.145700E+01   0.791055E+00   0.127369E+02   0.837047E+00   0.294665E+00
 0.148650E+01   0.821813E+00   0.127251E+02   0.871540E+00   0.300249E+00
 0.151600E+01   0.852802E+00   0.127246E+02   0.906449E+00   0.305810E+00
 0.154550E+01   0.883968E+00   0.127178E+02   0.941717E+00   0.311347E+00
 0.157500E+01   0.915258E+00   0.127208E+02   0.977287E+00   0.316862E+00
 0.160450E+01   0.946615E+00   0.127175E+02   0.101310E+01   0.322353E+00
 0.163400E+01   0.977988E+00   0.127209E+02   0.104910E+01   0.327820E+00
 0.166350E+01   0.100932E+01   0.127197E+02   0.108522E+01   0.333262E+00
 0.169300E+01   0.104057E+01   0.127196E+02   0.112141E+01   0.338681E+00
 0.172250E+01   0.107168E+01   0.127213E+02   0.115762E+01   0.344074E+00
 0.175200E+01   0.110260E+01   0.127259E+02   0.119377E+01   0.349443E+00
 0.178150E+01   0.113329E+01   0.127235E+02   0.122983E+01   0.354786E+00
 0.181100E+01   0.116370E+01   0.127264E+02   0.126573E+01   0.360105E+00
 0.184050E+01   0.119379E+01   0.127349E+02   0.130143E+01   0.365398E+00
 0.187000E+01   0.122353E+01   0.127293E+02   0.133688E+01   0.370665E+00
 0.189950E+01   0.125288E+01   0.127361E+02   0.137202E+01   0.375908E+00
 0.192900E+01   0.128181E+01   0.127364E+02   0.140683E+01   0.381124E+00
 0.195850E+01   0.131028E+01   0.127404E+02   0.144125E+01   0.386315E+00
 0.198800E+01   0.133828E+01   0.127427E+02   0.147525E+01   0.391481E+00
 0.201750E+01   0.136578E+01   0.127340E+02   0.150880E+01   0.396620E+00
 0.204700E+01   0.139275E+01   0.127388E+02   0.154187E+01   0.401735E+00
 0.207650E+01   0.141918E+01   0.127373E+02   0.157442E+01   0.406823E+00
 0.210600E+01   0.144507E+01   0.127339E+02   0.160644E+01   0.411887E+00
 0.213550E+01   0.147038E+01   0.127392E+02   0.163790E+01   0.416925E+00
 0.216500E+01   0.149512E+01   0.127369E+02   0.166878E+01   0.421937E+00
 0.219450E+01   0.151929E+01   0.127262E+02   0.169907E+01   0.426925E+00
 0.222400E+01   0.154286E+01   0.127270E+02   0.172875E+01   0.431887E+00
 0.225350E+01   0.156585E+01   0.127270E+02   0.175782E+01   0.436825E+00
 0.228300E+01   0.158825E+01   0.127194E+02   0.178627E+01   0.441738E+00
 0.231250E+01   0.161007E+01   0.127159E+02   0.181409E+01   0.446627E+00
 0.234200E+01   0.163130E+01   0.127046E+02   0.184127E+01   0.451491E+00
 0.237150E+01   0.165195E+01   0.127059E+02   0.186782E+01   0.456331E+00
 0.240100E+01   0.167203E+01   0.126967E+02   0.189374E+01   0.461147E+00
 0.243050E+01   0.169155E+01   0.126927E+02   0.191902E+01   0.465940E+00
 0.246000E+01   0.171050E+01   0.126813E+02   0.194368E+01   0.470709E+00
 0.248950E+01   0.172891E+01   0.126809E+02   0.196771E+01   0.475454E+00
 0.251900E+01   0.174677E+01   0.126753E+02   0.199112E+01   0.480177E+00
 0.254850E+01   0.176411E+01   0.126646E+02   0.201392E+01   0.484876E+00
 0.257800E+01   0.178093E+01   0.126517E+02   0.203612E+01   0.489554E+00
 0.260750E+01   0.179724E+01   0.126469E+02   0.205773E+01   0.494208E+00
 0.263700E+01   0.181305E+01   0.126344E+02   0.207875E+01   0.498841E+00
 0.266650E+01   0.182837E+01   0.126313E+02   0.209919E+01   0.503451E+00
 0.269600E+01   0.184323E+01   0.126164E+02   0.211907E+01   0.508040E+00
 0.272550E+01   0.185762E+01   0.126131E+02   0.213839E+01   0.512608E+00
 0.275500E+01   0.187156E+01   0.125990E+02   0.215717E+01   0.517154E+00
 0.278450E+01   0.188506E+01   0.125868E+02   0.217542E+01   0.521679E+00
 0.281400E+01   0.189814E+01   0.125774E+02   0.219315E+01   0.526184E+00
 0.284350E+01   0.191080E+01   0.125663E+02   0.221037E+01   0.530668E+00
 0.287300E+01   0.192307E+01   0.125608E+02   0.222709E+01   0.535132E+00
 0.290250E+01   0.193494E+01   0.125487E+02   0.224333E+01   0.539576E+00
 0.293200E+01   0.194643E+01   0.125353E+02   0.225910E+01   0.544001E+00
 0.296150E+01   0.195756E+01   0.125277E+02   0.227440E+01   0.548406E+00
 0.299100E+01   0.196833E+01   0.125120E+02   0.228926E+01   0.552791E+00
 0.302050E+01   0.197875E+01   0.125067E+02   0.230367E+01   0.557158E+00
 0.305000E+01   0.198884E+01   0.124920E+02   0.231766E+01   0.561505E+00
 0.307950E+01   0.199861E+01   0.124814E+02   0.233124E+01   0.565834E+00
 0.310900E+01   0.200805E+01   0.124713E+02   0.234441E+01   0.570145E+00
 0.313850E+01   0.201720E+01   0.124575E+02   0.235719E+01   0.574438E+00
 0.316800E+01   0.202605E+01   0.124475E+02   0.236959E+01   0.578713E+00
 0.319750E+01   0.203461E+01   0.124390E+02   0.238161E+01   0.582970E+00
 0.322700E+01   0.204289E+01   0.124271E+02   0.239327E+01   0.587209E+00
 0.325650E+01   0.205091E+01   0.124160E+02   0.240459E+01   0.591432E+00
 0.328600E+01   0.205867E+01   0.124027E+02   0.241556E+01   0.595637E+00
 0.331550E+01   0.206618E+01   0.123948E+02   0.242620E+01   0.599825E+00
 0.334500E+01   0.207344E+01   0.123827E+02   0.243651E+01   0.603997E+00
 0.337450E+01   0.208047E+01   0.123648E+02   0.244652E+01   0.608153E+00
 0.340400E+01   0.208727E+01   0.123551E+02   0.245622E+01   0.612292E+00
 0.343350E+01   0.209385E+01   0.123479E+02   0.246562E+01   0.616415E+00
 0.346300E+01   0.210021E+01   0.123300E+02   0.247474E+01   0.620522E+00
 0.349250E+01   0.210637E+01   0.123201E+02   0.248358E+01   0.624614E+00
 0.352200E+01   0.211233E+01   0.123058E+02   0.249215E+01   0.628690E+00
 0.355150E+01   0.211810E+01   0.122990E+02   0.250045E+01   0.632751E+00
 0.358100E+01   0.212367E+01   0.122846E+02   0.250850E+01   0.636797E+00
 0.361050E+01   0.212907E+01   0.122677E+02   0.251631E+01   0.640828E+00
 0.364000E+01   0.213429E+01   0.122653E+02   0.252387E+01   0.644844E+00
 0.366950E+01   0.213934E+01   0.122492E+02   0.253120E+01   0.648846E+00
 0.369900E+01   0.214422E+01   0.122384E+02   0.253830E+01   0.652833E+00
 0.372850E+01   0.214895E+01   0.122257E+02   0.254518E+01   0.656806E+00
 0.375800E+01   0.215352E+01   0.122126E+02   0.255185E+01   0.660766E+00
 0.378750E+01   0.215794E+01   0.121995E+02   0.255831E+01   0.664711E+00
 0.381700E+01   0.216222E+01   0.121922E+02   0.256457E+01   0.668642E+00
 0.384650E+01   0.216635E+01   0.121825E+02   0.257063E+01   0.672560E+00
 0.387600E+01   0.217035E+01   0.121715E+02   0.257650E+01   0.676464E+00
 0.390550E+01   0.217422E+01   0.121518E+02   0.258219E+01   0.680356E+00
 0.393500E+01   0.217796E+01   0.121421E+02   0.258770E+01   0.684234E+00
 0.396450E+01   0.218158E+01   0.121334E+02   0.259303E+01   0.688099E+00
 0.399400E+01   0.218508E+01   0.121232E+02   0.259820E+01   0.691951E+00
 0.402350E+01   0.218846E+01   0.121148E+02   0.260320E+01   0.695791E+00
 0.405300E+01   0.219173E+01   0.121013E+02   0.260804E+01   0.699618E+00
 0.408250E+01   0.219488E+01   0.120879E+02   0.261272E+01   0.703433E+00
 0.411200E+01   0.219794E+01   0.120777E+02   0.261726E+01   0.707235E+00
 0.414150E+01   0.220089E+01   0.120712E+02   0.262164E+01   0.711025E+00
 0.417100E+01   0.220374E+01   0.120602E+02   0.262589E+01   0.714804E+00
 0.420050E+01   0.220649E+01   0.120444E+02   0.263000E+01   0.718570E+00
 0.423000E+01   0.220915E+01   0.120330E+02   0.263397E+01   0.722325E+00
 0.425950E+01   0.221172E+01   0.120253E+02   0.263781E+01   0.726068E+00
 0.428900E+01   0.221420E+01   0.120094E+02   0.264152E+01   0.729800E+00
 0.431850E+01   0.221660E+01   0.120028E+02   0.264511E+01   0.733521E+00
 0.434800E+01   0.221891E+01   0.119862E+02   0.264858E+01   0.737230E+00
 0.437750E+01   0.222114E+01   0.119772E+02   0.265193E+01   0.740928E+00
 0.440700E+01   0.222330E+01   0.119722E+02   0.265517E+01   0.744615E+00
 0.443650E+01   0.222538E+01   0.119556E+02   0.265830E+01   0.748291E+00
 0.446600E+01   0.222738E+01   0.119495E+02   0.266132E+01   0.751956E+00
 0.449550E+01   0.222931E+01   0.119386E+02   0.266424E+01   0.755611E+00
 0.452500E+01   0.223118E+01   0.119269E+02   0.266705E+01   0.759255E+00
 0.455450E+01   0.223297E+01   0.119198E+02   0.266977E+01   0.762889E+00
 0.458400E+01   0.223470E+01   0.119107E+02   0.267239E+01   0.766512E+00
 0.461350E+01   0.223637E+01   0.118921E+02   0.267491E+01   0.770126E+00
 0.464300E+01   0.223798E+01   0.118899E+02   0.267735E+01   0.773729E+00
 0.467250E+01   0.223952E+01   0.118783E+02   0.267969E+01   0.777322E+00
 0.470200E+01   0.224101E+01   0.118620E+02   0.268195E+01   0.780905E+00
 0.473150E+01   0.224244E+01   0.118586E+02   0.268413E+01   0.784478E+00
 0.476100E+01   0.224382E+01   0.118421E+02   0.268622E+01   0.788042E+00
 0.479050E+01   0.224514E+01   0.118361E+02   0.268823E+01   0.791596E+00
 0.482000E+01   0.224641E+01   0.118256E+02   0.269017E+01   0.795140E+00
 0.484950E+01   0.224763E+01   0.118161E+02   0.269203E+01   0.798675E+00
 0.487900E+01   0.224880E+01   0.118080E+02   0.269382E+01   0.802200E+00
 0.490850E+01   0.224992E+01   0.117975E+02   0.269554E+01   0.805717E+00
 0.493800E+01   0.225100E+01   0.117886E+02   0.269718E+01   0.809224E+00
 0.496750E+01   0.225203E+01   0.117790E+02   0.269876E+01   0.812722E+00
 0.499700E+01   0.225302E+01   0.117652E+02   0.270028E+01   0.816211E+00
 0.502650E+01   0.225396E+01   0.117586E+02   0.270172E+01   0.819691E+00
 0.505600E+01   0.225486E+01   0.117508E+02   0.270311E+01   0.823162E+00
 0.508550E+01   0.225573E+01   0.117406E+02   0.270444E+01   0.826625E+00
 0.511500E+01   0.225655E+01   0.117273E+02   0.270570E+01   0.830079E+00
 0.514450E+01   0.225733E+01   0.117191E+02   0.270691E+01   0.833524E+00
 0.517400E+01   0.225808E+01   0.117084E+02   0.270806E+01   0.836961E+00
 0.520350E+01   0.225879E+01   0.117056E+02   0.270916E+01   0.840389E+00
 0.523300E+01   0.225947E+01   0.116985E+02   0.271020E+01   0.843809E+00
 0.526250E+01   0.226011E+01   0.116800E+02   0.271119E+01   0.847220E+00
 0.529200E+01   0.226072E+01   0.116723E+02   0.271213E+01   0.850624E+00
 0.532150E+01   0.226130E+01   0.116713E+02   0.271302E+01   0.854019E+00
 0.535100E+01   0.226184E+01   0.116531E+02   0.271386E+01   0.857406E+00
 0.538050E+01   0.226236E+01   0.116449E+02   0.271466E+01   0.860785E+00
 0.541000E+01   0.226284E+01   0.116440E+02   0.271541E+01   0.864157E+00
 0.543950E+01   0.226329E+01   0.116341E+02   0.271611E+01   0.867520E+00
 0.546900E+01   0.226372E+01   0.116257E+02   0.271678E+01   0.870876E+00
 0.549850E+01   0.226412E+01   0.116131E+02   0.271739E+01   0.874224E+00
 0.552800E+01   0.226449E+01   0.116075E+02   0.271797E+01   0.877564E+00
 0.555750E+01   0.226484E+01   0.115960E+02   0.271851E+01   0.880897E+00
 0.558700E+01   0.226516E+01   0.115918E+02   0.271901E+01   0.884222E+00
 0.561650E+01   0.226545E+01   0.115756E+02   0.271947E+01   0.887539E+00
 0.564600E+01   0.226572E+01   0.115673E+02   0.271989E+01   0.890850E+00
 0.567550E+01   0.226597E+01   0.115665E+02   0.272027E+01   0.894152E+00
 0.570500E+01   0.226619E+01   0.115514E+02   0.272062E+01   0.897448E+00
 0.573450E+01   0.226640E+01   0.115447E+02   0.272094E+01   0.900737E+00
 0.576400E+01   0.226658E+01   0.115352E+02   0.272122E+01   0.904018E+00
 0.579350E+01   0.226674E+01   0.115323E+02   0.272147E+01   0.907292E+00
 0.582300E+01   0.226687E+01   0.115259E+02   0.272168E+01   0.910559E+00
 0.585250E+01   0.226699E+01   0.115116E+02   0.272187E+01   0.913819E+00
 0.588200E+01   0.226709E+01   0.115108E+02   0.272202E+01   0.917072E+00
 0.591150E+01   0.226717E+01   0.115034E+02   0.272214E+01   0.920319E+00
 0.594100E+01   0.226723E+01   0.114938E+02   0.272224E+01   0.923558E+00
 0.597050E+01   0.226727E+01   0.114782E+02   0.272231E+01   0.926791E+00
