 0.100000E+00   0.327197E+00   0.170940E+03   0.329532E+00   0.209161E-01
 0.129500E+00   0.293492E+00   0.176821E+03   0.295553E+00   0.270697E-01
 0.159000E+00   0.252493E+00   0.182388E+03   0.254207E+00   0.332166E-01
 0.188500E+00   0.181825E+00   0.164041E+03   0.182934E+00   0.393570E-01
 0.218000E+00   0.128859E+00   0.141072E+03   0.129522E+00   0.454912E-01
 0.247500E+00   0.100065E+00   0.115143E+03   0.100486E+00   0.516192E-01
 0.277000E+00   0.905565E-01   0.983542E+02   0.908947E-01   0.577413E-01
 0.306500E+00   0.883581E-01   0.865676E+02   0.886797E-01   0.638576E-01
 0.336000E+00   0.882234E-01   0.848003E+02   0.885446E-01   0.702313E-01
 0.365500E+00   0.888522E-01   0.613776E+02   0.891982E-01   0.763636E-01
 0.395000E+00   0.931864E-01   0.464354E+02   0.936033E-01   0.824881E-01
 0.424500E+00   0.997964E-01   0.402044E+02   0.100320E+00   0.886047E-01
 0.454000E+00   0.107937E+00   0.394717E+02   0.108598E+00   0.947129E-01
 0.483500E+00   0.117265E+00   0.322779E+02   0.118095E+00   0.100812E+00
 0.513000E+00   0.127574E+00   0.271572E+02   0.128606E+00   0.106903E+00
 0.542500E+00   0.138733E+00   0.238032E+02   0.140001E+00   0.112985E+00
 0.572000E+00   0.150663E+00   0.214738E+02   0.152204E+00   0.119057E+00
 0.601500E+00   0.163320E+00   0.197782E+02   0.165172E+00   0.125119E+00
 0.631000E+00   0.176679E+00   0.185016E+02   0.178887E+00   0.131171E+00
 0.660500E+00   0.190654E+00   0.175118E+02   0.193263E+00   0.137212E+00
 0.690000E+00   0.205035E+00   0.167387E+02   0.208085E+00   0.143243E+00
 0.719500E+00   0.219957E+00   0.161198E+02   0.223498E+00   0.149263E+00
 0.749000E+00   0.235477E+00   0.156114E+02   0.239562E+00   0.155272E+00
 0.778500E+00   0.251633E+00   0.151825E+02   0.256323E+00   0.161269E+00
 0.808000E+00   0.268456E+00   0.148282E+02   0.273817E+00   0.167254E+00
 0.837500E+00   0.285971E+00   0.145227E+02   0.292075E+00   0.173226E+00
 0.867000E+00   0.304201E+00   0.142614E+02   0.311125E+00   0.179186E+00
 0.896500E+00   0.323162E+00   0.140419E+02   0.330991E+00   0.185133E+00
 0.926000E+00   0.342867E+00   0.138533E+02   0.351691E+00   0.191065E+00
 0.955500E+00   0.363323E+00   0.136831E+02   0.373242E+00   0.196984E+00
 0.985000E+00   0.384534E+00   0.135466E+02   0.395652E+00   0.202887E+00
 0.101450E+01   0.406499E+00   0.134216E+02   0.418930E+00   0.208776E+00
 0.104400E+01   0.429213E+00   0.133181E+02   0.443075E+00   0.214649E+00
 0.107350E+01   0.452666E+00   0.132211E+02   0.468086E+00   0.220505E+00
 0.110300E+01   0.476845E+00   0.131469E+02   0.493957E+00   0.226345E+00
 0.113250E+01   0.501730E+00   0.130752E+02   0.520675E+00   0.232168E+00
 0.116200E+01   0.527302E+00   0.130237E+02   0.548225E+00   0.237974E+00
 0.119150E+01   0.553533E+00   0.129764E+02   0.576589E+00   0.243761E+00
 0.122100E+01   0.580396E+00   0.129288E+02   0.605743E+00   0.249529E+00
 0.125050E+01   0.607857E+00   0.129002E+02   0.635660E+00   0.255279E+00
 0.128000E+01   0.635881E+00   0.128699E+02   0.666309E+00   0.261009E+00
 0.130950E+01   0.664430E+00   0.128444E+02   0.697656E+00   0.266719E+00
 0.133900E+01   0.693462E+00   0.128211E+02   0.729663E+00   0.272409E+00
 0.136850E+01   0.722934E+00   0.128122E+02   0.762289E+00   0.278077E+00
 0.139800E+01   0.752800E+00   0.127910E+02   0.795491E+00   0.283725E+00
 0.142750E+01   0.783013E+00   0.127820E+02   0.829222E+00   0.289351E+00
 0.145700E+01   0.813522E+00   0.127785E+02   0.863433E+00   0.294955E+00
 0.148650E+01   0.844278E+00   0.127705E+02   0.898074E+00   0.300536E+00
 0.151600E+01   0.875230E+00   0.127732E+02   0.933090E+00   0.306095E+00
 0.154550E+01   0.906325E+00   0.127703E+02   0.968428E+00   0.311630E+00
 0.157500E+01   0.937512E+00   0.127640E+02   0.100403E+01   0.317142E+00
 0.160450E+01   0.968738E+00   0.127708E+02   0.103985E+01   0.322630E+00
 0.163400E+01   0.999953E+00   0.127676E+02   0.107581E+01   0.328094E+00
 0.166350E+01   0.103110E+01   0.127701E+02   0.111187E+01   0.333534E+00
 0.169300E+01   0.106215E+01   0.127728E+02   0.114798E+01   0.338949E+00
 0.172250E+01   0.109303E+01   0.127756E+02   0.118406E+01   0.344340E+00
 0.175200E+01   0.112370E+01   0.127772E+02   0.122008E+01   0.349706E+00
 0.178150E+01   0.115413E+01   0.127767E+02   0.125597E+01   0.355046E+00
 0.181100E+01   0.118426E+01   0.127780E+02   0.129169E+01   0.360361E+00
 0.184050E+01   0.121407E+01   0.127794E+02   0.132719E+01   0.365651E+00
 0.187000E+01   0.124351E+01   0.127818E+02   0.136241E+01   0.370916E+00
 0.189950E+01   0.127255E+01   0.127825E+02   0.139732E+01   0.376155E+00
 0.192900E+01   0.130116E+01   0.127847E+02   0.143188E+01   0.381368E+00
 0.195850E+01   0.132931E+01   0.127904E+02   0.146604E+01   0.386556E+00
 0.198800E+01   0.135698E+01   0.127886E+02   0.149977E+01   0.391718E+00
 0.201750E+01   0.138414E+01   0.127845E+02   0.153304E+01   0.396854E+00
 0.204700E+01   0.141078E+01   0.127868E+02   0.156581E+01   0.401965E+00
 0.207650E+01   0.143689E+01   0.127907E+02   0.159807E+01   0.407051E+00
 0.210600E+01   0.146244E+01   0.127856E+02   0.162979E+01   0.412111E+00
 0.213550E+01   0.148742E+01   0.127836E+02   0.166095E+01   0.417146E+00
 0.216500E+01   0.151184E+01   0.127819E+02   0.169153E+01   0.422156E+00
 0.219450E+01   0.153568E+01   0.127747E+02   0.172151E+01   0.427140E+00
 0.222400E+01   0.155893E+01   0.127690E+02   0.175089E+01   0.432100E+00
 0.225350E+01   0.158161E+01   0.127699E+02   0.177966E+01   0.437034E+00
 0.228300E+01   0.160370E+01   0.127598E+02   0.180780E+01   0.441945E+00
 0.231250E+01   0.162521E+01   0.127559E+02   0.183532E+01   0.446830E+00
 0.234200E+01   0.164614E+01   0.127570E+02   0.186221E+01   0.451692E+00
 0.237150E+01   0.166650E+01   0.127443E+02   0.188847E+01   0.456529E+00
 0.240100E+01   0.168630E+01   0.127401E+02   0.191409E+01   0.461342E+00
 0.243050E+01   0.170553E+01   0.127377E+02   0.193909E+01   0.466132E+00
 0.246000E+01   0.172422E+01   0.127250E+02   0.196347E+01   0.470898E+00
 0.248950E+01   0.174236E+01   0.127203E+02   0.198722E+01   0.475641E+00
 0.251900E+01   0.175996E+01   0.127161E+02   0.201037E+01   0.480361E+00
 0.254850E+01   0.177705E+01   0.127060E+02   0.203290E+01   0.485058E+00
 0.257800E+01   0.179362E+01   0.126982E+02   0.205484E+01   0.489733E+00
 0.260750E+01   0.180969E+01   0.126873E+02   0.207619E+01   0.494385E+00
 0.263700E+01   0.182527E+01   0.126803E+02   0.209696E+01   0.499015E+00
 0.266650E+01   0.184037E+01   0.126638E+02   0.211716E+01   0.503623E+00
 0.269600E+01   0.185501E+01   0.126580E+02   0.213680E+01   0.508210E+00
 0.272550E+01   0.186919E+01   0.126510E+02   0.215589E+01   0.512775E+00
 0.275500E+01   0.188293E+01   0.126429E+02   0.217445E+01   0.517319E+00
 0.278450E+01   0.189623E+01   0.126299E+02   0.219247E+01   0.521843E+00
 0.281400E+01   0.190912E+01   0.126133E+02   0.220999E+01   0.526345E+00
 0.284350E+01   0.192160E+01   0.126089E+02   0.222700E+01   0.530827E+00
 0.287300E+01   0.193368E+01   0.126014E+02   0.224352E+01   0.535289E+00
 0.290250E+01   0.194537E+01   0.125879E+02   0.225956E+01   0.539731E+00
 0.293200E+01   0.195670E+01   0.125720E+02   0.227513E+01   0.544154E+00
 0.296150E+01   0.196766E+01   0.125672E+02   0.229024E+01   0.548557E+00
 0.299100E+01   0.197827E+01   0.125538E+02   0.230491E+01   0.552940E+00
 0.302050E+01   0.198854E+01   0.125449E+02   0.231915E+01   0.557305E+00
 0.305000E+01   0.199848E+01   0.125281E+02   0.233296E+01   0.561651E+00
 0.307950E+01   0.200809E+01   0.125158E+02   0.234637E+01   0.565978E+00
 0.310900E+01   0.201740E+01   0.125099E+02   0.235937E+01   0.570287E+00
 0.313850E+01   0.202641E+01   0.124924E+02   0.237199E+01   0.574578E+00
 0.316800E+01   0.203512E+01   0.124822E+02   0.238423E+01   0.578851E+00
 0.319750E+01   0.204356E+01   0.124705E+02   0.239610E+01   0.583107E+00
 0.322700E+01   0.205172E+01   0.124540E+02   0.240761E+01   0.587345E+00
 0.325650E+01   0.205961E+01   0.124507E+02   0.241878E+01   0.591566E+00
 0.328600E+01   0.206725E+01   0.124382E+02   0.242960E+01   0.595769E+00
 0.331550E+01   0.207465E+01   0.124258E+02   0.244010E+01   0.599956E+00
 0.334500E+01   0.208180E+01   0.124082E+02   0.245028E+01   0.604127E+00
 0.337450E+01   0.208872E+01   0.124042E+02   0.246016E+01   0.608281E+00
 0.340400E+01   0.209541E+01   0.123921E+02   0.246973E+01   0.612419E+00
 0.343350E+01   0.210189E+01   0.123738E+02   0.247900E+01   0.616540E+00
 0.346300E+01   0.210816E+01   0.123618E+02   0.248800E+01   0.620646E+00
 0.349250E+01   0.211422E+01   0.123520E+02   0.249672E+01   0.624737E+00
 0.352200E+01   0.212009E+01   0.123413E+02   0.250517E+01   0.628812E+00
 0.355150E+01   0.212576E+01   0.123313E+02   0.251336E+01   0.632871E+00
 0.358100E+01   0.213125E+01   0.123202E+02   0.252130E+01   0.636916E+00
 0.361050E+01   0.213656E+01   0.122993E+02   0.252899E+01   0.640946E+00
 0.364000E+01   0.214170E+01   0.122931E+02   0.253645E+01   0.644961E+00
 0.366950E+01   0.214666E+01   0.122774E+02   0.254368E+01   0.648961E+00
 0.369900E+01   0.215147E+01   0.122664E+02   0.255068E+01   0.652948E+00
 0.372850E+01   0.215612E+01   0.122593E+02   0.255746E+01   0.656919E+00
 0.375800E+01   0.216061E+01   0.122396E+02   0.256403E+01   0.660877E+00
 0.378750E+01   0.216496E+01   0.122287E+02   0.257039E+01   0.664821E+00
 0.381700E+01   0.216917E+01   0.122176E+02   0.257656E+01   0.668752E+00
 0.384650E+01   0.217323E+01   0.122081E+02   0.258253E+01   0.672669E+00
 0.387600E+01   0.217717E+01   0.122013E+02   0.258832E+01   0.676572E+00
 0.390550E+01   0.218097E+01   0.121888E+02   0.259392E+01   0.680462E+00
 0.393500E+01   0.218464E+01   0.121746E+02   0.259934E+01   0.684339E+00
 0.396450E+01   0.218820E+01   0.121583E+02   0.260459E+01   0.688203E+00
 0.399400E+01   0.219163E+01   0.121545E+02   0.260967E+01   0.692055E+00
 0.402350E+01   0.219495E+01   0.121425E+02   0.261459E+01   0.695893E+00
 0.405300E+01   0.219816E+01   0.121334E+02   0.261936E+01   0.699720E+00
 0.408250E+01   0.220126E+01   0.121156E+02   0.262396E+01   0.703533E+00
 0.411200E+01   0.220426E+01   0.121105E+02   0.262842E+01   0.707335E+00
 0.414150E+01   0.220716E+01   0.120944E+02   0.263274E+01   0.711124E+00
 0.417100E+01   0.220995E+01   0.120821E+02   0.263691E+01   0.714902E+00
 0.420050E+01   0.221266E+01   0.120727E+02   0.264095E+01   0.718668E+00
 0.423000E+01   0.221527E+01   0.120640E+02   0.264485E+01   0.722422E+00
 0.425950E+01   0.221778E+01   0.120529E+02   0.264862E+01   0.726164E+00
 0.428900E+01   0.222022E+01   0.120398E+02   0.265227E+01   0.729895E+00
 0.431850E+01   0.222257E+01   0.120249E+02   0.265579E+01   0.733614E+00
 0.434800E+01   0.222483E+01   0.120182E+02   0.265920E+01   0.737323E+00
 0.437750E+01   0.222702E+01   0.120044E+02   0.266249E+01   0.741020E+00
 0.440700E+01   0.222913E+01   0.119982E+02   0.266566E+01   0.744706E+00
 0.443650E+01   0.223116E+01   0.119858E+02   0.266873E+01   0.748382E+00
 0.446600E+01   0.223313E+01   0.119781E+02   0.267169E+01   0.752046E+00
 0.449550E+01   0.223502E+01   0.119637E+02   0.267455E+01   0.755700E+00
 0.452500E+01   0.223684E+01   0.119563E+02   0.267731E+01   0.759344E+00
 0.455450E+01   0.223860E+01   0.119460E+02   0.267997E+01   0.762977E+00
 0.458400E+01   0.224029E+01   0.119307E+02   0.268253E+01   0.766599E+00
 0.461350E+01   0.224192E+01   0.119214E+02   0.268500E+01   0.770212E+00
 0.464300E+01   0.224348E+01   0.119152E+02   0.268738E+01   0.773814E+00
 0.467250E+01   0.224499E+01   0.119022E+02   0.268968E+01   0.777407E+00
 0.470200E+01   0.224644E+01   0.118886E+02   0.269189E+01   0.780989E+00
 0.473150E+01   0.224784E+01   0.118841E+02   0.269401E+01   0.784562E+00
 0.476100E+01   0.224918E+01   0.118685E+02   0.269606E+01   0.788125E+00
 0.479050E+01   0.225047E+01   0.118604E+02   0.269802E+01   0.791678E+00
 0.482000E+01   0.225170E+01   0.118505E+02   0.269991E+01   0.795222E+00
 0.484950E+01   0.225289E+01   0.118419E+02   0.270172E+01   0.798756E+00
 0.487900E+01   0.225403E+01   0.118354E+02   0.270346E+01   0.802281E+00
 0.490850E+01   0.225512E+01   0.118252E+02   0.270514E+01   0.805797E+00
 0.493800E+01   0.225617E+01   0.118134E+02   0.270674E+01   0.809303E+00
 0.496750E+01   0.225717E+01   0.118030E+02   0.270827E+01   0.812801E+00
 0.499700E+01   0.225812E+01   0.117971E+02   0.270974E+01   0.816289E+00
 0.502650E+01   0.225904E+01   0.117823E+02   0.271115E+01   0.819769E+00
 0.505600E+01   0.225991E+01   0.117760E+02   0.271249E+01   0.823239E+00
 0.508550E+01   0.226075E+01   0.117650E+02   0.271377E+01   0.826701E+00
 0.511500E+01   0.226154E+01   0.117566E+02   0.271500E+01   0.830154E+00
 0.514450E+01   0.226230E+01   0.117494E+02   0.271617E+01   0.833599E+00
 0.517400E+01   0.226302E+01   0.117408E+02   0.271728E+01   0.837035E+00
 0.520350E+01   0.226371E+01   0.117301E+02   0.271834E+01   0.840463E+00
 0.523300E+01   0.226436E+01   0.117162E+02   0.271934E+01   0.843883E+00
 0.526250E+01   0.226497E+01   0.117081E+02   0.272029E+01   0.847294E+00
 0.529200E+01   0.226556E+01   0.116975E+02   0.272120E+01   0.850697E+00
 0.532150E+01   0.226611E+01   0.116963E+02   0.272205E+01   0.854091E+00
 0.535100E+01   0.226663E+01   0.116853E+02   0.272286E+01   0.857478E+00
 0.538050E+01   0.226712E+01   0.116721E+02   0.272362E+01   0.860857E+00
 0.541000E+01   0.226758E+01   0.116642E+02   0.272433E+01   0.864227E+00
 0.543950E+01   0.226801E+01   0.116591E+02   0.272500E+01   0.867590E+00
 0.546900E+01   0.226841E+01   0.116484E+02   0.272563E+01   0.870945E+00
 0.549850E+01   0.226879E+01   0.116362E+02   0.272621E+01   0.874293E+00
 0.552800E+01   0.226914E+01   0.116318E+02   0.272676E+01   0.877633E+00
 0.555750E+01   0.226946E+01   0.116174E+02   0.272726E+01   0.880965E+00
 0.558700E+01   0.226976E+01   0.116141E+02   0.272773E+01   0.884290E+00
 0.561650E+01   0.227004E+01   0.116028E+02   0.272815E+01   0.887607E+00
 0.564600E+01   0.227029E+01   0.115976E+02   0.272854E+01   0.890916E+00
 0.567550E+01   0.227051E+01   0.115891E+02   0.272890E+01   0.894219E+00
 0.570500E+01   0.227072E+01   0.115814E+02   0.272922E+01   0.897514E+00
 0.573450E+01   0.227090E+01   0.115716E+02   0.272950E+01   0.900802E+00
 0.576400E+01   0.227106E+01   0.115657E+02   0.272975E+01   0.904083E+00
 0.579350E+01   0.227120E+01   0.115583E+02   0.272997E+01   0.907357E+00
 0.582300E+01   0.227132E+01   0.115515E+02   0.273016E+01   0.910623E+00
 0.585250E+01   0.227142E+01   0.115394E+02   0.273031E+01   0.913883E+00
 0.588200E+01   0.227150E+01   0.115275E+02   0.273044E+01   0.917136E+00
 0.591150E+01   0.227156E+01   0.115269E+02   0.273054E+01   0.920382E+00
 0.594100E+01   0.227160E+01   0.115119E+02   0.273060E+01   0.923621E+00
 0.597050E+01   0.227163E+01   0.115052E+02   0.273064E+01   0.926853E+00
