 0.100000E+00   0.327197E+00   0.170940E+03   0.329532E+00   0.209161E-01
 0.129500E+00   0.293492E+00   0.176821E+03   0.295553E+00   0.270697E-01
 0.159000E+00   0.251825E+00   0.181924E+03   0.253533E+00   0.332166E-01
 0.188500E+00   0.182619E+00   0.164781E+03   0.183734E+00   0.393570E-01
 0.218000E+00   0.129029E+00   0.141333E+03   0.129694E+00   0.454912E-01
 0.247500E+00   0.100418E+00   0.116204E+03   0.100841E+00   0.516192E-01
 0.277000E+00   0.906081E-01   0.987004E+02   0.909468E-01   0.577413E-01
 0.306500E+00   0.882917E-01   0.827057E+02   0.886092E-01   0.638576E-01
 0.336000E+00   0.881165E-01   0.751683E+02   0.884345E-01   0.701798E-01
 0.365500E+00   0.901920E-01   0.557671E+02   0.905439E-01   0.763063E-01
 0.395000E+00   0.949410E-01   0.443301E+02   0.953622E-01   0.824253E-01
 0.424500E+00   0.101362E+00   0.406473E+02   0.101880E+00   0.885368E-01
 0.454000E+00   0.108962E+00   0.391977E+02   0.109603E+00   0.946404E-01
 0.483500E+00   0.117532E+00   0.325789E+02   0.118321E+00   0.100736E+00
 0.513000E+00   0.126941E+00   0.276921E+02   0.127906E+00   0.106823E+00
 0.542500E+00   0.137115E+00   0.243862E+02   0.138284E+00   0.112901E+00
 0.572000E+00   0.148016E+00   0.220398E+02   0.149423E+00   0.118970E+00
 0.601500E+00   0.159634E+00   0.202871E+02   0.161312E+00   0.125031E+00
 0.631000E+00   0.171941E+00   0.189436E+02   0.173930E+00   0.131081E+00
 0.660500E+00   0.184697E+00   0.179082E+02   0.187031E+00   0.137121E+00
 0.690000E+00   0.198026E+00   0.170808E+02   0.200746E+00   0.143151E+00
 0.719500E+00   0.211999E+00   0.164099E+02   0.215153E+00   0.149171E+00
 0.749000E+00   0.226664E+00   0.158485E+02   0.230305E+00   0.155180E+00
 0.778500E+00   0.242058E+00   0.153813E+02   0.246244E+00   0.161177E+00
 0.808000E+00   0.258212E+00   0.149825E+02   0.263007E+00   0.167163E+00
 0.837500E+00   0.275149E+00   0.146445E+02   0.280625E+00   0.173137E+00
 0.867000E+00   0.292890E+00   0.143570E+02   0.299124E+00   0.179098E+00
 0.896500E+00   0.311446E+00   0.141071E+02   0.318524E+00   0.185045E+00
 0.926000E+00   0.330826E+00   0.138905E+02   0.338838E+00   0.190980E+00
 0.955500E+00   0.351032E+00   0.137129E+02   0.360078E+00   0.196900E+00
 0.985000E+00   0.372062E+00   0.135544E+02   0.382247E+00   0.202805E+00
 0.101450E+01   0.393906E+00   0.134197E+02   0.405346E+00   0.208695E+00
 0.104400E+01   0.416554E+00   0.132955E+02   0.429368E+00   0.214570E+00
 0.107350E+01   0.439988E+00   0.131967E+02   0.454304E+00   0.220428E+00
 0.110300E+01   0.464188E+00   0.131186E+02   0.480141E+00   0.226270E+00
 0.113250E+01   0.489129E+00   0.130396E+02   0.506861E+00   0.232095E+00
 0.116200E+01   0.514783E+00   0.129764E+02   0.534442E+00   0.237902E+00
 0.119150E+01   0.541119E+00   0.129252E+02   0.562860E+00   0.243691E+00
 0.122100E+01   0.568102E+00   0.128793E+02   0.592085E+00   0.249461E+00
 0.125050E+01   0.595697E+00   0.128454E+02   0.622085E+00   0.255213E+00
 0.128000E+01   0.623862E+00   0.128138E+02   0.652827E+00   0.260944E+00
 0.130950E+01   0.652556E+00   0.127937E+02   0.684272E+00   0.266656E+00
 0.133900E+01   0.681736E+00   0.127734E+02   0.716380E+00   0.272348E+00
 0.136850E+01   0.711356E+00   0.127558E+02   0.749108E+00   0.278019E+00
 0.139800E+01   0.741368E+00   0.127354E+02   0.782410E+00   0.283668E+00
 0.142750E+01   0.771725E+00   0.127263E+02   0.816240E+00   0.289296E+00
 0.145700E+01   0.802375E+00   0.127207E+02   0.850547E+00   0.294902E+00
 0.148650E+01   0.833270E+00   0.127242E+02   0.885280E+00   0.300485E+00
 0.151600E+01   0.864357E+00   0.127185E+02   0.920388E+00   0.306046E+00
 0.154550E+01   0.895585E+00   0.127108E+02   0.955814E+00   0.311583E+00
 0.157500E+01   0.926902E+00   0.127119E+02   0.991506E+00   0.317098E+00
 0.160450E+01   0.958258E+00   0.127200E+02   0.102741E+01   0.322588E+00
 0.163400E+01   0.989601E+00   0.127229E+02   0.106346E+01   0.328054E+00
 0.166350E+01   0.102088E+01   0.127195E+02   0.109961E+01   0.333497E+00
 0.169300E+01   0.105205E+01   0.127286E+02   0.113580E+01   0.338914E+00
 0.172250E+01   0.108306E+01   0.127281E+02   0.117198E+01   0.344307E+00
 0.175200E+01   0.111387E+01   0.127284E+02   0.120810E+01   0.349675E+00
 0.178150E+01   0.114443E+01   0.127294E+02   0.124409E+01   0.355018E+00
 0.181100E+01   0.117470E+01   0.127386E+02   0.127991E+01   0.360336E+00
 0.184050E+01   0.120464E+01   0.127362E+02   0.131552E+01   0.365628E+00
 0.187000E+01   0.123423E+01   0.127412E+02   0.135086E+01   0.370895E+00
 0.189950E+01   0.126341E+01   0.127472E+02   0.138589E+01   0.376137E+00
 0.192900E+01   0.129216E+01   0.127489E+02   0.142056E+01   0.381353E+00
 0.195850E+01   0.132046E+01   0.127494E+02   0.145485E+01   0.386543E+00
 0.198800E+01   0.134828E+01   0.127459E+02   0.148872E+01   0.391708E+00
 0.201750E+01   0.137560E+01   0.127459E+02   0.152212E+01   0.396847E+00
 0.204700E+01   0.140239E+01   0.127458E+02   0.155504E+01   0.401961E+00
 0.207650E+01   0.142865E+01   0.127540E+02   0.158744E+01   0.407049E+00
 0.210600E+01   0.145435E+01   0.127441E+02   0.161931E+01   0.412112E+00
 0.213550E+01   0.147949E+01   0.127437E+02   0.165062E+01   0.417150E+00
 0.216500E+01   0.150406E+01   0.127479E+02   0.168135E+01   0.422162E+00
 0.219450E+01   0.152805E+01   0.127459E+02   0.171148E+01   0.427149E+00
 0.222400E+01   0.155146E+01   0.127423E+02   0.174102E+01   0.432111E+00
 0.225350E+01   0.157428E+01   0.127327E+02   0.176994E+01   0.437048E+00
 0.228300E+01   0.159652E+01   0.127323E+02   0.179824E+01   0.441961E+00
 0.231250E+01   0.161818E+01   0.127256E+02   0.182591E+01   0.446849E+00
 0.234200E+01   0.163926E+01   0.127216E+02   0.185295E+01   0.451713E+00
 0.237150E+01   0.165976E+01   0.127176E+02   0.187935E+01   0.456553E+00
 0.240100E+01   0.167969E+01   0.127116E+02   0.190513E+01   0.461369E+00
 0.243050E+01   0.169906E+01   0.127045E+02   0.193028E+01   0.466161E+00
 0.246000E+01   0.171788E+01   0.126945E+02   0.195480E+01   0.470929E+00
 0.248950E+01   0.173615E+01   0.126892E+02   0.197870E+01   0.475675E+00
 0.251900E+01   0.175389E+01   0.126814E+02   0.200199E+01   0.480397E+00
 0.254850E+01   0.177110E+01   0.126729E+02   0.202467E+01   0.485096E+00
 0.257800E+01   0.178779E+01   0.126645E+02   0.204674E+01   0.489773E+00
 0.260750E+01   0.180398E+01   0.126612E+02   0.206823E+01   0.494427E+00
 0.263700E+01   0.181968E+01   0.126528E+02   0.208913E+01   0.499060E+00
 0.266650E+01   0.183489E+01   0.126442E+02   0.210946E+01   0.503670E+00
 0.269600E+01   0.184964E+01   0.126319E+02   0.212923E+01   0.508259E+00
 0.272550E+01   0.186392E+01   0.126217E+02   0.214844E+01   0.512826E+00
 0.275500E+01   0.187776E+01   0.126085E+02   0.216712E+01   0.517372E+00
 0.278450E+01   0.189117E+01   0.126016E+02   0.218526E+01   0.521897E+00
 0.281400E+01   0.190415E+01   0.125875E+02   0.220289E+01   0.526402E+00
 0.284350E+01   0.191672E+01   0.125817E+02   0.222002E+01   0.530886E+00
 0.287300E+01   0.192889E+01   0.125701E+02   0.223664E+01   0.535350E+00
 0.290250E+01   0.194068E+01   0.125558E+02   0.225279E+01   0.539794E+00
 0.293200E+01   0.195209E+01   0.125490E+02   0.226847E+01   0.544218E+00
 0.296150E+01   0.196313E+01   0.125428E+02   0.228368E+01   0.548623E+00
 0.299100E+01   0.197382E+01   0.125231E+02   0.229845E+01   0.553008E+00
 0.302050E+01   0.198417E+01   0.125205E+02   0.231278E+01   0.557374E+00
 0.305000E+01   0.199418E+01   0.125019E+02   0.232669E+01   0.561722E+00
 0.307950E+01   0.200387E+01   0.124914E+02   0.234019E+01   0.566051E+00
 0.310900E+01   0.201325E+01   0.124810E+02   0.235328E+01   0.570362E+00
 0.313850E+01   0.202233E+01   0.124740E+02   0.236599E+01   0.574654E+00
 0.316800E+01   0.203111E+01   0.124593E+02   0.237831E+01   0.578929E+00
 0.319750E+01   0.203961E+01   0.124496E+02   0.239026E+01   0.583186E+00
 0.322700E+01   0.204783E+01   0.124376E+02   0.240185E+01   0.587425E+00
 0.325650E+01   0.205579E+01   0.124231E+02   0.241310E+01   0.591648E+00
 0.328600E+01   0.206349E+01   0.124086E+02   0.242400E+01   0.595853E+00
 0.331550E+01   0.207094E+01   0.124026E+02   0.243457E+01   0.600041E+00
 0.334500E+01   0.207814E+01   0.123902E+02   0.244483E+01   0.604213E+00
 0.337450E+01   0.208512E+01   0.123806E+02   0.245477E+01   0.608368E+00
 0.340400E+01   0.209187E+01   0.123605E+02   0.246440E+01   0.612508E+00
 0.343350E+01   0.209839E+01   0.123544E+02   0.247375E+01   0.616631E+00
 0.346300E+01   0.210471E+01   0.123381E+02   0.248281E+01   0.620738E+00
 0.349250E+01   0.211082E+01   0.123256E+02   0.249159E+01   0.624830E+00
 0.352200E+01   0.211673E+01   0.123151E+02   0.250010E+01   0.628906E+00
 0.355150E+01   0.212245E+01   0.123108E+02   0.250835E+01   0.632967E+00
 0.358100E+01   0.212798E+01   0.122982E+02   0.251635E+01   0.637013E+00
 0.361050E+01   0.213333E+01   0.122799E+02   0.252410E+01   0.641044E+00
 0.364000E+01   0.213851E+01   0.122736E+02   0.253161E+01   0.645060E+00
 0.366950E+01   0.214352E+01   0.122585E+02   0.253889E+01   0.649061E+00
 0.369900E+01   0.214837E+01   0.122501E+02   0.254594E+01   0.653049E+00
 0.372850E+01   0.215305E+01   0.122369E+02   0.255278E+01   0.657022E+00
 0.375800E+01   0.215758E+01   0.122224E+02   0.255940E+01   0.660981E+00
 0.378750E+01   0.216197E+01   0.122143E+02   0.256581E+01   0.664926E+00
 0.381700E+01   0.216621E+01   0.121996E+02   0.257203E+01   0.668857E+00
 0.384650E+01   0.217031E+01   0.121894E+02   0.257804E+01   0.672775E+00
 0.387600E+01   0.217427E+01   0.121786E+02   0.258387E+01   0.676680E+00
 0.390550E+01   0.217811E+01   0.121620E+02   0.258952E+01   0.680571E+00
 0.393500E+01   0.218181E+01   0.121513E+02   0.259498E+01   0.684449E+00
 0.396450E+01   0.218540E+01   0.121392E+02   0.260028E+01   0.688314E+00
 0.399400E+01   0.218886E+01   0.121356E+02   0.260540E+01   0.692166E+00
 0.402350E+01   0.219221E+01   0.121178E+02   0.261036E+01   0.696006E+00
 0.405300E+01   0.219545E+01   0.121064E+02   0.261516E+01   0.699833E+00
 0.408250E+01   0.219858E+01   0.120993E+02   0.261981E+01   0.703648E+00
 0.411200E+01   0.220160E+01   0.120831E+02   0.262431E+01   0.707450E+00
 0.414150E+01   0.220452E+01   0.120733E+02   0.262866E+01   0.711241E+00
 0.417100E+01   0.220735E+01   0.120686E+02   0.263287E+01   0.715019E+00
 0.420050E+01   0.221007E+01   0.120513E+02   0.263694E+01   0.718786E+00
 0.423000E+01   0.221271E+01   0.120410E+02   0.264087E+01   0.722540E+00
 0.425950E+01   0.221525E+01   0.120296E+02   0.264468E+01   0.726284E+00
 0.428900E+01   0.221771E+01   0.120190E+02   0.264836E+01   0.730015E+00
 0.431850E+01   0.222008E+01   0.120138E+02   0.265192E+01   0.733736E+00
 0.434800E+01   0.222237E+01   0.119958E+02   0.265535E+01   0.737445E+00
 0.437750E+01   0.222457E+01   0.119911E+02   0.265867E+01   0.741143E+00
 0.440700E+01   0.222671E+01   0.119766E+02   0.266188E+01   0.744830E+00
 0.443650E+01   0.222876E+01   0.119651E+02   0.266498E+01   0.748506E+00
 0.446600E+01   0.223074E+01   0.119576E+02   0.266797E+01   0.752172E+00
 0.449550E+01   0.223265E+01   0.119471E+02   0.267086E+01   0.755826E+00
 0.452500E+01   0.223450E+01   0.119391E+02   0.267364E+01   0.759471E+00
 0.455450E+01   0.223627E+01   0.119277E+02   0.267633E+01   0.763104E+00
 0.458400E+01   0.223798E+01   0.119115E+02   0.267892E+01   0.766728E+00
 0.461350E+01   0.223963E+01   0.119021E+02   0.268142E+01   0.770341E+00
 0.464300E+01   0.224121E+01   0.118988E+02   0.268382E+01   0.773944E+00
 0.467250E+01   0.224274E+01   0.118803E+02   0.268614E+01   0.777537E+00
 0.470200E+01   0.224421E+01   0.118732E+02   0.268838E+01   0.781120E+00
 0.473150E+01   0.224562E+01   0.118660E+02   0.269053E+01   0.784694E+00
 0.476100E+01   0.224698E+01   0.118588E+02   0.269259E+01   0.788257E+00
 0.479050E+01   0.224828E+01   0.118422E+02   0.269458E+01   0.791811E+00
 0.482000E+01   0.224953E+01   0.118341E+02   0.269649E+01   0.795356E+00
 0.484950E+01   0.225073E+01   0.118281E+02   0.269833E+01   0.798891E+00
 0.487900E+01   0.225189E+01   0.118157E+02   0.270009E+01   0.802416E+00
 0.490850E+01   0.225299E+01   0.118048E+02   0.270179E+01   0.805933E+00
 0.493800E+01   0.225405E+01   0.117921E+02   0.270341E+01   0.809440E+00
 0.496750E+01   0.225507E+01   0.117838E+02   0.270497E+01   0.812938E+00
 0.499700E+01   0.225604E+01   0.117760E+02   0.270646E+01   0.816427E+00
 0.502650E+01   0.225697E+01   0.117716E+02   0.270788E+01   0.819907E+00
 0.505600E+01   0.225786E+01   0.117621E+02   0.270925E+01   0.823379E+00
 0.508550E+01   0.225870E+01   0.117532E+02   0.271055E+01   0.826841E+00
 0.511500E+01   0.225951E+01   0.117429E+02   0.271180E+01   0.830295E+00
 0.514450E+01   0.226028E+01   0.117286E+02   0.271298E+01   0.833740E+00
 0.517400E+01   0.226102E+01   0.117214E+02   0.271411E+01   0.837177E+00
 0.520350E+01   0.226171E+01   0.117126E+02   0.271519E+01   0.840605E+00
 0.523300E+01   0.226238E+01   0.117010E+02   0.271621E+01   0.844025E+00
 0.526250E+01   0.226300E+01   0.116891E+02   0.271718E+01   0.847437E+00
 0.529200E+01   0.226360E+01   0.116859E+02   0.271810E+01   0.850841E+00
 0.532150E+01   0.226416E+01   0.116729E+02   0.271897E+01   0.854236E+00
 0.535100E+01   0.226469E+01   0.116654E+02   0.271980E+01   0.857623E+00
 0.538050E+01   0.226519E+01   0.116548E+02   0.272057E+01   0.861002E+00
 0.541000E+01   0.226567E+01   0.116442E+02   0.272130E+01   0.864374E+00
 0.543950E+01   0.226611E+01   0.116357E+02   0.272199E+01   0.867737E+00
 0.546900E+01   0.226652E+01   0.116276E+02   0.272263E+01   0.871093E+00
 0.549850E+01   0.226691E+01   0.116222E+02   0.272323E+01   0.874441E+00
 0.552800E+01   0.226727E+01   0.116138E+02   0.272379E+01   0.877781E+00
 0.555750E+01   0.226760E+01   0.116104E+02   0.272431E+01   0.881114E+00
 0.558700E+01   0.226791E+01   0.116015E+02   0.272479E+01   0.884439E+00
 0.561650E+01   0.226820E+01   0.115866E+02   0.272524E+01   0.887757E+00
 0.564600E+01   0.226846E+01   0.115816E+02   0.272564E+01   0.891067E+00
 0.567550E+01   0.226869E+01   0.115747E+02   0.272601E+01   0.894370E+00
 0.570500E+01   0.226891E+01   0.115638E+02   0.272634E+01   0.897666E+00
 0.573450E+01   0.226910E+01   0.115528E+02   0.272664E+01   0.900954E+00
 0.576400E+01   0.226927E+01   0.115454E+02   0.272691E+01   0.904236E+00
 0.579350E+01   0.226941E+01   0.115398E+02   0.272714E+01   0.907510E+00
 0.582300E+01   0.226954E+01   0.115311E+02   0.272734E+01   0.910777E+00
 0.585250E+01   0.226965E+01   0.115272E+02   0.272751E+01   0.914037E+00
 0.588200E+01   0.226974E+01   0.115178E+02   0.272765E+01   0.917290E+00
 0.591150E+01   0.226981E+01   0.115043E+02   0.272776E+01   0.920537E+00
 0.594100E+01   0.226986E+01   0.114971E+02   0.272784E+01   0.923776E+00
 0.597050E+01   0.226989E+01   0.114864E+02   0.272789E+01   0.927009E+00
