 0.100000E+00   0.327197E+00   0.170940E+03   0.329532E+00   0.209161E-01
 0.129500E+00   0.293492E+00   0.176821E+03   0.295553E+00   0.270697E-01
 0.159000E+00   0.251333E+00   0.181581E+03   0.253036E+00   0.332166E-01
 0.188500E+00   0.181782E+00   0.164000E+03   0.182890E+00   0.393570E-01
 0.218000E+00   0.128800E+00   0.140981E+03   0.129462E+00   0.454912E-01
 0.247500E+00   0.100060E+00   0.115126E+03   0.100480E+00   0.516192E-01
 0.277000E+00   0.905797E-01   0.985097E+02   0.909181E-01   0.577413E-01
 0.306500E+00   0.882426E-01   0.800881E+02   0.885581E-01   0.638576E-01
 0.336000E+00   0.945364E-01   0.461280E+02   0.949170E-01   0.700395E-01
 0.365500E+00   0.103765E+00   0.404756E+02   0.104257E+00   0.761428E-01
 0.395000E+00   0.114097E+00   0.383366E+02   0.114730E+00   0.822374E-01
 0.424500E+00   0.125044E+00   0.309836E+02   0.125844E+00   0.883231E-01
 0.454000E+00   0.136407E+00   0.266661E+02   0.137399E+00   0.944000E-01
 0.483500E+00   0.148100E+00   0.238252E+02   0.149309E+00   0.100468E+00
 0.513000E+00   0.160092E+00   0.218346E+02   0.161544E+00   0.106526E+00
 0.542500E+00   0.172353E+00   0.203600E+02   0.174076E+00   0.112575E+00
 0.572000E+00   0.184479E+00   0.192530E+02   0.186491E+00   0.118615E+00
 0.601500E+00   0.196665E+00   0.183813E+02   0.198988E+00   0.124645E+00
 0.631000E+00   0.209044E+00   0.176739E+02   0.211705E+00   0.130666E+00
 0.660500E+00   0.221701E+00   0.170868E+02   0.224730E+00   0.136677E+00
 0.690000E+00   0.234704E+00   0.165818E+02   0.238135E+00   0.142678E+00
 0.719500E+00   0.248113E+00   0.161493E+02   0.251985E+00   0.148669E+00
 0.749000E+00   0.261982E+00   0.157745E+02   0.266336E+00   0.154649E+00
 0.778500E+00   0.276359E+00   0.154412E+02   0.281243E+00   0.160618E+00
 0.808000E+00   0.291287E+00   0.151423E+02   0.296752E+00   0.166576E+00
 0.837500E+00   0.306804E+00   0.148803E+02   0.312907E+00   0.172523E+00
 0.867000E+00   0.322942E+00   0.146511E+02   0.329746E+00   0.178457E+00
 0.896500E+00   0.339730E+00   0.144431E+02   0.347304E+00   0.184379E+00
 0.926000E+00   0.357192E+00   0.142589E+02   0.365610E+00   0.190287E+00
 0.955500E+00   0.375346E+00   0.140894E+02   0.384689E+00   0.196183E+00
 0.985000E+00   0.394207E+00   0.139339E+02   0.404562E+00   0.202064E+00
 0.101450E+01   0.413786E+00   0.138059E+02   0.425246E+00   0.207932E+00
 0.104400E+01   0.434087E+00   0.136827E+02   0.446754E+00   0.213784E+00
 0.107350E+01   0.455111E+00   0.135813E+02   0.469092E+00   0.219622E+00
 0.110300E+01   0.476856E+00   0.134830E+02   0.492265E+00   0.225443E+00
 0.113250E+01   0.499315E+00   0.133955E+02   0.516272E+00   0.231249E+00
 0.116200E+01   0.522476E+00   0.133200E+02   0.541110E+00   0.237038E+00
 0.119150E+01   0.546324E+00   0.132556E+02   0.566769E+00   0.242810E+00
 0.122100E+01   0.570841E+00   0.131897E+02   0.593237E+00   0.248564E+00
 0.125050E+01   0.596004E+00   0.131352E+02   0.620497E+00   0.254301E+00
 0.128000E+01   0.621787E+00   0.130945E+02   0.648530E+00   0.260018E+00
 0.130950E+01   0.648162E+00   0.130487E+02   0.677311E+00   0.265717E+00
 0.133900E+01   0.675094E+00   0.130170E+02   0.706813E+00   0.271397E+00
 0.136850E+01   0.702549E+00   0.129861E+02   0.737005E+00   0.277056E+00
 0.139800E+01   0.730489E+00   0.129558E+02   0.767850E+00   0.282695E+00
 0.142750E+01   0.758872E+00   0.129341E+02   0.799312E+00   0.288314E+00
 0.145700E+01   0.787654E+00   0.129181E+02   0.831349E+00   0.293911E+00
 0.148650E+01   0.816791E+00   0.129019E+02   0.863916E+00   0.299487E+00
 0.151600E+01   0.846235E+00   0.128783E+02   0.896967E+00   0.305041E+00
 0.154550E+01   0.875935E+00   0.128732E+02   0.930451E+00   0.310573E+00
 0.157500E+01   0.905843E+00   0.128621E+02   0.964316E+00   0.316081E+00
 0.160450E+01   0.935907E+00   0.128478E+02   0.998510E+00   0.321567E+00
 0.163400E+01   0.966075E+00   0.128378E+02   0.103298E+01   0.327030E+00
 0.166350E+01   0.996295E+00   0.128315E+02   0.106766E+01   0.332469E+00
 0.169300E+01   0.102652E+01   0.128279E+02   0.110251E+01   0.337884E+00
 0.172250E+01   0.105669E+01   0.128247E+02   0.113745E+01   0.343275E+00
 0.175200E+01   0.108676E+01   0.128207E+02   0.117245E+01   0.348641E+00
 0.178150E+01   0.111669E+01   0.128211E+02   0.120743E+01   0.353983E+00
 0.181100E+01   0.114642E+01   0.128193E+02   0.124235E+01   0.359300E+00
 0.184050E+01   0.117591E+01   0.128097E+02   0.127716E+01   0.364592E+00
 0.187000E+01   0.120513E+01   0.128044E+02   0.131179E+01   0.369859E+00
 0.189950E+01   0.123402E+01   0.128028E+02   0.134621E+01   0.375101E+00
 0.192900E+01   0.126256E+01   0.128044E+02   0.138036E+01   0.380318E+00
 0.195850E+01   0.129071E+01   0.127994E+02   0.141421E+01   0.385510E+00
 0.198800E+01   0.131844E+01   0.127988E+02   0.144770E+01   0.390676E+00
 0.201750E+01   0.134572E+01   0.127913E+02   0.148081E+01   0.395816E+00
 0.204700E+01   0.137253E+01   0.127955E+02   0.151349E+01   0.400932E+00
 0.207650E+01   0.139885E+01   0.127870E+02   0.154572E+01   0.406022E+00
 0.210600E+01   0.142466E+01   0.127881E+02   0.157746E+01   0.411087E+00
 0.213550E+01   0.144993E+01   0.127806E+02   0.160870E+01   0.416126E+00
 0.216500E+01   0.147467E+01   0.127755E+02   0.163940E+01   0.421141E+00
 0.219450E+01   0.149886E+01   0.127733E+02   0.166955E+01   0.426131E+00
 0.222400E+01   0.152249E+01   0.127651E+02   0.169913E+01   0.431095E+00
 0.225350E+01   0.154555E+01   0.127603E+02   0.172813E+01   0.436035E+00
 0.228300E+01   0.156805E+01   0.127553E+02   0.175653E+01   0.440950E+00
 0.231250E+01   0.158998E+01   0.127458E+02   0.178434E+01   0.445841E+00
 0.234200E+01   0.161134E+01   0.127354E+02   0.181154E+01   0.450708E+00
 0.237150E+01   0.163214E+01   0.127342E+02   0.183812E+01   0.455550E+00
 0.240100E+01   0.165237E+01   0.127205E+02   0.186409E+01   0.460369E+00
 0.243050E+01   0.167205E+01   0.127179E+02   0.188945E+01   0.465164E+00
 0.246000E+01   0.169118E+01   0.127139E+02   0.191419E+01   0.469935E+00
 0.248950E+01   0.170977E+01   0.127053E+02   0.193832E+01   0.474683E+00
 0.251900E+01   0.172782E+01   0.126965E+02   0.196185E+01   0.479408E+00
 0.254850E+01   0.174534E+01   0.126877E+02   0.198478E+01   0.484110E+00
 0.257800E+01   0.176235E+01   0.126739E+02   0.200711E+01   0.488790E+00
 0.260750E+01   0.177885E+01   0.126666E+02   0.202885E+01   0.493447E+00
 0.263700E+01   0.179486E+01   0.126544E+02   0.205002E+01   0.498082E+00
 0.266650E+01   0.181038E+01   0.126450E+02   0.207061E+01   0.502695E+00
 0.269600E+01   0.182543E+01   0.126357E+02   0.209065E+01   0.507286E+00
 0.272550E+01   0.184002E+01   0.126295E+02   0.211013E+01   0.511856E+00
 0.275500E+01   0.185416E+01   0.126142E+02   0.212907E+01   0.516405E+00
 0.278450E+01   0.186786E+01   0.126013E+02   0.214749E+01   0.520933E+00
 0.281400E+01   0.188113E+01   0.125945E+02   0.216538E+01   0.525440E+00
 0.284350E+01   0.189398E+01   0.125863E+02   0.218277E+01   0.529926E+00
 0.287300E+01   0.190644E+01   0.125766E+02   0.219967E+01   0.534393E+00
 0.290250E+01   0.191849E+01   0.125575E+02   0.221607E+01   0.538839E+00
 0.293200E+01   0.193017E+01   0.125494E+02   0.223201E+01   0.543266E+00
 0.296150E+01   0.194148E+01   0.125350E+02   0.224748E+01   0.547673E+00
 0.299100E+01   0.195242E+01   0.125269E+02   0.226251E+01   0.552060E+00
 0.302050E+01   0.196302E+01   0.125165E+02   0.227709E+01   0.556429E+00
 0.305000E+01   0.197328E+01   0.124984E+02   0.229125E+01   0.560779E+00
 0.307950E+01   0.198321E+01   0.124869E+02   0.230499E+01   0.565110E+00
 0.310900E+01   0.199283E+01   0.124751E+02   0.231833E+01   0.569423E+00
 0.313850E+01   0.200213E+01   0.124672E+02   0.233127E+01   0.573718E+00
 0.316800E+01   0.201114E+01   0.124564E+02   0.234382E+01   0.577994E+00
 0.319750E+01   0.201986E+01   0.124424E+02   0.235601E+01   0.582253E+00
 0.322700E+01   0.202829E+01   0.124345E+02   0.236783E+01   0.586495E+00
 0.325650E+01   0.203646E+01   0.124199E+02   0.237929E+01   0.590719E+00
 0.328600E+01   0.204437E+01   0.124116E+02   0.239042E+01   0.594926E+00
 0.331550E+01   0.205201E+01   0.123921E+02   0.240121E+01   0.599117E+00
 0.334500E+01   0.205942E+01   0.123878E+02   0.241167E+01   0.603290E+00
 0.337450E+01   0.206658E+01   0.123754E+02   0.242183E+01   0.607448E+00
 0.340400E+01   0.207352E+01   0.123567E+02   0.243167E+01   0.611589E+00
 0.343350E+01   0.208023E+01   0.123455E+02   0.244122E+01   0.615714E+00
 0.346300E+01   0.208672E+01   0.123395E+02   0.245047E+01   0.619823E+00
 0.349250E+01   0.209300E+01   0.123227E+02   0.245945E+01   0.623916E+00
 0.352200E+01   0.209909E+01   0.123123E+02   0.246816E+01   0.627994E+00
 0.355150E+01   0.210497E+01   0.122976E+02   0.247660E+01   0.632056E+00
 0.358100E+01   0.211067E+01   0.122927E+02   0.248478E+01   0.636104E+00
 0.361050E+01   0.211618E+01   0.122762E+02   0.249271E+01   0.640136E+00
 0.364000E+01   0.212151E+01   0.122600E+02   0.250040E+01   0.644154E+00
 0.366950E+01   0.212667E+01   0.122497E+02   0.250786E+01   0.648157E+00
 0.369900E+01   0.213166E+01   0.122444E+02   0.251508E+01   0.652146E+00
 0.372850E+01   0.213649E+01   0.122232E+02   0.252209E+01   0.656121E+00
 0.375800E+01   0.214117E+01   0.122146E+02   0.252888E+01   0.660081E+00
 0.378750E+01   0.214569E+01   0.122062E+02   0.253546E+01   0.664028E+00
 0.381700E+01   0.215006E+01   0.121885E+02   0.254183E+01   0.667961E+00
 0.384650E+01   0.215429E+01   0.121836E+02   0.254801E+01   0.671880E+00
 0.387600E+01   0.215839E+01   0.121650E+02   0.255399E+01   0.675786E+00
 0.390550E+01   0.216235E+01   0.121581E+02   0.255979E+01   0.679678E+00
 0.393500E+01   0.216618E+01   0.121512E+02   0.256541E+01   0.683558E+00
 0.396450E+01   0.216989E+01   0.121324E+02   0.257085E+01   0.687424E+00
 0.399400E+01   0.217347E+01   0.121215E+02   0.257612E+01   0.691278E+00
 0.402350E+01   0.217693E+01   0.121083E+02   0.258122E+01   0.695119E+00
 0.405300E+01   0.218029E+01   0.121003E+02   0.258617E+01   0.698947E+00
 0.408250E+01   0.218353E+01   0.120906E+02   0.259095E+01   0.702763E+00
 0.411200E+01   0.218666E+01   0.120744E+02   0.259558E+01   0.706566E+00
 0.414150E+01   0.218969E+01   0.120716E+02   0.260007E+01   0.710358E+00
 0.417100E+01   0.219261E+01   0.120514E+02   0.260441E+01   0.714137E+00
 0.420050E+01   0.219544E+01   0.120410E+02   0.260861E+01   0.717905E+00
 0.423000E+01   0.219818E+01   0.120322E+02   0.261267E+01   0.721661E+00
 0.425950E+01   0.220082E+01   0.120227E+02   0.261661E+01   0.725405E+00
 0.428900E+01   0.220337E+01   0.120095E+02   0.262041E+01   0.729138E+00
 0.431850E+01   0.220583E+01   0.120014E+02   0.262409E+01   0.732860E+00
 0.434800E+01   0.220822E+01   0.119941E+02   0.262765E+01   0.736570E+00
 0.437750E+01   0.221051E+01   0.119784E+02   0.263108E+01   0.740269E+00
 0.440700E+01   0.221273E+01   0.119710E+02   0.263441E+01   0.743957E+00
 0.443650E+01   0.221488E+01   0.119574E+02   0.263762E+01   0.747634E+00
 0.446600E+01   0.221694E+01   0.119492E+02   0.264072E+01   0.751300E+00
 0.449550E+01   0.221894E+01   0.119365E+02   0.264372E+01   0.754956E+00
 0.452500E+01   0.222086E+01   0.119272E+02   0.264661E+01   0.758601E+00
 0.455450E+01   0.222272E+01   0.119123E+02   0.264941E+01   0.762236E+00
 0.458400E+01   0.222451E+01   0.119085E+02   0.265211E+01   0.765860E+00
 0.461350E+01   0.222623E+01   0.118972E+02   0.265471E+01   0.769474E+00
 0.464300E+01   0.222789E+01   0.118798E+02   0.265722E+01   0.773078E+00
 0.467250E+01   0.222950E+01   0.118723E+02   0.265964E+01   0.776672E+00
 0.470200E+01   0.223104E+01   0.118616E+02   0.266197E+01   0.780256E+00
 0.473150E+01   0.223252E+01   0.118569E+02   0.266422E+01   0.783830E+00
 0.476100E+01   0.223395E+01   0.118432E+02   0.266638E+01   0.787395E+00
 0.479050E+01   0.223532E+01   0.118334E+02   0.266847E+01   0.790949E+00
 0.482000E+01   0.223664E+01   0.118235E+02   0.267047E+01   0.794495E+00
 0.484950E+01   0.223791E+01   0.118131E+02   0.267240E+01   0.798030E+00
 0.487900E+01   0.223913E+01   0.118037E+02   0.267426E+01   0.801557E+00
 0.490850E+01   0.224030E+01   0.117982E+02   0.267604E+01   0.805074E+00
 0.493800E+01   0.224143E+01   0.117889E+02   0.267775E+01   0.808582E+00
 0.496750E+01   0.224250E+01   0.117750E+02   0.267940E+01   0.812080E+00
 0.499700E+01   0.224354E+01   0.117664E+02   0.268097E+01   0.815570E+00
 0.502650E+01   0.224453E+01   0.117585E+02   0.268249E+01   0.819051E+00
 0.505600E+01   0.224547E+01   0.117488E+02   0.268393E+01   0.822523E+00
 0.508550E+01   0.224638E+01   0.117414E+02   0.268532E+01   0.825986E+00
 0.511500E+01   0.224724E+01   0.117234E+02   0.268665E+01   0.829441E+00
 0.514450E+01   0.224807E+01   0.117160E+02   0.268792E+01   0.832887E+00
 0.517400E+01   0.224886E+01   0.117073E+02   0.268913E+01   0.836324E+00
 0.520350E+01   0.224961E+01   0.117015E+02   0.269028E+01   0.839753E+00
 0.523300E+01   0.225033E+01   0.116883E+02   0.269138E+01   0.843174E+00
 0.526250E+01   0.225101E+01   0.116799E+02   0.269243E+01   0.846586E+00
 0.529200E+01   0.225166E+01   0.116739E+02   0.269343E+01   0.849990E+00
 0.532150E+01   0.225227E+01   0.116635E+02   0.269437E+01   0.853386E+00
 0.535100E+01   0.225285E+01   0.116521E+02   0.269527E+01   0.856773E+00
 0.538050E+01   0.225341E+01   0.116462E+02   0.269612E+01   0.860153E+00
 0.541000E+01   0.225393E+01   0.116342E+02   0.269692E+01   0.863525E+00
 0.543950E+01   0.225442E+01   0.116286E+02   0.269768E+01   0.866889E+00
 0.546900E+01   0.225488E+01   0.116219E+02   0.269839E+01   0.870245E+00
 0.549850E+01   0.225531E+01   0.116119E+02   0.269906E+01   0.873594E+00
 0.552800E+01   0.225572E+01   0.116016E+02   0.269969E+01   0.876935E+00
 0.555750E+01   0.225610E+01   0.115954E+02   0.270028E+01   0.880268E+00
 0.558700E+01   0.225645E+01   0.115822E+02   0.270082E+01   0.883593E+00
 0.561650E+01   0.225678E+01   0.115738E+02   0.270133E+01   0.886912E+00
 0.564600E+01   0.225708E+01   0.115703E+02   0.270180E+01   0.890222E+00
 0.567550E+01   0.225736E+01   0.115585E+02   0.270224E+01   0.893526E+00
 0.570500E+01   0.225762E+01   0.115554E+02   0.270263E+01   0.896822E+00
 0.573450E+01   0.225785E+01   0.115456E+02   0.270300E+01   0.900111E+00
 0.576400E+01   0.225806E+01   0.115379E+02   0.270332E+01   0.903392E+00
 0.579350E+01   0.225825E+01   0.115240E+02   0.270362E+01   0.906667E+00
 0.582300E+01   0.225842E+01   0.115212E+02   0.270388E+01   0.909935E+00
 0.585250E+01   0.225856E+01   0.115075E+02   0.270411E+01   0.913195E+00
 0.588200E+01   0.225869E+01   0.115060E+02   0.270431E+01   0.916449E+00
 0.591150E+01   0.225880E+01   0.114914E+02   0.270447E+01   0.919696E+00
 0.594100E+01   0.225889E+01   0.114882E+02   0.270461E+01   0.922936E+00
 0.597050E+01   0.225896E+01   0.114754E+02   0.270472E+01   0.926169E+00
