 0.100000E+00   0.327197E+00   0.170940E+03   0.329532E+00   0.209161E-01
 0.129500E+00   0.293492E+00   0.176821E+03   0.295553E+00   0.270697E-01
 0.159000E+00   0.251825E+00   0.181924E+03   0.253533E+00   0.332166E-01
 0.188500E+00   0.180957E+00   0.163229E+03   0.182058E+00   0.393570E-01
 0.218000E+00   0.129112E+00   0.141461E+03   0.129778E+00   0.454912E-01
 0.247500E+00   0.998961E-01   0.114631E+03   0.100315E+00   0.516192E-01
 0.277000E+00   0.906299E-01   0.988465E+02   0.909687E-01   0.577413E-01
 0.306500E+00   0.883027E-01   0.828323E+02   0.886203E-01   0.638576E-01
 0.336000E+00   0.881244E-01   0.750137E+02   0.884426E-01   0.701831E-01
 0.365500E+00   0.902819E-01   0.554975E+02   0.906353E-01   0.763098E-01
 0.395000E+00   0.951632E-01   0.439807E+02   0.955881E-01   0.824290E-01
 0.424500E+00   0.101752E+00   0.405906E+02   0.102277E+00   0.885405E-01
 0.454000E+00   0.109545E+00   0.389761E+02   0.110196E+00   0.946440E-01
 0.483500E+00   0.118326E+00   0.321218E+02   0.119131E+00   0.100739E+00
 0.513000E+00   0.127960E+00   0.273463E+02   0.128946E+00   0.106826E+00
 0.542500E+00   0.138367E+00   0.241252E+02   0.139565E+00   0.112904E+00
 0.572000E+00   0.149508E+00   0.218214E+02   0.150950E+00   0.118973E+00
 0.601500E+00   0.161365E+00   0.201148E+02   0.163088E+00   0.125032E+00
 0.631000E+00   0.173913E+00   0.188095E+02   0.175956E+00   0.131082E+00
 0.660500E+00   0.186900E+00   0.177976E+02   0.189298E+00   0.137121E+00
 0.690000E+00   0.200447E+00   0.169981E+02   0.203243E+00   0.143150E+00
 0.719500E+00   0.214626E+00   0.163430E+02   0.217867E+00   0.149169E+00
 0.749000E+00   0.229482E+00   0.157915E+02   0.233223E+00   0.155177E+00
 0.778500E+00   0.245053E+00   0.153391E+02   0.249351E+00   0.161173E+00
 0.808000E+00   0.261366E+00   0.149479E+02   0.266287E+00   0.167158E+00
 0.837500E+00   0.278445E+00   0.146245E+02   0.284060E+00   0.173130E+00
 0.867000E+00   0.296307E+00   0.143465E+02   0.302695E+00   0.179089E+00
 0.896500E+00   0.314966E+00   0.141057E+02   0.322210E+00   0.185036E+00
 0.926000E+00   0.334428E+00   0.138944E+02   0.342620E+00   0.190968E+00
 0.955500E+00   0.354695E+00   0.137189E+02   0.363933E+00   0.196887E+00
 0.985000E+00   0.375763E+00   0.135602E+02   0.386154E+00   0.202790E+00
 0.101450E+01   0.397627E+00   0.134268E+02   0.409283E+00   0.208679E+00
 0.104400E+01   0.420272E+00   0.133107E+02   0.433313E+00   0.214552E+00
 0.107350E+01   0.443684E+00   0.132128E+02   0.458237E+00   0.220409E+00
 0.110300E+01   0.467842E+00   0.131308E+02   0.484040E+00   0.226249E+00
 0.113250E+01   0.492722E+00   0.130596E+02   0.510707E+00   0.232072E+00
 0.116200E+01   0.518298E+00   0.129948E+02   0.538215E+00   0.237878E+00
 0.119150E+01   0.544539E+00   0.129417E+02   0.566542E+00   0.243665E+00
 0.122100E+01   0.571413E+00   0.129062E+02   0.595659E+00   0.249434E+00
 0.125050E+01   0.598884E+00   0.128634E+02   0.625537E+00   0.255184E+00
 0.128000E+01   0.626914E+00   0.128383E+02   0.656141E+00   0.260915E+00
 0.130950E+01   0.655464E+00   0.128102E+02   0.687437E+00   0.266625E+00
 0.133900E+01   0.684489E+00   0.127913E+02   0.719384E+00   0.272316E+00
 0.136850E+01   0.713948E+00   0.127711E+02   0.751943E+00   0.277985E+00
 0.139800E+01   0.743794E+00   0.127650E+02   0.785068E+00   0.283634E+00
 0.142750E+01   0.773980E+00   0.127546E+02   0.818715E+00   0.289260E+00
 0.145700E+01   0.804458E+00   0.127395E+02   0.852835E+00   0.294865E+00
 0.148650E+01   0.835179E+00   0.127376E+02   0.887379E+00   0.300448E+00
 0.151600E+01   0.866093E+00   0.127359E+02   0.922296E+00   0.306008E+00
 0.154550E+01   0.897150E+00   0.127302E+02   0.957533E+00   0.311544E+00
 0.157500E+01   0.928299E+00   0.127370E+02   0.993036E+00   0.317058E+00
 0.160450E+01   0.959491E+00   0.127321E+02   0.102875E+01   0.322548E+00
 0.163400E+01   0.990675E+00   0.127383E+02   0.106462E+01   0.328013E+00
 0.166350E+01   0.102180E+01   0.127362E+02   0.110060E+01   0.333455E+00
 0.169300E+01   0.105282E+01   0.127392E+02   0.113662E+01   0.338872E+00
 0.172250E+01   0.108370E+01   0.127363E+02   0.117263E+01   0.344265E+00
 0.175200E+01   0.111437E+01   0.127483E+02   0.120859E+01   0.349633E+00
 0.178150E+01   0.114480E+01   0.127456E+02   0.124443E+01   0.354975E+00
 0.181100E+01   0.117496E+01   0.127516E+02   0.128011E+01   0.360293E+00
 0.184050E+01   0.120479E+01   0.127510E+02   0.131558E+01   0.365585E+00
 0.187000E+01   0.123427E+01   0.127584E+02   0.135080E+01   0.370852E+00
 0.189950E+01   0.126336E+01   0.127563E+02   0.138571E+01   0.376094E+00
 0.192900E+01   0.129203E+01   0.127604E+02   0.142027E+01   0.381310E+00
 0.195850E+01   0.132024E+01   0.127556E+02   0.145446E+01   0.386500E+00
 0.198800E+01   0.134799E+01   0.127612E+02   0.148823E+01   0.391665E+00
 0.201750E+01   0.137524E+01   0.127599E+02   0.152155E+01   0.396805E+00
 0.204700E+01   0.140197E+01   0.127573E+02   0.155438E+01   0.401918E+00
 0.207650E+01   0.142817E+01   0.127537E+02   0.158671E+01   0.407007E+00
 0.210600E+01   0.145383E+01   0.127615E+02   0.161851E+01   0.412070E+00
 0.213550E+01   0.147892E+01   0.127564E+02   0.164976E+01   0.417107E+00
 0.216500E+01   0.150345E+01   0.127547E+02   0.168043E+01   0.422120E+00
 0.219450E+01   0.152741E+01   0.127530E+02   0.171052E+01   0.427107E+00
 0.222400E+01   0.155079E+01   0.127461E+02   0.174001E+01   0.432070E+00
 0.225350E+01   0.157358E+01   0.127448E+02   0.176888E+01   0.437007E+00
 0.228300E+01   0.159580E+01   0.127371E+02   0.179715E+01   0.441920E+00
 0.231250E+01   0.161744E+01   0.127369E+02   0.182478E+01   0.446809E+00
 0.234200E+01   0.163850E+01   0.127247E+02   0.185180E+01   0.451673E+00
 0.237150E+01   0.165899E+01   0.127199E+02   0.187818E+01   0.456513E+00
 0.240100E+01   0.167891E+01   0.127201E+02   0.190393E+01   0.461329E+00
 0.243050E+01   0.169827E+01   0.127059E+02   0.192906E+01   0.466122E+00
 0.246000E+01   0.171708E+01   0.127066E+02   0.195357E+01   0.470891E+00
 0.248950E+01   0.173534E+01   0.126959E+02   0.197745E+01   0.475636E+00
 0.251900E+01   0.175307E+01   0.126888E+02   0.200073E+01   0.480359E+00
 0.254850E+01   0.177028E+01   0.126847E+02   0.202339E+01   0.485059E+00
 0.257800E+01   0.178697E+01   0.126721E+02   0.204546E+01   0.489736E+00
 0.260750E+01   0.180316E+01   0.126616E+02   0.206694E+01   0.494391E+00
 0.263700E+01   0.181886E+01   0.126556E+02   0.208784E+01   0.499023E+00
 0.266650E+01   0.183407E+01   0.126413E+02   0.210816E+01   0.503634E+00
 0.269600E+01   0.184882E+01   0.126369E+02   0.212793E+01   0.508223E+00
 0.272550E+01   0.186311E+01   0.126224E+02   0.214714E+01   0.512791E+00
 0.275500E+01   0.187695E+01   0.126162E+02   0.216581E+01   0.517337E+00
 0.278450E+01   0.189036E+01   0.126049E+02   0.218396E+01   0.521863E+00
 0.281400E+01   0.190334E+01   0.125930E+02   0.220159E+01   0.526368E+00
 0.284350E+01   0.191592E+01   0.125889E+02   0.221871E+01   0.530852E+00
 0.287300E+01   0.192810E+01   0.125771E+02   0.223534E+01   0.535316E+00
 0.290250E+01   0.193989E+01   0.125606E+02   0.225149E+01   0.539761E+00
 0.293200E+01   0.195130E+01   0.125557E+02   0.226717E+01   0.544185E+00
 0.296150E+01   0.196235E+01   0.125389E+02   0.228239E+01   0.548590E+00
 0.299100E+01   0.197305E+01   0.125333E+02   0.229716E+01   0.552976E+00
 0.302050E+01   0.198340E+01   0.125242E+02   0.231150E+01   0.557342E+00
 0.305000E+01   0.199342E+01   0.125073E+02   0.232541E+01   0.561690E+00
 0.307950E+01   0.200311E+01   0.125004E+02   0.233891E+01   0.566020E+00
 0.310900E+01   0.201250E+01   0.124815E+02   0.235201E+01   0.570331E+00
 0.313850E+01   0.202158E+01   0.124708E+02   0.236472E+01   0.574624E+00
 0.316800E+01   0.203037E+01   0.124595E+02   0.237704E+01   0.578898E+00
 0.319750E+01   0.203887E+01   0.124472E+02   0.238900E+01   0.583156E+00
 0.322700E+01   0.204710E+01   0.124380E+02   0.240060E+01   0.587396E+00
 0.325650E+01   0.205506E+01   0.124292E+02   0.241185E+01   0.591618E+00
 0.328600E+01   0.206277E+01   0.124155E+02   0.242276E+01   0.595824E+00
 0.331550E+01   0.207022E+01   0.124066E+02   0.243333E+01   0.600012E+00
 0.334500E+01   0.207743E+01   0.123872E+02   0.244359E+01   0.604184E+00
 0.337450E+01   0.208441E+01   0.123815E+02   0.245354E+01   0.608340E+00
 0.340400E+01   0.209117E+01   0.123674E+02   0.246318E+01   0.612480E+00
 0.343350E+01   0.209770E+01   0.123600E+02   0.247253E+01   0.616603E+00
 0.346300E+01   0.210402E+01   0.123426E+02   0.248160E+01   0.620710E+00
 0.349250E+01   0.211013E+01   0.123346E+02   0.249038E+01   0.624802E+00
 0.352200E+01   0.211605E+01   0.123235E+02   0.249890E+01   0.628879E+00
 0.355150E+01   0.212178E+01   0.123110E+02   0.250716E+01   0.632940E+00
 0.358100E+01   0.212731E+01   0.122942E+02   0.251516E+01   0.636986E+00
 0.361050E+01   0.213267E+01   0.122902E+02   0.252292E+01   0.641017E+00
 0.364000E+01   0.213785E+01   0.122785E+02   0.253043E+01   0.645034E+00
 0.366950E+01   0.214287E+01   0.122572E+02   0.253772E+01   0.649036E+00
 0.369900E+01   0.214772E+01   0.122470E+02   0.254477E+01   0.653023E+00
 0.372850E+01   0.215241E+01   0.122427E+02   0.255161E+01   0.656996E+00
 0.375800E+01   0.215694E+01   0.122266E+02   0.255824E+01   0.660956E+00
 0.378750E+01   0.216133E+01   0.122164E+02   0.256466E+01   0.664901E+00
 0.381700E+01   0.216558E+01   0.122030E+02   0.257088E+01   0.668833E+00
 0.384650E+01   0.216968E+01   0.121893E+02   0.257690E+01   0.672751E+00
 0.387600E+01   0.217365E+01   0.121758E+02   0.258273E+01   0.676655E+00
 0.390550E+01   0.217749E+01   0.121696E+02   0.258838E+01   0.680547E+00
 0.393500E+01   0.218120E+01   0.121613E+02   0.259386E+01   0.684425E+00
 0.396450E+01   0.218479E+01   0.121432E+02   0.259915E+01   0.688290E+00
 0.399400E+01   0.218826E+01   0.121380E+02   0.260428E+01   0.692143E+00
 0.402350E+01   0.219161E+01   0.121225E+02   0.260925E+01   0.695983E+00
 0.405300E+01   0.219485E+01   0.121121E+02   0.261405E+01   0.699810E+00
 0.408250E+01   0.219798E+01   0.121017E+02   0.261870E+01   0.703625E+00
 0.411200E+01   0.220101E+01   0.120912E+02   0.262321E+01   0.707428E+00
 0.414150E+01   0.220394E+01   0.120768E+02   0.262756E+01   0.711218E+00
 0.417100E+01   0.220676E+01   0.120657E+02   0.263177E+01   0.714997E+00
 0.420050E+01   0.220949E+01   0.120512E+02   0.263585E+01   0.718764E+00
 0.423000E+01   0.221213E+01   0.120437E+02   0.263979E+01   0.722519E+00
 0.425950E+01   0.221468E+01   0.120311E+02   0.264360E+01   0.726262E+00
 0.428900E+01   0.221714E+01   0.120208E+02   0.264728E+01   0.729994E+00
 0.431850E+01   0.221951E+01   0.120123E+02   0.265085E+01   0.733715E+00
 0.434800E+01   0.222180E+01   0.120012E+02   0.265429E+01   0.737424E+00
 0.437750E+01   0.222401E+01   0.119949E+02   0.265761E+01   0.741122E+00
 0.440700E+01   0.222615E+01   0.119761E+02   0.266082E+01   0.744809E+00
 0.443650E+01   0.222821E+01   0.119699E+02   0.266392E+01   0.748486E+00
 0.446600E+01   0.223019E+01   0.119603E+02   0.266692E+01   0.752151E+00
 0.449550E+01   0.223210E+01   0.119469E+02   0.266981E+01   0.755806E+00
 0.452500E+01   0.223395E+01   0.119388E+02   0.267260E+01   0.759451E+00
 0.455450E+01   0.223573E+01   0.119310E+02   0.267529E+01   0.763085E+00
 0.458400E+01   0.223744E+01   0.119169E+02   0.267788E+01   0.766708E+00
 0.461350E+01   0.223909E+01   0.119097E+02   0.268039E+01   0.770322E+00
 0.464300E+01   0.224068E+01   0.118955E+02   0.268280E+01   0.773925E+00
 0.467250E+01   0.224221E+01   0.118817E+02   0.268512E+01   0.777518E+00
 0.470200E+01   0.224368E+01   0.118724E+02   0.268735E+01   0.781101E+00
 0.473150E+01   0.224509E+01   0.118647E+02   0.268951E+01   0.784675E+00
 0.476100E+01   0.224645E+01   0.118561E+02   0.269158E+01   0.788239E+00
 0.479050E+01   0.224776E+01   0.118489E+02   0.269357E+01   0.791793E+00
 0.482000E+01   0.224901E+01   0.118394E+02   0.269549E+01   0.795337E+00
 0.484950E+01   0.225022E+01   0.118308E+02   0.269733E+01   0.798872E+00
 0.487900E+01   0.225137E+01   0.118196E+02   0.269909E+01   0.802398E+00
 0.490850E+01   0.225248E+01   0.118026E+02   0.270079E+01   0.805915E+00
 0.493800E+01   0.225354E+01   0.117947E+02   0.270242E+01   0.809422E+00
 0.496750E+01   0.225456E+01   0.117845E+02   0.270397E+01   0.812920E+00
 0.499700E+01   0.225553E+01   0.117777E+02   0.270547E+01   0.816409E+00
 0.502650E+01   0.225646E+01   0.117689E+02   0.270690E+01   0.819890E+00
 0.505600E+01   0.225735E+01   0.117559E+02   0.270826E+01   0.823361E+00
 0.508550E+01   0.225820E+01   0.117505E+02   0.270957E+01   0.826824E+00
 0.511500E+01   0.225901E+01   0.117376E+02   0.271082E+01   0.830278E+00
 0.514450E+01   0.225979E+01   0.117359E+02   0.271201E+01   0.833723E+00
 0.517400E+01   0.226052E+01   0.117204E+02   0.271314E+01   0.837160E+00
 0.520350E+01   0.226122E+01   0.117098E+02   0.271422E+01   0.840589E+00
 0.523300E+01   0.226189E+01   0.117060E+02   0.271525E+01   0.844009E+00
 0.526250E+01   0.226252E+01   0.116982E+02   0.271622E+01   0.847421E+00
 0.529200E+01   0.226311E+01   0.116864E+02   0.271714E+01   0.850824E+00
 0.532150E+01   0.226368E+01   0.116724E+02   0.271802E+01   0.854220E+00
 0.535100E+01   0.226421E+01   0.116646E+02   0.271884E+01   0.857607E+00
 0.538050E+01   0.226471E+01   0.116552E+02   0.271962E+01   0.860986E+00
 0.541000E+01   0.226519E+01   0.116478E+02   0.272036E+01   0.864358E+00
 0.543950E+01   0.226563E+01   0.116390E+02   0.272104E+01   0.867721E+00
 0.546900E+01   0.226605E+01   0.116310E+02   0.272169E+01   0.871077E+00
 0.549850E+01   0.226644E+01   0.116282E+02   0.272229E+01   0.874425E+00
 0.552800E+01   0.226680E+01   0.116138E+02   0.272286E+01   0.877766E+00
 0.555750E+01   0.226713E+01   0.116065E+02   0.272338E+01   0.881099E+00
 0.558700E+01   0.226744E+01   0.115942E+02   0.272386E+01   0.884424E+00
 0.561650E+01   0.226773E+01   0.115930E+02   0.272430E+01   0.887742E+00
 0.564600E+01   0.226799E+01   0.115828E+02   0.272471E+01   0.891052E+00
 0.567550E+01   0.226823E+01   0.115732E+02   0.272508E+01   0.894355E+00
 0.570500E+01   0.226844E+01   0.115667E+02   0.272542E+01   0.897651E+00
 0.573450E+01   0.226864E+01   0.115595E+02   0.272572E+01   0.900940E+00
 0.576400E+01   0.226881E+01   0.115440E+02   0.272599E+01   0.904221E+00
 0.579350E+01   0.226896E+01   0.115368E+02   0.272622E+01   0.907495E+00
 0.582300E+01   0.226909E+01   0.115293E+02   0.272642E+01   0.910763E+00
 0.585250E+01   0.226920E+01   0.115235E+02   0.272660E+01   0.914023E+00
 0.588200E+01   0.226929E+01   0.115184E+02   0.272674E+01   0.917276E+00
 0.591150E+01   0.226936E+01   0.115117E+02   0.272685E+01   0.920523E+00
 0.594100E+01   0.226941E+01   0.115039E+02   0.272693E+01   0.923762E+00
 0.597050E+01   0.226944E+01   0.114926E+02   0.272698E+01   0.926995E+00
