 0.100000E+00   0.327197E+00   0.170940E+03   0.329532E+00   0.209161E-01
 0.129500E+00   0.293492E+00   0.176821E+03   0.295553E+00   0.270697E-01
 0.159000E+00   0.250278E+00   0.180849E+03   0.251972E+00   0.332166E-01
 0.188500E+00   0.180684E+00   0.162974E+03   0.181783E+00   0.393570E-01
 0.218000E+00   0.128107E+00   0.139915E+03   0.128763E+00   0.454912E-01
 0.247500E+00   0.100200E+00   0.115549E+03   0.100621E+00   0.516192E-01
 0.277000E+00   0.905784E-01   0.985009E+02   0.909168E-01   0.577413E-01
 0.306500E+00   0.883144E-01   0.836864E+02   0.886328E-01   0.638576E-01
 0.336000E+00   0.880711E-01   0.768010E+02   0.883894E-01   0.702010E-01
 0.365500E+00   0.900110E-01   0.563469E+02   0.903643E-01   0.763294E-01
 0.395000E+00   0.949571E-01   0.442099E+02   0.953852E-01   0.824503E-01
 0.424500E+00   0.101781E+00   0.406791E+02   0.102315E+00   0.885632E-01
 0.454000E+00   0.109912E+00   0.388171E+02   0.110581E+00   0.946679E-01
 0.483500E+00   0.119101E+00   0.315976E+02   0.119934E+00   0.100764E+00
 0.513000E+00   0.129182E+00   0.268853E+02   0.130208E+00   0.106852E+00
 0.542500E+00   0.140056E+00   0.237228E+02   0.141309E+00   0.112930E+00
 0.572000E+00   0.151670E+00   0.214893E+02   0.153184E+00   0.118999E+00
 0.601500E+00   0.163994E+00   0.198434E+02   0.165807E+00   0.125059E+00
 0.631000E+00   0.177018E+00   0.185759E+02   0.179172E+00   0.131108E+00
 0.660500E+00   0.190491E+00   0.176082E+02   0.193024E+00   0.137147E+00
 0.690000E+00   0.204458E+00   0.168378E+02   0.207412E+00   0.143176E+00
 0.719500E+00   0.219012E+00   0.162139E+02   0.222436E+00   0.149194E+00
 0.749000E+00   0.234199E+00   0.156932E+02   0.238146E+00   0.155201E+00
 0.778500E+00   0.250056E+00   0.152632E+02   0.254585E+00   0.161196E+00
 0.808000E+00   0.266611E+00   0.148920E+02   0.271788E+00   0.167179E+00
 0.837500E+00   0.283890E+00   0.145796E+02   0.289785E+00   0.173150E+00
 0.867000E+00   0.301910E+00   0.143191E+02   0.308601E+00   0.179109E+00
 0.896500E+00   0.320687E+00   0.140892E+02   0.328258E+00   0.185054E+00
 0.926000E+00   0.340229E+00   0.138872E+02   0.348772E+00   0.190985E+00
 0.955500E+00   0.360541E+00   0.137162E+02   0.370153E+00   0.196902E+00
 0.985000E+00   0.381623E+00   0.135681E+02   0.392409E+00   0.202804E+00
 0.101450E+01   0.403471E+00   0.134438E+02   0.415543E+00   0.208692E+00
 0.104400E+01   0.426077E+00   0.133312E+02   0.439552E+00   0.214563E+00
 0.107350E+01   0.449426E+00   0.132369E+02   0.464431E+00   0.220419E+00
 0.110300E+01   0.473502E+00   0.131529E+02   0.490170E+00   0.226258E+00
 0.113250E+01   0.498286E+00   0.130903E+02   0.516754E+00   0.232080E+00
 0.116200E+01   0.523752E+00   0.130312E+02   0.544167E+00   0.237884E+00
 0.119150E+01   0.549874E+00   0.129808E+02   0.572388E+00   0.243670E+00
 0.122100E+01   0.576621E+00   0.129314E+02   0.601390E+00   0.249438E+00
 0.125050E+01   0.603961E+00   0.128934E+02   0.631147E+00   0.255187E+00
 0.128000E+01   0.631856E+00   0.128650E+02   0.661626E+00   0.260916E+00
 0.130950E+01   0.660269E+00   0.128392E+02   0.692795E+00   0.266626E+00
 0.133900E+01   0.689160E+00   0.128222E+02   0.724615E+00   0.272315E+00
 0.136850E+01   0.718484E+00   0.128066E+02   0.757046E+00   0.277983E+00
 0.139800E+01   0.748198E+00   0.127853E+02   0.790046E+00   0.283631E+00
 0.142750E+01   0.778256E+00   0.127832E+02   0.823570E+00   0.289257E+00
 0.145700E+01   0.808609E+00   0.127670E+02   0.857571E+00   0.294860E+00
 0.148650E+01   0.839209E+00   0.127665E+02   0.891999E+00   0.300442E+00
 0.151600E+01   0.870006E+00   0.127648E+02   0.926803E+00   0.306001E+00
 0.154550E+01   0.900951E+00   0.127580E+02   0.961931E+00   0.311537E+00
 0.157500E+01   0.931992E+00   0.127631E+02   0.997329E+00   0.317049E+00
 0.160450E+01   0.963079E+00   0.127543E+02   0.103294E+01   0.322538E+00
 0.163400E+01   0.994163E+00   0.127546E+02   0.106872E+01   0.328003E+00
 0.166350E+01   0.102519E+01   0.127587E+02   0.110460E+01   0.333444E+00
 0.169300E+01   0.105612E+01   0.127629E+02   0.114053E+01   0.338860E+00
 0.172250E+01   0.108691E+01   0.127662E+02   0.117646E+01   0.344252E+00
 0.175200E+01   0.111749E+01   0.127675E+02   0.121233E+01   0.349618E+00
 0.178150E+01   0.114784E+01   0.127698E+02   0.124809E+01   0.354960E+00
 0.181100E+01   0.117792E+01   0.127696E+02   0.128369E+01   0.360277E+00
 0.184050E+01   0.120767E+01   0.127751E+02   0.131908E+01   0.365568E+00
 0.187000E+01   0.123707E+01   0.127694E+02   0.135421E+01   0.370834E+00
 0.189950E+01   0.126609E+01   0.127708E+02   0.138905E+01   0.376075E+00
 0.192900E+01   0.129468E+01   0.127791E+02   0.142354E+01   0.381290E+00
 0.195850E+01   0.132283E+01   0.127761E+02   0.145765E+01   0.386480E+00
 0.198800E+01   0.135051E+01   0.127729E+02   0.149135E+01   0.391644E+00
 0.201750E+01   0.137769E+01   0.127725E+02   0.152460E+01   0.396782E+00
 0.204700E+01   0.140436E+01   0.127732E+02   0.155737E+01   0.401895E+00
 0.207650E+01   0.143050E+01   0.127710E+02   0.158963E+01   0.406983E+00
 0.210600E+01   0.145609E+01   0.127736E+02   0.162136E+01   0.412045E+00
 0.213550E+01   0.148113E+01   0.127752E+02   0.165254E+01   0.417082E+00
 0.216500E+01   0.150560E+01   0.127690E+02   0.168315E+01   0.422093E+00
 0.219450E+01   0.152949E+01   0.127635E+02   0.171317E+01   0.427080E+00
 0.222400E+01   0.155282E+01   0.127650E+02   0.174260E+01   0.432042E+00
 0.225350E+01   0.157556E+01   0.127588E+02   0.177142E+01   0.436978E+00
 0.228300E+01   0.159772E+01   0.127552E+02   0.179962E+01   0.441891E+00
 0.231250E+01   0.161931E+01   0.127440E+02   0.182720E+01   0.446778E+00
 0.234200E+01   0.164032E+01   0.127460E+02   0.185416E+01   0.451642E+00
 0.237150E+01   0.166076E+01   0.127392E+02   0.188049E+01   0.456481E+00
 0.240100E+01   0.168064E+01   0.127262E+02   0.190619E+01   0.461297E+00
 0.243050E+01   0.169995E+01   0.127262E+02   0.193126E+01   0.466088E+00
 0.246000E+01   0.171872E+01   0.127155E+02   0.195572E+01   0.470857E+00
 0.248950E+01   0.173694E+01   0.127079E+02   0.197955E+01   0.475602E+00
 0.251900E+01   0.175463E+01   0.126962E+02   0.200278E+01   0.480323E+00
 0.254850E+01   0.177180E+01   0.126940E+02   0.202540E+01   0.485023E+00
 0.257800E+01   0.178845E+01   0.126821E+02   0.204742E+01   0.489699E+00
 0.260750E+01   0.180460E+01   0.126756E+02   0.206885E+01   0.494353E+00
 0.263700E+01   0.182026E+01   0.126680E+02   0.208970E+01   0.498985E+00
 0.266650E+01   0.183545E+01   0.126550E+02   0.210999E+01   0.503595E+00
 0.269600E+01   0.185016E+01   0.126437E+02   0.212971E+01   0.508184E+00
 0.272550E+01   0.186441E+01   0.126357E+02   0.214889E+01   0.512751E+00
 0.275500E+01   0.187823E+01   0.126255E+02   0.216752E+01   0.517297E+00
 0.278450E+01   0.189160E+01   0.126174E+02   0.218563E+01   0.521822E+00
 0.281400E+01   0.190456E+01   0.126048E+02   0.220322E+01   0.526326E+00
 0.284350E+01   0.191711E+01   0.125922E+02   0.222031E+01   0.530810E+00
 0.287300E+01   0.192926E+01   0.125850E+02   0.223691E+01   0.535273E+00
 0.290250E+01   0.194103E+01   0.125778E+02   0.225302E+01   0.539717E+00
 0.293200E+01   0.195242E+01   0.125672E+02   0.226867E+01   0.544141E+00
 0.296150E+01   0.196344E+01   0.125479E+02   0.228386E+01   0.548546E+00
 0.299100E+01   0.197411E+01   0.125410E+02   0.229860E+01   0.552931E+00
 0.302050E+01   0.198444E+01   0.125269E+02   0.231291E+01   0.557297E+00
 0.305000E+01   0.199444E+01   0.125149E+02   0.232679E+01   0.561644E+00
 0.307950E+01   0.200412E+01   0.125042E+02   0.234026E+01   0.565973E+00
 0.310900E+01   0.201348E+01   0.124925E+02   0.235334E+01   0.570284E+00
 0.313850E+01   0.202254E+01   0.124817E+02   0.236602E+01   0.574576E+00
 0.316800E+01   0.203131E+01   0.124765E+02   0.237832E+01   0.578851E+00
 0.319750E+01   0.203980E+01   0.124654E+02   0.239025E+01   0.583108E+00
 0.322700E+01   0.204801E+01   0.124463E+02   0.240183E+01   0.587347E+00
 0.325650E+01   0.205595E+01   0.124377E+02   0.241305E+01   0.591569E+00
 0.328600E+01   0.206364E+01   0.124224E+02   0.242394E+01   0.595774E+00
 0.331550E+01   0.207108E+01   0.124116E+02   0.243450E+01   0.599962E+00
 0.334500E+01   0.207828E+01   0.124033E+02   0.244474E+01   0.604134E+00
 0.337450E+01   0.208524E+01   0.123870E+02   0.245466E+01   0.608289E+00
 0.340400E+01   0.209198E+01   0.123806E+02   0.246429E+01   0.612428E+00
 0.343350E+01   0.209850E+01   0.123673E+02   0.247362E+01   0.616551E+00
 0.346300E+01   0.210481E+01   0.123556E+02   0.248266E+01   0.620659E+00
 0.349250E+01   0.211091E+01   0.123368E+02   0.249143E+01   0.624750E+00
 0.352200E+01   0.211681E+01   0.123255E+02   0.249993E+01   0.628826E+00
 0.355150E+01   0.212253E+01   0.123198E+02   0.250817E+01   0.632887E+00
 0.358100E+01   0.212805E+01   0.123088E+02   0.251616E+01   0.636933E+00
 0.361050E+01   0.213340E+01   0.122898E+02   0.252390E+01   0.640964E+00
 0.364000E+01   0.213857E+01   0.122855E+02   0.253140E+01   0.644980E+00
 0.366950E+01   0.214357E+01   0.122715E+02   0.253867E+01   0.648981E+00
 0.369900E+01   0.214841E+01   0.122578E+02   0.254571E+01   0.652969E+00
 0.372850E+01   0.215309E+01   0.122465E+02   0.255254E+01   0.656942E+00
 0.375800E+01   0.215762E+01   0.122301E+02   0.255915E+01   0.660900E+00
 0.378750E+01   0.216200E+01   0.122219E+02   0.256555E+01   0.664846E+00
 0.381700E+01   0.216623E+01   0.122106E+02   0.257176E+01   0.668777E+00
 0.384650E+01   0.217033E+01   0.122039E+02   0.257777E+01   0.672695E+00
 0.387600E+01   0.217429E+01   0.121859E+02   0.258359E+01   0.676599E+00
 0.390550E+01   0.217812E+01   0.121759E+02   0.258923E+01   0.680490E+00
 0.393500E+01   0.218182E+01   0.121677E+02   0.259469E+01   0.684368E+00
 0.396450E+01   0.218540E+01   0.121581E+02   0.259998E+01   0.688233E+00
 0.399400E+01   0.218886E+01   0.121463E+02   0.260509E+01   0.692085E+00
 0.402350E+01   0.219221E+01   0.121323E+02   0.261005E+01   0.695925E+00
 0.405300E+01   0.219544E+01   0.121237E+02   0.261484E+01   0.699752E+00
 0.408250E+01   0.219857E+01   0.121084E+02   0.261948E+01   0.703567E+00
 0.411200E+01   0.220159E+01   0.120995E+02   0.262397E+01   0.707369E+00
 0.414150E+01   0.220451E+01   0.120852E+02   0.262832E+01   0.711159E+00
 0.417100E+01   0.220733E+01   0.120724E+02   0.263252E+01   0.714938E+00
 0.420050E+01   0.221005E+01   0.120623E+02   0.263659E+01   0.718704E+00
 0.423000E+01   0.221268E+01   0.120544E+02   0.264052E+01   0.722459E+00
 0.425950E+01   0.221522E+01   0.120390E+02   0.264432E+01   0.726202E+00
 0.428900E+01   0.221768E+01   0.120281E+02   0.264800E+01   0.729934E+00
 0.431850E+01   0.222004E+01   0.120162E+02   0.265155E+01   0.733654E+00
 0.434800E+01   0.222233E+01   0.120066E+02   0.265498E+01   0.737363E+00
 0.437750E+01   0.222454E+01   0.119999E+02   0.265830E+01   0.741061E+00
 0.440700E+01   0.222666E+01   0.119857E+02   0.266150E+01   0.744748E+00
 0.443650E+01   0.222872E+01   0.119782E+02   0.266460E+01   0.748424E+00
 0.446600E+01   0.223070E+01   0.119646E+02   0.266758E+01   0.752090E+00
 0.449550E+01   0.223261E+01   0.119573E+02   0.267047E+01   0.755744E+00
 0.452500E+01   0.223445E+01   0.119462E+02   0.267325E+01   0.759389E+00
 0.455450E+01   0.223622E+01   0.119395E+02   0.267593E+01   0.763022E+00
 0.458400E+01   0.223793E+01   0.119284E+02   0.267852E+01   0.766646E+00
 0.461350E+01   0.223957E+01   0.119167E+02   0.268101E+01   0.770259E+00
 0.464300E+01   0.224116E+01   0.119049E+02   0.268342E+01   0.773862E+00
 0.467250E+01   0.224268E+01   0.118954E+02   0.268573E+01   0.777455E+00
 0.470200E+01   0.224415E+01   0.118801E+02   0.268796E+01   0.781038E+00
 0.473150E+01   0.224556E+01   0.118776E+02   0.269011E+01   0.784611E+00
 0.476100E+01   0.224691E+01   0.118601E+02   0.269217E+01   0.788175E+00
 0.479050E+01   0.224822E+01   0.118502E+02   0.269416E+01   0.791729E+00
 0.482000E+01   0.224947E+01   0.118440E+02   0.269607E+01   0.795273E+00
 0.484950E+01   0.225067E+01   0.118374E+02   0.269790E+01   0.798808E+00
 0.487900E+01   0.225182E+01   0.118217E+02   0.269967E+01   0.802334E+00
 0.490850E+01   0.225292E+01   0.118130E+02   0.270136E+01   0.805850E+00
 0.493800E+01   0.225398E+01   0.118054E+02   0.270298E+01   0.809357E+00
 0.496750E+01   0.225500E+01   0.117899E+02   0.270453E+01   0.812855E+00
 0.499700E+01   0.225597E+01   0.117835E+02   0.270602E+01   0.816344E+00
 0.502650E+01   0.225689E+01   0.117802E+02   0.270744E+01   0.819824E+00
 0.505600E+01   0.225778E+01   0.117658E+02   0.270881E+01   0.823295E+00
 0.508550E+01   0.225863E+01   0.117586E+02   0.271011E+01   0.826758E+00
 0.511500E+01   0.225943E+01   0.117451E+02   0.271135E+01   0.830212E+00
 0.514450E+01   0.226020E+01   0.117396E+02   0.271253E+01   0.833657E+00
 0.517400E+01   0.226093E+01   0.117317E+02   0.271366E+01   0.837094E+00
 0.520350E+01   0.226163E+01   0.117161E+02   0.271474E+01   0.840522E+00
 0.523300E+01   0.226229E+01   0.117080E+02   0.271576E+01   0.843942E+00
 0.526250E+01   0.226292E+01   0.117052E+02   0.271673E+01   0.847354E+00
 0.529200E+01   0.226351E+01   0.116886E+02   0.271765E+01   0.850757E+00
 0.532150E+01   0.226408E+01   0.116852E+02   0.271852E+01   0.854152E+00
 0.535100E+01   0.226461E+01   0.116733E+02   0.271934E+01   0.857540E+00
 0.538050E+01   0.226511E+01   0.116610E+02   0.272011E+01   0.860919E+00
 0.541000E+01   0.226558E+01   0.116527E+02   0.272084E+01   0.864290E+00
 0.543950E+01   0.226602E+01   0.116522E+02   0.272153E+01   0.867653E+00
 0.546900E+01   0.226643E+01   0.116382E+02   0.272217E+01   0.871009E+00
 0.549850E+01   0.226682E+01   0.116327E+02   0.272277E+01   0.874357E+00
 0.552800E+01   0.226718E+01   0.116253E+02   0.272333E+01   0.877697E+00
 0.555750E+01   0.226751E+01   0.116171E+02   0.272384E+01   0.881030E+00
 0.558700E+01   0.226782E+01   0.116017E+02   0.272432E+01   0.884355E+00
 0.561650E+01   0.226810E+01   0.115960E+02   0.272476E+01   0.887673E+00
 0.564600E+01   0.226836E+01   0.115855E+02   0.272517E+01   0.890983E+00
 0.567550E+01   0.226860E+01   0.115825E+02   0.272553E+01   0.894286E+00
 0.570500E+01   0.226881E+01   0.115751E+02   0.272587E+01   0.897582E+00
 0.573450E+01   0.226900E+01   0.115588E+02   0.272616E+01   0.900870E+00
 0.576400E+01   0.226917E+01   0.115533E+02   0.272643E+01   0.904151E+00
 0.579350E+01   0.226932E+01   0.115426E+02   0.272666E+01   0.907425E+00
 0.582300E+01   0.226944E+01   0.115401E+02   0.272686E+01   0.910693E+00
 0.585250E+01   0.226955E+01   0.115311E+02   0.272703E+01   0.913953E+00
 0.588200E+01   0.226964E+01   0.115211E+02   0.272716E+01   0.917206E+00
 0.591150E+01   0.226971E+01   0.115128E+02   0.272727E+01   0.920452E+00
 0.594100E+01   0.226976E+01   0.115053E+02   0.272735E+01   0.923692E+00
 0.597050E+01   0.226979E+01   0.114975E+02   0.272740E+01   0.926925E+00
