0 0.9558D+01 0.1952D+01 0.3304D-01 0.1550D+00 0.6713D+00 -.1631D+02 0.2213D+03 -.4912D+03 0.2913D+02 0.5525D+02 -.8748D+02 0.9519D+03

0 0.9777D+01 0.8150D+00 0.2544D-01 0.1550D+00 0.6713D+00 -.1631D+02 0.2213D+03 -.4912D+03 0.3267D+02 0.6538D+02 -.1125D+03 0.8139D+03

0 0.9520D+01 0.1522D+01 0.3671D-01 0.1550D+00 0.6713D+00 -.1631D+02 0.2213D+03 -.4912D+03 0.2926D+02 0.5468D+02 -.8492D+02 0.9819D+03

0 0.1021D+02 0.1666D+01 0.2304D-01 0.1550D+00 0.6713D+00 -.1631D+02 0.2213D+03 -.4912D+03 0.3311D+02 0.6473D+02 -.1209D+03 0.8846D+03

0 0.9381D+01 0.1955D+01 0.3157D-01 0.1550D+00 0.6713D+00 -.1631D+02 0.2213D+03 -.4912D+03 0.2902D+02 0.5680D+02 -.8615D+02 0.8754D+03

0 0.9610D+01 0.1379D+01 0.3658D-01 0.1550D+00 0.6713D+00 -.1631D+02 0.2213D+03 -.4912D+03 0.2966D+02 0.5500D+02 -.8767D+02 0.1001D+04

0 0.1038D+02 0.8226D+00 0.2618D-01 0.1550D+00 0.6713D+00 -.1631D+02 0.2213D+03 -.4912D+03 0.3384D+02 0.6314D+02 -.1262D+03 0.1015D+04

0 0.9514D+01 0.1191D+01 0.3694D-01 0.1550D+00 0.6713D+00 -.1631D+02 0.2213D+03 -.4912D+03 0.2969D+02 0.5567D+02 -.8705D+02 0.9744D+03

0 0.9414D+01 0.1416D+01 0.3479D-01 0.1550D+00 0.6713D+00 -.1631D+02 0.2213D+03 -.4912D+03 0.2953D+02 0.5663D+02 -.8741D+02 0.9225D+03

0 0.9404D+01 0.1238D+01 0.3592D-01 0.1550D+00 0.6713D+00 -.1631D+02 0.2213D+03 -.4912D+03 0.2959D+02 0.5650D+02 -.8681D+02 0.9318D+03

0 0.9439D+01 0.1365D+01 0.3487D-01 0.1550D+00 0.6713D+00 -.1631D+02 0.2213D+03 -.4912D+03 0.2964D+02 0.5668D+02 -.8810D+02 0.9292D+03

0 0.1048D+02 0.1843D+01 0.2303D-01 0.1550D+00 0.6713D+00 -.1631D+02 0.2213D+03 -.4912D+03 0.3343D+02 0.6340D+02 -.1267D+03 0.9731D+03

0 0.1027D+02 0.1237D+01 0.2490D-01 0.1550D+00 0.6713D+00 -.1631D+02 0.2213D+03 -.4912D+03 0.3344D+02 0.6386D+02 -.1234D+03 0.9501D+03

0 0.1009D+02 0.1326D+01 0.2442D-01 0.1550D+00 0.6713D+00 -.1631D+02 0.2213D+03 -.4912D+03 0.3304D+02 0.6453D+02 -.1189D+03 0.8856D+03

0 0.9515D+01 0.1544D+01 0.3306D-01 0.1550D+00 0.6713D+00 -.1631D+02 0.2213D+03 -.4912D+03 0.2979D+02 0.5711D+02 -.9086D+02 0.9262D+03

0 0.9398D+01 0.9695D+00 0.3676D-01 0.1550D+00 0.6713D+00 -.1631D+02 0.2213D+03 -.4912D+03 0.2977D+02 0.5671D+02 -.8704D+02 0.9360D+03

0 0.9475D+01 0.1712D+01 0.3145D-01 0.1550D+00 0.6713D+00 -.1631D+02 0.2213D+03 -.4912D+03 0.2970D+02 0.5776D+02 -.9093D+02 0.8909D+03

0 0.9445D+01 0.1623D+01 0.3210D-01 0.1550D+00 0.6713D+00 -.1631D+02 0.2213D+03 -.4912D+03 0.2969D+02 0.5770D+02 -.9025D+02 0.8919D+03

0 0.9429D+01 0.7508D+00 0.3780D-01 0.1550D+00 0.6713D+00 -.1631D+02 0.2213D+03 -.4912D+03 0.2987D+02 0.5645D+02 -.8684D+02 0.9541D+03

0 0.9407D+01 0.1217D+01 0.3504D-01 0.1550D+00 0.6713D+00 -.1631D+02 0.2213D+03 -.4912D+03 0.2976D+02 0.5713D+02 -.8842D+02 0.9193D+03

0 0.9442D+01 0.1541D+01 0.3268D-01 0.1550D+00 0.6713D+00 -.1631D+02 0.2213D+03 -.4912D+03 0.2972D+02 0.5760D+02 -.9009D+02 0.8990D+03

0 0.1009D+02 0.1716D+01 0.3261D-01 0.1550D+00 0.6713D+00 -.1631D+02 0.2213D+03 -.4912D+03 0.3066D+02 0.5507D+02 -.9985D+02 0.1088D+04

0 0.9422D+01 0.1330D+01 0.3414D-01 0.1550D+00 0.6713D+00 -.1631D+02 0.2213D+03 -.4912D+03 0.2977D+02 0.5735D+02 -.8927D+02 0.9122D+03

0 0.1006D+02 0.7914D+00 0.2595D-01 0.1550D+00 0.6713D+00 -.1631D+02 0.2213D+03 -.4912D+03 0.3321D+02 0.6427D+02 -.1192D+03 0.9102D+03

0 0.9594D+01 0.1331D+01 0.3432D-01 0.1550D+00 0.6713D+00 -.1631D+02 0.2213D+03 -.4912D+03 0.3006D+02 0.5673D+02 -.9193D+02 0.9631D+03

0 0.9820D+01 0.1715D+01 0.3183D-01 0.1550D+00 0.6713D+00 -.1631D+02 0.2213D+03 -.4912D+03 0.3030D+02 0.5652D+02 -.9695D+02 0.9965D+03

0 0.1027D+02 0.1527D+01 0.2405D-01 0.1550D+00 0.6713D+00 -.1631D+02 0.2213D+03 -.4912D+03 0.3324D+02 0.6387D+02 -.1226D+03 0.9339D+03

0 0.9368D+01 0.1083D+01 0.3530D-01 0.1550D+00 0.6713D+00 -.1631D+02 0.2213D+03 -.4912D+03 0.2981D+02 0.5745D+02 -.8824D+02 0.9096D+03

0 0.1017D+02 0.1710D+01 0.3230D-01 0.1550D+00 0.6713D+00 -.1631D+02 0.2213D+03 -.4912D+03 0.3089D+02 0.5507D+02 -.1019D+03 0.1107D+04

0 0.9628D+01 0.1207D+01 0.3490D-01 0.1550D+00 0.6713D+00 -.1631D+02 0.2213D+03 -.4912D+03 0.3020D+02 0.5662D+02 -.9236D+02 0.9782D+03

0 0.1011D+02 0.1370D+01 0.2443D-01 0.1550D+00 0.6713D+00 -.1631D+02 0.2213D+03 -.4912D+03 0.3300D+02 0.6435D+02 -.1189D+03 0.8909D+03

0 0.1051D+02 0.1379D+01 0.2526D-01 0.1550D+00 0.6713D+00 -.1631D+02 0.2213D+03 -.4912D+03 0.3370D+02 0.6234D+02 -.1275D+03 0.1040D+04

0 0.1001D+02 0.1763D+01 0.3142D-01 0.1550D+00 0.6713D+00 -.1631D+02 0.2213D+03 -.4912D+03 0.3065D+02 0.5609D+02 -.1006D+03 0.1046D+04

0 0.9469D+01 0.1202D+01 0.3437D-01 0.1550D+00 0.6713D+00 -.1631D+02 0.2213D+03 -.4912D+03 0.2999D+02 0.5746D+02 -.9066D+02 0.9258D+03

0 0.9768D+01 0.1267D+01 0.3444D-01 0.1550D+00 0.6713D+00 -.1631D+02 0.2213D+03 -.4912D+03 0.3045D+02 0.5634D+02 -.9499D+02 0.1012D+04

0 0.9597D+01 0.1298D+01 0.3388D-01 0.1550D+00 0.6713D+00 -.1631D+02 0.2213D+03 -.4912D+03 0.3018D+02 0.5715D+02 -.9301D+02 0.9561D+03

0 0.9445D+01 0.5415D+00 0.3735D-01 0.1550D+00 0.6713D+00 -.1631D+02 0.2213D+03 -.4912D+03 0.3011D+02 0.5701D+02 -.8863D+02 0.9501D+03

0 0.9546D+01 0.1059D+01 0.3513D-01 0.1550D+00 0.6713D+00 -.1631D+02 0.2213D+03 -.4912D+03 0.3019D+02 0.5712D+02 -.9162D+02 0.9557D+03

0 0.9870D+01 0.1431D+01 0.3329D-01 0.1550D+00 0.6713D+00 -.1631D+02 0.2213D+03 -.4912D+03 0.3060D+02 0.5633D+02 -.9759D+02 0.1028D+04

0 0.1015D+02 0.1751D+01 0.3139D-01 0.1550D+00 0.6713D+00 -.1631D+02 0.2213D+03 -.4912D+03 0.3094D+02 0.5574D+02 -.1032D+03 0.1085D+04

0 0.9393D+01 0.1273D+01 0.3326D-01 0.1550D+00 0.6713D+00 -.1631D+02 0.2213D+03 -.4912D+03 0.2993D+02 0.5823D+02 -.9050D+02 0.8882D+03

0 0.9536D+01 0.1190D+01 0.3415D-01 0.1550D+00 0.6713D+00 -.1631D+02 0.2213D+03 -.4912D+03 0.3017D+02 0.5747D+02 -.9229D+02 0.9406D+03

0 0.1017D+02 0.1815D+01 0.3092D-01 0.1550D+00 0.6713D+00 -.1631D+02 0.2213D+03 -.4912D+03 0.3097D+02 0.5579D+02 -.1041D+03 0.1087D+04

0 0.9680D+01 0.1091D+01 0.3502D-01 0.1550D+00 0.6713D+00 -.1631D+02 0.2213D+03 -.4912D+03 0.3041D+02 0.5671D+02 -.9374D+02 0.9922D+03

0 0.9664D+01 0.1692D+01 0.3080D-01 0.1550D+00 0.6713D+00 -.1631D+02 0.2213D+03 -.4912D+03 0.3022D+02 0.5788D+02 -.9596D+02 0.9311D+03

0 0.9487D+01 0.1655D+01 0.3062D-01 0.1550D+00 0.6713D+00 -.1631D+02 0.2213D+03 -.4912D+03 0.2996D+02 0.5863D+02 -.9290D+02 0.8759D+03

0 0.9419D+01 0.1392D+01 0.3238D-01 0.1550D+00 0.6713D+00 -.1631D+02 0.2213D+03 -.4912D+03 0.2996D+02 0.5842D+02 -.9136D+02 0.8828D+03

0 0.9759D+01 0.4459D+00 0.2656D-01 0.1550D+00 0.6713D+00 -.1631D+02 0.2213D+03 -.4912D+03 0.3264D+02 0.6483D+02 -.1121D+03 0.8350D+03

0 0.9355D+01 0.1434D+01 0.3187D-01 0.1550D+00 0.6713D+00 -.1631D+02 0.2213D+03 -.4912D+03 0.2985D+02 0.5881D+02 -.9042D+02 0.8569D+03

0 0.1011D+02 0.1610D+01 0.3222D-01 0.1550D+00 0.6713D+00 -.1631D+02 0.2213D+03 -.4912D+03 0.3096D+02 0.5576D+02 -.1021D+03 0.1084D+04
