0.196689 13.4993 13.4993
0.2087280502512563 13.198344140720264 13.395084607208725
0.22076710050251255 13.028621173959028 13.332847276925348
0.23280615075376884 12.892865867943234 13.266549811331014
0.24484520100502513 12.779127857545284 13.211910602813541
0.2568842512562814 12.668352657731422 13.189586066962468
0.2689233015075377 12.5603849730345 13.157177437508482
0.28096235175879397 12.46559512502386 13.134177763386004
0.29300140201005026 12.392348106151985 13.118655309149757
0.3050404522613065 12.321473406203465 13.091419963036401
0.3170795025125628 12.261835818997211 13.086599151125313
0.32911855276381907 12.21370397632283 13.085003905260804
0.34115760301507536 12.16905655717596 13.081080207003405
0.35319665326633165 12.130012546138255 13.075799107376337
0.36523570351758794 12.096139866540438 13.050103903129394
0.37727475376884423 12.067106629614406 13.027009524358686
0.3893138040201005 12.046011875788139 13.011688892522303
0.4013528542713568 12.028337345294444 12.994961926210856
0.41339190452261304 12.013865772332393 12.976581385513517
0.42543095477386933 12.001213729642345 12.97147065026125
0.4374700050251256 11.990390575639605 12.955473058717054
0.4495090552763819 11.982214952810653 12.949879672224435
0.4615481055276382 11.975761848815754 12.946098210998992
0.47358715577889443 11.971650444910889 12.942318018897208
0.4856262060301507 11.969517334985326 12.929487442067424
0.497665256281407 11.968009431501006 12.911846992176747
0.5097043065326633 11.96777449552623 12.897860045955753
0.5217433567839196 11.968584420682099 12.881278822394112
0.5337824070351759 11.97023252340663 12.862816189958282
0.5458214572864322 11.97432286257867 12.846758898452222
0.5578605075376883 11.978957076905083 12.83065253662088
0.5698995577889447 11.98289538851207 12.81839193773646
0.5819386080402009 11.987273293701179 12.80936760847069
0.5939776582914573 11.99329052908722 12.799094688783422
0.6060167085427135 12.000587871842395 12.791021374622847
0.6180557587939699 12.008565010403201 12.783137464290188
0.6300948090452261 12.017460663935276 12.778044698822153
0.6421338592964824 12.026612136940305 12.773916307753163
0.6541729095477387 12.036141500578726 12.77101847816199
0.666211959798995 12.046348145271814 12.768241778650875
0.6782510100502512 12.056127211734188 12.765717118747167
0.6902900603015075 12.066340295839039 12.765569364086842
0.7023291105527638 12.077302074254142 12.765043789727958
0.7143681608040201 12.08852860535748 12.764760287220996
0.7264072110552764 12.100395501398774 12.76572021752887
0.7384462613065326 12.111528804737976 12.766067790613342
0.7504853115577889 12.123370725448398 12.768935299564049
0.7625243618090451 12.135329937575218 12.770975620826686
0.7745634120603014 12.147940624335728 12.773252185977867
0.7866024623115577 12.15998463595282 12.775760461685334
0.798641512562814 12.172043132453567 12.778653572689837
0.8106805628140703 12.184272857189939 12.782857495029443
0.8227196130653266 12.197166767624555 12.785940441947927
0.8347586633165829 12.20932585891604 12.791236501040343
0.8467977135678392 12.221902811918206 12.79640156203809
0.8588367638190955 12.234553814547635 12.80054463128282
0.8708758140703518 12.248081059405532 12.806559504891517
0.882914864321608 12.260923831872708 12.81145501222365
0.8949539145728642 12.273769238663494 12.816471794739675
0.9069929648241205 12.28608295866037 12.821860614120148
0.9190320150753768 12.299090032884898 12.82765644994406
0.9310710653266331 12.311344445515132 12.833442471991262
0.9431101155778894 12.324733993281507 12.839308217157214
0.9551491658291457 12.33817287420497 12.84528007251779
0.967188216080402 12.351127583195836 12.851580058360293
0.9792272663316582 12.363952388832109 12.85766861034105
0.9912663165829145 12.376858046808401 12.863771271746879
1.0033053668341707 12.389814933583935 12.870344771038106
1.015344417085427 12.402256133113916 12.877137856627192
1.0273834673366835 12.414556733201453 12.883495127420591
1.0394225175879397 12.426879726190846 12.889986084708946
1.0514615678391959 12.439355236257253 12.896538502101047
1.063500618090452 12.452139666697818 12.903497795436566
1.0755396683417084 12.46410827119091 12.910223724809843
1.0875787185929648 12.47575450217133 12.91703927456957
1.099617768844221 12.48741782277108 12.923906414156047
1.1116568190954772 12.499464076984681 12.931040628621014
1.1236958693467336 12.511291598757987 12.938858922167276
1.13573491959799 12.522890154967218 12.945986591277112
1.1477739698492462 12.535133185981376 12.953381469876426
1.1598130201005024 12.547264133136093 12.96001501100352
1.1718520703517588 12.558619591916536 12.967258111462248
1.1838911206030152 12.57053918406938 12.97464338918871
1.1959301708542713 12.581902330615238 12.981005934813536
1.2079692211055275 12.593712328806754 12.987069138038711
1.2200082713567837 12.604929320016149 12.993771986139746
1.2320473216080403 12.616200366408572 13.001210327885499
1.2440863718592965 12.62740449553091 13.00807519397121
1.2561254221105527 12.637946966898157 13.013744437592752
1.2681644723618088 12.648950989657603 13.02045183968679
1.280203522613065 12.659487857567527 13.027792416985315
1.2922425728643216 12.670474804015686 13.033884997945993
1.3042816231155778 12.68092579157575 13.040715231955048
1.316320673366834 12.691200980873868 13.047152679648528
1.3283597236180902 12.701364462660225 13.053532985484916
1.3403987738693468 12.71153647187389 13.060096298698795
1.352437824120603 12.72177204792848 13.065870679222796
1.3644768743718592 12.73130839864034 13.071936282545874
1.3765159246231153 12.741045338226979 13.078080408325782
1.388554974874372 12.751152135735783 13.083984282589418
1.4005940251256281 12.7610113417723 13.09014186508591
1.4126330753768843 12.770867275324488 13.096275214323112
1.4246721256281405 12.780753994551068 13.101234893786579
1.4367111758793967 12.789943042853054 13.107386835138154
1.4487502261306533 12.79888714984908 13.113016551130253
1.4607892763819095 12.807885983697892 13.11878928407035
1.4728283266331657 12.816355396710291 13.124224068733142
1.4848673768844218 12.825092006360041 13.129247070006898
1.4969064271356785 12.83373211941495 13.134564103175851
1.5089454773869346 12.842163592797608 13.139859079617903
1.5209845276381908 12.850492423198466 13.144767572073553
1.533023577889447 12.85818862462602 13.150378200776375
1.5450626281407036 12.866166885157 13.155581596654239
1.5571016783919598 12.87425749978318 13.159997782493816
1.569140728643216 12.88186402175039 13.164377521343097
1.5811797788944721 12.889745455103077 13.169147365364118
1.5932188291457283 12.897401274199842 13.174314724370966
1.605257879396985 12.904440759625855 13.17865894743112
1.6172969296482411 12.911205960423572 13.183063720738925
1.6293359798994973 12.917930095113102 13.186695606880557
1.6413750301507535 12.924800597565135 13.191192805236637
1.65341408040201 12.931300154070684 13.195134422764252
1.6654531306532663 12.938004934432092 13.199214241081181
1.6774921809045225 12.944709333516286 13.203051647342312
1.6895312311557786 12.951197486142421 13.20654624286438
1.7015702814070353 12.95701209640106 13.210165875814921
1.7136093316582914 12.96274434555357 13.213050816945303
1.7256483819095476 12.9681975456813 13.216211994346734
1.7376874321608038 12.973738184688726 13.218954487739753
1.74972648241206 12.979041268345393 13.221184422578878
1.7617655326633166 12.984421474620811 13.224202975583246
1.7738045829145728 12.989395460556828 13.22693090867003
1.785843633165829 12.994549034690607 13.229368900474459
1.7978826834170851 12.999099920243712 13.232346046200092
1.8099217336683417 13.003456426748636 13.233464162501381
1.821960783919598 13.007818249526192 13.235720933232908
1.833999834170854 13.011919603228034 13.237111693341369
1.8460388844221103 13.016013999719963 13.239354134783413
1.858077934673367 13.01974404998107 13.240773887074162
1.870116984924623 13.023341431121123 13.241654206499444
1.8821560351758793 13.026829965234189 13.243045062297544
1.8941950854271354 13.029630746430794 13.243657231401965
1.9062341356783916 13.032686304196046 13.245006170790472
1.9182731859296482 13.035813888465272 13.245002098753176
1.9303122361809044 13.038639587629865 13.244688571634315
1.9423512864321606 13.040817625901138 13.24520653013571
1.9543903366834168 13.042762869664529 13.245420997225464
1.9664293869346734 13.044501152890891 13.244290032383235
1.9784684371859296 13.04575633167916 13.24376038174915
1.9905074874371858 13.047619122753643 13.242685831883984
2.002546537688442 13.048689415059828 13.2419058530901
2.0145855879396986 13.049345807042975 13.240218560293728
2.0266246381909547 13.049484914468833 13.239062853233088
2.038663688442211 13.04982132635969 13.2368505298087
2.050702738693467 13.049558676537393 13.234834729003849
2.0627417889447233 13.048828688619569 13.231915173754404
2.07478083919598 13.04871273619803 13.229425209149875
2.086819889447236 13.048174003601215 13.22652887944674
2.0988589396984922 13.046815092271704 13.223961369744535
2.1108979899497484 13.044595185253819 13.220191905428784
2.122937040201005 13.042684228471346 13.215987600410235
2.134976090452261 13.040456223479259 13.211382557574195
2.1470151407035174 13.037748960823535 13.206915271877993
2.1590541909547736 13.034327281565282 13.201840184114854
2.17109324120603 13.030858681332544 13.196350880531496
2.1831322914572864 13.027624676351163 13.19055606015197
2.1951713417085426 13.0231484989514 13.184918956305088
2.2072103919597987 13.018314507794106 13.177494972104618
2.2192494422110554 13.012932722159295 13.170690770271895
2.2312884924623115 13.007379941434312 13.163796381249794
2.2433275427135677 13.00116785767878 13.15530786246045
2.255366592964824 12.994563480415778 13.147521897216143
2.2674056432160805 12.98663864695312 13.137734492515852
2.2794446934673367 12.9785155632242 13.12802509311992
2.291483743718593 12.969821663923064 13.117785058596793
2.303522793969849 12.960350736643631 13.106303558129024
2.3155618442211057 12.950337506479766 13.094257379887832
2.327600894472362 12.939143737772833 13.081839194775075
2.339639944723618 12.927188684094046 13.068042348405413
2.351678994974874 12.914678621913918 13.05314477847754
2.3637180452261304 12.90024403505082 13.037390251886572
2.375757095477387 12.885704357733367 13.020812024716886
2.387796145728643 12.868911807854735 13.003287321559837
2.3998351959798994 12.851948376256281 12.983541385355348
2.4118742462311555 12.83317606275653 12.963083456275546
2.423913296482412 12.811799391661356 12.941443474281979
2.4359523467336683 12.789897392518146 12.917148216211949
2.4479913969849245 12.764983823681144 12.890861265028848
2.4600304472361807 12.737450310016216 12.861911608663151
2.4720694974874373 12.706577434150619 12.831523606798033
2.4841085477386935 12.672895788080186 12.796787141217902
2.4961475979899497 12.633864245034697 12.757778082721298
2.508186648241206 12.589383684363849 12.7130593444701
2.520225698492462 12.535823232971582 12.66252932222086
2.5322647487437187 12.469559133165829 12.601770946194385
2.544303798994975 12.377654304280023 12.52483036838327
2.556342849246231 11.983499458674174 12.413846132791779
2.568381899497487 12.015164270822405 12.398063340141125
2.580420949748744 12.064700901021125 12.311192054271169
2.59246 12.267 12.267
