0.500001 12.3662 12.3662
0.5211369494949495 11.85109914966724 13.235131709842898
0.542272898989899 11.833711402925317 13.165045116520998
0.5634088484848485 11.828490775021379 13.128550132210554
0.584544797979798 11.840955231000951 13.099846983433878
0.6056807474747474 11.854685964282702 13.078745966517484
0.626816696969697 11.870836723529036 13.059301593210781
0.6479526464646465 11.88825808366789 13.045499074739293
0.669088595959596 11.908399178841162 13.032114386982073
0.6902245454545455 11.929018745579269 13.021497014831906
0.7113604949494949 11.95002897001918 13.015045040144376
0.7324964444444444 11.972629156388315 13.009177312244654
0.753632393939394 11.995926294121553 13.006232689883088
0.7747683434343434 12.01962423049194 13.004128143088755
0.795904292929293 12.043645649160673 13.00539479798728
0.8170402424242424 12.066702728575049 13.006412986746223
0.8381761919191919 12.089981987376778 13.00777885499258
0.8593121414141414 12.114922316989011 13.010994553699758
0.8804480909090908 12.140254947005921 13.01687507317897
0.9015840404040404 12.16587496673999 13.022239297684692
0.9227199898989898 12.19024098683653 13.027759669936707
0.9438559393939394 12.214943522887399 13.033452542859452
0.9649918888888889 12.239895094300875 13.040470353985983
0.9861278383838383 12.263430665126812 13.048601652869955
1.007263787878788 12.28723228240797 13.056830509235429
1.0283997373737375 12.310681453530497 13.064322218674082
1.049535686868687 12.334813662498942 13.072971208602226
1.0706716363636364 12.358532838939576 13.080464659479276
1.0918075858585858 12.380786677612704 13.091565477596564
1.1129435353535353 12.404272725115217 13.09949774981347
1.1340794848484848 12.428083324254025 13.10760251527082
1.1552154343434342 12.451762348649275 13.115572994935885
1.1763513838383837 12.473280831613527 13.124910009064125
1.1974873333333331 12.49526632711484 13.134295749762384
1.2186232828282828 12.515943664390408 13.142720649871045
1.2397592323232323 12.536912194938813 13.152044942627263
1.2608951818181817 12.558401236765594 13.160846338285374
1.2820311313131314 12.579815200222388 13.169832555297157
1.3031670808080809 12.599528945742698 13.178640094043319
1.3243030303030303 12.619433377610786 13.188528215842002
1.3454389797979798 12.637999525024824 13.197712286542362
1.3665749292929292 12.657697656771768 13.205199040034005
1.3877108787878787 12.676115877006435 13.214439855082423
1.4088468282828281 12.695569449384235 13.222285481083416
1.4299827777777776 12.713355801580478 13.230909814732302
1.451118727272727 12.731536572309409 13.239406904686223
1.4722546767676765 12.747572146593129 13.247061503428368
1.4933906262626262 12.764307464209612 13.25464237357821
1.5145265757575759 12.78118870517633 13.261106056933714
1.5356625252525253 12.796738034006255 13.26760450485973
1.5567984747474748 12.811737938130207 13.274103273851058
1.5779344242424242 12.826509403574324 13.281106208810034
1.5990703737373737 12.841077831110079 13.285958641834247
1.6202063232323232 12.855541000837762 13.292249011724083
1.6413422727272726 12.869042296830123 13.297589782453926
1.662478222222222 12.880482732321578 13.30364321502421
1.6836141717171715 12.893182423845982 13.306922733811803
1.704750121212121 12.905257191249897 13.311923251887386
1.7258860707070705 12.916584192286074 13.316299063426712
1.74702202020202 12.92799531609192 13.32047906588435
1.7681579696969694 12.939214305226422 13.323704420162958
1.7892939191919193 12.948228399032148 13.327263537086969
1.8104298686868687 12.957811968732502 13.328864860135177
1.8315658181818182 12.966254040754613 13.33071842770029
1.8527017676767676 12.974302782670618 13.332393292270627
1.873837717171717 12.982068474727903 13.333189635270536
1.8949736666666666 12.988330592077471 13.333298717835682
1.916109616161616 12.994746752653947 13.333103259316381
1.9372455656565655 12.999667032476372 13.331351831341708
1.958381515151515 13.004453332656151 13.32929408446655
1.9795174646464644 13.008662640319416 13.326370302897702
2.000653414141414 13.011599555076437 13.322990577072952
2.0217893636363633 13.013761931152139 13.318532673807738
2.0429253131313128 13.014652903140677 13.313457530512848
2.0640612626262627 13.014906835087146 13.308686104630961
2.085197212121212 13.013678824075926 13.30261292690659
2.1063331616161616 13.011907186289282 13.29435543493512
2.127469111111111 13.009237692191375 13.285878399336836
2.1486050606060605 13.003955752738275 13.277500375960125
2.16974101010101 13.000057621920956 13.267445803725709
2.1908769595959594 12.992991575923275 13.256234278428922
2.212012909090909 12.984063454841213 13.243150327219261
2.2331488585858583 12.97508469515555 13.229817756645692
2.254284808080808 12.963877803905397 13.214101920867968
2.2754207575757572 12.950449193067513 13.19516369480909
2.2965567070707067 12.93496921839394 13.176297039120573
2.317692656565656 12.917285575127416 13.155328154810105
2.338828606060606 12.897160874272284 13.131666222011892
2.3599645555555555 12.874536136206906 13.105177849171909
2.381100505050505 12.848020396425454 13.075353194720357
2.4022364545454544 12.817262581573399 13.04386136190754
2.423372404040404 12.782331739714518 13.005374114643748
2.4445083535353533 12.740587021298566 12.960908037088824
2.465644303030303 12.691176617654847 12.912462743296908
2.4867802525252523 12.631355605919964 12.852428064006642
2.5079162020202017 12.555786788800285 12.782309793199548
2.5290521515151516 12.450660471803051 12.691845871932726
2.550188101010101 11.931492668211572 12.566586947140562
2.5713240505050505 11.958062490172441 12.54138425991052
2.59246 12.267 12.267
