0.50001 12.0884 12.0884
0.5211458585858585 11.845390340169795 13.257119347270597
0.5422817171717171 11.848094303961648 13.17853779835683
0.5634175757575757 11.830822933544981 13.12967596308061
0.5845534343434343 11.83966645771657 13.099556126830992
0.6056892929292929 11.855302114936931 13.076039157046715
0.6268251515151515 11.871295717807916 13.056494734542811
0.64796101010101 11.889815424140814 13.044309511230594
0.6690968686868686 11.908379947044944 13.0326931276337
0.6902327272727272 11.928681041978274 13.023008765277908
0.7113685858585859 11.950004550540843 13.016828496096727
0.7325044444444444 11.971874211035306 13.011183887334436
0.7536403030303029 11.995647042684787 13.007503080095207
0.7747761616161615 12.020150710135463 13.004902055141024
0.7959120202020201 12.043210512762384 13.004972898559108
0.8170478787878788 12.06664581632911 13.005848647060091
0.8381837373737373 12.090978135336496 13.008706270840634
0.8593195959595958 12.115681743562135 13.013015937005484
0.8804554545454545 12.140404925976124 13.018029255643864
0.9015913131313131 12.164824431445368 13.023392473624147
0.9227271717171717 12.190592994874494 13.028717282947165
0.9438630303030302 12.21519579817681 13.035018174193988
0.9649988888888887 12.240197923428248 13.041837251699329
0.9861347474747474 12.263124068071392 13.04864130977295
1.0072706060606058 12.287165161914091 13.056061238185674
1.0284064646464646 12.312087126243313 13.06484783626281
1.049542323232323 12.335632734104923 13.073745378502835
1.0706781818181819 12.359009473159222 13.08226707469893
1.0918140404040404 12.382032123179211 13.090977447512428
1.112949898989899 12.405436559429223 13.099959688220126
1.1340857575757575 12.42794119142136 13.107951643899291
1.155221616161616 12.45093797919649 13.116309110148617
1.1763574747474745 12.474713874421706 13.124103358115075
1.197493333333333 12.495948442619156 13.133887708318339
1.2186291919191918 12.516930523739674 13.143060804349778
1.2397650505050504 12.538746264114614 13.152606940585612
1.2609009090909091 12.5598262866232 13.161940303674479
1.2820367676767677 12.58001468851559 13.169881763286018
1.3031726262626262 12.60042625122469 13.178594371959214
1.3243084848484847 12.618693495649362 13.188627226717356
1.3454443434343433 12.638084631152005 13.196120435104891
1.3665802020202018 12.657136469966193 13.204913977458265
1.3877160606060603 12.67663761909963 13.213496440363455
1.408851919191919 12.694532751094776 13.222471487582638
1.4299877777777776 12.712356366296568 13.231563055157277
1.4511236363636364 12.729212359801982 13.239238026657139
1.472259494949495 12.747318895931542 13.246936401407215
1.4933953535353535 12.76478720181865 13.25438222417688
1.514531212121212 12.78065957849366 13.2624454216634
1.5356670707070705 12.796278427505143 13.269298436282973
1.556802929292929 12.811992064487361 13.275730964208522
1.5779387878787876 12.826195206016113 13.281759460259737
1.5990746464646461 12.841225155756542 13.286624285733465
1.6202105050505051 12.855302900514568 13.291932461355206
1.6413463636363637 12.8687887256301 13.297411673472954
1.6624822222222222 12.88178930993309 13.304279163278293
1.6836180808080807 12.893781600249358 13.308226691495905
1.7047539393939393 12.905877548259532 13.312065111238695
1.7258897979797978 12.917072369868352 13.317256324296359
1.7470256565656563 12.928309396533963 13.319746298188132
1.7681615151515149 12.938648679583043 13.323494438280841
1.7892973737373734 12.949411367361773 13.325131160828409
1.8104332323232324 12.957010279476219 13.328356686621063
1.831569090909091 12.965192306444933 13.330358659417389
1.8527049494949495 12.973930969721366 13.331923615785305
1.873840808080808 12.980697583077264 13.332683874127834
1.8949766666666665 12.988411139638373 13.332611498017052
1.916112525252525 12.99459926725796 13.331736028831653
1.9372483838383836 12.999996579181538 13.331530721212168
1.9583842424242421 13.004276647131038 13.329473733098911
1.9795201010101007 13.00855182206294 13.326895038224894
2.0006559595959597 13.0110213065313 13.321682046976093
2.021791818181818 13.012297114961557 13.31751179264025
2.0429276767676767 13.014332626938188 13.313880497488617
2.0640635353535353 13.014291042323347 13.308581317348356
2.085199393939394 13.014194948087484 13.300739102887398
2.1063352525252523 13.01250946541441 13.293821914915046
2.127471111111111 13.008820158498326 13.286024742637146
2.1486069696969694 13.004587286179508 13.277409496412652
2.169742828282828 12.999223625697827 13.266582571973146
2.190878686868687 12.992120482196949 13.256256072442016
2.2120145454545455 12.984942086194314 13.242510014165232
2.233150404040404 12.975060451537638 13.228870887591798
2.2542862626262625 12.963174791519336 13.214125367650956
2.275422121212121 12.949341391974267 13.195870618065102
2.2965579797979796 12.934784518565726 13.175758419325707
2.317693838383838 12.91733489877923 13.154942674525623
2.3388296969696967 12.896892068722238 13.12941116056976
2.359965555555555 12.873883319299821 13.104466338461263
2.3811014141414137 12.848097822490496 13.076318736960525
2.4022372727272727 12.817439710812 13.043111920110832
2.4233731313131313 12.781925934767417 13.005237973978188
2.44450898989899 12.74123734046164 12.960943047869467
2.4656448484848483 12.690665835260177 12.91095446276227
2.486780707070707 12.631640267802037 12.85191440858586
2.5079165656565654 12.555510475637565 12.783116779063784
2.529052424242424 11.588617880584188 12.552706735515706
2.550188282828283 11.772527702020255 12.351647185008035
2.5713241414141415 11.935771737318541 12.397854255050952
2.59246 12.2664 12.2664
