      1  0.1000D+02 0.1000D+01 0.2000D+00
      2  0.1000D+02 0.1000D+01 0.2500D+00
      3  0.1000D+02 0.1000D+01 0.3000D+00
      4  0.1000D+02 0.1000D+01 0.3500D+00
      5  0.1000D+02 0.1000D+01 0.4000D+00
      6  0.1000D+02 0.1000D+01 0.4500D+00
      7  0.1000D+02 0.1000D+01 0.5000D+00
      8  0.1000D+02 0.1000D+01 0.5500D+00
      9  0.1000D+02 0.1000D+01 0.6000D+00
     10  0.1000D+02 0.1000D+01 0.6500D+00
     11  0.1000D+02 0.1000D+01 0.7000D+00
     12  0.1000D+02 0.1000D+01 0.7500D+00
     13  0.1000D+02 0.1000D+01 0.8000D+00
     14  0.1000D+02 0.1000D+01 0.8500D+00
     15  0.1000D+02 0.1000D+01 0.9000D+00
     16  0.1000D+02 0.1000D+01 0.9500D+00
     17  0.1000D+02 0.1000D+01 0.1000D+01
     18  0.1000D+02 0.1000D+01 0.1050D+01
     19  0.1000D+02 0.1000D+01 0.1100D+01
     20  0.1000D+02 0.1000D+01 0.1150D+01
     21  0.1000D+02 0.1000D+01 0.1200D+01
     22  0.1000D+02 0.1000D+01 0.1250D+01
     23  0.1000D+02 0.1000D+01 0.1300D+01
     24  0.1000D+02 0.1000D+01 0.1350D+01
     25  0.1000D+02 0.1000D+01 0.1400D+01
     26  0.1000D+02 0.1000D+01 0.1450D+01
     27  0.1000D+02 0.1000D+01 0.1500D+01
     28  0.1000D+02 0.1000D+01 0.1550D+01
     29  0.1000D+02 0.1000D+01 0.1600D+01
     30  0.1000D+02 0.1000D+01 0.1650D+01
     31  0.1000D+02 0.1000D+01 0.1700D+01
     32  0.1000D+02 0.1000D+01 0.1750D+01
     33  0.1000D+02 0.1000D+01 0.1800D+01
     34  0.1000D+02 0.1000D+01 0.1850D+01
     35  0.1000D+02 0.1000D+01 0.1900D+01
     36  0.1000D+02 0.1000D+01 0.1950D+01
     37  0.1000D+02 0.1000D+01 0.2000D+01
     38  0.1000D+02 0.1000D+01 0.2050D+01
     39  0.1000D+02 0.1000D+01 0.2100D+01
     40  0.1000D+02 0.1000D+01 0.2150D+01
     41  0.1000D+02 0.1000D+01 0.2200D+01
     42  0.1000D+02 0.1000D+01 0.2250D+01
     43  0.1000D+02 0.1000D+01 0.2300D+01
     44  0.1000D+02 0.1000D+01 0.2350D+01
     45  0.1000D+02 0.1000D+01 0.2400D+01
     46  0.1000D+02 0.1000D+01 0.2450D+01
     47  0.1000D+02 0.1000D+01 0.2500D+01
     48  0.1000D+02 0.1000D+01 0.2550D+01
     49  0.1000D+02 0.1000D+01 0.2600D+01
     50  0.1000D+02 0.1000D+01 0.2650D+01
     51  0.1000D+02 0.1000D+01 0.2700D+01
     52  0.1000D+02 0.1000D+01 0.2750D+01
     53  0.1000D+02 0.1000D+01 0.2800D+01
     54  0.1000D+02 0.1000D+01 0.2850D+01
     55  0.1000D+02 0.1000D+01 0.2900D+01
     56  0.1000D+02 0.1000D+01 0.2950D+01
     57  0.1000D+02 0.1000D+01 0.3000D+01
     58  0.1000D+02 0.1000D+01 0.3050D+01
     59  0.1000D+02 0.1000D+01 0.3100D+01
     60  0.1000D+02 0.1000D+01 0.3150D+01
     61  0.1000D+02 0.1000D+01 0.3200D+01
     62  0.1000D+02 0.1000D+01 0.3250D+01
     63  0.1000D+02 0.1000D+01 0.3300D+01
     64  0.1000D+02 0.1000D+01 0.3350D+01
     65  0.1000D+02 0.1000D+01 0.3400D+01
     66  0.1000D+02 0.1000D+01 0.3450D+01
     67  0.1000D+02 0.2000D+01 0.5000D-01
     68  0.1000D+02 0.2000D+01 0.1000D+00
     69  0.1000D+02 0.2000D+01 0.1500D+00
     70  0.1000D+02 0.2000D+01 0.2000D+00
     71  0.1000D+02 0.2000D+01 0.2500D+00
     72  0.1000D+02 0.2000D+01 0.3000D+00
     73  0.1000D+02 0.2000D+01 0.3500D+00
     74  0.1000D+02 0.2000D+01 0.4000D+00
     75  0.1000D+02 0.2000D+01 0.4500D+00
     76  0.1000D+02 0.2000D+01 0.5000D+00
     77  0.1000D+02 0.2000D+01 0.5500D+00
     78  0.1000D+02 0.2000D+01 0.6000D+00
     79  0.1000D+02 0.2000D+01 0.6500D+00
     80  0.1000D+02 0.2000D+01 0.7000D+00
     81  0.1000D+02 0.2000D+01 0.7500D+00
     82  0.1000D+02 0.2000D+01 0.8000D+00
     83  0.1000D+02 0.2000D+01 0.8500D+00
     84  0.1000D+02 0.2000D+01 0.9000D+00
     85  0.1000D+02 0.2000D+01 0.9500D+00
     86  0.1000D+02 0.2000D+01 0.1000D+01
     87  0.1000D+02 0.2000D+01 0.1050D+01
     88  0.1000D+02 0.2000D+01 0.1100D+01
     89  0.1000D+02 0.2000D+01 0.1150D+01
     90  0.1000D+02 0.2000D+01 0.1200D+01
     91  0.1000D+02 0.2000D+01 0.1250D+01
     92  0.1000D+02 0.2000D+01 0.1300D+01
     93  0.1000D+02 0.2000D+01 0.1350D+01
     94  0.1000D+02 0.2000D+01 0.1400D+01
     95  0.1000D+02 0.2000D+01 0.1450D+01
     96  0.1000D+02 0.2000D+01 0.1500D+01
     97  0.1000D+02 0.2000D+01 0.1550D+01
     98  0.1000D+02 0.2000D+01 0.1600D+01
     99  0.1000D+02 0.2000D+01 0.1650D+01
    100  0.1000D+02 0.2000D+01 0.1700D+01
    101  0.1000D+02 0.2000D+01 0.1750D+01
    102  0.1000D+02 0.2000D+01 0.1800D+01
    103  0.1000D+02 0.2000D+01 0.1850D+01
    104  0.1000D+02 0.2000D+01 0.1900D+01
    105  0.1000D+02 0.2000D+01 0.1950D+01
    106  0.1000D+02 0.2000D+01 0.2000D+01
    107  0.1000D+02 0.2000D+01 0.2050D+01
    108  0.1000D+02 0.2000D+01 0.2100D+01
    109  0.1000D+02 0.2000D+01 0.2150D+01
    110  0.1000D+02 0.2000D+01 0.2200D+01
    111  0.1000D+02 0.2000D+01 0.2250D+01
    112  0.1000D+02 0.2000D+01 0.2300D+01
    113  0.1000D+02 0.2000D+01 0.2350D+01
    114  0.1000D+02 0.2000D+01 0.2400D+01
    115  0.1000D+02 0.2000D+01 0.2450D+01
    116  0.1000D+02 0.2000D+01 0.2500D+01
    117  0.1000D+02 0.2000D+01 0.2550D+01
    118  0.1000D+02 0.2000D+01 0.2600D+01
    119  0.1000D+02 0.2000D+01 0.2650D+01
    120  0.1000D+02 0.2000D+01 0.2700D+01
    121  0.1000D+02 0.2000D+01 0.2750D+01
    122  0.1000D+02 0.3000D+01 0.5000D-01
    123  0.1000D+02 0.3000D+01 0.1000D+00
    124  0.1000D+02 0.3000D+01 0.1500D+00
    125  0.1000D+02 0.3000D+01 0.2000D+00
    126  0.1000D+02 0.3000D+01 0.2500D+00
    127  0.1000D+02 0.3000D+01 0.3000D+00
    128  0.1000D+02 0.3000D+01 0.3500D+00
    129  0.1000D+02 0.3000D+01 0.4000D+00
    130  0.1000D+02 0.3000D+01 0.4500D+00
    131  0.1000D+02 0.3000D+01 0.5000D+00
    132  0.1000D+02 0.3000D+01 0.5500D+00
    133  0.1000D+02 0.3000D+01 0.6000D+00
    134  0.1000D+02 0.3000D+01 0.6500D+00
    135  0.1000D+02 0.3000D+01 0.7000D+00
    136  0.1000D+02 0.3000D+01 0.7500D+00
    137  0.1000D+02 0.3000D+01 0.8000D+00
    138  0.1000D+02 0.3000D+01 0.8500D+00
    139  0.1000D+02 0.3000D+01 0.9000D+00
    140  0.1000D+02 0.3000D+01 0.9500D+00
    141  0.1000D+02 0.3000D+01 0.1000D+01
    142  0.1000D+02 0.3000D+01 0.1050D+01
    143  0.1000D+02 0.3000D+01 0.1100D+01
    144  0.1000D+02 0.3000D+01 0.1150D+01
    145  0.1000D+02 0.3000D+01 0.1200D+01
    146  0.1000D+02 0.3000D+01 0.1250D+01
    147  0.1000D+02 0.3000D+01 0.1300D+01
    148  0.1000D+02 0.3000D+01 0.1350D+01
    149  0.1000D+02 0.3000D+01 0.1400D+01
    150  0.1000D+02 0.3000D+01 0.1450D+01
    151  0.1000D+02 0.3000D+01 0.1500D+01
    152  0.1000D+02 0.3000D+01 0.1550D+01
    153  0.1000D+02 0.3000D+01 0.1600D+01
    154  0.1000D+02 0.3000D+01 0.1650D+01
    155  0.1000D+02 0.3000D+01 0.1700D+01
    156  0.1000D+02 0.3000D+01 0.1750D+01
    157  0.1000D+02 0.3000D+01 0.1800D+01
    158  0.1000D+02 0.3000D+01 0.1850D+01
    159  0.1000D+02 0.3000D+01 0.1900D+01
    160  0.1000D+02 0.3000D+01 0.1950D+01
    161  0.1000D+02 0.4000D+01 0.5000D-01
    162  0.1000D+02 0.4000D+01 0.1000D+00
    163  0.1000D+02 0.4000D+01 0.1500D+00
    164  0.1000D+02 0.4000D+01 0.2000D+00
    165  0.1000D+02 0.4000D+01 0.2500D+00
    166  0.1000D+02 0.4000D+01 0.3000D+00
    167  0.1000D+02 0.4000D+01 0.3500D+00
    168  0.1000D+02 0.4000D+01 0.4000D+00
    169  0.1000D+02 0.4000D+01 0.4500D+00
    170  0.1000D+02 0.4000D+01 0.5000D+00
    171  0.1000D+02 0.4000D+01 0.5500D+00
    172  0.1000D+02 0.4000D+01 0.6000D+00
    173  0.1000D+02 0.4000D+01 0.6500D+00
    174  0.1000D+02 0.4000D+01 0.7000D+00
    175  0.1000D+02 0.4000D+01 0.7500D+00
    176  0.1000D+02 0.4000D+01 0.8000D+00
    177  0.1000D+02 0.4000D+01 0.8500D+00
    178  0.1000D+02 0.4000D+01 0.9000D+00
    179  0.1000D+02 0.4000D+01 0.9500D+00
    180  0.1000D+02 0.4000D+01 0.1000D+01
    181  0.1000D+02 0.4000D+01 0.1050D+01
    182  0.1000D+02 0.4000D+01 0.1100D+01
    183  0.1000D+02 0.4000D+01 0.1150D+01
    184  0.1000D+02 0.5000D+01 0.5000D-01
    185  0.1000D+02 0.5000D+01 0.1000D+00
    186  0.1000D+02 0.5000D+01 0.1500D+00
    187  0.1000D+02 0.5000D+01 0.2000D+00
    188  0.1000D+02 0.5000D+01 0.2500D+00
    189  0.1000D+02 0.5000D+01 0.3000D+00
    190  0.1000D+02 0.5000D+01 0.3500D+00
    191  0.1000D+02 0.5000D+01 0.4000D+00
    192  0.1200D+02 0.1000D+01 0.1250D+01
    193  0.1200D+02 0.1000D+01 0.1300D+01
    194  0.1200D+02 0.1000D+01 0.1350D+01
    195  0.1200D+02 0.1000D+01 0.1400D+01
    196  0.1200D+02 0.1000D+01 0.1450D+01
    197  0.1200D+02 0.1000D+01 0.1500D+01
    198  0.1200D+02 0.1000D+01 0.1550D+01
    199  0.1200D+02 0.1000D+01 0.1600D+01
    200  0.1200D+02 0.1000D+01 0.1650D+01
    201  0.1200D+02 0.1000D+01 0.1700D+01
    202  0.1200D+02 0.1000D+01 0.1750D+01
    203  0.1200D+02 0.1000D+01 0.1800D+01
    204  0.1200D+02 0.1000D+01 0.1850D+01
    205  0.1200D+02 0.1000D+01 0.1900D+01
    206  0.1200D+02 0.1000D+01 0.1950D+01
    207  0.1200D+02 0.1000D+01 0.2000D+01
    208  0.1200D+02 0.1000D+01 0.2050D+01
    209  0.1200D+02 0.1000D+01 0.2100D+01
    210  0.1200D+02 0.1000D+01 0.2150D+01
    211  0.1200D+02 0.1000D+01 0.2200D+01
    212  0.1200D+02 0.1000D+01 0.2250D+01
    213  0.1200D+02 0.1000D+01 0.2300D+01
    214  0.1200D+02 0.1000D+01 0.2350D+01
    215  0.1200D+02 0.1000D+01 0.2400D+01
    216  0.1200D+02 0.1000D+01 0.2450D+01
    217  0.1200D+02 0.1000D+01 0.2500D+01
    218  0.1200D+02 0.1000D+01 0.2550D+01
    219  0.1200D+02 0.1000D+01 0.2600D+01
    220  0.1200D+02 0.1000D+01 0.2650D+01
    221  0.1200D+02 0.2000D+01 0.1050D+01
    222  0.1200D+02 0.2000D+01 0.1100D+01
    223  0.1200D+02 0.2000D+01 0.1150D+01
    224  0.1200D+02 0.2000D+01 0.1200D+01
    225  0.1200D+02 0.2000D+01 0.1250D+01
    226  0.1200D+02 0.2000D+01 0.1300D+01
    227  0.1200D+02 0.2000D+01 0.1350D+01
    228  0.1200D+02 0.2000D+01 0.1400D+01
    229  0.1200D+02 0.2000D+01 0.1450D+01
    230  0.1200D+02 0.2000D+01 0.1500D+01
    231  0.1200D+02 0.2000D+01 0.1550D+01
    232  0.1200D+02 0.2000D+01 0.1600D+01
    233  0.1200D+02 0.2000D+01 0.1650D+01
    234  0.1200D+02 0.2000D+01 0.1700D+01
    235  0.1200D+02 0.2000D+01 0.1750D+01
    236  0.1200D+02 0.2000D+01 0.1800D+01
    237  0.1200D+02 0.2000D+01 0.1850D+01
    238  0.1200D+02 0.2000D+01 0.1900D+01
    239  0.1200D+02 0.2000D+01 0.1950D+01
    240  0.1200D+02 0.2000D+01 0.2000D+01
    241  0.1200D+02 0.2000D+01 0.2050D+01
    242  0.1200D+02 0.2000D+01 0.2100D+01
    243  0.1200D+02 0.2000D+01 0.2150D+01
    244  0.1200D+02 0.2000D+01 0.2200D+01
    245  0.1200D+02 0.2000D+01 0.2250D+01
    246  0.1200D+02 0.2000D+01 0.2300D+01
    247  0.1200D+02 0.2000D+01 0.2350D+01
    248  0.1200D+02 0.3000D+01 0.7500D+00
    249  0.1200D+02 0.3000D+01 0.8000D+00
    250  0.1200D+02 0.3000D+01 0.8500D+00
    251  0.1200D+02 0.3000D+01 0.9000D+00
    252  0.1200D+02 0.3000D+01 0.9500D+00
    253  0.1200D+02 0.3000D+01 0.1000D+01
    254  0.1200D+02 0.3000D+01 0.1050D+01
    255  0.1200D+02 0.3000D+01 0.1100D+01
    256  0.1200D+02 0.3000D+01 0.1150D+01
    257  0.1200D+02 0.3000D+01 0.1200D+01
    258  0.1200D+02 0.3000D+01 0.1250D+01
    259  0.1200D+02 0.3000D+01 0.1300D+01
    260  0.1200D+02 0.3000D+01 0.1350D+01
    261  0.1200D+02 0.3000D+01 0.1400D+01
    262  0.1200D+02 0.3000D+01 0.1450D+01
    263  0.1200D+02 0.3000D+01 0.1500D+01
    264  0.1200D+02 0.3000D+01 0.1550D+01
    265  0.1200D+02 0.3000D+01 0.1600D+01
    266  0.1200D+02 0.3000D+01 0.1650D+01
    267  0.1200D+02 0.3000D+01 0.1700D+01
    268  0.1200D+02 0.3000D+01 0.1750D+01
    269  0.1200D+02 0.3000D+01 0.1800D+01
    270  0.1200D+02 0.3000D+01 0.1850D+01
    271  0.1200D+02 0.3000D+01 0.1900D+01
    272  0.1200D+02 0.3000D+01 0.1950D+01
    273  0.1200D+02 0.3000D+01 0.2000D+01
    274  0.1200D+02 0.4000D+01 0.4000D+00
    275  0.1200D+02 0.4000D+01 0.4500D+00
    276  0.1200D+02 0.4000D+01 0.5000D+00
    277  0.1200D+02 0.4000D+01 0.5500D+00
    278  0.1200D+02 0.4000D+01 0.6000D+00
    279  0.1200D+02 0.4000D+01 0.6500D+00
    280  0.1200D+02 0.4000D+01 0.7000D+00
    281  0.1200D+02 0.4000D+01 0.7500D+00
    282  0.1200D+02 0.4000D+01 0.8000D+00
    283  0.1200D+02 0.4000D+01 0.8500D+00
    284  0.1200D+02 0.4000D+01 0.9000D+00
    285  0.1200D+02 0.4000D+01 0.9500D+00
    286  0.1200D+02 0.4000D+01 0.1000D+01
    287  0.1200D+02 0.4000D+01 0.1050D+01
    288  0.1200D+02 0.4000D+01 0.1100D+01
    289  0.1200D+02 0.4000D+01 0.1150D+01
    290  0.1200D+02 0.4000D+01 0.1200D+01
    291  0.1200D+02 0.4000D+01 0.1250D+01
    292  0.1200D+02 0.4000D+01 0.1300D+01
    293  0.1200D+02 0.4000D+01 0.1350D+01
    294  0.1200D+02 0.4000D+01 0.1400D+01
    295  0.1200D+02 0.4000D+01 0.1450D+01
    296  0.1200D+02 0.4000D+01 0.1500D+01
    297  0.1200D+02 0.4000D+01 0.1550D+01
    298  0.1200D+02 0.4000D+01 0.1600D+01
    299  0.1200D+02 0.4000D+01 0.1650D+01
    300  0.1200D+02 0.5000D+01 0.5000D-01
    301  0.1200D+02 0.5000D+01 0.1000D+00
    302  0.1200D+02 0.5000D+01 0.1500D+00
    303  0.1200D+02 0.5000D+01 0.2000D+00
    304  0.1200D+02 0.5000D+01 0.2500D+00
    305  0.1200D+02 0.5000D+01 0.3000D+00
    306  0.1200D+02 0.5000D+01 0.3500D+00
    307  0.1200D+02 0.5000D+01 0.4000D+00
    308  0.1200D+02 0.5000D+01 0.4500D+00
    309  0.1200D+02 0.5000D+01 0.5000D+00
    310  0.1200D+02 0.5000D+01 0.5500D+00
    311  0.1200D+02 0.5000D+01 0.6000D+00
    312  0.1200D+02 0.5000D+01 0.6500D+00
    313  0.1200D+02 0.5000D+01 0.7000D+00
    314  0.1200D+02 0.5000D+01 0.7500D+00
    315  0.1200D+02 0.5000D+01 0.8000D+00
    316  0.1200D+02 0.5000D+01 0.8500D+00
    317  0.1200D+02 0.5000D+01 0.9000D+00
    318  0.1200D+02 0.5000D+01 0.9500D+00
    319  0.1200D+02 0.5000D+01 0.1000D+01
    320  0.1200D+02 0.5000D+01 0.1050D+01
    321  0.1200D+02 0.5000D+01 0.1100D+01
    322  0.1200D+02 0.5000D+01 0.1150D+01
    323  0.1200D+02 0.5000D+01 0.1200D+01
    324  0.1200D+02 0.5000D+01 0.1250D+01
    325  0.1200D+02 0.5000D+01 0.1300D+01
    326  0.1200D+02 0.6000D+01 0.5000D-01
    327  0.1200D+02 0.6000D+01 0.1000D+00
    328  0.1200D+02 0.6000D+01 0.1500D+00
    329  0.1200D+02 0.6000D+01 0.2000D+00
    330  0.1200D+02 0.6000D+01 0.2500D+00
    331  0.1200D+02 0.6000D+01 0.3000D+00
    332  0.1200D+02 0.6000D+01 0.3500D+00
    333  0.1200D+02 0.6000D+01 0.4000D+00
    334  0.1200D+02 0.6000D+01 0.4500D+00
    335  0.1200D+02 0.6000D+01 0.5000D+00
    336  0.1200D+02 0.6000D+01 0.5500D+00
    337  0.1200D+02 0.6000D+01 0.6000D+00
    338  0.1200D+02 0.6000D+01 0.6500D+00
    339  0.1200D+02 0.6000D+01 0.7000D+00
    340  0.1200D+02 0.6000D+01 0.7500D+00
    341  0.1200D+02 0.7000D+01 0.5000D-01
    342  0.1200D+02 0.7000D+01 0.1000D+00
    343  0.1200D+02 0.7000D+01 0.1500D+00
    344  0.1400D+02 0.1000D+01 0.2250D+01
    345  0.1400D+02 0.1000D+01 0.2300D+01
    346  0.1400D+02 0.2000D+01 0.2050D+01
    347  0.1400D+02 0.2000D+01 0.2100D+01
    348  0.1400D+02 0.2000D+01 0.2150D+01
    349  0.1400D+02 0.3000D+01 0.1700D+01
    350  0.1400D+02 0.3000D+01 0.1750D+01
    351  0.1400D+02 0.3000D+01 0.1800D+01
    352  0.1400D+02 0.3000D+01 0.1850D+01
    353  0.1400D+02 0.3000D+01 0.1900D+01
    354  0.1400D+02 0.4000D+01 0.1300D+01
    355  0.1400D+02 0.4000D+01 0.1350D+01
    356  0.1400D+02 0.4000D+01 0.1400D+01
    357  0.1400D+02 0.4000D+01 0.1450D+01
    358  0.1400D+02 0.4000D+01 0.1500D+01
    359  0.1400D+02 0.4000D+01 0.1550D+01
    360  0.1400D+02 0.4000D+01 0.1600D+01
    361  0.1400D+02 0.4000D+01 0.1650D+01
    362  0.1400D+02 0.5000D+01 0.9000D+00
    363  0.1400D+02 0.5000D+01 0.9500D+00
    364  0.1400D+02 0.5000D+01 0.1000D+01
    365  0.1400D+02 0.5000D+01 0.1050D+01
    366  0.1400D+02 0.5000D+01 0.1100D+01
    367  0.1400D+02 0.5000D+01 0.1150D+01
    368  0.1400D+02 0.5000D+01 0.1200D+01
    369  0.1400D+02 0.5000D+01 0.1250D+01
    370  0.1400D+02 0.5000D+01 0.1300D+01
    371  0.1400D+02 0.5000D+01 0.1350D+01
    372  0.1400D+02 0.5000D+01 0.1400D+01
    373  0.1400D+02 0.6000D+01 0.4500D+00
    374  0.1400D+02 0.6000D+01 0.5000D+00
    375  0.1400D+02 0.6000D+01 0.5500D+00
    376  0.1400D+02 0.6000D+01 0.6000D+00
    377  0.1400D+02 0.6000D+01 0.6500D+00
    378  0.1400D+02 0.6000D+01 0.7000D+00
    379  0.1400D+02 0.6000D+01 0.7500D+00
    380  0.1400D+02 0.6000D+01 0.8000D+00
    381  0.1400D+02 0.6000D+01 0.8500D+00
    382  0.1400D+02 0.6000D+01 0.9000D+00
    383  0.1400D+02 0.6000D+01 0.9500D+00
    384  0.1400D+02 0.6000D+01 0.1000D+01
    385  0.1400D+02 0.6000D+01 0.1050D+01
    386  0.1400D+02 0.6000D+01 0.1100D+01
    387  0.1400D+02 0.6000D+01 0.1150D+01
    388  0.1400D+02 0.7000D+01 0.5000D-01
    389  0.1400D+02 0.7000D+01 0.1000D+00
    390  0.1400D+02 0.7000D+01 0.1500D+00
    391  0.1400D+02 0.7000D+01 0.2000D+00
    392  0.1400D+02 0.7000D+01 0.2500D+00
    393  0.1400D+02 0.7000D+01 0.3000D+00
    394  0.1400D+02 0.7000D+01 0.3500D+00
    395  0.1400D+02 0.7000D+01 0.4000D+00
    396  0.1400D+02 0.7000D+01 0.4500D+00
    397  0.1400D+02 0.7000D+01 0.5000D+00
    398  0.1400D+02 0.7000D+01 0.5500D+00
    399  0.1400D+02 0.7000D+01 0.6000D+00
    400  0.1400D+02 0.7000D+01 0.6500D+00
    401  0.1400D+02 0.7000D+01 0.7000D+00
    402  0.1400D+02 0.7000D+01 0.7500D+00
    403  0.1400D+02 0.7000D+01 0.8000D+00
    404  0.1400D+02 0.7000D+01 0.8500D+00
    405  0.1400D+02 0.7000D+01 0.9000D+00
    406  0.1400D+02 0.8000D+01 0.5000D-01
    407  0.1400D+02 0.8000D+01 0.1000D+00
    408  0.1400D+02 0.8000D+01 0.1500D+00
    409  0.1400D+02 0.8000D+01 0.2000D+00
    410  0.1400D+02 0.8000D+01 0.2500D+00
    411  0.1400D+02 0.8000D+01 0.3000D+00
    412  0.1400D+02 0.8000D+01 0.3500D+00
    413  0.1400D+02 0.8000D+01 0.4000D+00
    414  0.1400D+02 0.8000D+01 0.4500D+00
    415  0.1600D+02 0.6000D+01 0.1250D+01
    416  0.1600D+02 0.7000D+01 0.8000D+00
    417  0.1600D+02 0.7000D+01 0.8500D+00
    418  0.1600D+02 0.7000D+01 0.9000D+00
    419  0.1600D+02 0.7000D+01 0.9500D+00
    420  0.1600D+02 0.7000D+01 0.1000D+01
    421  0.1600D+02 0.7000D+01 0.1050D+01
    422  0.1600D+02 0.8000D+01 0.4000D+00
    423  0.1600D+02 0.8000D+01 0.4500D+00
    424  0.1600D+02 0.8000D+01 0.5000D+00
    425  0.1600D+02 0.8000D+01 0.5500D+00
    426  0.1600D+02 0.8000D+01 0.6000D+00
    427  0.1600D+02 0.8000D+01 0.6500D+00
    428  0.1600D+02 0.8000D+01 0.7000D+00
    429  0.1600D+02 0.8000D+01 0.7500D+00
    430  0.1600D+02 0.8000D+01 0.8000D+00
    431  0.1600D+02 0.8000D+01 0.8500D+00
    432  0.1600D+02 0.9000D+01 0.5000D-01
    433  0.1600D+02 0.9000D+01 0.1000D+00
    434  0.1600D+02 0.9000D+01 0.1500D+00
    435  0.1600D+02 0.9000D+01 0.2000D+00
    436  0.1600D+02 0.9000D+01 0.2500D+00
    437  0.1600D+02 0.9000D+01 0.3000D+00
    438  0.1600D+02 0.9000D+01 0.3500D+00
    439  0.1600D+02 0.9000D+01 0.4000D+00
    440  0.1600D+02 0.9000D+01 0.4500D+00
    441  0.1600D+02 0.9000D+01 0.5000D+00
    442  0.1600D+02 0.9000D+01 0.5500D+00
    443  0.1600D+02 0.9000D+01 0.6000D+00
    444  0.1600D+02 0.9000D+01 0.6500D+00
    445  0.1600D+02 0.1000D+02 0.5000D-01
    446  0.1600D+02 0.1000D+02 0.1000D+00
    447  0.1600D+02 0.1000D+02 0.1500D+00
    448  0.1600D+02 0.1000D+02 0.2000D+00
    449  0.1800D+02 0.9000D+01 0.6500D+00
    450  0.1800D+02 0.9000D+01 0.7000D+00
    451  0.1800D+02 0.9000D+01 0.7500D+00
    452  0.1800D+02 0.9000D+01 0.8000D+00
    453  0.1800D+02 0.9000D+01 0.8500D+00
    454  0.1800D+02 0.1000D+02 0.2500D+00
    455  0.1800D+02 0.1000D+02 0.3000D+00
    456  0.1800D+02 0.1000D+02 0.3500D+00
    457  0.1800D+02 0.1000D+02 0.4000D+00
    458  0.1800D+02 0.1000D+02 0.4500D+00
    459  0.1800D+02 0.1000D+02 0.5000D+00
    460  0.1800D+02 0.1000D+02 0.5500D+00
    461  0.1800D+02 0.1000D+02 0.6000D+00
    462  0.1800D+02 0.1000D+02 0.6500D+00
    463  0.1800D+02 0.1000D+02 0.7000D+00
    464  0.1800D+02 0.1100D+02 0.1000D+00
    465  0.1800D+02 0.1100D+02 0.1500D+00
    466  0.1800D+02 0.1100D+02 0.2000D+00
    467  0.1800D+02 0.1100D+02 0.2500D+00
    468  0.1800D+02 0.1100D+02 0.3000D+00
    469  0.1800D+02 0.1100D+02 0.3500D+00
    470  0.2000D+02 0.1100D+02 0.4500D+00
    471  0.2000D+02 0.1100D+02 0.5000D+00
    472  0.2000D+02 0.1100D+02 0.5500D+00
    473  0.2000D+02 0.1100D+02 0.6000D+00
    474  0.2000D+02 0.1100D+02 0.6500D+00
    475  0.2000D+02 0.1100D+02 0.7000D+00
    476  0.2000D+02 0.1200D+02 0.2000D+00
    477  0.2000D+02 0.1200D+02 0.2500D+00
    478  0.2000D+02 0.1200D+02 0.3000D+00
    479  0.2000D+02 0.1200D+02 0.3500D+00
    480  0.2000D+02 0.1200D+02 0.4000D+00
    481  0.2000D+02 0.1200D+02 0.4500D+00
    482  0.2000D+02 0.1200D+02 0.5000D+00
    483  0.2000D+02 0.1200D+02 0.5500D+00
    484  0.2000D+02 0.1300D+02 0.1000D+00
    485  0.2000D+02 0.1300D+02 0.1500D+00
    486  0.2200D+02 0.1200D+02 0.6500D+00
    487  0.2200D+02 0.1200D+02 0.7000D+00
    488  0.2200D+02 0.1300D+02 0.3000D+00
    489  0.2200D+02 0.1300D+02 0.3500D+00
    490  0.2200D+02 0.1300D+02 0.4000D+00
    491  0.2200D+02 0.1300D+02 0.4500D+00
    492  0.2200D+02 0.1300D+02 0.5000D+00
    493  0.2200D+02 0.1300D+02 0.5500D+00
    494  0.2200D+02 0.1300D+02 0.6000D+00
    495  0.2200D+02 0.1400D+02 0.2000D+00
    496  0.2200D+02 0.1400D+02 0.2500D+00
    497  0.2200D+02 0.1400D+02 0.3000D+00
    498  0.2400D+02 0.1400D+02 0.5000D+00
    499  0.2400D+02 0.1400D+02 0.5500D+00
    500  0.2400D+02 0.1400D+02 0.6000D+00
    501  0.2400D+02 0.1500D+02 0.2500D+00
    502  0.2400D+02 0.1500D+02 0.3000D+00
    503  0.2400D+02 0.1500D+02 0.3500D+00
    504  0.2400D+02 0.1500D+02 0.4000D+00
    505  0.2400D+02 0.1500D+02 0.4500D+00
    506  0.2600D+02 0.1500D+02 0.6000D+00
    507  0.2600D+02 0.1500D+02 0.6500D+00
    508  0.2600D+02 0.1600D+02 0.3500D+00
    509  0.2600D+02 0.1600D+02 0.4000D+00
    510  0.2600D+02 0.1600D+02 0.4500D+00
    511  0.2600D+02 0.1600D+02 0.5000D+00
    512  0.2600D+02 0.1600D+02 0.5500D+00
    513  0.2800D+02 0.1700D+02 0.4500D+00
    514  0.2800D+02 0.1700D+02 0.5000D+00
    515  0.2800D+02 0.1700D+02 0.5500D+00
    516  0.2800D+02 0.1700D+02 0.6000D+00
    517  0.2800D+02 0.1800D+02 0.3500D+00
    518  0.2800D+02 0.1800D+02 0.4000D+00
    519  0.3000D+02 0.1800D+02 0.6000D+00
    520  0.3000D+02 0.1800D+02 0.6500D+00
    521  0.3000D+02 0.1900D+02 0.4000D+00
    522  0.3000D+02 0.1900D+02 0.4500D+00
    523  0.3000D+02 0.1900D+02 0.5000D+00
