2.2421524663676564  942.9530201342282
30.26905829596413  936.9127516778526
52.69058295964126  914.765100671141
79.59641255605382  884.5637583892619
109.86547085201792  830.2013422818793
128.92376681614346  789.9328859060404
153.58744394618836  733.5570469798658
176.0089686098655  681.2080536912752
198.43049327354262  634.8993288590607
216.36771300448433  598.6577181208056
241.03139013452912  550.3355704697988
260.08968609865474  514.0939597315437
281.3901345291479  473.82550335570477
304.932735426009  429.530201342282
330.7174887892377  383.2214765100671
359.865470852018  330.8724832214766
389.0134529147982  286.57718120805407
413.6771300448431  250.33557046979854
434.9775784753364  222.14765100671116
463.0044843049328  183.89261744966439
485.42600896860995  151.67785234899293
505.6053811659193  113.42281879194616
519.0582959641257  73.154362416107
528.0269058295964  4.697986577180927
