1.1210762331838566  1917.4496644295305
14.573991031390136  1913.4228187919466
25.784753363228674  1907.3825503355706
39.23766816143498  1891.2751677852352
56.05381165919286  1867.1140939597317
70.62780269058297  1840.9395973154365
86.3228699551569  1808.7248322147652
104.26008968609861  1768.4563758389263
126.68161434977574  1716.1073825503358
153.58744394618836  1663.7583892617452
193.9461883408072  1597.3154362416108
301.56950672645746  1476.510067114094
346.4125560538117  1436.241610738255
393.49775784753365  1393.959731543624
427.1300448430494  1349.6644295302012
447.30941704035877  1313.4228187919466
464.1255605381166  1263.0872483221478
474.2152466367713  1210.738255033557
483.1838565022423  1154.3624161073826
493.2735426008969  1108.0536912751677
512.3318385650225  1051.6778523489932
536.9955156950673  995.3020134228186
559.4170403587445  948.9932885906039
596.4125560538117  886.5771812080536
642.3766816143499  836.2416107382548
687.2197309417041  806.0402684563758
723.0941704035876  771.8120805369126
734.3049327354261  757.7181208053689
752.2421524663679  729.5302013422818
773.5426008968611  689.2617449664428
803.8116591928252  636.9127516778524
837.4439461883409  596.6442953020132
877.8026905829596  568.4563758389259
922.6457399103141  540.2684563758385
967.4887892376684  491.94630872483185
1001.121076233184  431.54362416107347
1028.0269058295964  369.12751677852316
1061.659192825112  300.6711409395971
1124.439461883408  212.08053691275109
1182.7354260089687  143.62416107382546
1216.3677130044844  93.28859060402647
1236.5470852017938  30.872483221475704
1238.7892376681614  4.6979865771804725
