  0.1581E-10  0.7454E-10  0.1571E-15
  0.3972E-10  0.1872E-09  0.7689E-15
  0.9976E-10  0.4702E-09  0.3641E-14
  0.2506E-09  0.1181E-08  0.1666E-13
  0.6294E-09  0.2968E-08  0.7332E-13
  0.1581E-08  0.7454E-08  0.3085E-12
  0.3972E-08  0.1873E-07  0.1237E-11
  0.5000E-08  0.2358E-07  0.1663E-11
  0.9976E-08  0.4705E-07  0.4539E-11
  0.1990E-07  0.9387E-07  0.1212E-10
  0.3972E-07  0.1873E-06  0.3182E-10
  0.7924E-07  0.3738E-06  0.8236E-10
  0.1581E-06  0.7459E-06  0.2112E-09
  0.1990E-06  0.9392E-06  0.2764E-09
  0.3155E-06  0.1489E-05  0.5152E-09
  0.5000E-06  0.2360E-05  0.9581E-09
  0.6294E-06  0.2971E-05  0.1306E-08
  0.7924E-06  0.3741E-05  0.1593E-08
  0.9976E-06  0.4710E-05  0.2170E-08
  0.1581E-05  0.7465E-05  0.4023E-08
  0.2506E-05  0.1184E-04  0.7452E-08
  0.3972E-05  0.1877E-04  0.1380E-07
  0.5000E-05  0.2363E-04  0.1791E-07
  0.6294E-05  0.2973E-04  0.2436E-07
  0.7924E-05  0.3747E-04  0.3315E-07
  0.9976E-05  0.4716E-04  0.4507E-07
  0.1256E-04  0.5941E-04  0.6130E-07
  0.1581E-04  0.7479E-04  0.8002E-07
  0.1990E-04  0.9418E-04  0.1077E-06
  0.2506E-04  0.1186E-03  0.1464E-06
  0.3155E-04  0.1494E-03  0.1882E-06
  0.3972E-04  0.1881E-03  0.2559E-06
  0.5000E-04  0.2369E-03  0.3479E-06
  0.6294E-04  0.2982E-03  0.4729E-06
  0.7924E-04  0.3758E-03  0.6430E-06
  0.9976E-04  0.4730E-03  0.8214E-06
  0.1105E-03  0.5242E-03  0.9147E-06
  0.1256E-03  0.5958E-03  0.1041E-05
  0.1581E-03  0.7505E-03  0.1415E-05
  0.1990E-03  0.9452E-03  0.1840E-05
  0.2506E-03  0.1191E-02  0.2384E-05
  0.2572E-03  0.1222E-02  0.2469E-05
  3.00000014E-04   1.4259999025773406E-003   2.5299998001293060E-006
   3.99999990E-04   1.9029998712601971E-003   2.8899998777889927E-006
   5.00000024E-04   2.3790000204849632E-003   3.2400001089757357E-006
   6.00000028E-04   2.8550001697097292E-003   3.5999998916547005E-006
   6.99999975E-04   3.3319998363323263E-003   4.0000002401483272E-006
   7.99999980E-04   3.8090001070754421E-003   4.3600000228272920E-006
   8.99999985E-04   4.2849999542399486E-003   4.7599997813594750E-006
   1.00000005E-03   4.7619999229228053E-003   5.1699996813453231E-006
   1.50000001E-03   7.1460002489392559E-003   7.4500000748630977E-006
   2.00000009E-03   9.5310003944137963E-003   9.9800001699731268E-006
   2.49999994E-03   1.1915999331647300E-002   1.2720000580783633E-005
   3.00000003E-03   1.4303000324279058E-002   1.5709999513263505E-005
   3.50000011E-03   1.6688999685091171E-002   1.8799999270318588E-005
   4.00000019E-03   1.9076000677722929E-002   2.2039999084313605E-005
   4.49999981E-03   2.1464000885692256E-002   2.5440001161567265E-005
   4.99999989E-03   2.3851999885420552E-002   2.8989999755992195E-005
   5.49999997E-03   2.6240001301630917E-002   3.2639999174992334E-005
   6.00000005E-03   2.8628998308455743E-002   3.6389999418567687E-005
   6.50000013E-03   3.1016999724666112E-002   4.0240000486718251E-005
   7.00000022E-03   3.3406999571551618E-002   4.4290000844173463E-005
   7.49999983E-03   3.5795998994858517E-002   4.8399997920620557E-005
   8.00000038E-03   3.8185998841744027E-002   5.2700000339513797E-005
   8.50000046E-03   4.0576001105111614E-002   5.7059999477398926E-005
   8.99999961E-03   4.2965998535515047E-002   6.1569999852146870E-005
   9.49999969E-03   4.5357001222461245E-002   6.6179996331778478E-005
   9.99999978E-03   4.7747999076443289E-002   7.0949999794360272E-005
   1.20000001E-02   5.7313000581878368E-002   9.1620002213037283E-005
   1.40000004E-02   6.6882999372242347E-002   1.1488999775252050E-004
   1.60000008E-02   7.6454999009763533E-002   1.4067999708040945E-004
   1.79999992E-02   8.6032000765177780E-002   1.6967000391593896E-004
   1.99999996E-02   9.5611003367749234E-002   2.0174999280968026E-004
   2.19999999E-02  0.10519399799870682        2.3687001054626121E-004
   2.40000002E-02  0.11478099432397884        2.7537999393601338E-004
   2.60000005E-02  0.12437000116233639        3.1723999550965201E-004
   2.80000009E-02  0.13396300002908007        3.6218999802026865E-004
   2.99999993E-02  0.14356000059013818        4.1054002856644243E-004
   3.20000015E-02  0.15315900199835350        4.6202000751887896E-004
   3.40000018E-02  0.16276199543495498        5.1660003091191320E-004
   3.59999985E-02  0.17236799497525640        5.7416999778105160E-004
   3.79999988E-02  0.18197799620987229        6.3438000907349503E-004
   3.99999991E-02  0.19159099388225984        6.9757003361102011E-004
   4.19999994E-02  0.20120698799241907        7.6345005578722222E-004
   4.39999998E-02  0.21082599787220657        8.3187002716832311E-004
   4.60000001E-02  0.22044798485790917        9.0271002983140398E-004
   4.80000004E-02  0.23007399286978278        9.7589001780776555E-004
   5.00000007E-02  0.23970301665128466        1.0513999475937881E-003
   5.20000011E-02  0.24933399295030229        1.1289900908701435E-003
   5.40000014E-02  0.25896899027549092        1.2087600520073168E-003
   5.60000017E-02  0.26860700337030785        1.2905500411281691E-003
   5.79999983E-02  0.27824700764635368        1.3745199236249043E-003
   5.99999987E-02  0.28789101361671393        1.4601700163136713E-003
   6.19999990E-02  0.29753699143644657        1.5480401008777353E-003
   6.40000030E-02  0.30718700961420675        1.6334799596260702E-003
   6.59999996E-02  0.31683899964133933        1.7254100361346022E-003
   6.80000037E-02  0.32649398610624353        1.8190598927291270E-003
   7.00000003E-02  0.33615102174794648        1.9148400293019538E-003
   7.19999969E-02  0.34581200108839405        2.0122899549878692E-003
   7.40000010E-02  0.35547499094192714        2.1117200367032434E-003
   7.59999976E-02  0.36514099656508853        2.2012200384261757E-003
   7.80000016E-02  0.37480901270133538        2.3074399816789149E-003
   7.99999982E-02  0.38448000594349735        2.4154299980508106E-003
   8.20000023E-02  0.39415401495528757        2.5240300251162450E-003

5.0000000000000003E-002  0.23898631702228351  6.7806687759554328E-004
5.1899999999999995E-002  0.24809491623145552  7.5514187911518709E-004
5.3800000000000001E-002  0.25720642234416297  8.3731851375423423E-004
5.5700000000000006E-002  0.26632091325925672  9.2465005269351346E-004
5.7599999999999998E-002  0.27543846353765394  1.0171856680097672E-003
5.9499999999999997E-002  0.28455914426676565  1.1149714641134397E-003
6.1400000000000003E-002  0.29368302343062885  1.2180514027529993E-003
6.3300000000000009E-002  0.30281016621064594  1.3264681550063742E-003
6.5200000000000008E-002  0.31194063507210451  1.4402638938151890E-003
6.7099999999999993E-002  0.32107449008457772  1.5594810015518267E-003
6.9000000000000006E-002  0.33021178909984222  1.6841627190344124E-003
7.0900000000000005E-002  0.33935258804591811  1.8143537283069069E-003
7.2799999999999990E-002  0.34849694101609807  1.9501006820880123E-003
7.4700000000000003E-002  0.35764490054057385  2.0914526732314824E-003
7.6600000000000001E-002  0.36679651775668304  2.2384616554375586E-003
7.8500000000000000E-002  0.37595184258830311  2.3911828157312911E-003
8.0400000000000013E-002  0.38511092391681162  2.5496749027087017E-003
8.2300000000000012E-002  0.39427380974095000  2.7140005135706299E-003
8.4199999999999997E-002  0.40344054731261347  2.8842263436179836E-003
8.6099999999999996E-002  0.41261118335938451  3.0604234002392550E-003
8.7999999999999995E-002  0.42178576410196372  3.2426671856366678E-003
8.9899999999999994E-002  0.43096433546041107  3.4310378494996716E-003
9.1800000000000007E-002  0.44014694315416036  3.6256203151266153E-003
9.3700000000000006E-002  0.44933363281541067  3.8265043810864876E-003
9.5600000000000004E-002  0.45852445009355652  4.0337848006195250E-003
9.7500000000000017E-002  0.46771944075357552  4.2475613408904976E-003
9.9400000000000002E-002  0.47691865076744860  4.4679388240483498E-003
0.10130000000000000  0.48612212639919344  4.6950271519909728E-003
0.10320000000000000  0.49532991428400580  4.9289413163186207E-003
0.10510000000000000  0.50454206150156800  5.1698013952155286E-003
0.10700000000000000  0.51375861564311642  5.4177325386295331E-003
0.10890000000000001  0.52297962487582716  5.6728649430454114E-003
0.11080000000000001  0.53220513799849090  5.9353338171860247E-003
0.11270000000000001  0.54143520449624383  6.2052793396292667E-003
0.11460000000000002  0.55066987457166228  6.4828466094129953E-003
0.11649999999999999  0.55990919925579863  6.7681855908021680E-003
0.11840000000000001  0.56915323035107424  7.0614510525437782E-003
0.12030000000000000  0.57840202053297951  7.3628025030573014E-003
0.12220000000000000  0.58765562336781563  7.6724041217892929E-003
0.12410000000000000  0.59691409334346812  7.9904246876586621E-003
0.12600000000000000  0.60617748589684917  8.3170375050456938E-003
0.12790000000000001  0.61544585743874825  8.6524203279074331E-003
0.12980000000000003  0.62471926537609468  8.9967552825864720E-003
0.13169999999999998  0.63399775598493313  9.3475421023621694E-003
0.13360000000000000  0.64328132991781684  9.7038081168069647E-003
0.13550000000000001  0.65257000994620862  1.0067509858558513E-002
0.13739999999999999  0.66186383380263103  1.0439345875478704E-002
0.13930000000000001  0.67116284601642118  1.0819790859925895E-002
0.14120000000000002  0.68046709568520214  1.1209229115051325E-002
0.14310000000000000  0.68977663541297474  1.1607998380286805E-002
0.14500000000000002  0.69909152069610836  1.2016409269820271E-002
0.14690000000000000  0.70841180952715510  1.2434755415800821E-002
0.14879999999999999  0.71773756211943807  1.2863319344974023E-002
0.15070000000000000  0.72706884070543976  1.3302376143362552E-002
0.15260000000000001  0.73640570938288852  1.3752195869909202E-002
0.15450000000000000  0.74574823399314549  1.4213045214703013E-002
0.15640000000000001  0.75509648202364787  1.4685188677166330E-002
0.15830000000000002  0.76445052252654233  1.5168889426200441E-002
0.16020000000000001  0.77381042605055039  1.5664409942673766E-002
0.16210000000000002  0.78317626458252176  1.6172012508453952E-002
0.16400000000000001  0.79254811149726090  1.6691959585008811E-002
0.16589999999999999  0.80192604151303215  1.7224514110481315E-002
0.16780000000000000  0.81131013065240420  1.7769939736114179E-002
0.16970000000000002  0.82070045620698151  1.8328501016212410E-002
0.17160000000000000  0.83009709670623966  1.8900463562725300E-002
0.17350000000000002  0.83950013188884443  1.9486094172023148E-002
0.17540000000000003  0.84890964267631674  2.0085660929959365E-002
0.17730000000000001  0.85832571114953859  2.0699433299652133E-002
0.17920000000000003  0.86774842052647760  2.1327682195332622E-002
0.18110000000000001  0.87717785514190338  2.1970680045150518E-002
0.18300000000000000  0.88661410042862676  2.2628700844733552E-002
0.18490000000000001  0.89605724289974265  2.3302020203289277E-002
0.18680000000000002  0.90550737013246896  2.3990915383438477E-002
0.18870000000000001  0.91496457074354942  2.4695665335801538E-002
0.19060000000000002  0.92442893441078200  2.5416550729077194E-002
0.19250000000000003  0.93390055180593912  2.6153853976230330E-002
0.19439999999999999  0.94337951461751890  2.6907859257207126E-002
0.19630000000000000  0.95286591552979594  2.7678852538559461E-002
0.19820000000000002  0.96235984821151022  2.8467121590225700E-002
0.20010000000000000  0.97186140730490822  2.9272955999580592E-002
0.20200000000000001  0.98137068841551445  3.0096647182936115E-002
0.20390000000000003  0.99088778810230971  3.0938488394478221E-002
0.20580000000000001  1.0004128038683349  3.1798774732690015E-002
0.20770000000000002  1.0099458341517467  3.2677803144216838E-002
0.20960000000000004  1.0194869783171703  3.3575872425083406E-002
0.21149999999999999  1.0290363366473954  3.4493283219243068E-002
0.21340000000000001  1.0385940103353610  3.5430338014215045E-002
0.21529999999999999  1.0481601014763235  3.6387341133863507E-002
0.21720000000000000  1.0577347130602814  3.7364598727960698E-002
0.21909999999999999  1.0673179489645479  3.8362418758549441E-002
0.22100000000000003  1.0769099139463807  3.9381110982804307E-002
0.22289999999999999  1.0865107136358436  4.0420986932288315E-002
0.22479999999999997  1.0961204545285772  4.1482359888375675E-002
0.22670000000000001  1.1057392439786580  4.2565544853648343E-002
0.22860000000000000  1.1153671901914823  4.3670858519095974E-002
0.23050000000000001  1.1250044022164529  4.4798619226884599E-002
0.23240000000000000  1.1346509899397867  4.5949146928521305E-002
0.23430000000000001  1.1443070640769861  4.7122763138237357E-002
0.23619999999999999  1.1539727361653040  4.8319790881324647E-002
0.23810000000000003  1.1636481185559633  4.9540554637330571E-002
0.23999999999999999  1.1733333244061206  5.0785380277866825E-002
0.24189999999999998  1.1830284676706551  5.2054594998906113E-002
0.24380000000000002  1.1927336630935181  5.3348527247350043E-002
0.24570000000000000  1.2024490261989442  5.4667506641772161E-002
0.24760000000000001  1.2121746732820944  5.6011863887171540E-002
0.24950000000000000  1.2219107213994971  5.7381930683598398E-002
0.25140000000000001  1.2316572883588879  5.8778039628574079E-002
0.25330000000000003  1.2414144927087216  6.0200524113182739E-002
0.25519999999999998  1.2511824537271441  6.1649718211780877E-002
0.25710000000000000  1.2609612914104285  6.3125956565239116E-002
0.25900000000000001  1.2707511264608646  6.4629574257705033E-002
0.26090000000000002  1.2805520802741164  6.6160906686857118E-002
0.26279999999999998  1.2903642749259390  6.7720289427655872E-002
0.26469999999999999  1.3001878331582615  6.9308058089621108E-002
0.26660000000000000  1.3100228783646297  7.0924548167681012E-002
0.26849999999999996  1.3198695345812308  7.2570094886982642E-002
0.27040000000000003  1.3297279264458031  7.4245033039930144E-002
0.27229999999999999  1.3395981792190268  7.5949696820141285E-002
0.27420000000000000  1.3494804187415665  7.7684419647405606E-002
0.27610000000000001  1.3593747714224111  7.9449533988412105E-002
0.27799999999999997  1.3692813642199770  8.1245371171486891E-002
0.27989999999999998  1.3792003246224840  8.3072261196101907E-002
0.28179999999999999  1.3891317806274077  8.4930532537206394E-002
0.28370000000000001  1.3990758607203868  8.6820511944864925E-002
0.28559999999999997  1.4090326938530850  8.8742524239314752E-002
0.28750000000000003  1.4190024094204017  9.0696892101889498E-002
0.28939999999999999  1.4289851372368640  9.2683935862256608E-002
0.29130000000000000  1.4389810075121885  9.4703973282162235E-002
0.29320000000000002  1.4489901508260001  9.6757319336229983E-002
0.29509999999999997  1.4590126981020919  9.8844285990276864E-002
0.29699999999999999  1.4690487805813679  0.10096518197748487
0.29890000000000000  1.4790985297944650  0.10312031257299040
0.30080000000000001  1.4891620775334593  0.10530997936731858
0.30269999999999997  1.4992395558228857  0.10753448003933357
0.30460000000000004  1.5093310968900442  0.10979410812897951
0.30649999999999999  1.5194368331345927  0.11208915281056847
0.30840000000000001  1.5295568970975384  0.11441989866702379
0.31030000000000002  1.5396914214295694  0.11678662546575709
0.31219999999999998  1.5498405388588070  0.11918960793658444
0.31409999999999999  1.5600043821579406  0.12162911555240384
0.31600000000000000  1.5701830841109270  0.12410541231306728
0.31790000000000002  1.5803767774791035  0.12661875653311178
0.31979999999999997  1.5905855949669110  0.12916940063386126
0.32170000000000004  1.6008096691871876  0.13175759094039796
0.32360000000000000  1.6110491326260656  0.13438356748405597
0.32549999999999996  1.6213041176075778  0.13704756381088287
0.32740000000000002  1.6315747562639602  0.13974980679758078
0.32929999999999998  1.6418611804753522  0.14249051646947386
0.33119999999999999  1.6521635218710768  0.14526990583604785
0.33310000000000001  1.6624819117679921  0.14808818072416785
0.33500000000000002  1.6728164811405419  0.15094553962485421
0.33689999999999998  1.6831673605846427  0.15384217354781549
0.33879999999999999  1.6935346802813231  0.15677826588500907
0.34070000000000000  1.7039185699603219  0.15975399228374371
0.34259999999999996  1.7143191588641087  0.16276952052959170
0.34450000000000003  1.7247365757119124  0.16582501043932663
0.34639999999999999  1.7351709486640252  0.16892061376422349
0.34830000000000000  1.7456224052863436  0.17205647410383737
0.35020000000000001  1.7560910725153558  0.17523272683053556
0.35210000000000002  1.7665770766233113  0.17844949902483634
0.35399999999999998  1.7770805431840313  0.18170690942171544
0.35589999999999999  1.7876015970390489  0.18500506836789754
0.35780000000000001  1.7981403622643555  0.18834407779020781
0.35969999999999996  1.8086969621431928  0.19172403117637490
0.36160000000000003  1.8192715191110422  0.19514501355944383
0.36349999999999999  1.8298641547596817  0.19860710152817027
0.36540000000000000  1.8404749897821844  0.20211036323288872
0.36730000000000002  1.8511041439489078  0.20565485840974279
0.36920000000000003  1.8617517360783156  0.20924063841382046
0.37109999999999999  1.8724178840085797  0.21286774626264382
0.37300000000000000  1.8831027045699291  0.21653621668955114
0.37490000000000001  1.8938063135578993  0.22024607620693140
0.37679999999999997  1.9045288257074935  0.22399734317885264
0.37870000000000004  1.9152703546681802  0.22779002790288716
0.38059999999999999  1.9260310129798843  0.23162413270070098
0.38250000000000001  1.9368109120560477  0.23549965201924905
0.38440000000000002  1.9476101621361168  0.23941657252925158
0.38629999999999998  1.9584288723042311  0.24337487325350710
0.38819999999999999  1.9692671504415025  0.24737452567979926
0.39010000000000000  1.9801251032140237  0.25141549389224233
0.39200000000000002  1.9910028360548420  0.25549773470680642
0.39389999999999997  2.0019004531469884  0.25962119781281529
0.39580000000000004  2.0128180574074044  0.26378582592006000
0.39770000000000000  2.0237557504720187  0.26799155491104432
0.39959999999999996  2.0347136326817128  0.27223831399795828
0.40150000000000002  2.0456918030695128  0.27652602588394259
0.40339999999999998  2.0566903593542394  0.28085460693061476
0.40529999999999999  2.0677093979058450  0.28522396731626110
0.40720000000000001  2.0787490137732920  0.28963401122356269
0.40910000000000002  2.0898093006489957  0.29408463700225096
0.41099999999999998  2.1008903508678851  0.29857573734826326
0.41290000000000004  2.1119922554007311  0.30310719948173476
0.41480000000000000  2.1231151038478213  0.30767890532624381
0.41669999999999996  2.1342589844342106  0.31229073168910282
0.41860000000000003  2.1454239840053648  0.31694255044223757
0.42049999999999998  2.1566101880304891  0.32163422870668473
0.42240000000000005  2.1678176805731191  0.32636562901955740
0.42430000000000007  2.1790465443325062  0.33113660953693197
0.42620000000000002  2.1902968606124920  0.33594702419808237
0.42809999999999998  2.2015687093300582  0.34079672290867086
0.43000000000000005  2.2128621690159220  0.34568555171824533
0.43190000000000006  2.2241773168165375  0.35061335299635860
0.43380000000000002  2.2355142284964047  0.35557996560686445
0.43570000000000003  2.2468729784412753  0.36058522508011437
0.43759999999999999  2.2582536396684896  0.36562896378713799
0.43950000000000006  2.2696562838045522  0.37071101108994542
0.44140000000000007  2.2810809811327806  0.37583119353343147
0.44330000000000003  2.2925278005692613  0.38098933498876325
0.44519999999999998  2.3039968096771961  0.38618525681740634
0.44710000000000000  2.3154880746737501  0.39141877802736952
0.44900000000000007  2.3270016604377406  0.39668971542599663
0.45090000000000002  2.3385376305172803  0.40199788376956236
0.45280000000000004  2.3500960471387780  0.40734309590957030
0.45469999999999999  2.3616769712154460  0.41272516293528416
0.45660000000000006  2.3732804623570045  0.41814389431298088
0.45850000000000007  2.3849065788850554  0.42359909802635975
0.46040000000000003  2.3965553778196909  0.42909058068785771
0.46229999999999999  2.4082269149268920  0.43461814769861207
0.46420000000000000  2.4199212447042320  0.44018160335106166
0.46610000000000007  2.4316384203980919  0.44578075095498992
0.46800000000000003  2.4433784940158527  0.45141539295471900
0.46990000000000004  2.4551415163374681  0.45708533104212024
0.47180000000000011  2.4669275369275168  0.46279036626610270
0.47370000000000007  2.4787366041476759  0.46853029913827493
0.47560000000000008  2.4905687651691246  0.47430492973495858
0.47750000000000004  2.5024240659854913  0.48011405779560817
0.47939999999999999  2.5143025514255624  0.48595748281739598
0.48130000000000006  2.5262042651665291  0.49183500414645237
0.48320000000000007  2.5381292497471866  0.49774642106539341
0.48510000000000003  2.5500775465849812  0.50369153288356883
0.48700000000000004  2.5620491959742431  0.50967013899259650
0.48890000000000011  2.5740442371235659  0.51568203898247278
0.49080000000000007  2.5860627081528857  0.52172703268880649
0.49270000000000008  2.5981046461116239  0.52780492027071746
0.49460000000000004  2.6101700869924773  0.53391550227813556
0.49650000000000000  2.6222590657452032  0.54005857971651550
0.49840000000000007  2.6343716162904149  0.54623395410814013
0.50030000000000008  2.6465077715335927  0.55244142755065706
0.50220000000000009  2.6586675633788452  0.55868080277271992
0.50409999999999999  2.6708510227429212  0.56495188318675682
0.50600000000000001  2.6830581795689419  0.57125447293907972
0.50790000000000013  2.6952890628403372  0.57758837695737797
0.50980000000000003  2.7075437005945049  0.58395340099540960
0.51170000000000004  2.7198221199368233  0.59034935167556768
0.51360000000000006  2.7321243470540306  0.59677603652861200
0.51550000000000007  2.7444504072281806  0.60323326403146227
0.51740000000000008  2.7568003248499626  0.60972084364235435
0.51930000000000009  2.7691741234324918  0.61623858583413826
0.52120000000000000  2.7815718256243853  0.62278630212512864
0.52310000000000001  2.7939934532204531  0.62936380511555268
0.52500000000000013  2.8064390271864901  0.63597090848465399
0.52690000000000003  2.8189085676551100  0.64260742706132901
0.52880000000000005  2.8314020939501536  0.64927317681656138
0.53070000000000006  2.8439196245969054  0.65596797489272873
0.53260000000000007  2.8564611773350155  0.66269163962354516
0.53450000000000009  2.8690267691306297  0.66944399055198101
0.53640000000000010  2.8816164161900248  0.67622484844735209
0.53830000000000000  2.8942301339709564  0.68303403532004403
0.54020000000000001  2.9068679371958153  0.68987137443536428
0.54210000000000014  2.9195298398635066  0.69673669032607266
0.54400000000000004  2.9322158552614450  0.70362980880296622
0.54590000000000005  2.9449259959776874  0.71055055696499958
0.54780000000000006  2.9576602739128393  0.71749876320776873
0.54970000000000008  2.9704187002914479  0.72447425723068892
0.55160000000000009  2.9832012856736103  0.73147687004363837
0.55350000000000010  2.9960080399668270  0.73850643397198090
0.55540000000000000  3.0088389724364397  0.74556278266078524
0.55730000000000002  3.0216940917172970  0.75264575107829157
0.55920000000000014  3.0345734058249794  0.75975517551837868
0.56110000000000004  3.0474769221658042  0.76689089360173912
0.56300000000000006  3.0604046475484212  0.77405274427712278
0.56490000000000007  3.0733565881936404  0.78124056782085660
0.56680000000000008  3.0863327497453046  0.78845420583626369
0.56870000000000009  3.0993331372802806  0.79569350125220795
0.57060000000000011  3.1123577553188388  0.80295829832091936
0.57250000000000001  3.1254066078342677  0.81024844261520190
0.57440000000000002  3.1384796982630774  0.81756378102517191
0.57630000000000015  3.1515770295144279  0.82490416175430648
0.57820000000000005  3.1646986039797667  0.83226943431504552
0.58010000000000006  3.1778444235422767  0.83965944952386540
0.58200000000000007  3.1910144895525279  0.84707405950417325
0.58389999999999997  3.2042088029721065  0.85451311764717952
0.58580000000000010  3.2174273641801383  0.86197647865600369
0.58770000000000011  3.2306701731185052  0.86946399850575495
0.58960000000000001  3.2439372292646547  0.87697553444409704
0.59150000000000003  3.2572285316417098  0.88451094498478611
0.59340000000000015  3.2705440788262714  0.89207008989966208
0.59530000000000005  3.2838838689570635  0.89965283021118581
0.59720000000000006  3.2972478997430446  0.90725902818385351
0.59910000000000008  3.3106361684711221  0.91488854731598779
0.60099999999999998  3.3240486720144431  0.92254125233113460
0.60290000000000010  3.3374854068402549  0.93021700916944194
0.60480000000000012  3.3509463690170285  0.93791568497810562
0.60670000000000002  3.3644315542222705  0.94563714810249566
0.60860000000000003  3.3779409577502855  0.95338126807709456
0.61050000000000015  3.3914745745196990  0.96114791561565194
0.61240000000000006  3.4050323990788796  0.96893696260124684
0.61430000000000007  3.4186144256152176  0.97674828207733355
0.61620000000000008  3.4322206479609618  0.98458174823726607
0.61809999999999998  3.4458510595997094  0.99243723641461112
0.62000000000000011  3.4595056536740256  1.0003146230729518
0.62190000000000012  3.4731844229915336  1.0082137857962787
0.62380000000000002  3.4868873600308343  1.0161346032779308
0.62570000000000003  3.5006144569495499  1.0240769553115936
0.62760000000000005  3.5143657055883706  1.0320407227798869
0.62950000000000006  3.5281410974792218  1.0400257876450811
0.63140000000000007  3.5419406238501434  1.0480320329382276
0.63330000000000009  3.5557642756310779  1.0560593427488836
0.63519999999999999  3.5696120434609475  1.0641076022151899
0.63710000000000011  3.5834839176919857  1.0721766975131266
0.63900000000000012  3.5973798883967105  1.0802665158467288
0.64090000000000003  3.6112999453718841  1.0883769454371437
0.64280000000000004  3.6252440781456108  1.0965078755131052
0.64470000000000005  3.6392122759814050  1.1046591963000489
0.64660000000000006  3.6532045278842635  1.1128307990103306
0.64850000000000008  3.6672208226054384  1.1210225758329255
0.65040000000000009  3.6812611486477596  1.1292344199234339
0.65229999999999999  3.6953254942702443  1.1374662253936803
0.65420000000000011  3.7094138474934448  1.1457178873020633
0.65610000000000013  3.7235261961039359  1.1539893016433944
0.65800000000000003  3.7376625276591775  1.1622803653389275
0.65990000000000004  3.7518228294923972  1.1705909762266169
0.66180000000000005  3.7660070887164920  1.1789210330513415
0.66370000000000007  3.7802152922293968  1.1872704354550796
0.66560000000000008  3.7944474267174972  1.1956390839671216
0.66750000000000009  3.8087034786609171  1.2040268799948399
0.66940000000000000  3.8229834343374254  1.2124337258140898
0.67130000000000012  3.8372872798259565  1.2208595245591871
0.67320000000000013  3.8516150010119254  1.2293041802144797
0.67510000000000003  3.8659665835902342  1.2377675976043190
0.67700000000000005  3.8803420130696615  1.2462496823841847
0.67890000000000006  3.8947412747769175  1.2547503410314422
0.68080000000000007  3.9091643538600831  1.2632694808364331
0.68270000000000008  3.9236112352925150  1.2718070098933052
0.68460000000000010  3.9380819038764519  1.2803628370912505
0.68650000000000000  3.9525763442471509  1.2889368721058756
0.68840000000000012  3.9670945408755292  1.2975290253901766
0.69030000000000014  3.9816364780722959  1.3061392081659751
0.69220000000000004  3.9962021399913352  1.3147673324157363
0.69410000000000005  4.0107915106331289  1.3234133108738795
0.69600000000000006  4.0254045738473572  1.3320770570180294
0.69790000000000008  4.0400413133370607  1.3407584850613832
0.69980000000000009  4.0547017126617497  1.3494575099445731
0.70170000000000010  4.0693857552396402  1.3581740473266952
0.70360000000000000  4.0840934243518268  1.3669080135783622
0.70550000000000002  4.0988247031446470  1.3756593257730756
0.70740000000000014  4.1135795746328299  1.3844279016797614
0.70930000000000004  4.1283580217023381  1.3932136597546774
0.71120000000000005  4.1431600271137299  1.4020165191343341
0.71310000000000007  4.1579855735040878  1.4108363996274726
0.71500000000000008  4.1728346433905257  1.4196732217076793
0.71690000000000009  4.1877072191724301  1.4285269065058819
0.71880000000000011  4.2026032831345841  1.4373973758034764
0.72070000000000001  4.2175228174495922  1.4462845520248448
0.72260000000000002  4.2324658041798626  1.4551883582298859
0.72450000000000014  4.2474322252812948  1.4641087181076131
0.72640000000000005  4.2624220626048110  1.4730455559687348
0.72830000000000006  4.2774352978991885  1.4819987967390158
0.73020000000000007  4.2924719128133741  1.4909683659522972
0.73210000000000008  4.3075318888990930  1.4999541897441266
0.73400000000000010  4.3226152076125750  1.5089561948445975
0.73590000000000011  4.3377218503173829  1.5179743085723623
0.73780000000000001  4.3528517982864710  1.5270084588277855
0.73970000000000002  4.3680050327041489  1.5360585740866690
0.74160000000000015  4.3831815346683163  1.5451245833939862
0.74350000000000005  4.3983812851932855  1.5542064163577933
0.74540000000000006  4.4136042652106937  1.5633040031428282
0.74730000000000008  4.4288504555721051  1.5724172744643126
0.74919999999999998  4.4441198370514483  1.5815461615826503
0.75110000000000010  4.4594123903460909  1.5906905962967066
0.75300000000000011  4.4747280960796134  1.5998505109384871
0.75490000000000002  4.4900669348030053  1.6090258383670735
0.75680000000000003  4.5054288869970147  1.6182165119631517
0.75870000000000015  4.5208139330737067  1.6274224656231997
0.76060000000000005  4.5362220533785429  1.6366436337541348
0.76250000000000007  4.5516532281919240  1.6458799512676725
0.76440000000000008  4.5671074377309706  1.6551313535749641
0.76629999999999998  4.5825846621511550  1.6643977765813136
0.76820000000000010  4.5980848815481208  1.6736791566807792
0.77010000000000012  4.6136080759593892  1.6829754307511533
0.77200000000000002  4.6291542253657827  1.6922865361486561
0.77390000000000003  4.6447233096929841  1.7016124107029529
0.77580000000000016  4.6603153088133373  1.7109529927121077
0.77770000000000006  4.6759302025473515  1.7203082209377354
0.77960000000000007  4.6915679706649849  1.7296780346000737
0.78150000000000008  4.7072285928869944  1.7390623733728583
0.78339999999999999  4.7229120488871734  1.7484611773792886
0.78530000000000011  4.7386183182929242  1.7578743871866900
0.78720000000000012  4.7543473806870296  1.7673019438020698
0.78910000000000002  4.7700992156090365  1.7767437886676862
0.79100000000000004  4.7858738025564378  1.7861998636562932
0.79290000000000016  4.8016711209864686  1.7956701110670497
0.79480000000000006  4.8174911503166973  1.8051544736207092
0.79670000000000007  4.8333338699269497  1.8146528944555238
0.79860000000000009  4.8491992591600930  1.8241653171229113
0.80049999999999999  4.8650872973236892  1.8336916855831702
0.80240000000000011  4.8809979636908745  1.8432319442014453
0.80430000000000013  4.8969312375019207  1.8527860377435268
0.80620000000000003  4.9128870979649433  1.8623539113716587
0.80810000000000004  4.9288655242575041  1.8719355106407864
0.81000000000000016  4.9448664955273474  1.8815307814942208
0.81190000000000007  4.9608899908939446  1.8911396702602403
0.81380000000000008  4.9769359894491050  1.9007621236476364
0.81570000000000009  4.9930044702584668  1.9103980887423750
0.81759999999999999  5.0090954123626377  1.9200475130037922
0.81950000000000012  5.0252087947775914  1.9297103442604226
0.82140000000000013  5.0413445964958923  1.9393865307066331
0.82330000000000003  5.0575027964887695  1.9490760208994580
0.82520000000000004  5.0736833737053786  1.9587787637540450
0.82710000000000006  5.0898863070751066  1.9684947085410263
0.82900000000000007  5.1061115755078204  1.9782238048823761
0.83090000000000008  5.1223591578950547  1.9879660027484365
0.83280000000000010  5.1386290331108277  1.9977212524541785
0.83470000000000000  5.1549211800128401  2.0074895046561987
0.83660000000000012  5.1712355774428564  2.0172707103489289
0.83850000000000013  5.1875722042282533  2.0270648208619297
0.84040000000000004  5.2039310391818301  2.0368717878560059
0.84230000000000005  5.2203120611036873  2.0466915633204925
0.84420000000000006  5.2367152487819597  2.0565240995703120
0.84609999999999996  5.2531405809928202  2.0663693492420809
0.84799999999999998  5.2695880365017729  2.0762272652915397
0.84989999999999999  5.2860575940649568  2.0860978009907374
0.85180000000000000  5.3025492324287518  2.0959809099243478
0.85370000000000013  5.3190629303317092  2.1058765459875111
0.85560000000000014  5.3355986665043975  2.1157846633821302
0.85750000000000004  5.3521564196708615  2.1257052166146910
0.85940000000000005  5.3687361685484465  2.1356381604927095
0.86130000000000007  5.3853378918497681  2.1455834501227078
0.86319999999999997  5.4019615682821120  2.1555410409067042
0.86509999999999998  5.4186071765489361  2.1655108885398096
0.86699999999999999  5.4352746953499249  2.1754929490074262
0.86890000000000001  5.4519641033825437  2.1854871785827488
0.87079999999999991  5.4686753793417120  2.1954935338237811
0.87270000000000014  5.4854085019211496  2.2055119715710485
0.87460000000000004  5.5021634498132235  2.2155424489446425
0.87650000000000006  5.5189402017106568  2.2255849233421423
0.87840000000000007  5.5357387363062163  2.2356393524357117
0.88029999999999997  5.5525590322934457  2.2457056941695859
0.88219999999999998  5.5694010683677142  2.2557839067580052
0.88410000000000000  5.5862648232263252  2.2658739486822914
0.88600000000000001  5.6031502755692228  2.2759757786887596
0.88789999999999991  5.6200574040994500  2.2860893557862072
0.88980000000000015  5.6369861875238980  2.2962146392435741
0.89170000000000005  5.6539366045536239  2.3063515885876908
0.89360000000000006  5.6709086339046220  2.3165001636009737
0.89550000000000007  5.6879022542981392  2.3266603243190862
0.89739999999999998  5.7049174444606878  2.3368320310284982
0.89929999999999999  5.7219541831258320  2.3470152442648935
0.90120000000000000  5.7390124490335372  2.3572099248103644
0.90309999999999990  5.7560922209309959  2.3674160336915056
0.90499999999999992  5.7731934775730958  2.3776335321772697
0.90689999999999993  5.7903161977228708  2.3878623817767286
0.90879999999999994  5.8074603601520325  2.3981025442371315
0.91070000000000007  5.8246259436413377  2.4083539815418673
0.91260000000000008  5.8418129269810342  2.4186166559082709
0.91449999999999998  5.8590212889712614  2.4288905297856944
0.91639999999999999  5.8762510084223454  2.4391755658533572
0.91830000000000001  5.8935020641557188  2.4494717270188042
0.92019999999999991  5.9107744350035061  2.4597789764153282
0.92209999999999992  5.9280680998095860  2.4700972774005701
0.92399999999999993  5.9453830374298740  2.4804265935543692
0.92589999999999995  5.9627192267324736  2.4907668886769483
0.92780000000000007  5.9800766465981399  2.5011181267870115
0.92970000000000008  5.9974552759206246  2.5114802721197975
0.93159999999999998  6.0148550936073581  2.5218532891256498
0.93350000000000000  6.0322760785792440  2.5322371424676375
0.93540000000000001  6.0497182097714344  2.5426317970203134
0.93729999999999991  6.0671814661335661  2.5530372178675593
0.93919999999999992  6.0846658266297062  2.5634533703009441
0.94109999999999994  6.1021712702397073  2.5738802198183466
0.94299999999999995  6.1196977759582696  2.5843177321216224
0.94490000000000007  6.1372453227962867  2.5947658731156125
0.94680000000000009  6.1548138897802431  2.6052246089056537
0.94869999999999999  6.1724034559534795  2.6156939057968795
0.95060000000000000  6.1900140003755428  2.6261737302917170
0.95250000000000001  6.2076455021233699  2.6366640490889313
0.95439999999999992  6.2252979402909894  2.6471648290816674
0.95629999999999993  6.2429712939897790  2.6576760373558415
0.95819999999999994  6.2606655423491073  2.6681976411888657
0.96009999999999995  6.2783806645164209  2.6787296080478593
0.96199999999999986  6.2961166396577131  2.6892719055883489
0.96390000000000009  6.3138734469570270  2.6998245016522975
0.96579999999999999  6.3316510656178373  2.7103873642672216
0.96770000000000000  6.3494494748622721  2.7209604616441418
0.96960000000000002  6.3672686539324790  2.7315437621767913
0.97149999999999992  6.3851085820894520  2.7421372344392645
0.97339999999999993  6.4029692386144692  2.7527408471853700
0.97529999999999994  6.4208506028089545  2.7633545693469679
0.97719999999999996  6.4387526539942863  2.7739783700323328
0.97909999999999986  6.4566753715126772  2.7846122185250484
0.98100000000000009  6.4746187347270707  2.7952560842825696
0.98290000000000000  6.4925827230209316  2.8059099369346656
0.98480000000000001  6.5105673157996113  2.8165737462824985
0.98670000000000002  6.5285724924893307  2.8272474822968250
0.98859999999999992  6.5465982325380656  2.8379311151169393
0.99049999999999994  6.5646445154155124  2.8486246150493542
0.99239999999999995  6.5827113206132983  2.8593279525663164
0.99429999999999996  6.6007986276453892  2.8700410983048972
0.99619999999999986  6.6189064160481079  2.8807640230654554
0.99810000000000010  6.6370346653798915  2.8914966978101782
1.0000000000000000  6.6551833552224799  2.9022390936625055
