  0.1581E-10  0.7454E-10  0.1571E-15
  0.3972E-10  0.1872E-09  0.7689E-15
  0.9976E-10  0.4702E-09  0.3641E-14
  0.2506E-09  0.1181E-08  0.1666E-13
  0.6294E-09  0.2968E-08  0.7332E-13
  0.1581E-08  0.7454E-08  0.3085E-12
  0.3972E-08  0.1873E-07  0.1237E-11
  0.5000E-08  0.2358E-07  0.1663E-11
  0.9976E-08  0.4705E-07  0.4539E-11
  0.1990E-07  0.9387E-07  0.1212E-10
  0.3972E-07  0.1873E-06  0.3182E-10
  0.7924E-07  0.3738E-06  0.8236E-10
  0.1581E-06  0.7459E-06  0.2112E-09
  0.1990E-06  0.9392E-06  0.2764E-09
  0.3155E-06  0.1489E-05  0.5152E-09
  0.5000E-06  0.2360E-05  0.9581E-09
  0.6294E-06  0.2971E-05  0.1306E-08
  0.7924E-06  0.3741E-05  0.1593E-08
  0.9976E-06  0.4710E-05  0.2170E-08
  0.1581E-05  0.7465E-05  0.4023E-08
  0.2506E-05  0.1184E-04  0.7452E-08
  0.3972E-05  0.1877E-04  0.1380E-07
  0.5000E-05  0.2363E-04  0.1791E-07
  0.6294E-05  0.2973E-04  0.2436E-07
  0.7924E-05  0.3747E-04  0.3315E-07
  0.9976E-05  0.4716E-04  0.4507E-07
  0.1256E-04  0.5941E-04  0.6130E-07
  0.1581E-04  0.7479E-04  0.8002E-07
  0.1990E-04  0.9418E-04  0.1077E-06
  0.2506E-04  0.1186E-03  0.1464E-06
  0.3155E-04  0.1494E-03  0.1882E-06
  0.3972E-04  0.1881E-03  0.2559E-06
  0.5000E-04  0.2369E-03  0.3479E-06
  0.6294E-04  0.2982E-03  0.4729E-06
  0.7924E-04  0.3758E-03  0.6430E-06
  0.9976E-04  0.4730E-03  0.8214E-06
  0.1105E-03  0.5242E-03  0.9147E-06
  0.1256E-03  0.5958E-03  0.1041E-05
  0.1581E-03  0.7505E-03  0.1415E-05
  0.1990E-03  0.9452E-03  0.1840E-05
  0.2506E-03  0.1191E-02  0.2384E-05
  0.2572E-03  0.1222E-02  0.2469E-05
  3.00000014E-04   1.4259999025773406E-003   2.5299998001293060E-006
   3.99999990E-04   1.9029998712601971E-003   2.8899998777889927E-006
   5.00000024E-04   2.3790000204849632E-003   3.2400001089757357E-006
   6.00000028E-04   2.8550001697097292E-003   3.5999998916547005E-006
   6.99999975E-04   3.3319998363323263E-003   4.0000002401483272E-006
   7.99999980E-04   3.8090001070754421E-003   4.3600000228272920E-006
   8.99999985E-04   4.2849999542399486E-003   4.7599997813594750E-006
   1.00000005E-03   4.7619999229228053E-003   5.1699996813453231E-006
   1.50000001E-03   7.1460002489392559E-003   7.4500000748630977E-006
   2.00000009E-03   9.5310003944137963E-003   9.9800001699731268E-006
   2.49999994E-03   1.1915999331647300E-002   1.2720000580783633E-005
   3.00000003E-03   1.4303000324279058E-002   1.5709999513263505E-005
   3.50000011E-03   1.6688999685091171E-002   1.8799999270318588E-005
   4.00000019E-03   1.9076000677722929E-002   2.2039999084313605E-005
   4.49999981E-03   2.1464000885692256E-002   2.5440001161567265E-005
   4.99999989E-03   2.3851999885420552E-002   2.8989999755992195E-005
   5.49999997E-03   2.6240001301630917E-002   3.2639999174992334E-005
   6.00000005E-03   2.8628998308455743E-002   3.6389999418567687E-005
   6.50000013E-03   3.1016999724666112E-002   4.0240000486718251E-005
   7.00000022E-03   3.3406999571551618E-002   4.4290000844173463E-005
   7.49999983E-03   3.5795998994858517E-002   4.8399997920620557E-005
   8.00000038E-03   3.8185998841744027E-002   5.2700000339513797E-005
   8.50000046E-03   4.0576001105111614E-002   5.7059999477398926E-005
   8.99999961E-03   4.2965998535515047E-002   6.1569999852146870E-005
   9.49999969E-03   4.5357001222461245E-002   6.6179996331778478E-005
   9.99999978E-03   4.7747999076443289E-002   7.0949999794360272E-005
   1.20000001E-02   5.7313000581878368E-002   9.1620002213037283E-005
   1.40000004E-02   6.6882999372242347E-002   1.1488999775252050E-004
   1.60000008E-02   7.6454999009763533E-002   1.4067999708040945E-004
   1.79999992E-02   8.6032000765177780E-002   1.6967000391593896E-004
   1.99999996E-02   9.5611003367749234E-002   2.0174999280968026E-004
   2.19999999E-02  0.10519399799870682        2.3687001054626121E-004
   2.40000002E-02  0.11478099432397884        2.7537999393601338E-004
   2.60000005E-02  0.12437000116233639        3.1723999550965201E-004
   2.80000009E-02  0.13396300002908007        3.6218999802026865E-004
   2.99999993E-02  0.14356000059013818        4.1054002856644243E-004
   3.20000015E-02  0.15315900199835350        4.6202000751887896E-004
   3.40000018E-02  0.16276199543495498        5.1660003091191320E-004
   3.59999985E-02  0.17236799497525640        5.7416999778105160E-004
   3.79999988E-02  0.18197799620987229        6.3438000907349503E-004
   3.99999991E-02  0.19159099388225984        6.9757003361102011E-004
   4.19999994E-02  0.20120698799241907        7.6345005578722222E-004
   4.39999998E-02  0.21082599787220657        8.3187002716832311E-004
   4.60000001E-02  0.22044798485790917        9.0271002983140398E-004
   4.80000004E-02  0.23007399286978278        9.7589001780776555E-004
   5.00000007E-02  0.23970301665128466        1.0513999475937881E-003
   5.20000011E-02  0.24933399295030229        1.1289900908701435E-003
   5.40000014E-02  0.25896899027549092        1.2087600520073168E-003
   5.60000017E-02  0.26860700337030785        1.2905500411281691E-003
   5.79999983E-02  0.27824700764635368        1.3745199236249043E-003
   5.99999987E-02  0.28789101361671393        1.4601700163136713E-003
   6.19999990E-02  0.29753699143644657        1.5480401008777353E-003
   6.40000030E-02  0.30718700961420675        1.6334799596260702E-003
   6.59999996E-02  0.31683899964133933        1.7254100361346022E-003
   6.80000037E-02  0.32649398610624353        1.8190598927291270E-003
   7.00000003E-02  0.33615102174794648        1.9148400293019538E-003
   7.19999969E-02  0.34581200108839405        2.0122899549878692E-003
   7.40000010E-02  0.35547499094192714        2.1117200367032434E-003
   7.59999976E-02  0.36514099656508853        2.2012200384261757E-003
   7.80000016E-02  0.37480901270133538        2.3074399816789149E-003
   7.99999982E-02  0.38448000594349735        2.4154299980508106E-003
   8.20000023E-02  0.39415401495528757        2.5240300251162450E-003

5.0000000000000003E-002  0.23901499785971123  6.9429196944341409E-004
5.1899999999999995E-002  0.24812530551975814  7.7145632535387471E-004
5.3800000000000001E-002  0.25723852120153695  8.5360157595406607E-004
5.5700000000000006E-002  0.26635471839341862  9.4077570910259514E-004
5.7599999999999998E-002  0.27547396738338620  1.0330232809944177E-003
5.9499999999999997E-002  0.28459633513302285  1.1303864459356204E-003
6.1400000000000003E-002  0.29372188564861257  1.2329058798610918E-003
6.3300000000000009E-002  0.30285068028441253  1.3406216254942802E-003
6.5200000000000008E-002  0.31198277784186018  1.4535738724285418E-003
6.7099999999999993E-002  0.32111823489130242  1.5718036512537628E-003
6.9000000000000006E-002  0.33025710595480950  1.6953534650536071E-003
7.0900000000000005E-002  0.33939944379882481  1.8242678527454238E-003
7.2799999999999990E-002  0.34854529953121177  1.9585938962941758E-003
7.4700000000000003E-002  0.35769472287040099  2.0983816669139501E-003
7.6600000000000001E-002  0.36684776231600841  2.2436846206637319E-003
7.8500000000000000E-002  0.37600446532904375  2.3945599448906181E-003
8.0400000000000013E-002  0.38516487850111442  2.5510688593818644E-003
8.2300000000000012E-002  0.39432904771411226  2.7132768760132885E-003
8.4199999999999997E-002  0.40349701827140155  2.8812540199788825E-003
8.6099999999999996E-002  0.41266883511955915  3.0550750159402261E-003
8.7999999999999995E-002  0.42184454286429152  3.2348194423453148E-003
8.9899999999999994E-002  0.43102418597098252  3.4205718561327401E-003
9.1800000000000007E-002  0.44020780886303457  3.6124218911066214E-003
9.3700000000000006E-002  0.44939545602994152  3.8104643321332488E-003
9.5600000000000004E-002  0.45858717212897238  4.0147991676505361E-003
9.7500000000000017E-002  0.46778300207838741  4.2255316225417146E-003
9.9400000000000002E-002  0.47698299114478959  4.4427721734665668E-003
0.10130000000000000  0.48618718502377234  4.6666365485246780E-003
0.10320000000000000  0.49539562991396696  4.8972457128304428E-003
0.10510000000000000  0.50460837258556512  5.1347258418502203E-003
0.10700000000000000  0.51382546044332644  5.3792082837583839E-003
0.10890000000000001  0.52304694158433418  5.6308295121574826E-003
0.11080000000000001  0.53227286485080860  5.8897310705724277E-003
0.11270000000000001  0.54150327987806968  6.1560595096756153E-003
0.11460000000000002  0.55073823712221670  6.4299663183731426E-003
0.11649999999999999  0.55997778796418884  6.7116078497343572E-003
0.11840000000000001  0.56922198464991747  7.0011452423724124E-003
0.12030000000000000  0.57847088038580996  7.2987443384727796E-003
0.12220000000000000  0.58772452935206121  7.6045755988626536E-003
0.12410000000000000  0.59698298672846062  7.9188140158738662E-003
0.12600000000000000  0.60624630871705709  8.2416390245896917E-003
0.12790000000000001  0.61551455256253251  8.5732344130301473E-003
0.12980000000000003  0.62478777640641769  8.9135350937965558E-003
0.13169999999999998  0.63406600687856307  9.2586238991223951E-003
0.13360000000000000  0.64334924931015514  9.6103382929200298E-003
0.13550000000000001  0.65263753541733427  9.9697819510155845E-003
0.13739999999999999  0.66193090694382717  1.0337536642825954E-002
0.13930000000000001  0.67122941134085590  1.0714035140385559E-002
0.14120000000000002  0.68053310015426249  1.1099642329283630E-002
0.14310000000000000  0.68984202818047236  1.1494685997156815E-002
0.14500000000000002  0.69915625295247485  1.1899471528477859E-002
0.14690000000000000  0.70847583439631401  1.2314289930985651E-002
0.14879999999999999  0.71780083458548227  1.2739422634665473E-002
0.15070000000000000  0.72713131755741844  1.3175144553904793E-002
0.15260000000000001  0.73646734917103440  1.3621726139985718E-002
0.15450000000000000  0.74580899699217096  1.4079434810677341E-002
0.15640000000000001  0.75515633020048600  1.4548535977318273E-002
0.15830000000000002  0.76450941951083529  1.5029293801582914E-002
0.16020000000000001  0.77386833710677083  1.5521971765270008E-002
0.16210000000000002  0.78323315658297976  1.6026833107112816E-002
0.16400000000000001  0.79260395289498853  1.6544141163036100E-002
0.16589999999999999  0.80198080231469226  1.7074159635084338E-002
0.16780000000000000  0.81136378239065909  1.7617152806723286E-002
0.16970000000000002  0.82075297191236907  1.8173385717204216E-002
0.17160000000000000  0.83014845087812472  1.8743124304553532E-002
0.17350000000000002  0.83955030046545365  1.9326635524033891E-002
0.17540000000000003  0.84895860300419512  1.9924187447178620E-002
0.17730000000000001  0.85837344195170440  2.0536049345858891E-002
0.17920000000000003  0.86779490187004593  2.1162491763948108E-002
0.18110000000000001  0.87722306840465758  2.1803786579187721E-002
0.18300000000000000  0.88665802826472029  2.2460207057247553E-002
0.18490000000000001  0.89609986920476559  2.3132027899087079E-002
0.18680000000000002  0.90554867999852617  2.3819525283039121E-002
0.18870000000000001  0.91500455045884221  2.4522976902332280E-002
0.19060000000000002  0.92446757136883195  2.5242661998840465E-002
0.19250000000000003  0.93393783450353418  2.5978861393436480E-002
0.19439999999999999  0.94341543260774774  2.6731857513472779E-002
0.19630000000000000  0.95290045938352896  2.7501934417607263E-002
0.19820000000000002  0.96239300947836859  2.8289377818203600E-002
0.20010000000000000  0.97189317847417389  2.9094475101401927E-002
0.20200000000000001  0.98140106287663442  2.9917515344962297E-002
0.20390000000000003  0.99091676010535412  3.0758789333855077E-002
0.20580000000000001  1.0004403684843577  3.1618589573633504E-002
0.20770000000000002  1.0099719872331079  3.2497210301451439E-002
0.20960000000000004  1.0195117164579237  3.3394947494707047E-002
0.21149999999999999  1.0290596571438466  3.4312098877137563E-002
0.21340000000000001  1.0386159111467117  3.5248963922257334E-002
0.21529999999999999  1.0481805811857026  3.6205843854000934E-002
0.21720000000000000  1.0577537708359435  3.7183041644312298E-002
0.21909999999999999  1.0673355845215251  3.8180862007608007E-002
0.22100000000000003  1.0769261275085940  3.9199611391849742E-002
0.22289999999999999  1.0865255058985976  4.0239597966009392E-002
0.22479999999999997  1.0961338266216600  4.1301131603772238E-002
0.22670000000000001  1.1057511974300742  4.2384523863244532E-002
0.22860000000000000  1.1153777268916831  4.3490087962374406E-002
0.23050000000000001  1.1250135243834347  4.4618138750019277E-002
0.23240000000000000  1.1346587000847406  4.5768992672289406E-002
0.23430000000000001  1.1443133649709056  4.6942967734066129E-002
0.23619999999999999  1.1539776308062573  4.8140383455387972E-002
0.23810000000000003  1.1636516101373091  4.9361560822609014E-002
0.23999999999999999  1.1733354162855762  5.0606822234027446E-002
0.24189999999999998  1.1830291633402983  5.1876491439878276E-002
0.24380000000000002  1.1927329661507531  5.3170893476445505E-002
0.24570000000000000  1.2024469403184175  5.4490354594170939E-002
0.24760000000000001  1.2121712021886812  5.5835202179592362E-002
0.24950000000000000  1.2219058688422340  5.7205764670952050E-002
0.25140000000000001  1.2316510580860598  5.8602371467389641E-002
0.25330000000000003  1.2414068884439307  6.0025352831557216E-002
0.25519999999999998  1.2511734791465223  6.1475039785618503E-002
0.25710000000000000  1.2609509501209071  6.2951764000526697E-002
0.25900000000000001  1.2707394219796200  6.4455857678544545E-002
0.26090000000000002  1.2805390160090755  6.5987653428964940E-002
0.26279999999999998  1.2903498541574365  6.7547484137043992E-002
0.26469999999999999  1.3001720590218386  6.9135682826141145E-002
0.26660000000000000  1.3100057538349481  7.0752582513123288E-002
0.26849999999999996  1.3198510624508903  7.2398516057099266E-002
0.27040000000000003  1.3297081093365883  7.4073816001893944E-002
0.27229999999999999  1.3395770195313632  7.5778814410397619E-002
0.27420000000000000  1.3494579186683215  7.7513842695925442E-002
0.27610000000000001  1.3593509329321005  7.9279231444116305E-002
0.27799999999999997  1.3692561890472423  8.1075310230542694E-002
0.27989999999999998  1.3791738142598740  8.2902407432277933E-002
0.28179999999999999  1.3891039363181434  8.4760850033993265E-002
0.28370000000000001  1.3990466834521000  8.6650963428939173E-002
0.28559999999999997  1.4090021843526717  8.8573071214985852E-002
0.28750000000000003  1.4189705681498648  9.0527494986230944E-002
0.28939999999999999  1.4289519643900437  9.2514554120432954E-002
0.29130000000000000  1.4389465030126052  9.4534565562623643E-002
0.29320000000000002  1.4489543143254959  9.6587843605504070E-002
0.29509999999999997  1.4589755289803359  9.8674699666818216E-002
0.29699999999999999  1.4690102779464165  0.10079544206440431
0.29890000000000000  1.4790586924839875  0.10295037578918427
0.30080000000000001  1.4891209041168234  0.10513980227677774
0.30269999999999997  1.4991970446040292  0.10736401917817644
0.30460000000000004  1.5092872459110382  0.10962332012998119
0.30649999999999999  1.5193916401799703  0.11191799452486743
0.30840000000000001  1.5295103596992454  0.11424832728270436
0.31030000000000002  1.5396435368725543  0.11661459862297555
0.31219999999999998  1.5497913041871738  0.11901708383906012
0.31409999999999999  1.5599537941817447  0.12145605307498616
0.31600000000000000  1.5701311394133604  0.12393177110514547
0.31790000000000002  1.5803234724242674  0.12644449711764461
0.31979999999999997  1.5905309257079703  0.12899448450183371
0.32170000000000004  1.6007536316749205  0.13158198064057061
0.32360000000000000  1.6109917226178261  0.13420722670777127
0.32549999999999996  1.6212453306765617  0.13687045747184512
0.32740000000000002  1.6315145878027646  0.13957190110549669
0.32929999999999998  1.6417996257297767  0.14231177900338862
0.33119999999999999  1.6521005759138794  0.14509030560231395
0.33310000000000001  1.6624175695334464  0.14790768821917327
0.33500000000000002  1.6727507374286583  0.15076412688715690
0.33689999999999998  1.6831002100714805  0.15365981420585359
0.33879999999999999  1.6934661175296732  0.15659493519941606
0.34070000000000000  1.7038485894301840  0.15956966718420240
0.34259999999999996  1.7142477549232984  0.16258417964627320
0.34450000000000003  1.7246637426465901  0.16563863412904992
0.34639999999999999  1.7350966806892327  0.16873318413129074
0.34830000000000000  1.7455466965564292  0.17186797501578280
0.35020000000000001  1.7560139171342795  0.17504314392876419
0.35210000000000002  1.7664984686549130  0.17825881973034877
0.35399999999999998  1.7770004766620566  0.18151512293604904
0.35589999999999999  1.7875200659770418  0.18481216566941105
0.35780000000000001  1.7980573606653369  0.18815005162589546
0.35969999999999996  1.8086124840093853  0.19152887604944366
0.36160000000000003  1.8191855584525352  0.19494872571251826
0.36349999999999999  1.8297767056039429  0.19840967892293615
0.36540000000000000  1.8403860461827608  0.20191180552578106
0.36730000000000002  1.8510136999937774  0.20545516692415072
0.36920000000000003  1.8616597858981769  0.20903981610901548
0.37109999999999999  1.8723244217846764  0.21266579769958022
0.37300000000000000  1.8830077245416759  0.21633314799383013
0.37490000000000001  1.8937098100301524  0.22004189502908333
0.37679999999999997  1.9044307930575086  0.22379205865221466
0.37870000000000004  1.9151707873522177  0.22758365059924296
0.38059999999999999  1.9259299055395895  0.23141667458397816
0.38250000000000001  1.9367082591245306  0.23529112639747138
0.38440000000000002  1.9475059584430843  0.23920699400464476
0.38629999999999998  1.9583231126817195  0.24316425767172667
0.38819999999999999  1.9691598298288699  0.24716289007774825
0.39010000000000000  1.9800162166624584  0.25120285644494872
0.39200000000000002  1.9908923787317321  0.25528411467361961
0.39389999999999997  2.0017884203398633  0.25940661548302218
0.39580000000000004  2.0127044445276074  0.26357030255813685
0.39770000000000000  2.0236405530580739  0.26777511270170895
0.39959999999999996  2.0345968464023279  0.27202097599117808
0.40150000000000002  2.0455734237263439  0.27630781594007431
0.40339999999999998  2.0565703828844728  0.28063554966591092
0.40529999999999999  2.0675878203837779  0.28500408804839211
0.40720000000000001  2.0786258314127393  0.28941333591828816
0.40910000000000002  2.0896845098047043  0.29386319222036617
0.41099999999999998  2.1007639480369393  0.29835355019341780
0.41290000000000004  2.1118642372234051  0.30288429754911900
0.41480000000000000  2.1229854671085762  0.30745531665228865
0.41669999999999996  2.1341277260621370  0.31206648470223330
0.41860000000000003  2.1452911010746050  0.31671767391477501
0.42049999999999998  2.1564756777605103  0.32140875170810101
0.42240000000000005  2.1676815403279268  0.32613958087049566
0.42430000000000007  2.1789087716211215  0.33091001976533035
0.42620000000000002  2.1901574530882364  0.33571992249625104
0.42809999999999998  2.2014276647897479  0.34056913909173570
0.43000000000000005  2.2127194853992096  0.34545751568424538
0.43190000000000006  2.2240329922047990  0.35038489468770395
0.43380000000000002  2.2353682611115691  0.35535111497332728
0.43570000000000003  2.2467253666446281  0.36035601204338302
0.43759999999999999  2.2581043819592641  0.36539941820691330
0.43950000000000006  2.2695053788180455  0.37048116273122761
0.44140000000000007  2.2809284276390227  0.37560107203588922
0.44330000000000003  2.2923735974711916  0.38075896983727603
0.44519999999999998  2.3038409560086741  0.38595467731419930
0.44710000000000000  2.3153305695977093  0.39118801326555819
0.44900000000000007  2.3268425032439484  0.39645879426468467
0.45090000000000002  2.3383768206204438  0.40176683481042558
0.45280000000000004  2.3499335840761200  0.40711194747473528
0.45469999999999999  2.3615128546445829  0.41249394304671699
0.45660000000000006  2.3731146920535675  0.41791263067322026
0.45850000000000007  2.3847391547404073  0.42336781800062845
0.46040000000000003  2.3963862998383014  0.42885931128720028
0.46229999999999999  2.4080561832242857  0.43438691556475656
0.46420000000000000  2.4197488595039647  0.43995043474211543
0.46610000000000007  2.4314643820298767  0.44554967173267251
0.46800000000000003  2.4432028029125834  0.45118442857235291
0.46990000000000004  2.4549641730328227  0.45685450653404835
0.47180000000000011  2.4667485420535282  0.46255970623805293
0.47370000000000007  2.4785559584320067  0.46829982775876550
0.47560000000000008  2.4903864694326967  0.47407467072770393
0.47750000000000004  2.5022401211397165  0.47988403443287142
0.47939999999999999  2.5141169584700527  0.48572771791427694
0.48130000000000006  2.5260170251863974  0.49160552005600883
0.48320000000000007  2.5379403639105580  0.49751723967459593
0.48510000000000003  2.5498870161406173  0.50346267561018476
0.48700000000000004  2.5618570222488191  0.50944162678248495
0.48890000000000011  2.5738504215193521  0.51545389230790351
0.49080000000000007  2.5858672521454125  0.52149927154756459
0.49270000000000008  2.5979075512471441  0.52757756418536916
0.49460000000000004  2.6099713548855723  0.53368857029641015
0.49650000000000000  2.6220586980763745  0.53983209041190594
0.49840000000000007  2.6341696148039682  0.54600792558121647
0.50030000000000008  2.6463041380350871  0.55221587743083578
0.50220000000000009  2.6584622997331198  0.55845574822054145
0.50409999999999999  2.6706441308715929  0.56472734089655952
0.50600000000000001  2.6828496614484201  0.57103045914212891
0.50790000000000013  2.6950789204995664  0.57736490742530477
0.50980000000000003  2.7073319361129360  0.58373049104411356
0.51170000000000004  2.7196087354422454  0.59012701616935714
0.51360000000000006  2.7319093447206377  0.59655428988474402
0.51550000000000007  2.7442337892745101  0.60301212022486761
0.51740000000000008  2.7565820935370025  0.60950031621065326
0.51930000000000009  2.7689542810616636  0.61601868788292213
0.52120000000000000  2.7813503745358097  0.62256704633346049
0.52310000000000001  2.7937703957909470  0.62914520374161220
0.52500000000000013  2.8062143658281333  0.63575297337151970
0.52690000000000003  2.8186823048130218  0.64239016964302154
0.52880000000000005  2.8311742321011524  0.64905660812421095
0.53070000000000006  2.8436901662476521  0.65575210556080410
0.53260000000000007  2.8562301250204318  0.66247647989615666
0.53450000000000009  2.8687941254124572  0.66922955028946463
0.53640000000000010  2.8813821836549365  0.67601113713266203
0.53830000000000000  2.8939943152294534  0.68282106206533677
0.54020000000000001  2.9066305348804300  0.68965914798876238
0.54210000000000014  2.9192908566276370  0.69652521907821174
0.54400000000000004  2.9319752937778407  0.70341910079378178
0.54590000000000005  2.9446838589371738  0.71034061989043484
0.54780000000000006  2.9574165640228065  0.71728960442643996
0.54970000000000008  2.9701734202747807  0.72426588377069834
0.55160000000000009  2.9829544382675151  0.73126928860918572
0.55350000000000010  2.9957596279212320  0.73829965095007377
0.55540000000000000  3.0085889985131642  0.74535680412799277
0.55730000000000002  3.0214425586891944  0.75244058280744064
0.55920000000000014  3.0343203164740666  0.75955082298482590
0.56110000000000004  3.0472222792828760  0.76668736199029341
0.56300000000000006  3.0601484539316752  0.77385003848821854
0.56490000000000007  3.0730988466477793  0.78103869247726954
0.56680000000000008  3.0860734630806661  0.78825316528934875
0.56870000000000009  3.0990723083116860  0.79549329958818482
0.57060000000000011  3.1120953868648833  0.80275893936724996
0.57250000000000001  3.1251427027162593  0.81004992994660552
0.57440000000000002  3.1382142593044411  0.81736611796984637
0.57630000000000015  3.1513100595396226  0.82470735139993412
0.57820000000000005  3.1644301058136688  0.83207347951464439
0.58010000000000006  3.1775744000093153  0.83946435290174104
0.58200000000000007  3.1907429434760339  0.84687982346170088
0.58389999999999997  3.2039357371734667  0.85431974436825830
0.58580000000000010  3.2171527814785876  0.86178397011320584
0.58770000000000011  3.2303940763296177  0.86927235646515633
0.58960000000000001  3.2436596212003339  0.87678476047107046
0.59150000000000003  3.2569494151097489  0.88432104044954418
0.59340000000000015  3.2702634566289062  0.89188105598184664
0.59530000000000005  3.2836017438913152  0.89946466790564394
0.59720000000000006  3.2969642745995480  0.90707173830527743
0.59910000000000008  3.3103510460340422  0.91470213050413685
0.60099999999999998  3.3237620550605791  0.92235570905569075
0.60290000000000010  3.3371972981387787  0.93003233973442112
0.60480000000000012  3.3506567713291768  0.93773188952707331
0.60670000000000002  3.3641404703005522  0.94545422662285550
0.60860000000000003  3.3776483903383374  0.95319922040451177
0.61050000000000015  3.3911805263514152  0.96096674143859551
0.61240000000000006  3.4047368728788636  0.96875666146542816
0.61430000000000007  3.4183174240977130  0.97656885338976629
0.61620000000000008  3.4319221738294230  0.98440319127030373
0.61809999999999998  3.4455511155471354  0.99225955031024793
0.62000000000000011  3.4592042423820635  1.0001378068467728
0.62190000000000012  3.4728815471299859  1.0080378383408997
0.62380000000000002  3.4865830222583054  1.0159595233675269
0.62570000000000003  3.5003086599120015  1.0239027416048585
0.62760000000000005  3.5140584519197069  1.0318673738242747
0.62950000000000006  3.5278323898006532  1.0398533018799272
0.63140000000000007  3.5416304647698400  1.0478604086983014
0.63330000000000009  3.5554526677446585  1.0558885782680072
0.63519999999999999  3.5692989893500684  1.0639376956292386
0.63710000000000011  3.5831694199253969  1.0720076468635815
0.63900000000000012  3.5970639495288026  1.0800983190832945
0.64090000000000003  3.6109825679436782  1.0882096004213939
0.64280000000000004  3.6249252646839514  1.0963413800212960
0.64470000000000005  3.6388920289986406  1.1044935480257139
0.64660000000000006  3.6528828498786172  1.1126659955676039
0.64850000000000008  3.6668977160606047  1.1208586147593034
0.65040000000000009  3.6809366160324948  1.1290712986820002
0.65229999999999999  3.6949995380388398  1.1373039413763661
0.65420000000000011  3.7090864700849022  1.1455564378317880
0.65610000000000013  3.7231973999425767  1.1538286839767911
0.65800000000000003  3.7373323151541435  1.1621205766688096
0.65990000000000004  3.7514912030375145  1.1704320136843678
0.66180000000000005  3.7656740506904125  1.1787628937091468
0.66370000000000007  3.7798808449950503  1.1871131163281741
0.66560000000000008  3.7941115726228207  1.1954825820163226
0.66750000000000009  3.8083662200383626  1.2038711921284588
0.66940000000000000  3.8226447735031770  1.2122788488896805
0.67130000000000012  3.8369472190814351  1.2207054553864796
0.67320000000000013  3.8512735426425113  1.2291509155565843
0.67510000000000003  3.8656237298655345  1.2376151341799315
0.67700000000000005  3.8799977662436129  1.2460980168695117
0.67890000000000006  3.8943956370878108  1.2545994700621195
0.68080000000000007  3.9088173275303326  1.2631194010091369
0.68270000000000008  3.9232628225283945  1.2716577177673682
0.68460000000000010  3.9377321068690825  1.2802143291909236
0.68650000000000000  3.9522251651714759  1.2887891449213633
0.68840000000000012  3.9667419818905456  1.2973820753794807
0.69030000000000014  3.9812825413214163  1.3059930317566071
0.69220000000000004  3.9958468276020729  1.3146219260058907
0.69410000000000005  4.0104348247168407  1.3232686708340207
0.69600000000000006  4.0250465165002369  1.3319331796928133
0.69790000000000008  4.0396818866392961  1.3406153667703893
0.69980000000000009  4.0543409186775827  1.3493151469837796
0.70170000000000010  4.0690235960176828  1.3580324359701546
0.70360000000000000  4.0837299019248725  1.3667671500790308
0.70550000000000002  4.0984598195299666  1.3755192063643202
0.70740000000000014  4.1132133318320729  1.3842885225766797
0.70930000000000004  4.1279904217015861  1.3930750171550368
0.71120000000000005  4.1427910718832797  1.4018786092197231
0.71310000000000007  4.1576152649989391  1.4106992185644733
0.71500000000000008  4.1724629835500275  1.4195367656489490
0.71690000000000009  4.1873342099206052  1.4283911715911770
0.71880000000000011  4.2022289263801840  1.4372623581608339
0.72070000000000001  4.2171471150854583  1.4461502477709145
0.72260000000000002  4.2320887580843767  1.4550547634719257
0.72450000000000014  4.2470538373171287  1.4639758289435751
0.72640000000000005  4.2620423346195464  1.4729133684884408
0.72830000000000006  4.2770542317253222  1.4818673070251072
0.73020000000000007  4.2920895102685277  1.4908375700810357
0.73210000000000008  4.3071481517856887  1.4998240837860233
0.73400000000000010  4.3222301377182655  1.5088267748655586
0.73590000000000011  4.3373354494148391  1.5178455706340706
0.73780000000000001  4.3524640681335036  1.5268803989886566
0.73970000000000002  4.3676159750439707  1.5359311884026547
0.74160000000000015  4.3827911512299655  1.5449978679192866
0.74350000000000005  4.3979895776904367  1.5540803671450836
0.74540000000000006  4.4132112353429775  1.5631786162444605
0.74730000000000008  4.4284561050246962  1.5722925459328312
0.74919999999999998  4.4437241674950023  1.5814220874711185
0.75110000000000010  4.4590154034373413  1.5905671726597401
0.75300000000000011  4.4743297934606163  1.5997277338323201
0.75490000000000002  4.4896673181019713  1.6089037038505332
0.75680000000000003  4.5050279578282151  1.6180950160981773
0.75870000000000015  4.5204116930373690  1.6273016044751345
0.76060000000000005  4.5358185040608383  1.6365234033922287
0.76250000000000007  4.5512483711653902  1.6457603477659184
0.76440000000000008  4.5667012745544664  1.6550123730122910
0.76629999999999998  4.5821771943698524  1.6642794150420055
0.76820000000000010  4.5976761106936355  1.6735614102550271
0.77010000000000012  4.6131980035496243  1.6828582955353590
0.77200000000000002  4.6287428529056029  1.6921700082461648
0.77390000000000003  4.6443106386739208  1.7014964862241022
0.77580000000000016  4.6599013407135459  1.7108376677747998
0.77770000000000006  4.6755149388318635  1.7201934916676433
0.77960000000000007  4.6911514127857821  1.7295638971310741
0.78150000000000008  4.7068107422832002  1.7389488238476336
0.78339999999999999  4.7224929069850035  1.7483482119492799
0.78530000000000011  4.7381978865055343  1.7577620020124152
0.78720000000000012  4.7539256604153248  1.7671901350538652
0.78910000000000002  4.7696762082407540  1.7766325525254210
0.79100000000000004  4.7854495094673597  1.7860891963102861
0.79290000000000016  4.8012455435392658  1.7955600087176231
0.79480000000000006  4.8170642898621416  1.8050449324790954
0.79670000000000007  4.8329057278033449  1.8145439107437824
0.79860000000000009  4.8487698366935348  1.8240568870742397
0.80049999999999999  4.8646565958281869  1.8335838054421980
0.80240000000000011  4.8805659844685572  1.8431246102244063
0.80430000000000013  4.8964979818426828  1.8526792461983967
0.80620000000000003  4.9124525671471906  1.8622476585386527
0.80810000000000004  4.9284297195472844  1.8718297928119545
0.81000000000000016  4.9444294181795101  1.8814255949743834
0.81190000000000007  4.9604516421514990  1.8910350113666303
0.81380000000000008  4.9764963705435958  1.9006579887103483
0.81570000000000009  4.9925635824100727  1.9102944741044370
0.81759999999999999  5.0086532567801116  1.9199444150213107
0.81950000000000012  5.0247653726581385  1.9296077593025631
0.82140000000000013  5.0408999090262938  1.9392844551563866
0.82330000000000003  5.0570568448436966  1.9489744511528178
0.82520000000000004  5.0732361590492463  1.9586776962210570
0.82710000000000006  5.0894378305610388  1.9683941396452913
0.82900000000000007  5.1056618382780190  1.9781237310614912
0.83090000000000008  5.1219081610811266  1.9878664204539578
0.83280000000000010  5.1381767778337064  1.9976221581518612
0.83470000000000000  5.1544676673827903  2.0073908948259578
0.83660000000000012  5.1707808085595790  2.0171725814849593
0.83850000000000013  5.1871161801807721  2.0269671694727305
0.84040000000000004  5.2034737610492829  2.0367746104648217
0.84230000000000005  5.2198535299547668  2.0465948564650440
0.84420000000000006  5.2362554656748594  2.0564278598027879
0.84609999999999996  5.2526795469756360  2.0662735731293513
0.84799999999999998  5.2691257526128386  2.0761319494154544
0.84989999999999999  5.2855940613322661  2.0860029419477146
0.85180000000000000  5.3020844518707930  2.0958865043259922
0.85370000000000013  5.3185969029568980  2.1057825904600973
0.85560000000000014  5.3351313933113174  2.1156911545669037
0.85750000000000004  5.3516879016486358  2.1256121511680592
0.85940000000000005  5.3682664066765806  2.1355455350861114
0.86130000000000007  5.3848668870983882  2.1454912614427353
0.86319999999999997  5.4014893216115416  2.1554492856548411
0.86509999999999998  5.4181336889101024  2.1654195634326934
0.86699999999999999  5.4347999676849561  2.1754020507771412
0.86890000000000001  5.4514881366238184  2.1853967039762430
0.87079999999999991  5.4681981744128514  2.1954034796034656
0.87270000000000014  5.4849300597365040  2.2054223345144761
0.87460000000000004  5.5016837712782616  2.2154532258445960
0.87650000000000006  5.5184592877218615  2.2254961110066223
0.87840000000000007  5.5352565877510385  2.2355509476879041
0.88029999999999997  5.5520756500510453  2.2456176938481685
0.88219999999999998  5.5689164533079882  2.2556963077165664
0.88410000000000000  5.5857789762108752  2.2657867477899511
0.88600000000000001  5.6026631974507728  2.2758889728296645
0.88789999999999991  5.6195690957224915  2.2860029418598153
0.88980000000000015  5.6364966497244851  2.2961286141646728
0.89170000000000005  5.6534458381594446  2.3062659492862170
0.89360000000000006  5.6704166397349196  2.3164149070219797
0.89550000000000007  5.6874090331637381  2.3265754474227478
0.89739999999999998  5.7044229971648415  2.3367475307904404
0.89929999999999999  5.7214585104634494  2.3469311176757115
0.90120000000000000  5.7385155517910684  2.3571261688756211
0.90309999999999990  5.7555940998875030  2.3673326454321426
0.90499999999999992  5.7726941334993418  2.3775505086289899
0.90689999999999993  5.7898156313822202  2.3877797199906170
0.90879999999999994  5.8069585722997399  2.3980202412791267
0.91070000000000007  5.8241229350250325  2.4082720344928035
0.91260000000000008  5.8413086983407023  2.4185350618639969
0.91449999999999998  5.8585158410392140  2.4288092858568713
0.91639999999999999  5.8757443419237561  2.4390946691658457
0.91830000000000001  5.8929941798078218  2.4493911747129853
0.92019999999999991  5.9102653335164090  2.4596987656464715
0.92209999999999992  5.9275577818860379  2.4700174053387274
0.92399999999999993  5.9448715037653495  2.4803470573843431
0.92589999999999995  5.9622064780151991  2.4906876855981537
0.92780000000000007  5.9795626835091200  2.5010392540135249
0.92970000000000008  5.9969400991341280  2.5114017268804516
0.93159999999999998  6.0143387037902132  2.5217750686635525
0.93350000000000000  6.0317584763914773  2.5321592440405514
0.93540000000000001  6.0491993958662320  2.5425542179004599
0.93729999999999991  6.0666614411567652  2.5529599553413340
0.93919999999999992  6.0841445912212171  2.5633764216695418
0.94109999999999994  6.1016488250320595  2.5738035823969350
0.94299999999999995  6.1191741215774798  2.5842414032397407
0.94490000000000007  6.1367204598614924  2.5946898501168167
0.94680000000000009  6.1542878189045735  2.6051488891480679
0.94869999999999999  6.1718761777430267  2.6156184866523118
0.95060000000000000  6.1894855154302126  2.6260986091462484
0.95250000000000001  6.2071158110365223  2.6365892233425408
0.95439999999999992  6.2247670436495515  2.6470902961482379
0.95629999999999993  6.2424391923744631  2.6576017946631971
0.95819999999999994  6.2601322363345098  2.6681236861787259
0.96009999999999995  6.2778461546707849  2.6786559381756154
0.96199999999999986  6.2955809265428888  2.6891985183229958
0.96390000000000009  6.3133365311294209  2.6997513944767944
0.96579999999999999  6.3311129476272345  2.7103145346778592
0.96770000000000000  6.3489101552527032  2.7208879071508436
0.96960000000000002  6.3667281332417369  2.7314714803028068
0.97149999999999992  6.3845668608499127  2.7420652227215534
0.97339999999999993  6.4024263173524290  2.7526691031740524
0.97529999999999994  6.4203064820445421  2.7632830906053583
0.97719999999999996  6.4382073342425388  2.7739071541372384
0.97909999999999986  6.4561288532824719  2.7845412630662678
0.98100000000000009  6.4740710185216743  2.7951853868630456
0.98290000000000000  6.4920338093383450  2.8058394951705159
0.98480000000000001  6.5100172051319349  2.8165035578027249
0.98670000000000002  6.5280211853230972  2.8271775447432566
0.98859999999999992  6.5460457293545833  2.8378614261445128
0.99049999999999994  6.5640908166905501  2.8485551723256064
0.99239999999999995  6.5821564268172299  2.8592587537716363
0.99429999999999996  6.6002425392434381  2.8699721411323913
0.99619999999999986  6.6183491334999260  2.8806953052207080
0.99810000000000010  6.6364761891401125  2.8914282170114713
1.0000000000000000  6.6546236857403436  2.9021708476404675
