  0.1581E-10  0.7454E-10  0.1571E-15
  0.3972E-10  0.1872E-09  0.7689E-15
  0.9976E-10  0.4702E-09  0.3641E-14
  0.2506E-09  0.1181E-08  0.1666E-13
  0.6294E-09  0.2968E-08  0.7332E-13
  0.1581E-08  0.7454E-08  0.3085E-12
  0.3972E-08  0.1873E-07  0.1237E-11
  0.5000E-08  0.2358E-07  0.1663E-11
  0.9976E-08  0.4705E-07  0.4539E-11
  0.1990E-07  0.9387E-07  0.1212E-10
  0.3972E-07  0.1873E-06  0.3182E-10
  0.7924E-07  0.3738E-06  0.8236E-10
  0.1581E-06  0.7459E-06  0.2112E-09
  0.1990E-06  0.9392E-06  0.2764E-09
  0.3155E-06  0.1489E-05  0.5152E-09
  0.5000E-06  0.2360E-05  0.9581E-09
  0.6294E-06  0.2971E-05  0.1306E-08
  0.7924E-06  0.3741E-05  0.1593E-08
  0.9976E-06  0.4710E-05  0.2170E-08
  0.1581E-05  0.7465E-05  0.4023E-08
  0.2506E-05  0.1184E-04  0.7452E-08
  0.3972E-05  0.1877E-04  0.1380E-07
  0.5000E-05  0.2363E-04  0.1791E-07
  0.6294E-05  0.2973E-04  0.2436E-07
  0.7924E-05  0.3747E-04  0.3315E-07
  0.9976E-05  0.4716E-04  0.4507E-07
  0.1256E-04  0.5941E-04  0.6130E-07
  0.1581E-04  0.7479E-04  0.8002E-07
  0.1990E-04  0.9418E-04  0.1077E-06
  0.2506E-04  0.1186E-03  0.1464E-06
  0.3155E-04  0.1494E-03  0.1882E-06
  0.3972E-04  0.1881E-03  0.2559E-06
  0.5000E-04  0.2369E-03  0.3479E-06
  0.6294E-04  0.2982E-03  0.4729E-06
  0.7924E-04  0.3758E-03  0.6430E-06
  0.9976E-04  0.4730E-03  0.8214E-06
  0.1105E-03  0.5242E-03  0.9147E-06
  0.1256E-03  0.5958E-03  0.1041E-05
  0.1581E-03  0.7505E-03  0.1415E-05
  0.1990E-03  0.9452E-03  0.1840E-05
  0.2506E-03  0.1191E-02  0.2384E-05
  0.2572E-03  0.1222E-02  0.2469E-05
  3.00000014E-04   1.4259999025773406E-003   2.5299998001293060E-006
   3.99999990E-04   1.9029998712601971E-003   2.8899998777889927E-006
   5.00000024E-04   2.3790000204849632E-003   3.2400001089757357E-006
   6.00000028E-04   2.8550001697097292E-003   3.5999998916547005E-006
   6.99999975E-04   3.3319998363323263E-003   4.0000002401483272E-006
   7.99999980E-04   3.8090001070754421E-003   4.3600000228272920E-006
   8.99999985E-04   4.2849999542399486E-003   4.7599997813594750E-006
   1.00000005E-03   4.7619999229228053E-003   5.1699996813453231E-006
   1.50000001E-03   7.1460002489392559E-003   7.4500000748630977E-006
   2.00000009E-03   9.5310003944137963E-003   9.9800001699731268E-006
   2.49999994E-03   1.1915999331647300E-002   1.2720000580783633E-005
   3.00000003E-03   1.4303000324279058E-002   1.5709999513263505E-005
   3.50000011E-03   1.6688999685091171E-002   1.8799999270318588E-005
   4.00000019E-03   1.9076000677722929E-002   2.2039999084313605E-005
   4.49999981E-03   2.1464000885692256E-002   2.5440001161567265E-005
   4.99999989E-03   2.3851999885420552E-002   2.8989999755992195E-005
   5.49999997E-03   2.6240001301630917E-002   3.2639999174992334E-005
   6.00000005E-03   2.8628998308455743E-002   3.6389999418567687E-005
   6.50000013E-03   3.1016999724666112E-002   4.0240000486718251E-005
   7.00000022E-03   3.3406999571551618E-002   4.4290000844173463E-005
   7.49999983E-03   3.5795998994858517E-002   4.8399997920620557E-005
   8.00000038E-03   3.8185998841744027E-002   5.2700000339513797E-005
   8.50000046E-03   4.0576001105111614E-002   5.7059999477398926E-005
   8.99999961E-03   4.2965998535515047E-002   6.1569999852146870E-005
   9.49999969E-03   4.5357001222461245E-002   6.6179996331778478E-005
   9.99999978E-03   4.7747999076443289E-002   7.0949999794360272E-005
   1.20000001E-02   5.7313000581878368E-002   9.1620002213037283E-005
   1.40000004E-02   6.6882999372242347E-002   1.1488999775252050E-004
   1.60000008E-02   7.6454999009763533E-002   1.4067999708040945E-004
   1.79999992E-02   8.6032000765177780E-002   1.6967000391593896E-004
   1.99999996E-02   9.5611003367749234E-002   2.0174999280968026E-004
   2.19999999E-02  0.10519399799870682        2.3687001054626121E-004
   2.40000002E-02  0.11478099432397884        2.7537999393601338E-004
   2.60000005E-02  0.12437000116233639        3.1723999550965201E-004
   2.80000009E-02  0.13396300002908007        3.6218999802026865E-004
   2.99999993E-02  0.14356000059013818        4.1054002856644243E-004
   3.20000015E-02  0.15315900199835350        4.6202000751887896E-004
   3.40000018E-02  0.16276199543495498        5.1660003091191320E-004
   3.59999985E-02  0.17236799497525640        5.7416999778105160E-004
   3.79999988E-02  0.18197799620987229        6.3438000907349503E-004
   3.99999991E-02  0.19159099388225984        6.9757003361102011E-004
   4.19999994E-02  0.20120698799241907        7.6345005578722222E-004
   4.39999998E-02  0.21082599787220657        8.3187002716832311E-004
   4.60000001E-02  0.22044798485790917        9.0271002983140398E-004
   4.80000004E-02  0.23007399286978278        9.7589001780776555E-004
   5.00000007E-02  0.23970301665128466        1.0513999475937881E-003
   5.20000011E-02  0.24933399295030229        1.1289900908701435E-003
   5.40000014E-02  0.25896899027549092        1.2087600520073168E-003
   5.60000017E-02  0.26860700337030785        1.2905500411281691E-003
   5.79999983E-02  0.27824700764635368        1.3745199236249043E-003
   5.99999987E-02  0.28789101361671393        1.4601700163136713E-003
   6.19999990E-02  0.29753699143644657        1.5480401008777353E-003
   6.40000030E-02  0.30718700961420675        1.6334799596260702E-003
   6.59999996E-02  0.31683899964133933        1.7254100361346022E-003
   6.80000037E-02  0.32649398610624353        1.8190598927291270E-003
   7.00000003E-02  0.33615102174794648        1.9148400293019538E-003
   7.19999969E-02  0.34581200108839405        2.0122899549878692E-003
   7.40000010E-02  0.35547499094192714        2.1117200367032434E-003
   7.59999976E-02  0.36514099656508853        2.2012200384261757E-003
   7.80000016E-02  0.37480901270133538        2.3074399816789149E-003
   7.99999982E-02  0.38448000594349735        2.4154299980508106E-003
   8.20000023E-02  0.39415401495528757        2.5240300251162450E-003

5.0000000000000003E-002	0.23934943119862243	9.8655032160993670E-004
5.1899999999999995E-002	0.24848390002039375	1.0822387803224012E-003
5.3800000000000001E-002	0.25762195889166006	1.1831106956359165E-003
5.5700000000000006E-002	0.26676366382566286	1.2891792741085877E-003
5.7599999999999998E-002	0.27590906745850730	1.4004547353830359E-003
5.9499999999999997E-002	0.28505821936354719	1.5169453147513077E-003
6.1400000000000003E-002	0.29421116607474701	1.6386582086120685E-003
6.3300000000000009E-002	0.30336795146753459	1.7656004103198180E-003
6.5200000000000008E-002	0.31252861706249441	1.8977794728874157E-003
6.7099999999999993E-002	0.32169320212416841	2.0352042083204343E-003
6.9000000000000006E-002	0.33086174398294044	2.1778853054453544E-003
7.0900000000000005E-002	0.34003427821453802	2.3258358892555551E-003
7.2799999999999990E-002	0.34921083892952637	2.4790720172566273E-003
7.4700000000000003E-002	0.35839145886108376	2.6376131236239362E-003
7.6600000000000001E-002	0.36757616963076378	2.8014824085404221E-003
7.8500000000000000E-002	0.37676500191262785	2.9707071817396983E-003
8.0400000000000013E-002	0.38595798560495603	3.1453191621762314E-003
8.2300000000000012E-002	0.39515514999372853	3.3253547379040248E-003
8.4199999999999997E-002	0.40435652390335408	3.5108551892851494E-003
8.6099999999999996E-002	0.41356213582370926	3.7018668791754757E-003
8.7999999999999995E-002	0.42277201412085957	3.8984414128907154E-003
8.9899999999999994E-002	0.43198618704969527	4.1006357705882712E-003
9.1800000000000007E-002	0.44120468294704657	4.3085124151390156E-003
9.3700000000000006E-002	0.45042753032391614	4.5221393775275670E-003
9.5600000000000004E-002	0.45965475796837285	4.7415903222329707E-003
9.7500000000000017E-002	0.46888639504189755	4.9669445946032955E-003
9.9400000000000002E-002	0.47812247116834700	5.1982872521334602E-003
0.10130000000000000	0.48736301651709268	5.4357090814040956E-003
0.10320000000000000	0.49660806187996132	5.6793066022757408E-003
0.10510000000000000	0.50585763874215817	5.9291820608872630E-003
0.10700000000000000	0.51511177934810604	6.1854434125917322E-003
0.10890000000000001	0.52437051676278645	6.4482042963488802E-003
0.11080000000000001	0.53363388492686947	6.7175840013607418E-003
0.11270000000000001	0.54290191870934645	6.9937074272133984E-003
0.11460000000000002	0.55217464961102736	7.2752242046482838E-003
0.11649999999999999	0.56145204538980120	7.5581999694406396E-003
0.11840000000000001	0.57073407738316206	7.8454207615714661E-003
0.12030000000000000	0.58002074789004310	8.1378781535834926E-003
0.12220000000000000	0.58931207084085546	8.4361406395892877E-003
0.12410000000000000	0.59860806727297922	8.7406292553852006E-003
0.12600000000000000	0.60790876342352762	9.0516936630560107E-003
0.12790000000000001	0.61721418968267017	9.3696434580270022E-003
0.12980000000000003	0.62652437994099730	9.6947637984754944E-003
0.13169999999999998	0.63583937114805833	1.0027324196929798E-002
0.13360000000000000	0.64515920299556140	1.0367583887793739E-002
0.13550000000000001	0.65448391768072833	1.0715795306741972E-002
0.13739999999999999	0.66381355972313560	1.1072206451725627E-002
0.13930000000000001	0.67314817581902298	1.1437062543581974E-002
0.14120000000000002	0.68248781472310471	1.1810607228382808E-002
0.14310000000000000	0.69183252715055099	1.2193083468696827E-002
0.14500000000000002	0.70118236569472669	1.2584734217392764E-002
0.14690000000000000	0.71053738475635131	1.2985802935402611E-002
0.14879999999999999	0.71989764048333182	1.3396533995243976E-002
0.15070000000000000	0.72926319071723844	1.3817172999047651E-002
0.15260000000000001	0.73863409494658616	1.4247967031941275E-002
0.15450000000000000	0.74801041426520642	1.4689164865436822E-002
0.15640000000000001	0.75739221133494039	1.5141017121990967E-002
0.15830000000000002	0.76677955035159551	1.5603776408882034E-002
0.16020000000000001	0.77617249701468771	1.6077697427746295E-002
0.16210000000000002	0.78557111849933248	1.6563037064405799E-002
0.16400000000000001	0.79497548343019819	1.7060054462864047E-002
0.16589999999999999	0.80438566185808125	1.7569011086256654E-002
0.16780000000000000	0.81380172523781458	1.8090170767091230E-002
0.16970000000000002	0.82322374640746065	1.8623799748624562E-002
0.17160000000000000	0.83265179956956259	1.9170166718763575E-002
0.17350000000000002	0.84208596027268268	1.9729542837738281E-002
0.17540000000000003	0.85152630539496432	2.0302201760299940E-002
0.17730000000000001	0.86097291312768454	2.0888419653521402E-002
0.17920000000000003	0.87042586296063240	2.1488475210313582E-002
0.18110000000000001	0.87988523565856380	2.2102649659703179E-002
0.18300000000000000	0.88935111328255911	2.2731226773537862E-002
0.18490000000000001	0.89882357912506949	2.3374492870914084E-002
0.18680000000000002	0.90830271773188387	2.4032736819401622E-002
0.18870000000000001	0.91778861488161190	2.4706250034068209E-002
0.19060000000000002	0.92728135757417030	2.5395326474063586E-002
0.19250000000000003	0.93678103401975288	2.6100262636940274E-002
0.19439999999999999	0.94628773362811425	2.6821357550708639E-002
0.19630000000000000	0.95580154699821496	2.7558912763607092E-002
0.19820000000000002	0.96532256590809640	2.8313232331644976E-002
0.20010000000000000	0.97485088330518321	2.9084622803814238E-002
0.20200000000000001	0.98438659329654654	2.9873393204873096E-002
0.20390000000000003	0.99392979113964175	3.0679855015737331E-002
0.20580000000000001	1.0034805732329604	3.1504322151220898E-002
0.20770000000000002	1.0130390371069851	3.2347110935128418E-002
0.20960000000000004	1.0226052814150863	3.3208540072521796E-002
0.21149999999999999	1.0321794059246789	3.4088930619058377E-002
0.21340000000000001	1.0417615115082113	3.4988605947169807E-002
0.21529999999999999	1.0513517001342492	3.5907891709035002E-002
0.21720000000000000	1.0609500748585776	3.6847115796135199E-002
0.21909999999999999	1.0705567398151543	3.7806608295171726E-002
0.22100000000000003	1.0801718002070702	3.8786701440288236E-002
0.22289999999999999	1.0897953622972958	3.9787729561339462E-002
0.22479999999999997	1.0994275333993850	4.0810029028041352E-002
0.22670000000000001	1.1090684218679252	4.1853938189878807E-002
0.22860000000000000	1.1187181370888302	4.2919797311512173E-002
0.23050000000000001	1.1283767894693948	4.4007948503618971E-002
0.23240000000000000	1.1380444904280564	4.5118735648901120E-002
0.23430000000000001	1.1477213523839158	4.6252504323149278E-002
0.23619999999999999	1.1574074887458965	4.7409601711200879E-002
0.23810000000000003	1.1671030139015846	4.8590376517654431E-002
0.23999999999999999	1.1768080432056225	4.9795178872130190E-002
0.24189999999999998	1.1865226929678296	5.1024360229066403E-002
0.24380000000000002	1.1962470804407217	5.2278273261806889E-002
0.24570000000000000	1.2059813238067163	5.3557271750954573E-002
0.24760000000000001	1.2157255421647268	5.4861710466865672E-002
0.24950000000000000	1.2254798555163708	5.6191945046219390E-002
0.25140000000000001	1.2352443847514489	5.7548331862560538E-002
0.25330000000000003	1.2450192516330827	5.8931227890837247E-002
0.25519999999999998	1.2548045787820656	6.0340990565849073E-002
0.25710000000000000	1.2646004896607059	6.1777977634605609E-002
0.25900000000000001	1.2744071085560029	6.3242547002653943E-002
0.26090000000000002	1.2842245605621168	6.4735056574334218E-002
0.26279999999999998	1.2940529715622795	6.6255864087103628E-002
0.26469999999999999	1.3038924682098465	6.7805326939931840E-002
0.26660000000000000	1.3137431779088049	6.9383802015928336E-002
0.26849999999999996	1.3236052287933751	7.0991645499300954E-002
0.27040000000000003	1.3334787497070022	7.2629212686823597E-002
0.27229999999999999	1.3433638701805575	7.4296857793954924E-002
0.27420000000000000	1.3532607204097149	7.5994933755866051E-002
0.27610000000000001	1.3631694312316021	7.7723792023567703E-002
0.27799999999999997	1.3730901341006918	7.9483782355418864E-002
0.27989999999999998	1.3830229610694083	8.1275252604632212E-002
0.28179999999999999	1.3929680447399393	8.3098548501023370E-002
0.28370000000000001	1.4029255182718339	8.4954013432547104E-002
0.28559999999999997	1.4128955153317058	8.6841988220006300E-002
0.28750000000000003	1.4228781700710347	8.8762810890572710E-002
0.28939999999999999	1.4328736170972800	9.0716816448419432E-002
0.29130000000000000	1.4428819914442899	9.2704336643237489E-002
0.29320000000000002	1.4529034285419482	9.4725699737112298E-002
0.29509999999999997	1.4629380641850787	9.6781230270225907E-002
0.29699999999999999	1.4729860345016483	9.8871248825816577E-002
0.29890000000000000	1.4830474759202559	0.10099607179502240
0.30080000000000001	1.4931225251370168	0.10315601114202623
0.30269999999999997	1.5032113190816789	0.10535137417004374
0.30460000000000004	1.5133139948831358	0.10758246328872526
0.30649999999999999	1.5234306898344590	0.10984957578358823
0.30840000000000001	1.5335615413572683	0.11215300358782611
0.31030000000000002	1.5437066869655593	0.11449303305733130
0.31219999999999998	1.5538662642291887	0.11686994474925876
0.31409999999999999	1.5640404107367147	0.11928401320482331
0.31600000000000000	1.5742292640579714	0.12173550673680335
0.31790000000000002	1.5844329617062112	0.12422468722239687
0.31979999999999997	1.5946516410999498	0.12675180990184348
0.32170000000000004	1.6048854395245187	0.12931712318342220
0.32360000000000000	1.6151344940934045	0.13192086845533380
0.32549999999999996	1.6253989417094052	0.13456327990488645
0.32740000000000002	1.6356789190256253	0.13724458434554535
0.32929999999999998	1.6459745624064701	0.13996500105225934
0.33119999999999999	1.6562860078938810	0.14272474160641427
0.33310000000000001	1.6666133911462409	0.14552400974503837
0.33500000000000002	1.6769568474333374	0.14836300122941179
0.33689999999999998	1.6873165115742506	0.15124190371330640
0.33879999999999999	1.6976925179046822	0.15416089662667304
0.34070000000000000	1.7080850002386294	0.15712015106847857
0.34259999999999996	1.7184940918300600	0.16011982971030533
0.34450000000000003	1.7289199253351024	0.16316008671072316
0.34639999999999999	1.7393626327747307	0.16624106764073587
0.34830000000000000	1.7498223454977468	0.16936290942035900
0.35020000000000001	1.7602991941442936	0.17252574026644588
0.35210000000000002	1.7707933086098948	0.17572967965179132
0.35399999999999998	1.7813048180101170	0.17897483827563015
0.35589999999999999	1.7918338506458737	0.18226131804537454
0.35780000000000001	1.8023805339692909	0.18558921206967741
0.35969999999999996	1.8129449945504486	0.18895860466263731
0.36160000000000003	1.8235273580498832	0.19236957136048882
0.36349999999999999	1.8341277491655259	0.19582217894193182
0.36540000000000000	1.8447462916348525	0.19931648547406006
0.36730000000000002	1.8553831081821179	0.20285254035357358
0.36920000000000003	1.8660383204947699	0.20643038436597413
0.37109999999999999	1.8767120491953082	0.21005004975320696
0.37300000000000000	1.8874044138140189	0.21371156029093108
0.37490000000000001	1.8981155327626085	0.21741493137520471
0.37679999999999997	1.9088455233088708	0.22116017011809450
0.37870000000000004	1.9195945015523661	0.22494727545199505
0.38059999999999999	1.9303625824011637	0.22877623824214630
0.38250000000000001	1.9411498795495814	0.23264704140707132
0.38440000000000002	1.9519565054623098	0.23655966004829454
0.38629999999999998	1.9627825713321698	0.24051406157723715
0.38819999999999999	1.9736281870960526	0.24451020586916683
0.39010000000000000	1.9844934613924046	0.24854804540203046
0.39200000000000002	1.9953785015508674	0.25262752541206956
0.39389999999999997	2.0062834135765351	0.25674858405229023
0.39580000000000004	2.0172083021352303	0.26091115255579328
0.39770000000000000	2.0281532705399798	0.26511515540346181
0.39959999999999996	2.0391184207384261	0.26936051049546778
0.40150000000000002	2.0501038533013958	0.27364712932632962
0.40339999999999998	2.0611096674182776	0.27797491716548262
0.40529999999999999	2.0721359608633789	0.28234377322712023
0.40720000000000001	2.0831828300260273	0.28675359086992319
0.40910000000000002	2.0942503698762107	0.29120425776970527
0.41099999999999998	2.1053386739653810	0.29569565610839071
0.41290000000000004	2.1164478344211228	0.30022766276084589
0.41480000000000000	2.1275779419428762	0.30480014948230955
0.41669999999999996	2.1387290857984254	0.30941298309598403
0.41860000000000003	2.1499013538214538	0.31406602568056041
0.42049999999999998	2.1610948324163046	0.31875913476068030
0.42240000000000005	2.1723096065302836	0.32349216347876547
0.42430000000000007	2.1835457596966505	0.32826496080297363
0.42620000000000002	2.1948033740052231	0.33307737169497248
0.42809999999999998	2.2060825301121914	0.33792923729639401
0.43000000000000005	2.2173833072426854	0.34282039510906470
0.43190000000000006	2.2287057831940364	0.34775067917319535
0.43380000000000002	2.2400500343397374	0.35271992024315280
0.43570000000000003	2.2514161356342361	0.35772794596079255
0.43759999999999999	2.2628041606245204	0.36277458103006899
0.43950000000000006	2.2742141814298300	0.36785964736741500
0.44140000000000007	2.2856462687896819	0.37298296429331795
0.44330000000000003	2.2971004920421287	0.37814434867487939
0.44519999999999998	2.3085769191391252	0.38334361508876763
0.44710000000000000	2.3200756166548575	0.38858057597576484
0.44900000000000007	2.3315966497945362	0.39385504179183112
0.45090000000000002	2.3431400824038073	0.39916682115559199
0.45280000000000004	2.3547059769783933	0.40451572099198169
0.45469999999999999	2.3662943946743762	0.40990154667230044
0.45660000000000006	2.3779053953187668	0.41532410215036414
0.45850000000000007	2.3895390374260774	0.42078319009981491
0.46040000000000003	2.4011953781866189	0.42627861202216405
0.46229999999999999	2.4128744735141034	0.43181016840312192
0.46420000000000000	2.4245763780327318	0.43737765881145257
0.46610000000000007	2.4363011450959116	0.44298088202146513
0.46800000000000003	2.4480488267989977	0.44861963612610295
0.46990000000000004	2.4598194739917889	0.45429371864587875
0.47180000000000011	2.4716131362919000	0.46000292663442532
0.47370000000000007	2.4834298620977120	0.46574705677983214
0.47560000000000008	2.4952696986020428	0.47152590550254853
0.47750000000000004	2.5071326918055177	0.47733926904935808
0.47939999999999999	2.5190188865305201	0.48318694358386904
0.48130000000000006	2.5309283264349478	0.48906872527328094
0.48320000000000007	2.5428610540262295	0.49498441037163204
0.48510000000000003	2.5548171106790765	0.50093379530575355
0.48700000000000004	2.5667965366346066	0.50691667672655194
0.48890000000000011	2.5787993710379840	0.51293285162050428
0.49080000000000007	2.5908256519365911	0.51898211735319899
0.49270000000000008	2.6028754162985726	0.52506427174251635
0.49460000000000004	2.6149487000270017	0.53117911312199562
0.49650000000000000	2.6270455379746456	0.53732644040134891
0.49840000000000007	2.6391659639581144	0.54350605312374212
0.50030000000000008	2.6513100107723617	0.54971775152031610
0.50220000000000009	2.6634777102049538	0.55596133656180946
0.50409999999999999	2.6756690930504967	0.56223661000761382
0.50600000000000001	2.6878841891249938	0.56854337445188019
0.50790000000000013	2.7001230272799712	0.57488143336738262
0.50980000000000003	2.7123856354168412	0.58125059114661592
0.51170000000000004	2.7246720405009568	0.58765065314069864
0.51360000000000006	2.7369822685756757	0.59408142569564137
0.51550000000000007	2.7493163447764983	0.60054271618674226
0.51740000000000008	2.7616742933447753	0.60703433305045895
0.51930000000000009	2.7740561376416299	0.61355608581430832
0.52120000000000000	2.7864619001592441	0.62010778513285192
0.52310000000000001	2.7988916025443267	0.62668924278083427
0.52500000000000013	2.8113452655969833	0.63330027172710357
0.52690000000000003	2.8238229092936931	0.63994068612305532
0.52880000000000005	2.8363245527982448	0.64661030133152297
0.53070000000000006	2.8488502144749424	0.65330893394577194
0.53260000000000007	2.8613999119016507	0.66003640180662337
0.53450000000000009	2.8739736618826934	0.66679252401791311
0.53640000000000010	2.8865714804615492	0.67357712096096289
0.53830000000000000	2.8991933829336372	0.68039001430705737
0.54020000000000001	2.9118393838588661	0.68723102702890126
0.54210000000000014	2.9245094970735699	0.69409998341080492
0.54400000000000004	2.9372037357036431	0.70099670905744349
0.54590000000000005	2.9499221121756087	0.70792103090150427
0.54780000000000006	2.9626646382291302	0.71487277721024456
0.54970000000000008	2.9754313249288167	0.72185177759099239
0.55160000000000009	2.9882221826757389	0.72885786299554378
0.55350000000000010	3.0010372212188567	0.73589086572352869
0.55540000000000000	3.0138764496666344	0.74295061942515361
0.55730000000000002	3.0267398764979712	0.75003695910253554
0.55920000000000014	3.0396275095735219	0.75714972111082868
0.56110000000000004	3.0525393561464633	0.76428874315798356
0.56300000000000006	3.0654754228731322	0.77145386430408391
0.56490000000000007	3.0784357158240239	0.77864492495992799
0.56680000000000008	3.0914202404938029	0.78586176688474396
0.56870000000000009	3.1044290018118854	0.79310423318353718
0.57060000000000011	3.1174620041526282	0.80037216830371904
0.57250000000000001	3.1305192513452345	0.80766541803099845
0.57440000000000002	3.1436007466836471	0.81498382948501857
0.57630000000000015	3.1567064929362565	0.82232725111433158
0.57820000000000005	3.1698364923555982	0.82969553269086072
0.58010000000000006	3.1829907466876328	0.83708852530409117
0.58200000000000007	3.1961692571488256	0.84450608136374339
0.58389999999999997	3.2093720245645065	0.85194805455618217
0.58580000000000010	3.2225990491842929	0.85941429989342932
0.58770000000000011	3.2358503308192703	0.86690467366772683
0.58960000000000001	3.2491258688191875	0.87441903345335670
0.59150000000000003	3.2624256620814394	0.88195723809894633
0.59340000000000015	3.2757497090587822	0.88951914771893226
0.59530000000000005	3.2890980077673473	0.89710462368461452
0.59720000000000006	3.3024705557958542	0.90471352861591181
0.59910000000000008	3.3158673503132001	0.91234572637224531
0.60099999999999998	3.3292883880757613	0.92000108204294018
0.60290000000000010	3.3427336654362803	0.92767946193819784
0.60480000000000012	3.3562031783505635	0.93538073357939222
0.60670000000000002	3.3696969223857316	0.94310476568942925
0.60860000000000003	3.3832148927273851	0.95085142818295521
0.61050000000000015	3.3967570841864032	0.95862059215607642
0.61240000000000006	3.4103234912066758	0.96641212987663527
0.61430000000000007	3.4239141078720863	0.97422591477394582
0.61620000000000008	3.4375289279136187	0.98206182142852461
0.61809999999999998	3.4511679447150678	0.98991972556184216
0.62000000000000011	3.4648311513214134	0.99779950402585971
0.62190000000000012	3.4785185404441368	1.0057010347926649
0.62380000000000002	3.4922301044679802	1.0136241969440456
0.62570000000000003	3.5059658354578125	1.0215688706609536
0.62760000000000005	3.5197257251637710	1.0295349372129146
0.62950000000000006	3.5335097650285254	1.0375222789476528
0.63140000000000007	3.5473179461929489	1.0455307792805919
0.63330000000000009	3.5611502595019791	1.0535603226842742
0.63519999999999999	3.5750066955097117	1.0616107946774751
0.63710000000000011	3.5888872444866569	1.0696820818154802
0.63900000000000012	3.6027918964244035	1.0777740716789161
0.64090000000000003	3.6167206410408110	1.0858866528635969
0.64280000000000004	3.6306734677861492	1.0940197149699626
0.64470000000000005	3.6446503658485159	1.1021731485930577
0.64660000000000006	3.6586513241581273	1.1103468453115908
0.64850000000000008	3.6726763313937170	1.1185406976782746
0.65040000000000009	3.6867253759860863	1.1267545992089090
0.65229999999999999	3.7007984461249990	1.1349884443730347
0.65420000000000011	3.7148955297619768	1.1432421285827614
0.65610000000000013	3.7290166146169113	1.1515155481837716
0.65800000000000003	3.7431616881815262	1.1598086004445005
0.65990000000000004	3.7573307377245113	1.1681211835466032
0.66180000000000005	3.7715237502962147	1.1764531965750631
0.66370000000000007	3.7857407127325629	1.1848045395081392
0.66560000000000008	3.7999816116603351	1.1931751132080681
0.66750000000000009	3.8142464334998718	1.2015648194108564
0.66940000000000000	3.8285351644714649	1.2099735607173494
0.67130000000000012	3.8428477905980483	1.2184012405834199
0.67320000000000013	3.8571842977092077	1.2268477633103161
0.67510000000000003	3.8715446714459194	1.2353130340357836
0.67700000000000005	3.8859288972642516	1.2437969587247699
0.67890000000000006	3.9003369604391778	1.2522994441600048
0.68080000000000007	3.9147688460680263	1.2608203979330785
0.68270000000000008	3.9292245390749234	1.2693597284357980
0.68460000000000010	3.9437040242137855	1.2779173448505055
0.68650000000000000	3.9582072860720530	1.2864931571419780
0.68840000000000012	3.9727343090751615	1.2950870760487900
0.69030000000000014	3.9872850774883846	1.3036990130740338
0.69220000000000004	4.0018595754212027	1.3123288804771838
0.69410000000000005	4.0164577868310891	1.3209765912659308
0.69600000000000006	4.0310796955256691	1.3296420591873923
0.69790000000000008	4.0457252851666778	1.3383251987198472
0.69980000000000009	4.0603945392731475	1.3470259250650385
0.70170000000000010	4.0750874412241798	1.3557441541396078
0.70360000000000000	4.0898039742623302	1.3644798025674201
0.70550000000000002	4.1045441214963958	1.3732327876715136
0.70740000000000014	4.1193078659042763	1.3820030274661992
0.70930000000000004	4.1340951903366117	1.3907904406498297
0.71120000000000005	4.1489060775181459	1.3995949465963640
0.71310000000000007	4.1637405100521843	1.4084164653486233
0.71500000000000008	4.1785984704223962	1.4172549176105129
0.71690000000000009	4.1934799409954353	1.4261102247395077
0.71880000000000011	4.2083849040247969	1.4349823087399123
0.72070000000000001	4.2233133416511084	1.4438710922548283
0.72260000000000002	4.2382652359072299	1.4527764985599874
0.72450000000000014	4.2532405687189057	1.4616984515558242
0.72640000000000005	4.2682393219083021	1.4706368757615680
0.72830000000000006	4.2832614771961142	1.4795916963075912
0.73020000000000007	4.2983070162035286	1.4885628389288683
0.73210000000000008	4.3133759204555666	1.4975502299586190
0.73400000000000010	4.3284681713819833	1.5065537963212476
0.73590000000000011	4.3435837503207866	1.5155734655261313
0.73780000000000001	4.3587226385198674	1.5246091656611356
0.73970000000000002	4.3738848171394062	1.5336608253863944
0.74160000000000015	4.3890702672533379	1.5427283739276441
0.74350000000000005	4.4042789698528306	1.5518117410706371
0.74540000000000006	4.4195109058466544	1.5609108571543373
0.74730000000000008	4.4347660560646753	1.5700256530655552
0.74919999999999998	4.4500444012589453	1.5791560602326731
0.75110000000000010	4.4653459221060672	1.5883020106196870
0.75300000000000011	4.4806705992088531	1.5974634367205418
0.75490000000000002	4.4960184130983869	1.6066402715534187
0.75680000000000003	4.5113893442361634	1.6158324486550932
0.75870000000000015	4.5267833730150731	1.6250399020751811
0.76060000000000005	4.5422004797621138	1.6342625663708421
0.76250000000000007	4.5576406447394655	1.6435003766011793
0.76440000000000008	4.5731038481466832	1.6527532683220751
0.76629999999999998	4.5885900701222706	1.6620211775806091
0.76820000000000010	4.6040992907449212	1.6713040409099718
0.77010000000000012	4.6196314900359905	1.6806017953245258
0.77200000000000002	4.6351866479602428	1.6899143783141839
0.77390000000000003	4.6507647444279918	1.6992417278398702
0.77580000000000016	4.6663657592966103	1.7085837823284216
0.77770000000000006	4.6819896723713903	1.7179404806673544
0.77960000000000007	4.6976364634085011	1.7273117622007026
0.78150000000000008	4.7133061121146316	1.7366975667234861
0.78339999999999999	4.7289985981498210	1.7460978344774789
0.78530000000000011	4.7447139011281507	1.7555125061464192
0.78720000000000012	4.7604520006196847	1.7649415228515188
0.78910000000000002	4.7762128761512441	1.7743848261466915
0.79100000000000004	4.7919965072082364	1.7838423580143377
0.79290000000000016	4.8078028732357758	1.7933140608607332
0.79480000000000006	4.8236319536398362	1.8027998775117189
0.79670000000000007	4.8394837277890392	1.8122997512085655
0.79860000000000009	4.8553581750150352	1.8218136256033910
0.80049999999999999	4.8712552746148283	1.8313414447553216
0.80240000000000011	4.8871750058511587	1.8408831531261141
0.80430000000000013	4.9031173479537769	1.8504386955760834
0.80620000000000003	4.9190822801214908	1.8600080173604436
0.80810000000000004	4.9350697815214959	1.8695910641244151
0.81000000000000016	4.9510798312926596	1.8791877819004215
0.81190000000000007	4.9671124085451224	1.8887981171034753
0.81380000000000008	4.9831674923618392	1.8984220165274919
0.81570000000000009	4.9992450617999920	1.9080594273417066
0.81759999999999999	5.0153450958911883	1.9177102970865141
0.81950000000000012	5.0314675736435612	1.9273745736704080
0.82140000000000013	5.0476124740420509	1.9370522053657255
0.82330000000000003	5.0637797760494250	1.9467431408054592
0.82520000000000004	5.0799694586077706	1.9564473289795306
0.82710000000000006	5.0961815006390090	1.9661647192313736
0.82900000000000007	5.1124158810457363	1.9758952612542366
0.83090000000000008	5.1286725787125711	1.9856389050881547
0.83280000000000010	5.1449515725069901	1.9953956011163034
0.83470000000000000	5.1612528412796985	2.0051653000616785
0.83660000000000012	5.1775763638664642	2.0149479529840746
0.83850000000000013	5.1939221190880263	2.0247435112764016
0.84040000000000004	5.2102900857514056	2.0345519266617811
0.84230000000000005	5.2266802426508319	2.0443731511904053
0.84420000000000006	5.2430925685686800	2.0542071372363098
0.84609999999999996	5.2595270422753115	2.0640538374941046
0.84799999999999998	5.2759836425309725	2.0739132049761708
0.84989999999999999	5.2924623480864632	2.0837851930098115
0.85180000000000000	5.3089631376831843	2.0936697552337651
0.85370000000000013	5.3254859900545748	2.1035668455957723
0.85560000000000014	5.3420308839264292	2.1134764183492947
0.85750000000000004	5.3585977980179926	2.1233984280509142
0.85940000000000005	5.3751867110422893	2.1333328295572804
0.86130000000000007	5.3917976017071130	2.1432795780225966
0.86319999999999997	5.4084304487155581	2.1532386288955658
0.86509999999999998	5.4250852307667374	2.1632099379167351
0.86699999999999999	5.4417619265566417	2.1731934611160937
0.86890000000000001	5.4584605147783201	2.1831891548099094
0.87079999999999991	5.4751809741229112	2.1931969755984313
0.87270000000000014	5.4919232832803937	2.2032168803633341
0.87460000000000004	5.5086874209397969	2.2132488262649619
0.87650000000000006	5.5254733657898347	2.2232927707397381
0.87840000000000007	5.5422810965199041	2.2333486714979180
0.88029999999999997	5.5591105918203798	2.2434164865210078
0.88219999999999998	5.5759618303833349	2.2534961740592330
0.88410000000000000	5.5928347909025637	2.2635876926290295
0.88600000000000001	5.6097294520752694	2.2736910010110929
0.88789999999999991	5.6266457926013134	2.2838060582474791
0.88980000000000015	5.6435837911848550	2.2939328236396639
0.89170000000000005	5.6605434265338719	2.3040712567459241
0.89360000000000006	5.6775246773616956	2.3142213173794297
0.89550000000000007	5.6945275223866361	2.3243829656056092
0.89739999999999998	5.7115519403330817	2.3345561617402097
0.89929999999999999	5.7285979099318469	2.3447408663470211
0.90120000000000000	5.7456654099202860	2.3549370402355083
0.90309999999999990	5.7627544190430884	2.3651446444588871
0.90499999999999992	5.7798649160531603	2.3753636403121550
0.90689999999999993	5.7969968797110489	2.3855939893294487
0.90879999999999994	5.8141502887863430	2.3958356532824614
0.91070000000000007	5.8313251220574784	2.4060885941781653
0.91260000000000008	5.8485213583127083	2.4163527742569668
0.91449999999999998	5.8657389763499186	2.4266281559903495
0.91639999999999999	5.8829779549777630	2.4369147020793593
0.91830000000000001	5.9002382730154652	2.4472123754523132
0.92019999999999991	5.9175199092935165	2.4575211392629654
0.92209999999999992	5.9348228426537881	2.4678409568884527
0.92399999999999993	5.9521470519504058	2.4781717919277595
0.92589999999999995	5.9694925160499421	2.4885136081995549
0.92780000000000007	5.9868592138308463	2.4988663697400497
0.92970000000000008	6.0042471241859676	2.5092300408021639
0.93159999999999998	6.0216562260206068	2.5196045858525307
0.93350000000000000	6.0390864982541395	2.5299899695704169
0.93540000000000001	6.0565379198203866	2.5403861568459485
0.93729999999999991	6.0740104696671580	2.5507931127778920
0.93919999999999992	6.0915041267576013	2.5612108026725044
0.94109999999999994	6.1090188700695922	2.5716391920413448
0.94299999999999995	6.1265546785967242	2.5820782465998793
0.94490000000000007	6.1441115313482122	2.5925279322656363
0.94680000000000009	6.1616894073496260	2.6029882151567190
0.94869999999999999	6.1792882856426123	2.6134590615899373
0.95060000000000000	6.1969081452856827	2.6239404380793463
0.95250000000000001	6.2145489653543811	2.6344323113346810
0.95439999999999992	6.2322107249413836	2.6449346482596185
0.95629999999999993	6.2498934031572757	2.6554474159504031
0.95819999999999994	6.2675969791299408	2.6659705816940238
0.96009999999999995	6.2853214320057544	2.6765041129668798
0.96199999999999986	6.3030667409493883	2.6870479774333504
0.96390000000000009	6.3208328851440587	2.6976021429439667
0.96579999999999999	6.3386198437919186	2.7081665775341923
0.96770000000000000	6.3564275961144805	2.7187412494230241
0.96960000000000002	6.3742561213520572	2.7293261270110212
0.97149999999999992	6.3921053987652732	2.7399211788796176
0.97339999999999993	6.4099754076341418	2.7505263737890675
0.97529999999999994	6.4278661272589934	2.7611416806773676
0.97719999999999996	6.4457775369604882	2.7717670686588018
0.97909999999999986	6.4637096160795506	2.7824025070223488
0.98100000000000009	6.4816623439782148	2.7930479652307230
0.98290000000000000	6.4996357000393532	2.8037034129186398
0.98480000000000001	6.5176296636669901	2.8143688198916803
0.98670000000000002	6.5356442142865703	2.8250441561249349
0.98859999999999992	6.5536793313451405	2.8357293917616060
0.99049999999999994	6.5717349943115195	2.8464244971118289
0.99239999999999995	6.5898111826764421	2.8571294426512388
0.99429999999999996	6.6079078759530372	2.8678441990199843
0.99619999999999986	6.6260250536766270	2.8785687370211290
0.99810000000000010	6.6441626954051234	2.8893030276195661
1.0000000000000000	6.6623207807188249	2.9000470419406392
