  0.1581E-10  0.7454E-10  0.1571E-15
  0.3972E-10  0.1872E-09  0.7689E-15
  0.9976E-10  0.4702E-09  0.3641E-14
  0.2506E-09  0.1181E-08  0.1666E-13
  0.6294E-09  0.2968E-08  0.7332E-13
  0.1581E-08  0.7454E-08  0.3085E-12
  0.3972E-08  0.1873E-07  0.1237E-11
  0.5000E-08  0.2358E-07  0.1663E-11
  0.9976E-08  0.4705E-07  0.4539E-11
  0.1990E-07  0.9387E-07  0.1212E-10
  0.3972E-07  0.1873E-06  0.3182E-10
  0.7924E-07  0.3738E-06  0.8236E-10
  0.1581E-06  0.7459E-06  0.2112E-09
  0.1990E-06  0.9392E-06  0.2764E-09
  0.3155E-06  0.1489E-05  0.5152E-09
  0.5000E-06  0.2360E-05  0.9581E-09
  0.6294E-06  0.2971E-05  0.1306E-08
  0.7924E-06  0.3741E-05  0.1593E-08
  0.9976E-06  0.4710E-05  0.2170E-08
  0.1581E-05  0.7465E-05  0.4023E-08
  0.2506E-05  0.1184E-04  0.7452E-08
  0.3972E-05  0.1877E-04  0.1380E-07
  0.5000E-05  0.2363E-04  0.1791E-07
  0.6294E-05  0.2973E-04  0.2436E-07
  0.7924E-05  0.3747E-04  0.3315E-07
  0.9976E-05  0.4716E-04  0.4507E-07
  0.1256E-04  0.5941E-04  0.6130E-07
  0.1581E-04  0.7479E-04  0.8002E-07
  0.1990E-04  0.9418E-04  0.1077E-06
  0.2506E-04  0.1186E-03  0.1464E-06
  0.3155E-04  0.1494E-03  0.1882E-06
  0.3972E-04  0.1881E-03  0.2559E-06
  0.5000E-04  0.2369E-03  0.3479E-06
  0.6294E-04  0.2982E-03  0.4729E-06
  0.7924E-04  0.3758E-03  0.6430E-06
  0.9976E-04  0.4730E-03  0.8214E-06
  0.1105E-03  0.5242E-03  0.9147E-06
  0.1256E-03  0.5958E-03  0.1041E-05
  0.1581E-03  0.7505E-03  0.1415E-05
  0.1990E-03  0.9452E-03  0.1840E-05
  0.2506E-03  0.1191E-02  0.2384E-05
  0.2572E-03  0.1222E-02  0.2469E-05
  3.00000014E-04   1.4259999025773406E-003   2.5299998001293060E-006
   3.99999990E-04   1.9029998712601971E-003   2.8899998777889927E-006
   5.00000024E-04   2.3790000204849632E-003   3.2400001089757357E-006
   6.00000028E-04   2.8550001697097292E-003   3.5999998916547005E-006
   6.99999975E-04   3.3319998363323263E-003   4.0000002401483272E-006
   7.99999980E-04   3.8090001070754421E-003   4.3600000228272920E-006
   8.99999985E-04   4.2849999542399486E-003   4.7599997813594750E-006
   1.00000005E-03   4.7619999229228053E-003   5.1699996813453231E-006
   1.50000001E-03   7.1460002489392559E-003   7.4500000748630977E-006
   2.00000009E-03   9.5310003944137963E-003   9.9800001699731268E-006
   2.49999994E-03   1.1915999331647300E-002   1.2720000580783633E-005
   3.00000003E-03   1.4303000324279058E-002   1.5709999513263505E-005
   3.50000011E-03   1.6688999685091171E-002   1.8799999270318588E-005
   4.00000019E-03   1.9076000677722929E-002   2.2039999084313605E-005
   4.49999981E-03   2.1464000885692256E-002   2.5440001161567265E-005
   4.99999989E-03   2.3851999885420552E-002   2.8989999755992195E-005
   5.49999997E-03   2.6240001301630917E-002   3.2639999174992334E-005
   6.00000005E-03   2.8628998308455743E-002   3.6389999418567687E-005
   6.50000013E-03   3.1016999724666112E-002   4.0240000486718251E-005
   7.00000022E-03   3.3406999571551618E-002   4.4290000844173463E-005
   7.49999983E-03   3.5795998994858517E-002   4.8399997920620557E-005
   8.00000038E-03   3.8185998841744027E-002   5.2700000339513797E-005
   8.50000046E-03   4.0576001105111614E-002   5.7059999477398926E-005
   8.99999961E-03   4.2965998535515047E-002   6.1569999852146870E-005
   9.49999969E-03   4.5357001222461245E-002   6.6179996331778478E-005
   9.99999978E-03   4.7747999076443289E-002   7.0949999794360272E-005
   1.20000001E-02   5.7313000581878368E-002   9.1620002213037283E-005
   1.40000004E-02   6.6882999372242347E-002   1.1488999775252050E-004
   1.60000008E-02   7.6454999009763533E-002   1.4067999708040945E-004
   1.79999992E-02   8.6032000765177780E-002   1.6967000391593896E-004
   1.99999996E-02   9.5611003367749234E-002   2.0174999280968026E-004
   2.19999999E-02  0.10519399799870682        2.3687001054626121E-004
   2.40000002E-02  0.11478099432397884        2.7537999393601338E-004
   2.60000005E-02  0.12437000116233639        3.1723999550965201E-004
   2.80000009E-02  0.13396300002908007        3.6218999802026865E-004
   2.99999993E-02  0.14356000059013818        4.1054002856644243E-004
   3.20000015E-02  0.15315900199835350        4.6202000751887896E-004
   3.40000018E-02  0.16276199543495498        5.1660003091191320E-004
   3.59999985E-02  0.17236799497525640        5.7416999778105160E-004
   3.79999988E-02  0.18197799620987229        6.3438000907349503E-004
   3.99999991E-02  0.19159099388225984        6.9757003361102011E-004
   4.19999994E-02  0.20120698799241907        7.6345005578722222E-004
   4.39999998E-02  0.21082599787220657        8.3187002716832311E-004
   4.60000001E-02  0.22044798485790917        9.0271002983140398E-004
   4.80000004E-02  0.23007399286978278        9.7589001780776555E-004
   5.00000007E-02  0.23970301665128466        1.0513999475937881E-003
   5.20000011E-02  0.24933399295030229        1.1289900908701435E-003
   5.40000014E-02  0.25896899027549092        1.2087600520073168E-003
   5.60000017E-02  0.26860700337030785        1.2905500411281691E-003
   5.79999983E-02  0.27824700764635368        1.3745199236249043E-003
   5.99999987E-02  0.28789101361671393        1.4601700163136713E-003
   6.19999990E-02  0.29753699143644657        1.5480401008777353E-003
   6.40000030E-02  0.30718700961420675        1.6334799596260702E-003
   6.59999996E-02  0.31683899964133933        1.7254100361346022E-003
   6.80000037E-02  0.32649398610624353        1.8190598927291270E-003
   7.00000003E-02  0.33615102174794648        1.9148400293019538E-003
   7.19999969E-02  0.34581200108839405        2.0122899549878692E-003
   7.40000010E-02  0.35547499094192714        2.1117200367032434E-003
   7.59999976E-02  0.36514099656508853        2.2012200384261757E-003
   7.80000016E-02  0.37480901270133538        2.3074399816789149E-003
   7.99999982E-02  0.38448000594349735        2.4154299980508106E-003
   8.20000023E-02  0.39415401495528757        2.5240300251162450E-003

5.0000000000000003E-002  0.23910216007033477  7.5197707012928403E-004
5.1899999999999995E-002  0.24821800196509999  8.3069065762046571E-004
5.3800000000000001E-002  0.25733680362061812  9.1411350433042782E-004
5.5700000000000006E-002  0.26645862695499151  1.0022756968408443E-003
5.7599999999999998E-002  0.27558353060387475  1.0952051726346892E-003
5.9499999999999997E-002  0.28471157033992134  1.1929287334333104E-003
6.1400000000000003E-002  0.29384279911009015  1.2954729959284491E-003
6.3300000000000009E-002  0.30297726741944253  1.4028652268135806E-003
6.5200000000000008E-002  0.31211502363967381  1.5151340994033358E-003
6.7099999999999993E-002  0.32125611411687810  1.6323103821750452E-003
6.9000000000000006E-002  0.33040058349491941  1.7544275406939701E-003
7.0900000000000005E-002  0.33954847489798146  1.8815222767867379E-003
7.2799999999999990E-002  0.34869983022335882  2.0136350003798383E-003
7.4700000000000003E-002  0.35785469022994509  2.1508102457872672E-003
7.6600000000000001E-002  0.36701309480459088  2.2930970293891136E-003
7.8500000000000000E-002  0.37617508312493603  2.4405491585445548E-003
8.0400000000000013E-002  0.38534069383155817  2.5932254939910961E-003
8.2300000000000012E-002  0.39450996518697395  2.7511901697215330E-003
8.4199999999999997E-002  0.40368293522635429  2.9145127744285518E-003
8.6099999999999996E-002  0.41285964187819746  3.0832684977504187E-003
8.7999999999999995E-002  0.42204012317258227  3.2575382447181385E-003
8.9899999999999994E-002  0.43122441724860272  3.4374087217138275E-003
9.1800000000000007E-002  0.44041256254212446  3.6229724962958303E-003
9.3700000000000006E-002  0.44960459787150636  3.8143280339860150E-003
9.5600000000000004E-002  0.45880056253449458  4.0115797142517068E-003
9.7500000000000017E-002  0.46800049639733154  4.2148378280698765E-003
9.9400000000000002E-002  0.47720443997649276  4.4242185590623699E-003
0.10130000000000000  0.48641243451409827  4.6398439501079995E-003
0.10320000000000000  0.49562452204604102  4.8618418572639894E-003
0.10510000000000000  0.50484074546546431  5.0903458925890439E-003
0.10700000000000000  0.51406114857927543  5.3254953571192937E-003
0.10890000000000001  0.52328577616009453  5.5674351657663771E-003
0.11080000000000001  0.53251467399295216  5.8163157647904869E-003
0.11270000000000001  0.54174788891765280  6.0722930434506670E-003
0.11460000000000002  0.55098546886620137  6.3355282404482845E-003
0.11649999999999999  0.56022746288079639  6.6061878463855219E-003
0.11840000000000001  0.56947392120576124  6.8844435026170049E-003
0.12030000000000000  0.57872489522154635  7.1704718978403362E-003
0.12220000000000000  0.58798043752864571  7.4644546624494388E-003
0.12410000000000000  0.59724060195231110  7.7665782616553897E-003
0.12600000000000000  0.60650544355963776  8.0770338877387340E-003
0.12790000000000001  0.61577501142808178  8.3941045563492717E-003
0.12980000000000003  0.62504930816821958  8.7158744178451406E-003
0.13169999999999998  0.63432835154638711  9.0444794287818341E-003
0.13360000000000000  0.64361217742022980  9.3806780206267815E-003
0.13550000000000001  0.65290082923934178  9.7249712416617243E-003
0.13739999999999999  0.66219435548351346  1.0077761748533429E-002
0.13930000000000001  0.67149280848317294  1.0439402649162127E-002
0.14120000000000002  0.68079624374672054  1.0810218524585923E-002
0.14310000000000000  0.69010471952779506  1.1190516201904643E-002
0.14500000000000002  0.69941829652467535  1.1580590918191075E-002
0.14690000000000000  0.70873703765905105  1.1980730127571513E-002
0.14879999999999999  0.71806100790646787  1.2391215988729977E-002
0.15070000000000000  0.72739027416124624  1.2812327061504552E-002
0.15260000000000001  0.73672490512689415  1.3244339503802174E-002
0.15450000000000000  0.74606497122407534  1.3687527939310221E-002
0.15640000000000001  0.75541054451277134  1.4142166100536979E-002
0.15830000000000002  0.76476169862486632  1.4608527314364227E-002
0.16020000000000001  0.77411850870489196  1.5086884874362506E-002
0.16210000000000002  0.78348105135795720  1.5577512330038849E-002
0.16400000000000001  0.79284940460277098  1.6080683714308215E-002
0.16589999999999999  0.80222364782919287  1.6596673724082307E-002
0.16780000000000000  0.81160386175960209  1.7125757864921511E-002
0.16970000000000002  0.82099012841381402  1.7668212568078132E-002
0.17160000000000000  0.83038253107643578  1.8224315285655664E-002
0.17350000000000002  0.83978115426640465  1.8794344568742623E-002
0.17540000000000003  0.84918608370942406  1.9378580131985377E-002
0.17730000000000001  0.85859740631136516  1.9977302907240369E-002
0.17920000000000003  0.86801521013385641  2.0590795088547737E-002
0.18110000000000001  0.87743958437124603  2.1219340169922579E-002
0.18300000000000000  0.88687061931989131  2.1863222977555018E-002
0.18490000000000001  0.89630840639319920  2.2522729696889333E-002
0.18680000000000002  0.90575303804909024  2.3198147896213862E-002
0.18870000000000001  0.91520460780688628  2.3889766546466878E-002
0.19060000000000002  0.92466321022106457  2.4597876038380779E-002
0.19250000000000003  0.93412894086459763  2.5322768197021086E-002
0.19439999999999999  0.94360189631315106  2.6064736294103812E-002
0.19630000000000000  0.95308217413003216  2.6824075058222648E-002
0.19820000000000002  0.96256987285170059  2.7601080683100403E-002
0.20010000000000000  0.97206509197401214  2.8396050833977754E-002
0.20200000000000001  0.98156793193899994  2.9209284652056532E-002
0.20390000000000003  0.99107849412222904  3.0041082757119680E-002
0.20580000000000001  1.0005968808205332  3.0891747248135773E-002
0.20770000000000002  1.0101231952403134  3.1761581701820404E-002
0.20960000000000004  1.0196575414862037  3.2650891169083721E-002
0.21149999999999999  1.0292000245501103  3.3559982169151334E-002
0.21340000000000001  1.0387507503005569  3.4489162681276497E-002
0.21529999999999999  1.0483098254723373  3.5438742133876010E-002
0.21720000000000000  1.0578773576565033  3.6409031390893250E-002
0.21909999999999999  1.0674534552904194  3.7400342735205275E-002
0.22100000000000003  1.0770382276481687  3.8412989848934861E-002
0.22289999999999999  1.0866317848309393  3.9447287790413087E-002
0.22479999999999997  1.0962342377577374  4.0503552967610372E-002
0.22670000000000001  1.1058456981559297  4.1582103107875419E-002
0.22860000000000000  1.1154662785520775  4.2683257223691005E-002
0.23050000000000001  1.1250960922625424  4.3807335574390496E-002
0.23240000000000000  1.1347352533842550  4.4954659623428594E-002
0.23430000000000001  1.1443838767853536  4.6125551991273224E-002
0.23619999999999999  1.1540420780956404  4.7320336403463281E-002
0.23810000000000003  1.1637099736970555  4.8539337633861056E-002
0.23999999999999999  1.1733876807138868  4.9782881442808381E-002
0.24189999999999998  1.1830753170027646  5.1051294510049652E-002
0.24380000000000002  1.1927730011425075  5.2344904362303782E-002
0.24570000000000000  1.2024808524236004  5.3664039295273802E-002
0.24760000000000001  1.2121989908374569  5.5009028290046322E-002
0.24950000000000000  1.2219275370652760  5.6380200923697478E-002
0.25140000000000001  1.2316666124665647  5.7777887274039749E-002
0.25330000000000003  1.2414163390672892  5.9202417818446380E-002
0.25519999999999998  1.2511768395475082  6.0654123326629131E-002
0.25710000000000000  1.2609482372286875  6.2133334747407544E-002
0.25900000000000001  1.2707306560603686  6.3640383089357766E-002
0.26090000000000002  1.2805242206065064  6.5175599295412404E-002
0.26279999999999998  1.2903290560310563  6.6739314111363773E-002
0.26469999999999999  1.3001452880831825  6.8331857948377178E-002
0.26660000000000000  1.3099730430818213  6.9953560739507814E-002
0.26849999999999996  1.3198124478995608  7.1604751790371624E-002
0.27040000000000003  1.3296636299521460  7.3285759624353755E-002
0.27229999999999999  1.3395267171563661  7.4996911820549322E-002
0.27420000000000000  1.3494018379495678  7.6738534849534606E-002
0.27610000000000001  1.3592891212456999  7.8510953900574457E-002
0.27799999999999997  1.3691886964224325  8.0314492705379159E-002
0.27989999999999998  1.3791006933010033  8.2149473356713548E-002
0.28179999999999999  1.3890252421254825  8.4016216122399928E-002
0.28370000000000001  1.3989624735412960  8.5915039255087228E-002
0.28559999999999997  1.4089125185730251  8.7846258797994931E-002
0.28750000000000003  1.4188755086015068  8.9810188387020762E-002
0.28939999999999999  1.4288515753401501  9.1807139049599321E-002
0.29130000000000000  1.4388408508105783  9.3837419000582539E-002
0.29320000000000002  1.4488434673176489  9.5901333435667160E-002
0.29509999999999997  1.4588595574236225  9.7999184322729527E-002
0.29699999999999999  1.4688892539217036  0.10013127019146950
0.29890000000000000  1.4789326898089108  0.10229788592187997
0.30080000000000001  1.4889899982582830  0.10449932253201959
0.30269999999999997  1.4990613125904024  0.10673586696547654
0.30460000000000004  1.5091467662443234  0.10900780187913651
0.30649999999999999  1.5192464927479623  0.11131540543172495
0.30840000000000001  1.5293606256877301  0.11365895107355624
0.31030000000000002  1.5394892986778483  0.11603870733813869
0.31219999999999998  1.5496326453289360  0.11845493763605790
0.31409999999999999  1.5597907992162090  0.12090790005173106
0.31600000000000000  1.5699638938472553  0.12339784714348823
0.31790000000000002  1.5801520626292798  0.12592502574758727
0.31979999999999997  1.5903554388360948  0.12848967678655832
0.32170000000000004  1.6005741555746429  0.13109203508252373
0.32360000000000000  1.6108083457513280  0.13373232917587655
0.32549999999999996  1.6210581420379848  0.13641078114984148
0.32740000000000002  1.6313236768435357  0.13912760646238639
0.32929999999999998  1.6416050822558441  0.14188301377994597
0.33119999999999999  1.6519024900436838  0.14467720482845373
0.33310000000000001  1.6622160315972783  0.14751037424182722
0.33500000000000002  1.6725458378999762  0.15038270942358611
0.33689999999999998  1.6828920394939688  0.15329439041596346
0.33879999999999999  1.6932547664453959  0.15624558977753067
0.34070000000000000  1.7036341483101116  0.15923647246999198
0.34259999999999996  1.7140303140993756  0.16226719575424858
0.34450000000000003  1.7244433922457789  0.16533790909600043
0.34639999999999999  1.7348735105695254  0.16844875408112234
0.34830000000000000  1.7453207962448798  0.17159986434097696
0.35020000000000001  1.7557853757670612  0.17479136548784138
0.35210000000000002  1.7662673749194742  0.17802337506050434
0.35399999999999998  1.7767669187414197  0.18129600248017264
0.35589999999999999  1.7872841314962769  0.18460934901670811
0.35780000000000001  1.7978191366462595  0.18796350776678170
0.35969999999999996  1.8083720567966777  0.19135856363436674
0.36160000000000003  1.8189430137044702  0.19479459333772497
0.36349999999999999  1.8295321282223240  0.19827166541017269
0.36540000000000000  1.8401395202766466  0.20178984021914656
0.36730000000000002  1.8507653088393641  0.20534916999359651
0.36920000000000003  1.8614096119006680  0.20894969886107953
0.37109999999999999  1.8720725464425654  0.21259146289446459
0.37300000000000000  1.8827542284130456  0.21627449016788997
0.37490000000000001  1.8934547727012268  0.21999880082183298
0.37679999999999997  1.9041742931133299  0.22376440713692597
0.37870000000000004  1.9149129023494964  0.22757131361628971
0.38059999999999999  1.9256707119815648  0.23141951707604938
0.38250000000000001  1.9364478324374890  0.23530900674564659
0.38440000000000002  1.9472443729567583  0.23923976436532998
0.38629999999999998  1.9580604416089942  0.24321176431215133
0.38819999999999999  1.9688961452488405  0.24722497371060337
0.39010000000000000  1.9797515895053928  0.25127935256098655
0.39200000000000002  1.9906268787656656  0.25537485387147363
0.39389999999999997  2.0015221161590322  0.25951142379565328
0.39580000000000004  2.0124374035425965  0.26368900177528676
0.39770000000000000  2.0233728414876224  0.26790752068779033
0.39959999999999996  2.0343285292668654  0.27216690699806717
0.40150000000000002  2.0453045648495700  0.27646708091708350
0.40339999999999998  2.0563010448628538  0.28080795654935170
0.40529999999999999  2.0673180646260776  0.28518944207391628
0.40720000000000001  2.0783557181110863  0.28961143989648841
0.40910000000000002  2.0894140979425653  0.29407384682039911
0.41099999999999998  2.1004932953910624  0.29857655421596468
0.41290000000000004  2.1115934003671883  0.30311944819158632
0.41480000000000000  2.1227145014162923  0.30770240976591068
0.41669999999999996  2.1338566857145183  0.31232531504100119
0.41860000000000003  2.1450200390653533  0.31698803537593784
0.42049999999999998  2.1562046459032320  0.32169043756383353
0.42240000000000005  2.1674105892662978  0.32643238399216007
0.42430000000000007  2.1786379508363121  0.33121373283714017
0.42620000000000002  2.1898868109097789  0.33603433822153961
0.42809999999999998  2.2011572484063850  0.34089405039007076
0.43000000000000005  2.2124493408704669  0.34579271587979754
0.43190000000000006  2.2237631644732336  0.35073017768899128
0.43380000000000002  2.2350987940156690  0.35570627544418071
0.43570000000000003  2.2464563029321658  0.36072084556543893
0.43759999999999999  2.2578357633010468  0.36577372143339376
0.43950000000000006  2.2692372458231094  0.37086473353322014
0.44140000000000007  2.2806608198685558  0.37599370963910472
0.44330000000000003  2.2921065534540745  0.38116047495156347
0.44519999999999998  2.3035745132570673  0.38636485225497597
0.44710000000000000  2.3150647646228197  0.39160666206753458
0.44900000000000007  2.3265773715721854  0.39688572278792511
0.45090000000000002  2.3381123968098154  0.40220185083914567
0.45280000000000004  2.3496699017326281  0.40755486080886821
0.45469999999999999  2.3612499464390058  0.41294456558658449
0.45660000000000006  2.3728525897382911  0.41837077649739146
0.45850000000000007  2.3844778891663490  0.42383330343720227
0.46040000000000003  2.3961259009717453  0.42933195497914955
0.46229999999999999  2.4077966801641213  0.43486653852872797
0.46420000000000000  2.4194902804986880  0.44043686042146707
0.46610000000000007  2.4312067544944584  0.44604272604504358
0.46800000000000003  2.4429461534457579  0.45168393995183326
0.46990000000000004  2.4547085274339153  0.45736030596799909
0.47180000000000011  2.4664939253393103  0.46307162729907886
0.47370000000000007  2.4783023948535940  0.46881770663191485
0.47560000000000008  2.4901339824922148  0.47459834623324865
0.47750000000000004  2.5019887336069511  0.48041334804457481
0.47939999999999999  2.5138666923987576  0.48626251377378332
0.48130000000000006  2.5257679019308124  0.49214564498324953
0.48320000000000007  2.5376924041414162  0.49806254317453558
0.48510000000000003  2.5496402398613847  0.50401300987605224
0.48700000000000004  2.5616114488107233  0.50999684669577650
0.48890000000000011  2.5736060696378193  0.51601385543527467
0.49080000000000007  2.5856241399149948  0.52206383813464563
0.49270000000000008  2.5976656961570384  0.52814659714822776
0.49460000000000004  2.6097307738342286  0.53426193520997844
0.49650000000000000  2.6218194073866212  0.54040965549640507
0.49840000000000007  2.6339316302372318  0.54658956168609163
0.50030000000000008  2.6460674748057782  0.55280145801670411
0.50220000000000009  2.6582269725227503  0.55904514933920357
0.50409999999999999  2.6704101538425564  0.56532044116921387
0.50600000000000001  2.6826170482574536  0.57162713973595047
0.50790000000000013  2.6948476843112310  0.57796505202841331
0.50980000000000003  2.7071020896126048  0.58433398583934171
0.51170000000000004  2.7193802908489508  0.59073374980652904
0.51360000000000006  2.7316823137996993  0.59716415345195195
0.51550000000000007  2.7440081833497709  0.60362500721859913
0.51740000000000008  2.7563579235030242  0.61011612250508884
0.51930000000000009  2.7687315573954954  0.61663731169824387
0.52120000000000000  2.7811291073085633  0.62318838820352807
0.52310000000000001  2.7935505946798647  0.62976916648125469
0.52500000000000013  2.8059960401255117  0.63637946204200802
0.52690000000000003  2.8184654634395732  0.64301909151909253
0.52880000000000005  2.8309588836151138  0.64968787265887606
0.53070000000000006  2.8434763188558976  0.65638562435086101
0.53260000000000007  2.8560177865882652  0.66311216664692663
0.53450000000000009  2.8685833034736508  0.66986732077947564
0.53640000000000010  2.8811728854212162  0.67665090917806603
0.53830000000000000  2.8937865476000177  0.68346275548454150
0.54020000000000001  2.9064243044514364  0.69030268456670529
0.54210000000000014  2.9190861697004786  0.69717052253052547
0.54400000000000004  2.9317721563688646  0.70406609673168186
0.54590000000000005  2.9444822767853056  0.71098923578475370
0.54780000000000006  2.9572165425986796  0.71793976957265249
0.54970000000000008  2.9699749647882632  0.72491752925349395
0.55160000000000009  2.9827575536760178  0.73192234726764349
0.55350000000000010  2.9955643189372592  0.73895405734285469
0.55540000000000000  3.0083952696119667  0.74601249449888718
0.55730000000000002  3.0212504141158507  0.75309749505107182
0.55920000000000014  3.0341297602507855  0.76020889661295044
0.56110000000000004  3.0470333152161353  0.76734653809819220
0.56300000000000006  3.0599610856184043  0.77451025972145793
0.56490000000000007  3.0729130774827156  0.78169990299892278
0.56680000000000008  3.0858892962620690  0.78891531074765964
0.56870000000000009  3.0988897468482062  0.79615632708452722
0.57060000000000011  3.1119144335808939  0.80342279742433864
0.57250000000000001  3.1249633602585005  0.81071456847765833
0.57440000000000002  3.1380365301472573  0.81803148824769034
0.57630000000000015  3.1511339459907077  0.82537340602665121
0.57820000000000005  3.1642556100195853  0.83274017239199949
0.58010000000000006  3.1774015239605862  0.84013163920160494
0.58200000000000007  3.1905716890136349  0.84754765959806078
0.58389999999999997  3.2037661059903120  0.85498808796666392
0.58580000000000010  3.2169847751273686  0.86245277998468928
0.58770000000000011  3.2302276962270184  0.86994159257842374
0.58960000000000001  3.2434948686313381  0.87745438392549890
0.59150000000000003  3.2567862912318009  0.88499101344830255
0.59340000000000015  3.2701019624773044  0.89255134180680951
0.59530000000000005  3.2834418803818006  0.90013523089069025
0.59720000000000006  3.2968060425334298  0.90774254381205888
0.59910000000000008  3.3101944461018986  0.91537314489721411
0.60099999999999998  3.3236070878462782  0.92302689967861762
0.60290000000000010  3.3370439641230454  0.93070367488604777
0.60480000000000012  3.3505050708927739  0.93840333843821611
0.60670000000000002  3.3639904037289585  0.94612575943409738
0.60860000000000003  3.3774999578238800  0.95387080814344583
0.61050000000000015  3.3910337279970348  0.96163835599830727
0.61240000000000006  3.4045917087017337  0.96942827558328215
0.61430000000000007  3.4181738940319026  0.97724044062634774
0.61620000000000008  3.4317802777291657  0.98507472598938628
0.61809999999999998  3.4454108531893977  0.99293100765831221
0.62000000000000011  3.4590656134698854  1.0008091627337541
0.62190000000000012  3.4727445512948658  1.0087090694211274
0.62380000000000002  3.4864476590630713  1.0166306070207889
0.62570000000000003  3.5001749288531996  1.0245736559183602
0.62760000000000005  3.5139263524305995  1.0325380975746303
0.62950000000000006  3.5277019212530014  1.0405238145157190
0.63140000000000007  3.5415016264766117  1.0485306903229279
0.63330000000000009  3.5553254589623076  1.0565586096231014
0.63519999999999999  3.5691734092811003  1.0646074580783413
0.63710000000000011  3.5830454677198067  1.0726771223761054
0.63900000000000012  3.5969416242864649  1.0807674902190287
0.64090000000000003  3.6108618687167646  1.0888784503153359
0.64280000000000004  3.6248061904782549  1.0970098923686009
0.64470000000000005  3.6387745787757670  1.1051617070674780
0.64660000000000006  3.6527670225584430  1.1133337860767794
0.64850000000000008  3.6667835105220163  1.1215260220262784
0.65040000000000009  3.6808240311154377  1.1297383085016237
0.65229999999999999  3.6948885725464233  1.1379705400346565
0.65420000000000011  3.7089771227849160  1.1462226120931984
0.65610000000000013  3.7230896695684255  1.1544944210712949
0.65800000000000003  3.7372262004071155  1.1627858642799414
0.65990000000000004  3.7513867025877508  1.1710968399371651
0.66180000000000005  3.7655711631787891  1.1794272471585685
0.66370000000000007  3.7797795690345146  1.1877769859477720
0.66560000000000008  3.7940119067990437  1.1961459571868727
0.66750000000000009  3.8082681629116313  1.2045340626272834
0.66940000000000000  3.8225483236098472  1.2129412048803025
0.67130000000000012  3.8368523749347654  1.2213672874080075
0.67320000000000013  3.8511803027336393  1.2298122145137595
0.67510000000000003  3.8655320926652132  1.2382758913334480
0.67700000000000005  3.8799077302031462  1.2467582238263926
0.67890000000000006  3.8943072006395005  1.2552591187662601
0.68080000000000007  3.9087304890891330  1.2637784837323496
0.68270000000000008  3.9231775804932987  1.2723162271008772
0.68460000000000010  3.9376484596229084  1.2808722580358394
0.68650000000000000  3.9521431110825298  1.2894464864811581
0.68840000000000012  3.9666615193136616  1.2980388231512345
0.69030000000000014  3.9812036685985448  1.3066491795233079
0.69220000000000004  3.9957695430629920  1.3152774678284844
0.69410000000000005  4.0103591266804113  1.3239236010438442
0.69600000000000006  4.0249724032745533  1.3325874928839843
0.69790000000000008  4.0396093565233890  1.3412690577932045
0.69980000000000009  4.0542699699610383  1.3499682109368796
0.70170000000000010  4.0689542269823740  1.3586848681942214
0.70360000000000000  4.0836621108451281  1.3674189461499540
0.70550000000000002  4.0983936046729186  1.3761703620865293
0.70740000000000014  4.1131486914589841  1.3849390339768939
0.70930000000000004  4.1279273540682571  1.3937248804763758
0.71120000000000005  4.1427295752402795  1.4025278209150902
0.71310000000000007  4.1575553375926004  1.4113477752911703
0.71500000000000008  4.1724046236227323  1.4201846642625524
0.71690000000000009  4.1872774157117005  1.4290384091405979
0.71880000000000011  4.2021736961259482  1.4379089318820981
0.72070000000000001  4.2170934470202450  1.4467961550825061
0.72260000000000002  4.2320366504402802  1.4557000019691091
0.72450000000000014  4.2470032883252378  1.4646203963937550
0.72640000000000005  4.2619933425102250  1.4735572628263325
0.72830000000000006  4.2770067947284236  1.4825105263476006
0.73020000000000007  4.2920436266135074  1.4914801126426440
0.73210000000000008  4.3071038197028928  1.5004659479946720
0.73400000000000010  4.3221873554383361  1.5094679592776794
0.73590000000000011  4.3372942151699894  1.5184860739508053
0.73780000000000001  4.3524243801572391  1.5275202200513802
0.73970000000000002  4.3675778315716141  1.5365703261888879
0.74160000000000015  4.3827545504988832  1.5456363215387583
0.74350000000000005  4.3979545179410664  1.5547181358362634
0.74540000000000006  4.4131777148180538  1.5638156993701107
0.74730000000000008  4.4284241219703979  1.5729289429768309
0.74919999999999998  4.4436937201607787  1.5820577980347281
0.75110000000000010  4.4589864900759562  1.5912021964578569
0.75300000000000011  4.4743024123292052  1.6003620706907364
0.75490000000000002  4.4896414674617917  1.6095373537021789
0.75680000000000003  4.5050036359448855  1.6187279789798565
0.75870000000000015  4.5203888981809737  1.6279338805245245
0.76060000000000005  4.5357972345069308  1.6371549928451636
0.76250000000000007  4.5512286251941170  1.6463912509527319
0.76440000000000008  4.5666830504513527  1.6556425903553353
0.76629999999999998  4.5821604904260838  1.6649089470529987
0.76820000000000010  4.5976609252058864  1.6741902575319436
0.77010000000000012  4.6131843348208630  1.6834864587601133
0.77200000000000002  4.6287306992444606  1.6927974881815946
0.77390000000000003  4.6442999983952467  1.7021232837117457
0.77580000000000016  4.6598922121387512  1.7114637837323770
0.77770000000000006  4.6755073202887258  1.7208189270866661
0.77960000000000007  4.6911453026088159  1.7301886530744102
0.78150000000000008  4.7068061388138513  1.7395729014473287
0.78339999999999999  4.7224898085711322  1.7489716124041332
0.78530000000000011  4.7381962915028923  1.7583847265864743
0.78720000000000012  4.7539255671862213  1.7678121850733834
0.78910000000000002  4.7696776151550555  1.7772539293775629
0.79100000000000004  4.7854524149022533  1.7867099014406973
0.79290000000000016  4.8012499458796158  1.7961800436288482
0.79480000000000006  4.8170701875000175  1.8056642987282709
0.79670000000000007  4.8329131191387482  1.8151626099411122
0.79860000000000009  4.8487787201344332  1.8246749208812321
0.80049999999999999  4.8646669697901297  1.8342011755697107
0.80240000000000011  4.8805778473749841  1.8437413184310552
0.80430000000000013  4.8965113321253506  1.8532952942889980
0.80620000000000003  4.9124674032455315  1.8628630483623008
0.80810000000000004  4.9284460399092556  1.8724445262610130
0.81000000000000016  4.9444472212610346  1.8820396739824523
0.81190000000000007  4.9604709264167264  1.8916484379072100
0.81380000000000008  4.9765171344653494  1.9012707647956619
0.81570000000000009  4.9925858244693337  1.9109066017837479
0.81759999999999999  5.0086769754658595  1.9205558963793192
0.81950000000000012  5.0247905664684076  1.9302185964588381
0.82140000000000013  5.0409265764670730  1.9398946502631671
0.82330000000000003  5.0570849844301105  1.9495840063946752
0.82520000000000004  5.0732657693043413  1.9592866138127905
0.82710000000000006  5.0894689100168922  1.9690024218313831
0.82900000000000007  5.1056943854752124  1.9787313801146589
0.83090000000000008  5.1219421745687308  1.9884734386740615
0.83280000000000010  5.1382122561695072  1.9982285478648401
0.83470000000000000  5.1545046091330065  2.0079966583825302
0.83660000000000012  5.1708192122997394  2.0177777212602197
0.83850000000000013  5.1871560444945555  2.0275716878644592
0.84040000000000004  5.2035150845291236  2.0373785098926898
0.84230000000000005  5.2198963112020929  2.0471981393699616
0.84420000000000006  5.2362997032995375  2.0570305286454764
0.84609999999999996  5.2527252395964137  2.0668756303899563
0.84799999999999998  5.2691728988572599  2.0767333975923168
0.84989999999999999  5.2856426598362454  2.0866037835564506
0.85180000000000000  5.3021345012794647  2.0964867418991111
0.85370000000000013  5.3186484019237490  2.1063822265456507
0.85560000000000014  5.3351843404988690  2.1162901917282042
0.85750000000000004  5.3517422957278686  2.1262105919824390
0.85940000000000005  5.3683222463271925  2.1361433821444167
0.86130000000000007  5.3849241710086861  2.1460885173485562
0.86319999999999997  5.4015480484787783  2.1560459530239555
0.86509999999999998  5.4181938574403601  2.1660156448924668
0.86699999999999999  5.4348615765923469  2.1759975489651135
0.86890000000000001  5.4515511846316000  2.1859916215404671
0.87079999999999991  5.4682626602527620  2.1959978192013061
0.87270000000000014  5.4849959821487086  2.2060160988119959
0.87460000000000004  5.5017511290117440  2.2160464175162322
0.87650000000000006  5.5185280795340041  2.2260887327344356
0.87840000000000007  5.5353268124081936  2.2361430021612216
0.88029999999999997  5.5521473063272699  2.2462091837624643
0.88219999999999998  5.5689895399866716  2.2562872357738026
0.88410000000000000  5.5858534920833183  2.2663771166972597
0.88600000000000001  5.6027391413169765  2.2764787852993456
0.88789999999999991  5.6196464663910328  2.2865922006088000
0.88980000000000015  5.6365754460117810  2.2967173219136368
0.89170000000000005  5.6535260588907814  2.3068541087596692
0.89360000000000006  5.6704982837438136  2.3170025209475642
0.89550000000000007  5.6874920992919256  2.3271625185307436
0.89739999999999998  5.7045074842623285  2.3373340618134359
0.89929999999999999  5.7215444173885492  2.3475171113482665
0.90120000000000000  5.7386028774102931  2.3577116279337189
0.90309999999999990  5.7556828430755704  2.3679175726129214
0.90499999999999992  5.7727842931390025  2.3781349066703381
0.90689999999999993  5.7899072063644210  2.3883635916307324
0.90879999999999994  5.8070515615234886  2.3986035892562283
0.91070000000000007  5.8242173373975650  2.4088548615450462
0.91260000000000008  5.8414045127769390  2.4191173707285958
0.91449999999999998  5.8586130664623903  2.4293910792703088
0.91639999999999999  5.8758429772647061  2.4396759498631044
0.91830000000000001  5.8930942240054529  2.4499719454275692
0.92019999999999991  5.9103667855175157  2.4602790291101488
0.92209999999999992  5.9276606406454224  2.4705971642811053
0.92399999999999993  5.9449757682451967  2.4809263145324443
0.92589999999999995  5.9623121471856209  2.4912664436764049
0.92780000000000007  5.9796697563483123  2.5016175157435501
0.92970000000000008  5.9970485746272884  2.5119794949804217
0.93159999999999998  6.0144485809306483  2.5223523458483874
0.93350000000000000  6.0318697541800184  2.5327360330215201
0.93540000000000001  6.0493120733110004  2.5431305213847479
0.93729999999999991  6.0667755172741593  2.5535357760324731
0.93919999999999992  6.0842600650342877  2.5639517622662726
0.94109999999999994  6.1017656955715145  2.5743784455935712
0.94299999999999995  6.1192923878817620  2.5848157917260810
0.94490000000000007  6.1368401209763626  2.5952637665777121
0.94680000000000009  6.1544088738825602  2.6057223362629545
0.94869999999999999  6.1719986256444255  2.6161914670956485
0.95060000000000000  6.1896093553225686  2.6266711255870021
0.95250000000000001  6.2072410419944228  2.6371612784439997
0.95439999999999992  6.2248936647548287  2.6476618925679487
0.95629999999999993  6.2425672027162511  2.6581729350528871
0.95819999999999994  6.2602616350085869  2.6686943731837385
0.96009999999999995  6.2779769407803583  2.6792261744353594
0.96199999999999986  6.2957130991982364  2.6897683064704796
0.96390000000000009  6.3134700894470406  2.7003207371381683
0.96579999999999999  6.3312478907313405  2.7108834344730073
0.96770000000000000  6.3490464822743693  2.7214563666929767
0.96960000000000002  6.3668658433186369  2.7320395021980435
0.97149999999999992  6.3847059531263692  2.7426328095689150
0.97339999999999993  6.4025667909796198  2.7532362575656371
0.97529999999999994  6.4204483361808151  2.7638498151261546
0.97719999999999996  6.4383505680523303  2.7744734513646518
0.97909999999999986  6.4562734659370413  2.7851071355704069
0.98100000000000009  6.4742170091989317  2.7957508372065347
0.98290000000000000  6.4921811772226539  2.8064045259082793
0.98480000000000001  6.5101659494144011  2.8170681714821253
0.98670000000000002  6.5281713052011998  2.8277417439038812
0.98859999999999992  6.5461972240320421  2.8384252133179078
0.99049999999999994  6.5642436853777353  2.8491185500355973
0.99239999999999995  6.5823106687310480  2.8598217245340822
0.99429999999999996  6.6003981536065170  2.8705347074548007
0.99619999999999986  6.6185061195414301  2.8812574696025237
0.99810000000000010  6.6366345460957499  2.8919899819441710
1.0000000000000000  6.6547834128517351  2.9027322156070494
