  0.1581E-10  0.7454E-10  0.1571E-15
  0.3972E-10  0.1872E-09  0.7689E-15
  0.9976E-10  0.4702E-09  0.3641E-14
  0.2506E-09  0.1181E-08  0.1666E-13
  0.6294E-09  0.2968E-08  0.7332E-13
  0.1581E-08  0.7454E-08  0.3085E-12
  0.3972E-08  0.1873E-07  0.1237E-11
  0.5000E-08  0.2358E-07  0.1663E-11
  0.9976E-08  0.4705E-07  0.4539E-11
  0.1990E-07  0.9387E-07  0.1212E-10
  0.3972E-07  0.1873E-06  0.3182E-10
  0.7924E-07  0.3738E-06  0.8236E-10
  0.1581E-06  0.7459E-06  0.2112E-09
  0.1990E-06  0.9392E-06  0.2764E-09
  0.3155E-06  0.1489E-05  0.5152E-09
  0.5000E-06  0.2360E-05  0.9581E-09
  0.6294E-06  0.2971E-05  0.1306E-08
  0.7924E-06  0.3741E-05  0.1593E-08
  0.9976E-06  0.4710E-05  0.2170E-08
  0.1581E-05  0.7465E-05  0.4023E-08
  0.2506E-05  0.1184E-04  0.7452E-08
  0.3972E-05  0.1877E-04  0.1380E-07
  0.5000E-05  0.2363E-04  0.1791E-07
  0.6294E-05  0.2973E-04  0.2436E-07
  0.7924E-05  0.3747E-04  0.3315E-07
  0.9976E-05  0.4716E-04  0.4507E-07
  0.1256E-04  0.5941E-04  0.6130E-07
  0.1581E-04  0.7479E-04  0.8002E-07
  0.1990E-04  0.9418E-04  0.1077E-06
  0.2506E-04  0.1186E-03  0.1464E-06
  0.3155E-04  0.1494E-03  0.1882E-06
  0.3972E-04  0.1881E-03  0.2559E-06
  0.5000E-04  0.2369E-03  0.3479E-06
  0.6294E-04  0.2982E-03  0.4729E-06
  0.7924E-04  0.3758E-03  0.6430E-06
  0.9976E-04  0.4730E-03  0.8214E-06
  0.1105E-03  0.5242E-03  0.9147E-06
  0.1256E-03  0.5958E-03  0.1041E-05
  0.1581E-03  0.7505E-03  0.1415E-05
  0.1990E-03  0.9452E-03  0.1840E-05
  0.2506E-03  0.1191E-02  0.2384E-05
  0.2572E-03  0.1222E-02  0.2469E-05
  3.00000014E-04   1.4259999025773406E-003   2.5299998001293060E-006
   3.99999990E-04   1.9029998712601971E-003   2.8899998777889927E-006
   5.00000024E-04   2.3790000204849632E-003   3.2400001089757357E-006
   6.00000028E-04   2.8550001697097292E-003   3.5999998916547005E-006
   6.99999975E-04   3.3319998363323263E-003   4.0000002401483272E-006
   7.99999980E-04   3.8090001070754421E-003   4.3600000228272920E-006
   8.99999985E-04   4.2849999542399486E-003   4.7599997813594750E-006
   1.00000005E-03   4.7619999229228053E-003   5.1699996813453231E-006
   1.50000001E-03   7.1460002489392559E-003   7.4500000748630977E-006
   2.00000009E-03   9.5310003944137963E-003   9.9800001699731268E-006
   2.49999994E-03   1.1915999331647300E-002   1.2720000580783633E-005
   3.00000003E-03   1.4303000324279058E-002   1.5709999513263505E-005
   3.50000011E-03   1.6688999685091171E-002   1.8799999270318588E-005
   4.00000019E-03   1.9076000677722929E-002   2.2039999084313605E-005
   4.49999981E-03   2.1464000885692256E-002   2.5440001161567265E-005
   4.99999989E-03   2.3851999885420552E-002   2.8989999755992195E-005
   5.49999997E-03   2.6240001301630917E-002   3.2639999174992334E-005
   6.00000005E-03   2.8628998308455743E-002   3.6389999418567687E-005
   6.50000013E-03   3.1016999724666112E-002   4.0240000486718251E-005
   7.00000022E-03   3.3406999571551618E-002   4.4290000844173463E-005
   7.49999983E-03   3.5795998994858517E-002   4.8399997920620557E-005
   8.00000038E-03   3.8185998841744027E-002   5.2700000339513797E-005
   8.50000046E-03   4.0576001105111614E-002   5.7059999477398926E-005
   8.99999961E-03   4.2965998535515047E-002   6.1569999852146870E-005
   9.49999969E-03   4.5357001222461245E-002   6.6179996331778478E-005
   9.99999978E-03   4.7747999076443289E-002   7.0949999794360272E-005
   1.20000001E-02   5.7313000581878368E-002   9.1620002213037283E-005
   1.40000004E-02   6.6882999372242347E-002   1.1488999775252050E-004
   1.60000008E-02   7.6454999009763533E-002   1.4067999708040945E-004
   1.79999992E-02   8.6032000765177780E-002   1.6967000391593896E-004
   1.99999996E-02   9.5611003367749234E-002   2.0174999280968026E-004
   2.19999999E-02  0.10519399799870682        2.3687001054626121E-004
   2.40000002E-02  0.11478099432397884        2.7537999393601338E-004
   2.60000005E-02  0.12437000116233639        3.1723999550965201E-004
   2.80000009E-02  0.13396300002908007        3.6218999802026865E-004
   2.99999993E-02  0.14356000059013818        4.1054002856644243E-004
   3.20000015E-02  0.15315900199835350        4.6202000751887896E-004
   3.40000018E-02  0.16276199543495498        5.1660003091191320E-004
   3.59999985E-02  0.17236799497525640        5.7416999778105160E-004
   3.79999988E-02  0.18197799620987229        6.3438000907349503E-004
   3.99999991E-02  0.19159099388225984        6.9757003361102011E-004
   4.19999994E-02  0.20120698799241907        7.6345005578722222E-004
   4.39999998E-02  0.21082599787220657        8.3187002716832311E-004
   4.60000001E-02  0.22044798485790917        9.0271002983140398E-004
   4.80000004E-02  0.23007399286978278        9.7589001780776555E-004
   5.00000007E-02  0.23970301665128466        1.0513999475937881E-003
   5.20000011E-02  0.24933399295030229        1.1289900908701435E-003
   5.40000014E-02  0.25896899027549092        1.2087600520073168E-003
   5.60000017E-02  0.26860700337030785        1.2905500411281691E-003
   5.79999983E-02  0.27824700764635368        1.3745199236249043E-003
   5.99999987E-02  0.28789101361671393        1.4601700163136713E-003
   6.19999990E-02  0.29753699143644657        1.5480401008777353E-003
   6.40000030E-02  0.30718700961420675        1.6334799596260702E-003
   6.59999996E-02  0.31683899964133933        1.7254100361346022E-003
   6.80000037E-02  0.32649398610624353        1.8190598927291270E-003
   7.00000003E-02  0.33615102174794648        1.9148400293019538E-003
   7.19999969E-02  0.34581200108839405        2.0122899549878692E-003
   7.40000010E-02  0.35547499094192714        2.1117200367032434E-003
   7.59999976E-02  0.36514099656508853        2.2012200384261757E-003
   7.80000016E-02  0.37480901270133538        2.3074399816789149E-003
   7.99999982E-02  0.38448000594349735        2.4154299980508106E-003
   8.20000023E-02  0.39415401495528757        2.5240300251162450E-003

5.0000000000000003E-002  0.23942199544924680  1.0310878398453311E-003
5.1899999999999995E-002  0.24856093395074866  1.1277982168134745E-003
5.3800000000000001E-002  0.25770349617384891  1.2294907778730292E-003
5.5700000000000006E-002  0.26684972988374450  1.3361709970920181E-003
5.7599999999999998E-002  0.27599967954201293  1.4478427713586807E-003
5.9499999999999997E-002  0.28515338695388609  1.5645093874550188E-003
6.1400000000000003E-002  0.29431089125741727  1.6861744335819799E-003
6.3300000000000009E-002  0.30347222929481121  1.8128426001742435E-003
6.5200000000000008E-002  0.31263743592196330  1.9445203991327101E-003
6.7099999999999993E-002  0.32180654411805087  2.0812168116297893E-003
6.9000000000000006E-002  0.33097958530503097  2.2229438541418547E-003
7.0900000000000005E-002  0.34015658954636230  2.3697170804260941E-003
7.2799999999999990E-002  0.34933758573716112  2.5215560202941178E-003
7.4700000000000003E-002  0.35852260188525481  2.6784845594881377E-003
7.6600000000000001E-002  0.36771166517794690  2.8405312693749753E-003
7.8500000000000000E-002  0.37690480223696671  3.0077296858446166E-003
8.0400000000000013E-002  0.38610203926520376  3.1801185455503640E-003
8.2300000000000012E-002  0.39530340220139903  3.3577419820714953E-003
8.4199999999999997E-002  0.40450891686560664  3.5406496859943402E-003
8.6099999999999996E-002  0.41371860909328267  3.7288970324583521E-003
8.7999999999999995E-002  0.42293250484248474  3.9225451793649764E-003
8.9899999999999994E-002  0.43215063038785428  4.1216611396310337E-003
9.1800000000000007E-002  0.44137301231308135  4.3263178294928283E-003
9.3700000000000006E-002  0.45059967768647402  4.5365940964087366E-003
9.5600000000000004E-002  0.45983065413461682  4.7525747282235664E-003
9.7500000000000017E-002  0.46906596992713445  4.9743504460293434E-003
9.9400000000000002E-002  0.47830565405473169  5.2020178826254881E-003
0.10130000000000000  0.48754973630004889  5.4356795483593576E-003
0.10320000000000000  0.49679824730404792  5.6754437861081912E-003
0.10510000000000000  0.50605121862441416  5.9214247166051361E-003
0.10700000000000000  0.51530868279062081  6.1737421758413158E-003
0.10890000000000001  0.52457067335270968  6.4325216453329495E-003
0.11080000000000001  0.53383722492587382  6.6978941766961285E-003
0.11270000000000001  0.54310836565400555  6.9679597585725495E-003
0.11460000000000002  0.55238405538053670  7.2394956090420749E-003
0.11649999999999999  0.56166426888341048  7.5152747627307368E-003
0.11840000000000001  0.57094900965787876  7.7962236381803199E-003
0.12030000000000000  0.58023829248374914  8.0828973569771374E-003
0.12220000000000000  0.58953213915146452  8.3757142570780249E-003
0.12410000000000000  0.59883057672381956  8.6750248648719691E-003
0.12600000000000000  0.60813363648049468  8.9811410137972288E-003
0.12790000000000001  0.61744135326565663  9.2943505963209525E-003
0.12980000000000003  0.62675376504082014  9.6149259400132390E-003
0.13169999999999998  0.63607091256062187  9.9431289531924909E-003
0.13360000000000000  0.64539283912719381  1.0279214474383137E-002
0.13550000000000001  0.65471959039815353  1.0623432550944759E-002
0.13739999999999999  0.66405121423227609  1.0976030044176946E-002
0.13930000000000001  0.67338776056247351  1.1337251792051613E-002
0.14120000000000002  0.68272928128972943  1.1707341471008837E-002
0.14310000000000000  0.69207583019235208  1.2086542247079935E-002
0.14500000000000002  0.70142746284822732  1.2475097275815545E-002
0.14690000000000000  0.71078423656639311  1.2873250091456272E-002
0.14879999999999999  0.72014621032716097  1.3281244913603340E-002
0.15070000000000000  0.72951344472819246  1.3699326891300597E-002
0.15260000000000001  0.73888600193667886  1.4127742299440142E-002
0.15450000000000000  0.74826394564575760  1.4566738697919846E-002
0.15640000000000001  0.75764734103470810  1.5016565061859352E-002
0.15830000000000002  0.76703625473310055  1.5477471888938351E-002
0.16020000000000001  0.77643075478729340  1.5949711288605645E-002
0.16210000000000002  0.78583091062967747  1.6433537056805881E-002
0.16400000000000001  0.79523679304998041  1.6929204739085706E-002
0.16589999999999999  0.80464847416924923  1.7436971684466000E-002
0.16780000000000000  0.81406602741465395  1.7957097091652260E-002
0.16970000000000002  0.82348952749669302  1.8489842049313834E-002
0.17160000000000000  0.83291905038730241  1.9035469571247261E-002
0.17350000000000002  0.84235467329978486  1.9594244627773847E-002
0.17540000000000003  0.85179647466957853  2.0166434173565811E-002
0.17730000000000001  0.86124453412744417  2.0752307173156067E-002
0.17920000000000003  0.87069893251772590  2.1352134623715758E-002
0.18110000000000001  0.88015975182985351  2.1966189576682060E-002
0.18300000000000000  0.88962707521806039  2.2594747157193340E-002
0.18490000000000001  0.89910098697845575  2.3238084582493851E-002
0.18680000000000002  0.90858157253551319  2.3896481179052801E-002
0.18870000000000001  0.91806891842935823  2.4570218398561855E-002
0.19060000000000002  0.92756311230350541  2.5259579832934104E-002
0.19250000000000003  0.93706424289358348  2.5964851228204109E-002
0.19439999999999999  0.94657240001630527  2.6686320497401099E-002
0.19630000000000000  0.95608767455914756  2.7424277732307680E-002
0.19820000000000002  0.96561015847060261  2.8179015214037650E-002
0.20010000000000000  0.97513994475073718  2.8950827422305220E-002
0.20200000000000001  0.98467712744230118  2.9740011043305575E-002
0.20390000000000003  0.99422180162229790  3.0546864976043749E-002
0.20580000000000001  1.0037740633937018  3.1371690336947991E-002
0.20770000000000002  1.0133340098778016  3.2214790462580203E-002
0.20960000000000004  1.0229017392066151  3.3076470910314286E-002
0.21149999999999999  1.0324773505156770  3.3957039456711788E-002
0.21340000000000001  1.0420609439371045  3.4856806093406897E-002
0.21529999999999999  1.0516526205927241  3.5776083020320336E-002
0.21720000000000000  1.0612524825875016  3.6715184635878743E-002
0.21909999999999999  1.0708606330030646  3.7674427524131193E-002
0.22100000000000003  1.0804771758913077  3.8654130438382693E-002
0.22289999999999999  1.0901022162680347  3.9654614281215812E-002
0.22479999999999997  1.0997358601067282  4.0676202080557548E-002
0.22670000000000001  1.1093782143322122  4.1719218961613812E-002
0.22860000000000000  1.1190293868143324  4.2783992114356371E-002
0.23050000000000001  1.1286894863615351  4.3870850756353011E-002
0.23240000000000000  1.1383586227143334  4.4980126090671903E-002
0.23430000000000001  1.1480369065386136  4.6112151258626596E-002
0.23619999999999999  1.1577244494187922  4.7267261287076444E-002
0.23810000000000003  1.1674213638506905  4.8445793030131239E-002
0.23999999999999999  1.1771277632342079  4.9648085104918256E-002
0.24189999999999998  1.1868437618656162  5.0874477821338741E-002
0.24380000000000002  1.1965694749296154  5.2125313105421789E-002
0.24570000000000000  1.2063050184909094  5.3400934416282658E-002
0.24760000000000001  1.2160505094854583  5.4701686656329698E-002
0.24950000000000000  1.2258060657112619  5.6027916074659324E-002
0.25140000000000001  1.2355718058185978  5.7379970163461018E-002
0.25330000000000003  1.2453478492998233  5.8758197547279928E-002
0.25519999999999998  1.2551343164785933  6.0162947865078559E-002
0.25710000000000000  1.2649313284984680  6.1594571644926994E-002
0.25900000000000001  1.2747390073109326  6.3053420171352376E-002
0.26090000000000002  1.2845574756627582  6.4539845345219296E-002
0.26279999999999998  1.2943868570826620  6.6054199536188532E-002
0.26469999999999999  1.3042272758672244  6.7596835427717800E-002
0.26660000000000000  1.3140788570662272  6.9168105854693185E-002
0.26849999999999996  1.3239417264669555  7.0768363633672351E-002
0.27040000000000003  1.3338160105779595  7.2397961385945397E-002
0.27229999999999999  1.3437018366118643  7.4057251353479070E-002
0.27420000000000000  1.3535993324673756  7.5746585207879608E-002
0.27610000000000001  1.3635086267104544  7.7466313852632640E-002
0.27799999999999997  1.3734298485545615  7.9216787218797824E-002
0.27989999999999998  1.3833631278400971  8.0998354054420685E-002
0.28179999999999999  1.3933085950128821  8.2811361707968018E-002
0.28370000000000001  1.4032663811017456  8.4656155906089742E-002
0.28559999999999997  1.4132366177007294  8.6533080526469616E-002
0.28750000000000003  1.4232194369225164  8.8442477363732119E-002
0.28939999999999999  1.4332149714071869  9.0384685894894512E-002
0.29130000000000000  1.4432233542732633  9.2360043036676123E-002
0.29320000000000002  1.4532447190965423  9.4368882901292098E-002
0.29509999999999997  1.4632791998821391  9.6411536548715690E-002
0.29699999999999999  1.4733269310358104  9.8488331736389698E-002
0.29890000000000000  1.4833880473341827  0.10059959266699212
0.30080000000000001  1.4934626838943499  0.10274563973467593
0.30269999999999997  1.5035509761423689  0.10492678927054992
0.30460000000000004  1.5136530597812483  0.10714335328795929
0.30649999999999999  1.5237690707578317  0.10939563922812333
0.30840000000000001  1.5338991452291735  0.11168394970683418
0.31030000000000002  1.5440434195279331  0.11400858226289404
0.31219999999999998  1.5542020301273227  0.11636982910890123
0.31409999999999999  1.5643751136052417  0.11876797688505389
0.31600000000000000  1.5745628066078095  0.12120330641665984
0.31790000000000002  1.5847652458124224  0.12367609247595535
0.31979999999999997  1.5949825678901028  0.12618660354897798
0.32170000000000004  1.6052149094675483  0.12873510160806287
0.32360000000000000  1.6154624070886334  0.13132184189060386
0.32549999999999996  1.6257251971755540  0.13394707268475298
0.32740000000000002  1.6360034159896797  0.13661103512258291
0.32929999999999998  1.6462971995921096  0.13931396298135013
0.33119999999999999  1.6566066838039686  0.14205608249337393
0.33310000000000001  1.6669320041666380  0.14483761216507721
0.33500000000000002  1.6772732959070176  0.14765876260668742
0.33689999999999998  1.6876306938761065  0.15051973636690683
0.33879999999999999  1.6980043325421634  0.15342072778859164
0.34070000000000000  1.7083943459280886  0.15636192286471021
0.34259999999999996  1.7188008675776931  0.15934349911102444
0.34450000000000003  1.7292240305161175  0.16236562544930333
0.34639999999999999  1.7396639672104277  0.16542846210228582
0.34830000000000000  1.7501208095307859  0.16853216050086212
0.35020000000000001  1.7605946887118307  0.17167686320347880
0.35210000000000002  1.7710857353145686  0.17486270382800936
0.35399999999999998  1.7815940791886884  0.17808980699610549
0.35589999999999999  1.7921198494354720  0.18135828829014186
0.35780000000000001  1.8026631743712860  0.18466825422275995
0.35969999999999996  1.8132241814917038  0.18801980221891765
0.36160000000000003  1.8238029974363703  0.19141302061044130
0.36349999999999999  1.8343997479599325  0.19484798864448361
0.36540000000000000  1.8450145578760750  0.19832477649618158
0.36730000000000002  1.8556475510593180  0.20184344530961593
0.36920000000000003  1.8662988503896178  0.20540404723395278
0.37109999999999999  1.8769685777269325  0.20900662547941321
0.37300000000000000  1.8876568538814160  0.21265121438281095
0.37490000000000001  1.8983637985843644  0.21633783948392410
0.37679999999999997  1.9090895304600020  0.22006651761233503
0.37870000000000004  1.9198341669985590  0.22383725698439499
0.38059999999999999  1.9305978245301720  0.22765005730984647
0.38250000000000001  1.9413806182000604  0.23150490990774439
0.38440000000000002  1.9521826619446323  0.23540179783111151
0.38629999999999998  1.9630040684742169  0.23934069600204530
0.38819999999999999  1.9738449492287764  0.24332157134403851
0.39010000000000000  1.9847054143933001  0.24734438294361327
0.39200000000000002  1.9955855728533038  0.25140908219608632
0.39389999999999997  2.0064855321832913  0.25551561296946440
0.39580000000000004  2.0174053986298044  0.25966391177172027
0.39770000000000000  2.0283452770954984  0.26385390792344504
0.39959999999999996  2.0393052711244537  0.26808552373526867
0.40150000000000002  2.0502854828885719  0.27235867468961750
0.40339999999999998  2.0612860131751360  0.27667326962631772
0.40529999999999999  2.0723069613811416  0.28102921093407623
0.40720000000000001  2.0833484254791843  0.28542639473115261
0.40910000000000002  2.0944105020462813  0.28986471107689871
0.41099999999999998  2.1054932862289140  0.29434404415544646
0.41290000000000004  2.1165968717433099  0.29886427247636943
0.41480000000000000  2.1277213508693635  0.30342526907311396
0.41669999999999996  2.1388668144458105  0.30802690170192087
0.41860000000000003  2.1500333518663011  0.31266903304109400
0.42049999999999998  2.1612210510764069  0.31735152088991259
0.42240000000000005  2.1724299985776958  0.32207421837044337
0.42430000000000007  2.1836602794012432  0.32683697411067902
0.42620000000000002  2.1949119771479517  0.33163963246338357
0.42809999999999998  2.2061851739605416  0.33648203368478741
0.43000000000000005  2.2174799505327858  0.34136401413152784
0.43190000000000006  2.2287963861119522  0.34628540645129757
0.43380000000000002  2.2401345585020018  0.35124603977101310
0.43570000000000003  2.2514945440674476  0.35624573988240588
0.43759999999999999  2.2628764177381471  0.36128432942469579
0.43950000000000006  2.2742802530204016  0.36636162806826617
0.44140000000000007  2.2857061219789059  0.37147745267428506
0.44330000000000003  2.2971540952816745  0.37663161749402108
0.44519999999999998  2.3086242421803593  0.38182393431984707
0.44710000000000000  2.3201166305255496  0.38705421265592227
0.44900000000000007  2.3316313267750841  0.39232225988000935
0.45090000000000002  2.3431683960031582  0.39762788140160388
0.45280000000000004  2.3547279019098428  0.40297088081593763
0.45469999999999999  2.3663099068311757  0.40835106005407729
0.45660000000000006  2.3779144717495520  0.41376821952867732
0.45850000000000007  2.3895416563046621  0.41922215827584508
0.46040000000000003  2.4011915188096635  0.42471267409733754
0.46229999999999999  2.4128641162425368  0.43023956367443955
0.46420000000000000  2.4245595042899537  0.43580262272738390
0.46610000000000007  2.4362777373373841  0.44140164611937199
0.46800000000000003  2.4480188684875577  0.44703642798266036
0.46990000000000004  2.4597829495734267  0.45270676183512315
0.47180000000000011  2.4715700311713000  0.45841244069266807
0.47370000000000007  2.4833801626142908  0.46415325717751760
0.47560000000000008  2.4952133920058648  0.46992900362231377
0.47750000000000004  2.5070697662337973  0.47573947217042234
0.47939999999999999  2.5189493309839532  0.48158445487201729
0.48130000000000006  2.5308521307546150  0.48746374377645679
0.48320000000000007  2.5427782088705966  0.49337713102067626
0.48510000000000003  2.5547276075011611  0.49932440892030733
0.48700000000000004  2.5667003676601290  0.50530537002432108
0.48890000000000011  2.5786965292429862  0.51131980723292947
0.49080000000000007  2.5907161310255371  0.51736751384353552
0.49270000000000008  2.6027592106832120  0.52344828362829399
0.49460000000000004  2.6148258048053243  0.52956191090103044
0.49650000000000000  2.6269159489100309  0.53570819058092845
0.49840000000000007  2.6390296774591264  0.54188691825291679
0.50030000000000008  2.6511670238726648  0.54809789022499833
0.50220000000000009  2.6633280205438141  0.55434090358259269
0.50409999999999999  2.6755126988534839  0.56061575623980520
0.50600000000000001  2.6877210891851546  0.56692224698800575
0.50790000000000013  2.6999532209393342  0.57326017554140507
0.50980000000000003  2.7122091225482685  0.57962934258021470
0.51170000000000004  2.7244888214905045  0.58602954979104793
0.51360000000000006  2.7367923443052020  0.59246059990481081
0.51550000000000007  2.7491197166066463  0.59892229673227870
0.51740000000000008  2.7614709630984744  0.60541444519724108
0.51930000000000009  2.7738461075878877  0.61193685136743603
0.52120000000000000  2.7862451729997275  0.61848932248330790
0.52310000000000001  2.7986681813870695  0.62507166699215855
0.52500000000000013  2.8111151539588484  0.63168369454241546
0.52690000000000003  2.8235861110731659  0.63832521605281078
0.52880000000000005  2.8360810722641818  0.64499604370158392
0.53070000000000006  2.8486000562529337  0.65169599095402486
0.53260000000000007  2.8611430809600682  0.65842487257929705
0.53450000000000009  2.8737101635193505  0.66518250466672035
0.53640000000000010  2.8863013202910421  0.67196870463976621
0.53830000000000000  2.8989165668744890  0.67878329126870873
0.54020000000000001  2.9115559181212163  0.68562608468201813
0.54210000000000014  2.9242193881473990  0.69249690637618444
0.54400000000000004  2.9369069903470333  0.69939557922460382
0.54590000000000005  2.9496187374033096  0.70632192748445266
0.54780000000000006  2.9623546413016868  0.71327577680331045
0.54970000000000008  2.9751147133419265  0.72025695422410263
0.55160000000000009  2.9878989641498852  0.72726528818904457
0.55350000000000010  3.0007074036889403  0.73430060854248891
0.55540000000000000  3.0135400412724582  0.74136274653327472
0.55730000000000002  3.0263968855746795  0.74845153481542459
0.55920000000000014  3.0392779446421216  0.75556680744859128
0.56110000000000004  3.0521832259050385  0.76270839989738592
0.56300000000000006  3.0651127361882651  0.76987614902994139
0.56490000000000007  3.0780664817221188  0.77706989311583741
0.56680000000000008  3.0910444681529827  0.78428947182316200
0.56870000000000009  3.1040467005541461  0.79153472621518239
0.57060000000000011  3.1170731834360357  0.79880549874607398
0.57250000000000001  3.1301239207563447  0.80610163325629436
0.57440000000000002  3.1431989159305656  0.81342297496738858
0.57630000000000015  3.1562981718416321  0.82076937047617826
0.57820000000000005  3.1694216908493988  0.82814066774836148
0.58010000000000006  3.1825694748011113  0.83553671611221048
0.58200000000000007  3.1957415250060799  0.84295736625955298
0.58389999999999997  3.2089378423821691  0.85040247020409243
0.58580000000000010  3.2221584272590857  0.85787188132562286
0.58770000000000011  3.2354032795253875  0.86536545432679757
0.58960000000000001  3.2486723986022148  0.87288304523311044
0.59150000000000003  3.2619657834525486  0.88042451138430178
0.59340000000000015  3.2752834325897573  0.88798971142543182
0.59530000000000005  3.2886253440859678  0.89557850529713035
0.59720000000000006  3.3019915155810859  0.90319075422659556
0.59910000000000008  3.3153819442894901  0.91082632071698466
0.60099999999999998  3.3287966270094924  0.91848506853806078
0.60290000000000010  3.3422355601314995  0.92616686271607329
0.60480000000000012  3.3556987396438140  0.93387156952283368
0.60670000000000002  3.3691861611429545  0.94159905646605457
0.60860000000000003  3.3826978198392426  0.94934919227815617
0.61050000000000015  3.3962337105647968  0.95712184690583224
0.61240000000000006  3.4097938277815358  0.96491689149934279
0.61430000000000007  3.4233781655873234  0.97273419840150155
0.61620000000000008  3.4369867177235807  0.98057364113679668
0.61809999999999998  3.4506194775819381  0.98843509440025312
0.62000000000000011  3.4642764382112357  0.99631843404663578
0.62190000000000012  3.4779575923245334  1.0042235370792583
0.62380000000000002  3.4916629323046648  1.0121502816387629
0.62570000000000003  3.5053924502122933  1.0200985469922270
0.62760000000000005  3.5191461377901749  1.0280682135215260
0.62950000000000006  3.5329239864715434  1.0360591627128029
0.63140000000000007  3.5467259873846486  1.0440712771450062
0.63330000000000009  3.5605521313598314  1.0521044404787059
0.63519999999999999  3.5744024089346738  1.0601585374451290
0.63710000000000011  3.5882768103600915  1.0682334538349560
0.63900000000000012  3.6021753256059417  1.0763290764872491
0.64090000000000003  3.6160979443676280  1.0844452932788582
0.64280000000000004  3.6300446560700372  1.0925819931128342
0.64470000000000005  3.6440154498734465  1.1007390659077236
0.64660000000000006  3.6580103146796348  1.1089164025869165
0.64850000000000008  3.6720292391363585  1.1171138950676995
0.65040000000000009  3.6860722116425331  1.1253314362503806
0.65229999999999999  3.7001392203534968  1.1335689200077272
0.65420000000000011  3.7142302531858973  1.1418262411744058
0.65610000000000013  3.7283452978223091  1.1501032955362427
0.65800000000000003  3.7424843417166014  1.1583999798199955
0.65990000000000004  3.7566473720977425  1.1667161916827067
0.66180000000000005  3.7708343759752450  1.1750518297017001
0.66370000000000007  3.7850453401434287  1.1834067933640169
0.66560000000000008  3.7992802511852757  1.1917809830564587
0.66750000000000009  3.8135390954775596  1.2001743000554501
0.66940000000000000  3.8278218591952782  1.2085866465173436
0.67130000000000012  3.8421285283147109  1.2170179254680693
0.67320000000000013  3.8564590886186685  1.2254680407936231
0.67510000000000003  3.8708135257004419  1.2339368972305447
0.67700000000000005  3.8851918249665478  1.2424244003555871
0.67890000000000006  3.8995939716426458  1.2509304565773605
0.68080000000000007  3.9140199507757543  1.2594549731258255
0.68270000000000008  3.9284697472388963  1.2679978580436948
0.68460000000000010  3.9429433457340144  1.2765590201766224
0.68650000000000000  3.9574407307965527  1.2851383691647447
0.68840000000000012  3.9719618867986082  1.2937358154330272
0.69030000000000014  3.9865067979520448  1.3023512701828117
0.69220000000000004  4.0010754483124975  1.3109846453826237
0.69410000000000005  4.0156678217828299  1.3196358537597732
0.69600000000000006  4.0302839021154595  1.3283048087912506
0.69790000000000008  4.0449236729170890  1.3369914246958416
0.69980000000000009  4.0595871176506826  1.3456956164249885
0.70170000000000010  4.0742742196395296  1.3544172996550894
0.70360000000000000  4.0889849620693228  1.3631563907785678
0.70550000000000002  4.1037193279923132  1.3719128068964617
0.70740000000000014  4.1184773003295634  1.3806864658098770
0.70930000000000004  4.1332588618738839  1.3894772860120632
0.71120000000000005  4.1480639952929685  1.3982851866807302
0.71310000000000007  4.1628926831322977  1.4071100876702312
0.71500000000000008  4.1777449078174751  1.4159519095037314
0.71690000000000009  4.1926206516575171  1.4248105733660243
0.71880000000000011  4.2075198968470220  1.4336860010955725
0.72070000000000001  4.2224426254689398  1.4425781151773449
0.72260000000000002  4.2373888194972000  1.4514868387355684
0.72450000000000014  4.2523584607996217  1.4604120955264790
0.72640000000000005  4.2673515311394628  1.4693538099310972
0.72830000000000006  4.2823680121787602  1.4783119069483224
0.73020000000000007  4.2974078854802791  1.4872863121880147
0.73210000000000008  4.3124711325102902  1.4962769518641930
0.73400000000000010  4.3275577346399379  1.5052837527877752
0.73590000000000011  4.3426676731487284  1.5143066423607523
0.73780000000000001  4.3578009292260704  1.5233455485689977
0.73970000000000002  4.3729574839732521  1.5324003999758427
0.74160000000000015  4.3881373184062316  1.5414711257157709
0.74350000000000005  4.4033404134573209  1.5505576554880312
0.74540000000000006  4.4185667499772210  1.5596599195503922
0.74730000000000008  4.4338163087377538  1.5687778487131132
0.74919999999999998  4.4490890704326116  1.5779113743324626
0.75110000000000010  4.4643850156805645  1.5870604283051433
0.75300000000000011  4.4797041250267204  1.5962249430621036
0.75490000000000002  4.4950463789442461  1.6054048515626336
0.75680000000000003  4.5104117578371818  1.6146000872889064
0.75870000000000015  4.5258002420410763  1.6238105842398918
0.76060000000000005  4.5412118118255744  1.6330362769258915
0.76250000000000007  4.5566464473958739  1.6422771003630645
0.76440000000000008  4.5721041288947211  1.6515329900679356
0.76629999999999998  4.5875848364040026  1.6608038820517923
0.76820000000000010  4.6030885499459675  1.6700897128155376
0.77010000000000012  4.6186152494855532  1.6793904193442686
0.77200000000000002  4.6341649149314081  1.6887059391021939
0.77390000000000003  4.6497375261382565  1.6980362100275999
0.77580000000000016  4.6653330629079068  1.7073811705276689
0.77770000000000006  4.6809515049902712  1.7167407594731847
0.77960000000000007  4.6965928320858881  1.7261149161941234
0.78150000000000008  4.7122570238470329  1.7355035804746151
0.78339999999999999  4.7279440598790323  1.7449066925479606
0.78530000000000011  4.7436539197414085  1.7543241930920110
0.78720000000000012  4.7593865829502304  1.7637560232246947
0.78910000000000002  4.7751420289783217  1.7732021244989409
0.79100000000000004  4.7909202372575326  1.7826624388985872
0.79290000000000016  4.8067211871795852  1.7921369088336943
0.79480000000000006  4.8225448580972854  1.8016254771359539
0.79670000000000007  4.8383912293265174  1.8111280870547068
0.79860000000000009  4.8542602801464785  1.8206446822522049
0.80049999999999999  4.8701519898017320  1.8301752067996315
0.80240000000000011  4.8860663375030997  1.8397196051727562
0.80430000000000013  4.9020033024286462  1.8492778222477821
0.80620000000000003  4.9179628637254504  1.8588498032974765
0.80810000000000004  4.9339450005100574  1.8684354939867140
0.81000000000000016  4.9499496918702164  1.8780348403689131
0.81190000000000007  4.9659769168655981  1.8876477888818681
0.81380000000000008  4.9820266545289407  1.8972742863437135
0.81570000000000009  4.9980988838673390  1.9069142799495549
0.81759999999999999  5.0141935838627880  1.9165677172670912
0.81950000000000012  5.0303107334740416  1.9262345462333856
0.82140000000000013  5.0464503116369333  1.9359147151510332
0.82330000000000003  5.0626122972657122  1.9456081726842418
0.82520000000000004  5.0787966692536619  1.9553148678555599
0.82710000000000006  5.0950034064745688  1.9650347500422478
0.82900000000000007  5.1112324877832975  1.9747677689726859
0.83090000000000008  5.1274838920168460  1.9845138747229822
0.83280000000000010  5.1437575979953820  1.9942730177136065
0.83470000000000000  5.1600535845227329  2.0040451487058308
0.83660000000000012  5.1763718303878621  2.0138302187987036
0.83850000000000013  5.1927123143653882  2.0236281794255566
0.84040000000000004  5.2090750152162215  2.0334389823506771
0.84230000000000005  5.2254599116886000  2.0432625796662003
0.84420000000000006  5.2418669825196620  2.0530989237893635
0.84609999999999996  5.2582962064345402  2.0629479674583662
0.84799999999999998  5.2747475621487814  2.0728096637304048
0.84989999999999999  5.2912210283684837  2.0826839659778931
0.85180000000000000  5.3077165837909996  2.0925708278859183
0.85370000000000013  5.3242342071054622  2.1024702034486955
0.85560000000000014  5.3407738769945130  2.1123820469673573
0.85750000000000004  5.3573355721336648  2.1223063130464905
0.85940000000000005  5.3739192711931816  2.1322429565915395
0.86130000000000007  5.3905249528380059  2.1421919328058321
0.86319999999999997  5.4071525957288369  2.1521531971880563
0.86509999999999998  5.4238021785225996  2.1621267055290736
0.86699999999999999  5.4404736798735751  2.1721124139097605
0.86890000000000001  5.4571670784330575  2.1821102786977198
0.87079999999999991  5.4738823528512865  2.1921202565451741
0.87270000000000014  5.4906194817769531  2.2021423043858590
0.87460000000000004  5.5073784438585820  2.2121763794329095
0.87650000000000006  5.5241592177444003  2.2222224391756669
0.87840000000000007  5.5409617820839170  2.2322804413780251
0.88029999999999997  5.5577861155276098  2.2423503440751262
0.88219999999999998  5.5746321967278982  2.2524321055712515
0.88410000000000000  5.5915000043398715  2.2625256844375259
0.88600000000000001  5.6083895170212337  2.2726310395090561
0.88789999999999991  5.6253007134335320  2.2827481298830583
0.88980000000000015  5.6422335722423815  2.2928769149161585
0.89170000000000005  5.6591880721179484  2.3030173542222188
0.89360000000000006  5.6761641917355448  2.3131694076700167
0.89550000000000007  5.6931619097761956  2.3233330353810295
0.89739999999999998  5.7101812049269771  2.3335081977269989
0.89929999999999999  5.7272220558815503  2.3436948553279433
0.90120000000000000  5.7442844413407190  2.3538929690498418
0.90309999999999990  5.7613683400130196  2.3641025000025686
0.90499999999999992  5.7784737306146656  2.3743234095375634
0.90689999999999993  5.7956005918709312  2.3845556592461135
0.90879999999999994  5.8127489025154482  2.3947992109566836
0.91070000000000007  5.8299186412915027  2.4050540267333025
0.91260000000000008  5.8471097869521476  2.4153200688734935
0.91449999999999998  5.8643223182608564  2.4255972999060571
0.91639999999999999  5.8815562139913418  2.4358856825891189
0.91830000000000001  5.8988114529287152  2.4461851799082956
0.92019999999999991  5.9160880138694898  2.4564957550747684
0.92209999999999992  5.9333858756218083  2.4668173715229487
0.92399999999999993  5.9507050170062490  2.4771499929091845
0.92589999999999995  5.9680454168559871  2.4874935831094556
0.92780000000000007  5.9854070540169317  2.4978481062175133
0.92970000000000008  6.0027899073490278  2.5082135265435594
0.93159999999999998  6.0201939557248583  2.5185898086114760
0.93350000000000000  6.0376191780320951  2.5289769171580421
0.93540000000000001  6.0550655531719579  2.5393748171303447
0.93729999999999991  6.0725330600611160  2.5497834736846814
0.93919999999999992  6.0900216776307508  2.5602028521841809
0.94109999999999994  6.1075313848280306  2.5706329181977918
0.94299999999999995  6.1250621606149798  2.5810736374977261
0.94490000000000007  6.1426139839704215  2.5915249760586079
0.94680000000000009  6.1601868338893269  2.6019869000554285
0.94869999999999999  6.1777806893831011  2.6124593758617718
0.95060000000000000  6.1953955294802174  2.6229423700483352
0.95250000000000001  6.2130313332264118  2.6334358493815406
0.95439999999999992  6.2306880796847262  2.6439397808213538
0.95629999999999993  6.2483657479362540  2.6544541315204757
0.95819999999999994  6.2660643170800361  2.6649788688221392
0.96009999999999995  6.2837837662335492  2.6755139602589328
0.96199999999999986  6.3015240745325807  2.6860593735510414
0.96390000000000009  6.3192852211320547  2.6966150766049628
0.96579999999999999  6.3370671852060729  2.7071810375119929
0.96770000000000000  6.3548699459476499  2.7177572245463435
0.96960000000000002  6.3726934825698862  2.7283436061643367
0.97149999999999992  6.3905377743054732  2.7389401510024758
0.97339999999999993  6.4084028004070941  2.7495468278761095
0.97529999999999994  6.4262885401482874  2.7601636057783754
0.97719999999999996  6.4441949728222756  2.7707904538780270
0.97909999999999986  6.4621220777438344  2.7814273415189690
0.98100000000000009  6.4800698342480620  2.7920742382181318
0.98290000000000000  6.4980382216917620  2.8027311136646151
0.98480000000000001  6.5160272194527993  2.8133979377179821
0.98670000000000002  6.5340368069308132  2.8240746804073167
0.98859999999999992  6.5520669635471682  2.8347613119295212
0.99049999999999994  6.5701176687451177  2.8454578026482129
0.99239999999999995  6.5881889019902964  2.8561641230924617
0.99429999999999996  6.6062806427706766  2.8668802439554990
0.99619999999999986  6.6243928705964441  2.8776061360931862
0.99810000000000010  6.6425255650011721  2.8883417705234029
1.0000000000000000  6.6606787055407191  2.8990871184240352
