  0.1581E-10  0.7454E-10  0.1571E-15
  0.3972E-10  0.1872E-09  0.7689E-15
  0.9976E-10  0.4702E-09  0.3641E-14
  0.2506E-09  0.1181E-08  0.1666E-13
  0.6294E-09  0.2968E-08  0.7332E-13
  0.1581E-08  0.7454E-08  0.3085E-12
  0.3972E-08  0.1873E-07  0.1237E-11
  0.5000E-08  0.2358E-07  0.1663E-11
  0.9976E-08  0.4705E-07  0.4539E-11
  0.1990E-07  0.9387E-07  0.1212E-10
  0.3972E-07  0.1873E-06  0.3182E-10
  0.7924E-07  0.3738E-06  0.8236E-10
  0.1581E-06  0.7459E-06  0.2112E-09
  0.1990E-06  0.9392E-06  0.2764E-09
  0.3155E-06  0.1489E-05  0.5152E-09
  0.5000E-06  0.2360E-05  0.9581E-09
  0.6294E-06  0.2971E-05  0.1306E-08
  0.7924E-06  0.3741E-05  0.1593E-08
  0.9976E-06  0.4710E-05  0.2170E-08
  0.1581E-05  0.7465E-05  0.4023E-08
  0.2506E-05  0.1184E-04  0.7452E-08
  0.3972E-05  0.1877E-04  0.1380E-07
  0.5000E-05  0.2363E-04  0.1791E-07
  0.6294E-05  0.2973E-04  0.2436E-07
  0.7924E-05  0.3747E-04  0.3315E-07
  0.9976E-05  0.4716E-04  0.4507E-07
  0.1256E-04  0.5941E-04  0.6130E-07
  0.1581E-04  0.7479E-04  0.8002E-07
  0.1990E-04  0.9418E-04  0.1077E-06
  0.2506E-04  0.1186E-03  0.1464E-06
  0.3155E-04  0.1494E-03  0.1882E-06
  0.3972E-04  0.1881E-03  0.2559E-06
  0.5000E-04  0.2369E-03  0.3479E-06
  0.6294E-04  0.2982E-03  0.4729E-06
  0.7924E-04  0.3758E-03  0.6430E-06
  0.9976E-04  0.4730E-03  0.8214E-06
  0.1105E-03  0.5242E-03  0.9147E-06
  0.1256E-03  0.5958E-03  0.1041E-05
  0.1581E-03  0.7505E-03  0.1415E-05
  0.1990E-03  0.9452E-03  0.1840E-05
  0.2506E-03  0.1191E-02  0.2384E-05
  0.2572E-03  0.1222E-02  0.2469E-05
  3.00000014E-04   1.4259999025773406E-003   2.5299998001293060E-006
   3.99999990E-04   1.9029998712601971E-003   2.8899998777889927E-006
   5.00000024E-04   2.3790000204849632E-003   3.2400001089757357E-006
   6.00000028E-04   2.8550001697097292E-003   3.5999998916547005E-006
   6.99999975E-04   3.3319998363323263E-003   4.0000002401483272E-006
   7.99999980E-04   3.8090001070754421E-003   4.3600000228272920E-006
   8.99999985E-04   4.2849999542399486E-003   4.7599997813594750E-006
   1.00000005E-03   4.7619999229228053E-003   5.1699996813453231E-006
   1.50000001E-03   7.1460002489392559E-003   7.4500000748630977E-006
   2.00000009E-03   9.5310003944137963E-003   9.9800001699731268E-006
   2.49999994E-03   1.1915999331647300E-002   1.2720000580783633E-005
   3.00000003E-03   1.4303000324279058E-002   1.5709999513263505E-005
   3.50000011E-03   1.6688999685091171E-002   1.8799999270318588E-005
   4.00000019E-03   1.9076000677722929E-002   2.2039999084313605E-005
   4.49999981E-03   2.1464000885692256E-002   2.5440001161567265E-005
   4.99999989E-03   2.3851999885420552E-002   2.8989999755992195E-005
   5.49999997E-03   2.6240001301630917E-002   3.2639999174992334E-005
   6.00000005E-03   2.8628998308455743E-002   3.6389999418567687E-005
   6.50000013E-03   3.1016999724666112E-002   4.0240000486718251E-005
   7.00000022E-03   3.3406999571551618E-002   4.4290000844173463E-005
   7.49999983E-03   3.5795998994858517E-002   4.8399997920620557E-005
   8.00000038E-03   3.8185998841744027E-002   5.2700000339513797E-005
   8.50000046E-03   4.0576001105111614E-002   5.7059999477398926E-005
   8.99999961E-03   4.2965998535515047E-002   6.1569999852146870E-005
   9.49999969E-03   4.5357001222461245E-002   6.6179996331778478E-005
   9.99999978E-03   4.7747999076443289E-002   7.0949999794360272E-005
   1.20000001E-02   5.7313000581878368E-002   9.1620002213037283E-005
   1.40000004E-02   6.6882999372242347E-002   1.1488999775252050E-004
   1.60000008E-02   7.6454999009763533E-002   1.4067999708040945E-004
   1.79999992E-02   8.6032000765177780E-002   1.6967000391593896E-004
   1.99999996E-02   9.5611003367749234E-002   2.0174999280968026E-004
   2.19999999E-02  0.10519399799870682        2.3687001054626121E-004
   2.40000002E-02  0.11478099432397884        2.7537999393601338E-004
   2.60000005E-02  0.12437000116233639        3.1723999550965201E-004
   2.80000009E-02  0.13396300002908007        3.6218999802026865E-004
   2.99999993E-02  0.14356000059013818        4.1054002856644243E-004
   3.20000015E-02  0.15315900199835350        4.6202000751887896E-004
   3.40000018E-02  0.16276199543495498        5.1660003091191320E-004
   3.59999985E-02  0.17236799497525640        5.7416999778105160E-004
   3.79999988E-02  0.18197799620987229        6.3438000907349503E-004
   3.99999991E-02  0.19159099388225984        6.9757003361102011E-004
   4.19999994E-02  0.20120698799241907        7.6345005578722222E-004
   4.39999998E-02  0.21082599787220657        8.3187002716832311E-004
   4.60000001E-02  0.22044798485790917        9.0271002983140398E-004
   4.80000004E-02  0.23007399286978278        9.7589001780776555E-004
   5.00000007E-02  0.23970301665128466        1.0513999475937881E-003
   5.20000011E-02  0.24933399295030229        1.1289900908701435E-003
   5.40000014E-02  0.25896899027549092        1.2087600520073168E-003
   5.60000017E-02  0.26860700337030785        1.2905500411281691E-003
   5.79999983E-02  0.27824700764635368        1.3745199236249043E-003
   5.99999987E-02  0.28789101361671393        1.4601700163136713E-003
   6.19999990E-02  0.29753699143644657        1.5480401008777353E-003
   6.40000030E-02  0.30718700961420675        1.6334799596260702E-003
   6.59999996E-02  0.31683899964133933        1.7254100361346022E-003
   6.80000037E-02  0.32649398610624353        1.8190598927291270E-003
   7.00000003E-02  0.33615102174794648        1.9148400293019538E-003
   7.19999969E-02  0.34581200108839405        2.0122899549878692E-003
   7.40000010E-02  0.35547499094192714        2.1117200367032434E-003
   7.59999976E-02  0.36514099656508853        2.2012200384261757E-003
   7.80000016E-02  0.37480901270133538        2.3074399816789149E-003
   7.99999982E-02  0.38448000594349735        2.4154299980508106E-003
   8.20000023E-02  0.39415401495528757        2.5240300251162450E-003

   5.0000000000000003E-002  0.23925193285979207        9.2147766260847240E-004  -0.0000000000000000     
   5.1899999999999995E-002  0.24838018734843079        1.0152570364510124E-003  -0.0000000000000000     
   5.3800000000000001E-002  0.25751196690315559        1.1144960370621821E-003  -0.0000000000000000     
   5.5700000000000006E-002  0.26664733988509770        1.2192260807168522E-003  -0.0000000000000000     
   5.7599999999999998E-002  0.27578637118053789        1.3294742129439431E-003  -0.0000000000000000     
   5.9499999999999997E-002  0.28492912210977805        1.4452641320138674E-003  -0.0000000000000000     
   6.1400000000000003E-002  0.29407565079200770        1.5666171115650553E-003  -0.0000000000000000     
   6.3300000000000009E-002  0.30322601244899655        1.6935528508676882E-003  -0.0000000000000000     
   6.5200000000000008E-002  0.31238025948864301        1.8260902656581596E-003  -0.0000000000000000     
   6.7099999999999993E-002  0.32153844182850944        1.9642481981113472E-003  -0.0000000000000000     
   6.9000000000000006E-002  0.33070060707312249        2.1080460693153245E-003  -0.0000000000000000     
   7.0900000000000005E-002  0.33986680080623866        2.2575044681477701E-003  -0.0000000000000000     
   7.2799999999999990E-002  0.34903706668309303        2.4126456882216625E-003  -0.0000000000000000     
   7.4700000000000003E-002  0.35821144670128408        2.5734942078428128E-003  -0.0000000000000000     
   7.6600000000000001E-002  0.36738998137191381        2.7400771228513802E-003  -0.0000000000000000     
   7.8500000000000000E-002  0.37657270990046676        2.9124245334875348E-003  -0.0000000000000000     
   8.0400000000000013E-002  0.38575967035827663        3.0905698888635774E-003  -0.0000000000000000     
   8.2300000000000012E-002  0.39495089984637138        3.2745502923885389E-003  -0.0000000000000000     
   8.4199999999999997E-002  0.40414643462958438        3.4644067709236749E-003  -0.0000000000000000     
   8.6099999999999996E-002  0.41334631036338387        3.6601845110043408E-003  -0.0000000000000000     
   8.7999999999999995E-002  0.42255056211463699        3.8619330642698478E-003  -0.0000000000000000     
   8.9899999999999994E-002  0.43175922456873306        4.0697065250809581E-003  -0.0000000000000000     
   9.1800000000000007E-002  0.44097233213455822        4.2835636826975450E-003  -0.0000000000000000     
   9.3700000000000006E-002  0.45018991905961048        4.5035681499904145E-003  -0.0000000000000000     
   9.5600000000000004E-002  0.45941201953924093        4.7297884711826645E-003  -0.0000000000000000     
   9.7500000000000017E-002  0.46863866781887520        4.9622982102666916E-003  -0.0000000000000000     
   9.9400000000000002E-002  0.47786989828919385        5.2011760220804218E-003  -0.0000000000000000     
  0.10130000000000000       0.48710574557627623        5.4465057077026516E-003  -0.0000000000000000     
  0.10320000000000000       0.49634624462481719        5.6983762556939641E-003  -0.0000000000000000     
  0.10510000000000000       0.50559143077688340        5.9568818707300616E-003  -0.0000000000000000     
  0.10700000000000000       0.51484133984477709        6.2221219907811392E-003  -0.0000000000000000     
  0.10890000000000001       0.52409600817848800        6.4942012942472678E-003  -0.0000000000000000     
  0.11080000000000001       0.53335547273024386        6.7732296980497885E-003  -0.0000000000000000     
  0.11270000000000001       0.54261977111239901        7.0593223478254514E-003  -0.0000000000000000     
  0.11460000000000002       0.55188894163622548        7.3525996008647143E-003  -0.0000000000000000     
  0.11649999999999999       0.56116302342632052        7.6531870033183106E-003  -0.0000000000000000     
  0.11840000000000001       0.57044202932625176        7.9567610052345868E-003  -0.0000000000000000     
  0.12030000000000000       0.57972591687304520        8.2637158322808879E-003  -0.0000000000000000     
  0.12220000000000000       0.58901468110489497        8.5759499417615830E-003  -0.0000000000000000     
  0.12410000000000000       0.59830833400976713        8.8941748967968654E-003  -0.0000000000000000     
  0.12600000000000000       0.60760689599328177        9.2188650904766328E-003  -0.0000000000000000     
  0.12790000000000001       0.61691039315104179        9.5503941051838133E-003  -0.0000000000000000     
  0.12980000000000003       0.62621885592205073        9.8890824905807050E-003  -0.0000000000000000     
  0.13169999999999998       0.63553231829968881        1.0235219635767406E-002  -0.0000000000000000     
  0.13360000000000000       0.64485081731970273        1.0589075407816577E-002  -0.0000000000000000     
  0.13550000000000001       0.65417439270551025        1.0950906987198011E-002  -0.0000000000000000     
  0.13739999999999999       0.66350308660930568        1.1320963174513641E-002  -0.0000000000000000     
  0.13930000000000001       0.67283694341658462        1.1699487250608090E-002  -0.0000000000000000     
  0.14120000000000002       0.68217600959368929        1.2086718955281862E-002  -0.0000000000000000     
  0.14310000000000000       0.69152033356632692        1.2482895901729900E-002  -0.0000000000000000     
  0.14500000000000002       0.70086996562041282        1.2888254614879569E-002  -0.0000000000000000     
  0.14690000000000000       0.71022495782014805        1.3303031310633510E-002  -0.0000000000000000     
  0.14879999999999999       0.71958536393915606        1.3727462491748247E-002  -0.0000000000000000     
  0.15070000000000000       0.72895123940178985        1.4161785410590927E-002  -0.0000000000000000     
  0.15260000000000001       0.73832264123239522        1.4606238433564617E-002  -0.0000000000000000     
  0.15450000000000000       0.74769962801170120        1.5061061331428307E-002  -0.0000000000000000     
  0.15640000000000001       0.75708225983786737        1.5526495512939166E-002  -0.0000000000000000     
  0.15830000000000002       0.76647059829278563        1.6002784214677386E-002  -0.0000000000000000     
  0.16020000000000001       0.77586470641112815        1.6490172656417532E-002  -0.0000000000000000     
  0.16210000000000002       0.78526464865357548        1.6988908169073478E-002  -0.0000000000000000     
  0.16400000000000001       0.79467049088176756        1.7499240301044990E-002  -0.0000000000000000     
  0.16589999999999999       0.80408230033602490        1.8021420906660177E-002  -0.0000000000000000     
  0.16780000000000000       0.81350014561501327        1.8555704220270672E-002  -0.0000000000000000     
  0.16970000000000002       0.82292409665684119        1.9102346918604702E-002  -0.0000000000000000     
  0.17160000000000000       0.83235422472202536        1.9661608173079499E-002  -0.0000000000000000     
  0.17350000000000002       0.84179060237728853        2.0233749694090503E-002  -0.0000000000000000     
  0.17540000000000003       0.85123330348100235        2.0819035768257985E-002  -0.0000000000000000     
  0.17730000000000001       0.86068240316921585        2.1417733289746672E-002  -0.0000000000000000     
  0.17920000000000003       0.87013797784285163        2.2030111786431741E-002  -0.0000000000000000     
  0.18110000000000001       0.87960010515578324        2.2656443441825779E-002  -0.0000000000000000     
  0.18300000000000000       0.88906886399434149        2.3297003112750226E-002  -0.0000000000000000     
  0.18490000000000001       0.89854433450177507        2.3952068343615525E-002  -0.0000000000000000     
  0.18680000000000002       0.90802659801591934        2.4621919377679650E-002  -0.0000000000000000     
  0.18870000000000001       0.91751573709415946        2.5306839164994724E-002  -0.0000000000000000     
  0.19060000000000002       0.92701183549559185        2.6007113367759002E-002  -0.0000000000000000     
  0.19250000000000003       0.93651497817233942        2.6723030362951594E-002  -0.0000000000000000     
  0.19439999999999999       0.94602525126106651        2.7454881242354928E-002  -0.0000000000000000     
  0.19630000000000000       0.95554274207495149        2.8202959810038057E-002  -0.0000000000000000     
  0.19820000000000002       0.96506753909584364        2.8967562577268798E-002  -0.0000000000000000     
  0.20010000000000000       0.97459973196673355        2.9748988754876637E-002  -0.0000000000000000     
  0.20200000000000001       0.98413941148432049        3.0547540242940881E-002  -0.0000000000000000     
  0.20390000000000003       0.99368666959194019        3.1363521617852309E-002  -0.0000000000000000     
  0.20580000000000001        1.0032415993723658        3.2197240116505849E-002  -0.0000000000000000     
  0.20770000000000002        1.0128042950409764        3.3049005617659145E-002  -0.0000000000000000     
  0.20960000000000004        1.0223748519388085        3.3919130620240982E-002  -0.0000000000000000     
  0.21149999999999999        1.0319533665257681        3.4807930218530805E-002  -0.0000000000000000     
  0.21340000000000001        1.0415399363737445        3.5715722074008187E-002  -0.0000000000000000     
  0.21529999999999999        1.0511346601597975        3.6642826383766751E-002  -0.0000000000000000     
  0.21720000000000000        1.0607376376592548        3.7589565845329333E-002  -0.0000000000000000     
  0.21909999999999999        1.0703489697387341        3.8556265617619441E-002  -0.0000000000000000     
  0.22100000000000003        1.0799687583490174        3.9543253278050132E-002  -0.0000000000000000     
  0.22289999999999999        1.0895971065178598        4.0550858775393626E-002  -0.0000000000000000     
  0.22479999999999997        1.0992341183425287        4.1579414378392743E-002  -0.0000000000000000     
  0.22670000000000001        1.1088798989822810        4.2629254619852078E-002  -0.0000000000000000     
  0.22860000000000000        1.1185345546503667        4.3700716236013334E-002  -0.0000000000000000     
  0.23050000000000001        1.1281981926061158        4.4794138101135854E-002  -0.0000000000000000     
  0.23240000000000000        1.1378709211463622        4.5909861156972244E-002  -0.0000000000000000     
  0.23430000000000001        1.1475528495968712        4.7048228337075282E-002  -0.0000000000000000     
  0.23619999999999999        1.1572440883031512        4.8209584485711637E-002  -0.0000000000000000     
  0.23810000000000003        1.1669447486210240        4.9394276271241037E-002  -0.0000000000000000     
  0.23999999999999999        1.1766549429067967        5.0602652093789349E-002  -0.0000000000000000     
  0.24189999999999998        1.1863747845069141        5.1835061987121601E-002  -0.0000000000000000     
  0.24380000000000002        1.1961043877471869        5.3091857514518032E-002  -0.0000000000000000     
  0.24570000000000000        1.2058438679214531        5.4373391658583445E-002  -0.0000000000000000     
  0.24760000000000001        1.2155933412798519        5.5680018704845562E-002  -0.0000000000000000     
  0.24950000000000000        1.2253529250163844        5.7012094119107355E-002  -0.0000000000000000     
  0.25140000000000001        1.2351227372560032        5.8369974418415009E-002  -0.0000000000000000     
  0.25330000000000003        1.2449028970409801        5.9754017035600723E-002  -0.0000000000000000     
  0.25519999999999998        1.2546935243167996        6.1164580177413455E-002  -0.0000000000000000     
  0.25710000000000000        1.2644947399171842        6.2602022676120347E-002  -0.0000000000000000     
  0.25900000000000001        1.2743066655486452        6.4066703834690222E-002  -0.0000000000000000     
  0.26090000000000002        1.2841294237741865        6.5558983265491394E-002  -0.0000000000000000     
  0.26279999999999998        1.2939631379962950        6.7079220722611493E-002  -0.0000000000000000     
  0.26469999999999999        1.3038079324392438        6.8627775927818324E-002  -0.0000000000000000     
  0.26660000000000000        1.3136639321305845        7.0205008390326729E-002  -0.0000000000000000     
  0.26849999999999996        1.3235312628818698        7.1811277220419079E-002  -0.0000000000000000     
  0.27040000000000003        1.3334100512685407        7.3446940937112307E-002  -0.0000000000000000     
  0.27229999999999999        1.3433004246090654        7.5112357270055066E-002  -0.0000000000000000     
  0.27420000000000000        1.3532025109431940        7.6807882955793730E-002  -0.0000000000000000     
  0.27610000000000001        1.3631164390094215        7.8533873528728620E-002  -0.0000000000000000     
  0.27799999999999997        1.3730423382273178        8.0290683107267044E-002  -0.0000000000000000     
  0.27989999999999998        1.3829803386500965        8.2078664173552474E-002  -0.0000000000000000     
  0.28179999999999999        1.3929305709746675        8.3898167351929509E-002  -0.0000000000000000     
  0.28370000000000001        1.4028931664919888        8.5749541179998043E-002  -0.0000000000000000     
  0.28559999999999997        1.4128682570663567        8.7633131877531037E-002  -0.0000000000000000     
  0.28750000000000003        1.4228559751076266        8.9549283111627673E-002  -0.0000000000000000     
  0.28939999999999999        1.4328564535428421        9.1498335758905022E-002  -0.0000000000000000     
  0.29130000000000000        1.4428698257868640        9.3480627665147073E-002  -0.0000000000000000     
  0.29320000000000002        1.4528962257122879        9.5496493402858110E-002  -0.0000000000000000     
  0.29509999999999997        1.4629357876184810        9.7546264027272872E-002  -0.0000000000000000     
  0.29699999999999999        1.4729886461999018        9.9630266831243888E-002  -0.0000000000000000     
  0.29890000000000000        1.4830549365135739       0.10174882509958907       -0.0000000000000000     
  0.30080000000000001        1.4931347939459778       0.10390225786346027       -0.0000000000000000     
  0.30269999999999997        1.5032283541790070       0.10609087965513404       -0.0000000000000000     
  0.30460000000000004        1.5133357531553331       0.10831500026408211       -0.0000000000000000     
  0.30649999999999999        1.5234571270431942       0.11057492449455389       -0.0000000000000000     
  0.30840000000000001        1.5335926122003853       0.11287095192558255       -0.0000000000000000     
  0.31030000000000002        1.5437423451378047       0.11520337667369154       -0.0000000000000000     
  0.31219999999999998        1.5539064624824066       0.11757248715920872       -0.0000000000000000     
  0.31409999999999999        1.5640851009395489       0.11997856587649207       -0.0000000000000000     
  0.31600000000000000        1.5742783972550090       0.12242188916884758       -0.0000000000000000     
  0.31790000000000002        1.5844864881764780       0.12490272700864956       -0.0000000000000000     
  0.31979999999999997        1.5947095104146873       0.12742134278319803       -0.0000000000000000     
  0.32170000000000004        1.6049476006042300       0.12997799308697186       -0.0000000000000000     
  0.32360000000000000        1.6152008952640369       0.13257292752071700       -0.0000000000000000     
  0.32549999999999996        1.6254695307577121       0.13520638849798688       -0.0000000000000000     
  0.32740000000000002        1.6357536432535624       0.13787861105957241       -0.0000000000000000     
  0.32929999999999998        1.6460533686846073       0.14058982269636347       -0.0000000000000000     
  0.33119999999999999        1.6563688427139263       0.14334024318201827       -0.0000000000000000     
  0.33310000000000001        1.6667002006720384       0.14613008441007919       -0.0000000000000000     
  0.33500000000000002        1.6770475775514102       0.14895955025068158       -0.0000000000000000     
  0.33689999999999998        1.6874111079427414       0.15182883640730988       -0.0000000000000000     
  0.33879999999999999        1.6977909260011135       0.15473813028905256       -0.0000000000000000     
  0.34070000000000000        1.7081871654066012       0.15768761089261624       -0.0000000000000000     
  0.34259999999999996        1.7185999593245811       0.16067744869526726       -0.0000000000000000     
  0.34450000000000003        1.7290294403666182       0.16370780555901734       -0.0000000000000000     
  0.34639999999999999        1.7394757405518835       0.16677883464627999       -0.0000000000000000     
  0.34830000000000000        1.7499389912686687       0.16989068034707136       -0.0000000000000000     
  0.35020000000000001        1.7604193232366934       0.17304347821796573       -0.0000000000000000     
  0.35210000000000002        1.7709168664696440       0.17623735493278778       -0.0000000000000000     
  0.35399999999999998        1.7814317502385022       0.17947242824513107       -0.0000000000000000     
  0.35589999999999999        1.7919641030353652       0.18274880696274073       -0.0000000000000000     
  0.35780000000000001        1.8025140525379801       0.18606659093362735       -0.0000000000000000     
  0.35969999999999996        1.8130817255749780       0.18942587104392122       -0.0000000000000000     
  0.36160000000000003        1.8236672480971612       0.19282672922875158       -0.0000000000000000     
  0.36349999999999999        1.8342707451224549       0.19626923848718245       -0.0000000000000000     
  0.36540000000000000        1.8448923407373228       0.19975346292349094       -0.0000000000000000     
  0.36730000000000002        1.8555321580422601       0.20327945778416057       -0.0000000000000000     
  0.36920000000000003        1.8661903191268294       0.20684726951337523       -0.0000000000000000     
  0.37109999999999999        1.8768669450400957       0.21045693581751027       -0.0000000000000000     
  0.37300000000000000        1.8875621557620186       0.21410848573984853       -0.0000000000000000     
  0.37490000000000001        1.8982760701756940       0.21780193974513659       -0.0000000000000000     
  0.37679999999999997        1.9090088060407198       0.22153730981365968       -0.0000000000000000     
  0.37870000000000004        1.9197604799675185       0.22531459954446256       -0.0000000000000000     
  0.38059999999999999        1.9305312073927778       0.22913380426731075       -0.0000000000000000     
  0.38250000000000001        1.9413211025559156       0.23299491116294632       -0.0000000000000000     
  0.38440000000000002        1.9521302784821488       0.23689789939326397       -0.0000000000000000     
  0.38629999999999998        1.9629588469382131       0.24084274022870875       -0.0000000000000000     
  0.38819999999999999        1.9738069184483706       0.24482939720374405       -0.0000000000000000     
  0.39010000000000000        1.9846746022498469       0.24885782625708333       -0.0000000000000000     
  0.39200000000000002        1.9955620062815942       0.25292797588926419       -0.0000000000000000     
  0.39389999999999997        2.0064692371673938       0.25703978732344224       -0.0000000000000000     
  0.39580000000000004        2.0173964002001412       0.26119319467140006       -0.0000000000000000     
  0.39770000000000000        2.0283435993271914       0.26538812510409893       -0.0000000000000000     
  0.39959999999999996        2.0393109371368472       0.26962449902652852       -0.0000000000000000     
  0.40150000000000002        2.0502985148459465       0.27390223025619281       -0.0000000000000000     
  0.40339999999999998        2.0613064322944754       0.27822122620753253       -0.0000000000000000     
  0.40529999999999999        2.0723347879102150       0.28258138806540700       -0.0000000000000000     
  0.40720000000000001        2.0833836787393865       0.28698261098949396       -0.0000000000000000     
  0.40910000000000002        2.0944532004103635       0.29142478429091989       -0.0000000000000000     
  0.41099999999999998        2.1055434471340866       0.29590779162584474       -0.0000000000000000     
  0.41290000000000004        2.1166545116979858       0.30043151118692391       -0.0000000000000000     
  0.41480000000000000        2.1277864854608532       0.30499581589544122       -0.0000000000000000     
  0.41669999999999996        2.1389394583488066       0.30960057359381538       -0.0000000000000000     
  0.41860000000000003        2.1501135188520974       0.31424564723798210       -0.0000000000000000     
  0.42049999999999998        2.1613087540229410       0.31893089508943839       -0.0000000000000000     
  0.42240000000000005        2.1725252494792784       0.32365617090933863       -0.0000000000000000     
  0.42430000000000007        2.1837630893827624       0.32842132413675534       -0.0000000000000000     
  0.42620000000000002        2.1950223564736611       0.33322620009647952       -0.0000000000000000     
  0.42809999999999998        2.2063031320476489       0.33807064017290106       -0.0000000000000000     
  0.43000000000000005        2.2176054959644200       0.34295448199883438       -0.0000000000000000     
  0.43190000000000006        2.2289295266505436       0.34787755963867206       -0.0000000000000000     
  0.43380000000000002        2.2402753011031185       0.35283970376918600       -0.0000000000000000     
  0.43570000000000003        2.2516428948940486       0.35784074185764153       -0.0000000000000000     
  0.43759999999999999        2.2630323821751657       0.36288049833720504       -0.0000000000000000     
  0.43950000000000006        2.2744438356889689       0.36795879478279364       -0.0000000000000000     
  0.44140000000000007        2.2858773267535208       0.37307545006569720       -0.0000000000000000     
  0.44330000000000003        2.2973329253034116       0.37823028054247837       -0.0000000000000000     
  0.44519999999999998        2.3088106998732925       0.38342310020147946       -0.0000000000000000     
  0.44710000000000000        2.3203107176124367       0.38865372082595212       -0.0000000000000000     
  0.44900000000000007        2.3318330442933037       0.39392195214945924       -0.0000000000000000     
  0.45090000000000002        2.3433777443206609       0.39922760200736923       -0.0000000000000000     
  0.45280000000000004        2.3549448807412845       0.40457047648477173       -0.0000000000000000     
  0.45469999999999999        2.3665345152539845       0.40995038006025453       -0.0000000000000000     
  0.45660000000000006        2.3781467082201058       0.41536711574601098       -0.0000000000000000     
  0.45850000000000007        2.3897815186798930       0.42082048522875115       -0.0000000000000000     
  0.46040000000000003        2.4014390043410700       0.42631028898134099       -0.0000000000000000     
  0.46229999999999999        2.4131192216259252       0.43183632642252384       -0.0000000000000000     
  0.46420000000000000        2.4248222256586907       0.43739839601917679       -0.0000000000000000     
  0.46610000000000007        2.4365480702840192       0.44299629541186164       -0.0000000000000000     
  0.46800000000000003        2.4482968080797738       0.44862982153097941       -0.0000000000000000     
  0.46990000000000004        2.4600684903697139       0.45429877070879854       -0.0000000000000000     
  0.47180000000000011        2.4718631672365197       0.46000293878752740       -0.0000000000000000     
  0.47370000000000007        2.4836808875350607       0.46574212122357206       -0.0000000000000000     
  0.47560000000000008        2.4955216989059230       0.47151611318786996       -0.0000000000000000     
  0.47750000000000004        2.5073856477889573       0.47732470966234597       -0.0000000000000000     
  0.47939999999999999        2.5192727794371184       0.48316770553270355       -0.0000000000000000     
  0.48130000000000006        2.5311831379303888       0.48904489567738901       -0.0000000000000000     
  0.48320000000000007        2.5431167661898075       0.49495607505298023       -0.0000000000000000     
  0.48510000000000003        2.5550737059951523       0.50090103878199710       -0.0000000000000000     
  0.48700000000000004        2.5670539979848264       0.50687958220631957       -0.0000000000000000     
  0.48890000000000011        2.5790576816925994       0.51289150100022296       -0.0000000000000000     
  0.49080000000000007        2.5910847955463652       0.51893659121551572       -0.0000000000000000     
  0.49270000000000008        2.6031353768867289       0.52501464935659725       -0.0000000000000000     
  0.49460000000000004        2.6152094619814052       0.53112547244506614       -0.0000000000000000     
  0.49650000000000000        2.6273070860399126       0.53726885808172331       -0.0000000000000000     
  0.49840000000000007        2.6394282832278231       0.54344460450512144       -0.0000000000000000     
  0.50030000000000008        2.6515730866813665       0.54965251064723408       -0.0000000000000000     
  0.50220000000000009        2.6637415285219999       0.55589237618638387       -0.0000000000000000     
  0.50409999999999999        2.6759336398707760       0.56216400159713509       -0.0000000000000000     
  0.50600000000000001        2.6881494508626869       0.56846718819754316       -0.0000000000000000     
  0.50790000000000013        2.7003889906613510       0.57480173819390334       -0.0000000000000000     
  0.50980000000000003        2.7126522874729631       0.58116745472259468       -0.0000000000000000     
  0.51170000000000004        2.7249393685608561       0.58756414188976969       -0.0000000000000000     
  0.51360000000000006        2.7372502602595392       0.59399160480848734       -0.0000000000000000     
  0.51550000000000007        2.7495849879888308       0.60044964963347325       -0.0000000000000000     
  0.51740000000000008        2.7619435762680378       0.60693808359385359       -0.0000000000000000     
  0.51930000000000009        2.7743260487296477       0.61345671502344346       -0.0000000000000000     
  0.52120000000000000        2.7867324281303860       0.62000535339695451       -0.0000000000000000     
  0.52310000000000001        2.7991627363768545       0.62658380932463231       -0.0000000000000000     
  0.52500000000000013        2.8116169945213301       0.63319189462504988       -0.0000000000000000     
  0.52690000000000003        2.8240952227871836       0.63982942231475726       -0.0000000000000000     
  0.52880000000000005        2.8365974405790442       0.64649620663751939       -0.0000000000000000     
  0.53070000000000006        2.8491236664965327       0.65319206308325872       -0.0000000000000000     
  0.53260000000000007        2.8616739183470670       0.65991680840548528       -0.0000000000000000     
  0.53450000000000009        2.8742482131591278       0.66667026063717472       -0.0000000000000000     
  0.53640000000000010        2.8868465671949735       0.67345223910495722       -0.0000000000000000     
  0.53830000000000000        2.8994689959634341       0.68026256444209243       -0.0000000000000000     
  0.54020000000000001        2.9121155142328732       0.68710105859998660       -0.0000000000000000     
  0.54210000000000014        2.9247861360430707       0.69396754485810874       -0.0000000000000000     
  0.54400000000000004        2.9374808747179832       0.70086184783310268       -0.0000000000000000     
  0.54590000000000005        2.9501997428778193       0.70778379348638998       -0.0000000000000000     
  0.54780000000000006        2.9629427524513723       0.71473320913078464       -0.0000000000000000     
  0.54970000000000008        2.9757099146873416       0.72170992343570728       -0.0000000000000000     
  0.55160000000000009        2.9885012401668449       0.72871376643181263       -0.0000000000000000     
  0.55350000000000010        3.0013167388140216       0.73574456951414113       -0.0000000000000000     
  0.55540000000000000        3.0141564199086002       0.74280216544475886       -0.0000000000000000     
  0.55730000000000002        3.0270202920965037       0.74988638835424692       -0.0000000000000000     
  0.55920000000000014        3.0399083634012833       0.75699707374234437       -0.0000000000000000     
  0.56110000000000004        3.0528206412348875       0.76413405847774862       -0.0000000000000000     
  0.56300000000000006        3.0657571324088702       0.77129718079747545       -0.0000000000000000     
  0.56490000000000007        3.0787178431448252       0.77848628030498868       -0.0000000000000000     
  0.56680000000000008        3.0917027790850060       0.78570119796803239       -0.0000000000000000     
  0.56870000000000009        3.1047119453027330       0.79294177611565053       -0.0000000000000000     
  0.57060000000000011        3.1177453463127263       0.80020785843458608       -0.0000000000000000     
  0.57250000000000001        3.1308029860812092       0.80749928996527609       -0.0000000000000000     
  0.57440000000000002        3.1438848680355416       0.81481591709692136       -0.0000000000000000     
  0.57630000000000015        3.1569909950746102       0.82215758756257695       -0.0000000000000000     
  0.57820000000000005        3.1701213695779389       0.82952415043325745       -0.0000000000000000     
  0.58010000000000006        3.1832759934156138       0.83691545611194551       -0.0000000000000000     
  0.58200000000000007        3.1964548679239773       0.84433135633545298       -0.0000000000000000     
  0.58389999999999997        3.2096579940485843       0.85177170413311243       -0.0000000000000000     
  0.58580000000000010        3.2228853721527670       0.85923635387172415       -0.0000000000000000     
  0.58770000000000011        3.2361370021601039       0.86672516121272225       -0.0000000000000000     
  0.58960000000000001        3.2494128835304306       0.87423798311287737       -0.0000000000000000     
  0.59150000000000003        3.2627130152674089       0.88177467781623453       -0.0000000000000000     
  0.59340000000000015        3.2760373959281006       0.88933510484552769       -0.0000000000000000     
  0.59530000000000005        3.2893860236306458       0.89691912499343707       -0.0000000000000000     
  0.59720000000000006        3.3027588960631178       0.90452660031351306       -0.0000000000000000     
  0.59910000000000008        3.3161560104910097       0.91215739411086294       -0.0000000000000000     
  0.60099999999999998        3.3295773637655732       0.91981137093282739       -0.0000000000000000     
  0.60290000000000010        3.3430229523314319       0.92748839655911386       -0.0000000000000000     
  0.60480000000000012        3.3564927722346951       0.93518833799259826       -0.0000000000000000     
  0.60670000000000002        3.3699868191300482       0.94291106344864073       -0.0000000000000000     
  0.60860000000000003        3.3835050882888651       0.95065644234563462       -0.0000000000000000     
  0.61050000000000015        3.3970475746056787       0.95842434529450304       -0.0000000000000000     
  0.61240000000000006        3.4106142726059487       0.96621464408840796       -0.0000000000000000     
  0.61430000000000007        3.4242051764536585       0.97402721169274920       -0.0000000000000000     
  0.61620000000000008        3.4378202799568638       0.98186192223413393       -0.0000000000000000     
  0.61809999999999998        3.4514595765758624       0.98971865099037870       -0.0000000000000000     
  0.62000000000000011        3.4651230594295943       0.99759727437974843       -0.0000000000000000     
  0.62190000000000012        3.4788107213015085        1.0054976699499800       -0.0000000000000000     
  0.62380000000000002        3.4925225546472869        1.0134197163683720       -0.0000000000000000     
  0.62570000000000003        3.5062585516004945        1.0213632934105183       -0.0000000000000000     
  0.62760000000000005        3.5200187039786752        1.0293282819495440       -0.0000000000000000     
  0.62950000000000006        3.5338030032902492        1.0373145639459618       -0.0000000000000000     
  0.63140000000000007        3.5476114407404240        1.0453220224365221       -0.0000000000000000     
  0.63330000000000009        3.5614440072361591        1.0533505415233924       -0.0000000000000000     
  0.63519999999999999        3.5753006933935123        1.0614000063637854       -0.0000000000000000     
  0.63710000000000011        3.5891814895422125        1.0694703031591608       -0.0000000000000000     
  0.63900000000000012        3.6030863857321185        1.0775613191443907       -0.0000000000000000     
  0.64090000000000003        3.6170153717383733        1.0856729425775655       -0.0000000000000000     
  0.64280000000000004        3.6309684370670658        1.0938050627288800       -0.0000000000000000     
  0.64470000000000005        3.6449455709599716        1.1019575698703490       -0.0000000000000000     
  0.64660000000000006        3.6589467624010932        1.1101303552653303       -0.0000000000000000     
  0.64850000000000008        3.6729720001203625        1.1183233111580351       -0.0000000000000000     
  0.65040000000000009        3.6870212725998943        1.1265363307629610       -0.0000000000000000     
  0.65229999999999999        3.7010945680787204        1.1347693082549657       -0.0000000000000000     
  0.65420000000000011        3.7151918745567212        1.1430221387583102       -0.0000000000000000     
  0.65610000000000013        3.7293131798011334        1.1512947183372355       -0.0000000000000000     
  0.65800000000000003        3.7434584713498702        1.1595869439850233       -0.0000000000000000     
  0.65990000000000004        3.7576277365167958        1.1678987136146270       -0.0000000000000000     
  0.66180000000000005        3.7718209623961760        1.1762299260479987       -0.0000000000000000     
  0.66370000000000007        3.7860381358672699        1.1845804810066995       -0.0000000000000000     
  0.66560000000000008        3.8002792435986121        1.1929502791018578       -0.0000000000000000     
  0.66750000000000009        3.8145442720524647        1.2013392218241898       -0.0000000000000000     
  0.66940000000000000        3.8288332074890556        1.2097472115346635       -0.0000000000000000     
  0.67130000000000012        3.8431460359703333        1.2181741514544984       -0.0000000000000000     
  0.67320000000000013        3.8574827433649221        1.2266199456560494       -0.0000000000000000     
  0.67510000000000003        3.8718433153514371        1.2350844990530379       -0.0000000000000000     
  0.67700000000000005        3.8862277374224501        1.2435677173912283       -0.0000000000000000     
  0.67890000000000006        3.9006359948889053        1.2520695072393764       -0.0000000000000000     
  0.68080000000000007        3.9150680728836584        1.2605897759798834       -0.0000000000000000     
  0.68270000000000008        3.9295239563650322        1.2691284317998490       -0.0000000000000000     
  0.68460000000000010        3.9440036301207684        1.2776853836817648       -0.0000000000000000     
  0.68650000000000000        3.9585070787713432        1.2862605413949297       -0.0000000000000000     
  0.68840000000000012        3.9730342867741575        1.2948538154866802       -0.0000000000000000     
  0.69030000000000014        3.9875852384261812        1.3034651172731977       -0.0000000000000000     
  0.69220000000000004        4.0021599178679068        1.3120943588314695       -0.0000000000000000     
  0.69410000000000005        4.0167583090866135        1.3207414529903834       -0.0000000000000000     
  0.69600000000000006        4.0313803959198653        1.3294063133223195       -0.0000000000000000     
  0.69790000000000008        4.0460261620580260        1.3380888541349267       -0.0000000000000000     
  0.69980000000000009        4.0606955910488072        1.3467889904630532       -0.0000000000000000     
  0.70170000000000010        4.0753886662985943        1.3555066380597669       -0.0000000000000000     
  0.70360000000000000        4.0901053710772022        1.3642417133893849       -0.0000000000000000     
  0.70550000000000002        4.1048456885199940        1.3729941336187159       -0.0000000000000000     
  0.70740000000000014        4.1196096016309633        1.3817638166095130       -0.0000000000000000     
  0.70930000000000004        4.1343970932857657        1.3905506809105277       -0.0000000000000000     
  0.71120000000000005        4.1492081462347219        1.3993546457499280       -0.0000000000000000     
  0.71310000000000007        4.1640427431050657        1.4081756310274756       -0.0000000000000000     
  0.71500000000000008        4.1789008664044935        1.4170135573074127       -0.0000000000000000     
  0.71690000000000009        4.1937824985232899        1.4258683458105914       -0.0000000000000000     
  0.71880000000000011        4.2086876217370639        1.4347399184072971       -0.0000000000000000     
  0.72070000000000001        4.2236162182096884        1.4436281976101066       -0.0000000000000000     
  0.72260000000000002        4.2385682699958007        1.4525331065667892       -0.0000000000000000     
  0.72450000000000014        4.2535437590425351        1.4614545690525813       -0.0000000000000000     
  0.72640000000000005        4.2685426671931612        1.4703925094640709       -0.0000000000000000     
  0.72830000000000006        4.2835649761894077        1.4793468528121743       -0.0000000000000000     
  0.73020000000000007        4.2986106676723530        1.4883175247143725       -0.0000000000000000     
  0.73210000000000008        4.3136797231867057        1.4973044513891207       -0.0000000000000000     
  0.73400000000000010        4.3287721241823869        1.5063075596488218       -0.0000000000000000     
  0.73590000000000011        4.3438878520157900        1.5153267768928438       -0.0000000000000000     
  0.73780000000000001        4.3590268879538518        1.5243620311015991       -0.0000000000000000     
  0.73970000000000002        4.3741892131749083        1.5334132508300478       -0.0000000000000000     
  0.74160000000000015        4.3893748087711177        1.5424803652009995       -0.0000000000000000     
  0.74350000000000005        4.4045836557506064        1.5515633038991068       -0.0000000000000000     
  0.74540000000000006        4.4198157350402649        1.5606619971652482       -0.0000000000000000     
  0.74730000000000008        4.4350710274863161        1.5697763757893646       -0.0000000000000000     
  0.74919999999999998        4.4503495138575415        1.5789063711052831       -0.0000000000000000     
  0.75110000000000010        4.4656511748470802        1.5880519149847592       -0.0000000000000000     
  0.75300000000000011        4.4809759910734552        1.5972129398309209       -0.0000000000000000     
  0.75490000000000002        4.4963239430833086        1.6063893785732559       -0.0000000000000000     
  0.75680000000000003        4.5116950113537362        1.6155811646618343       -0.0000000000000000     
  0.75870000000000015        4.5270891762927086        1.6247882320612732       -0.0000000000000000     
  0.76060000000000005        4.5425064182418051        1.6340105152453839       -0.0000000000000000     
  0.76250000000000007        4.5579467174778703        1.6432479491918743       -0.0000000000000000     
  0.76440000000000008        4.5734100542146789        1.6525004693766232       -0.0000000000000000     
  0.76629999999999998        4.5888964086045654        1.6617680117686542       -0.0000000000000000     
  0.76820000000000010        4.6044057607400859        1.6710505128245738       -0.0000000000000000     
  0.77010000000000012        4.6199380906560599        1.6803479094837450       -0.0000000000000000     
  0.77200000000000002        4.6354933783304553        1.6896601391626309       -0.0000000000000000     
  0.77390000000000003        4.6510716036864608        1.6989871397501621       -0.0000000000000000     
  0.77580000000000016        4.6666727465941902        1.7083288496026696       -0.0000000000000000     
  0.77770000000000006        4.6822967868715324        1.7176852075385909       -0.0000000000000000     
  0.77960000000000007        4.6979437042867129        1.7270561528343193       -0.0000000000000000     
  0.78150000000000008        4.7136134785585986        1.7364416252185475       -0.0000000000000000     
  0.78339999999999999        4.7293060893590821        1.7458415648681731       -0.0000000000000000     
  0.78530000000000011        4.7450215163138481        1.7552559124032741       -0.0000000000000000     
  0.78720000000000012        4.7607597390042775        1.7646846088825665       -0.0000000000000000     
  0.78910000000000002        4.7765207369685108        1.7741275957989271       -0.0000000000000000     
  0.79100000000000004        4.7923044897028477        1.7835848150748026       -0.0000000000000000     
  0.79290000000000016        4.8081109766632739        1.7930562090577546       -0.0000000000000000     
  0.79480000000000006        4.8239401772663113        1.8025417205160597       -0.0000000000000000     
  0.79670000000000007        4.8397920708909270        1.8120412926345550       -0.0000000000000000     
  0.79860000000000009        4.8556666368794215        1.8215548690101220       -0.0000000000000000     
  0.80049999999999999        4.8715638545385564        1.8310823936476202       -0.0000000000000000     
  0.80240000000000011        4.8874837031409282        1.8406238109556439       -0.0000000000000000     
  0.80430000000000013        4.9034261619262143        1.8501790657423642       -0.0000000000000000     
  0.80620000000000003        4.9193912101023578        1.8597481032117624       -0.0000000000000000     
  0.80810000000000004        4.9353788268464225        1.8693308689591448       -0.0000000000000000     
  0.81000000000000016        4.9513889913063869        1.8789273089677776       -0.0000000000000000     
  0.81190000000000007        4.9674216826012545        1.8885373696042997       -0.0000000000000000     
  0.81380000000000008        4.9834768798231606        1.8981609976155143       -0.0000000000000000     
  0.81570000000000009        4.9995545620377504        1.9077981401241446       -0.0000000000000000     
  0.81759999999999999        5.0156547082857266        1.9174487446253350       -0.0000000000000000     
  0.81950000000000012        5.0317772975832442        1.9271127589827379       -0.0000000000000000     
  0.82140000000000013        5.0479223089236784        1.9367901314249660       -0.0000000000000000     
  0.82330000000000003        5.0640897212783518        1.9464808105422589       -0.0000000000000000     
  0.82520000000000004        5.0802795135969312        1.9561847452821681       -0.0000000000000000     
  0.82710000000000006        5.0964916648094567        1.9659018849468446       -0.0000000000000000     
  0.82900000000000007        5.1127261538263076        1.9756321791890783       -0.0000000000000000     
  0.83090000000000008        5.1289829595399814        1.9853755780090352       -0.0000000000000000     
  0.83280000000000010        5.1452620608250763        1.9951320317508077       -0.0000000000000000     
  0.83470000000000000        5.1615634365401393        2.0049014910991438       -0.0000000000000000     
  0.83660000000000012        5.1778870655281395        2.0146839070761562       -0.0000000000000000     
  0.83850000000000013        5.1942329266167677        2.0244792310377746       -0.0000000000000000     
  0.84040000000000004        5.2106009986205724        2.0342874146710641       -0.0000000000000000     
  0.84230000000000005        5.2269912603402133        2.0441084099903057       -0.0000000000000000     
  0.84420000000000006        5.2434036905651871        2.0539421693348272       -0.0000000000000000     
  0.84609999999999996        5.2598382680725919        2.0637886453648719       -0.0000000000000000     
  0.84799999999999998        5.2762949716294401        2.0736477910592472       -0.0000000000000000     
  0.84989999999999999        5.2927737799927126        2.0835195597119829       -0.0000000000000000     
  0.85180000000000000        5.3092746719105390        2.0934039049295006       -0.0000000000000000     
  0.85370000000000013        5.3257976261225970        2.1033007806275856       -0.0000000000000000     
  0.85560000000000014        5.3423426213608494        2.1132101410283521       -0.0000000000000000     
  0.85750000000000004        5.3589096363506235        2.1231319406576463       -0.0000000000000000     
  0.85940000000000005        5.3754986498112798        2.1330661343420343       -0.0000000000000000     
  0.86130000000000007        5.3921096404561695        2.1430126772057689       -0.0000000000000000     
  0.86319999999999997        5.4087425869944061        2.1529715246685242       -0.0000000000000000     
  0.86509999999999998        5.4253974681309662        2.1629426324423071       -0.0000000000000000     
  0.86699999999999999        5.4420742625675125        2.1729259565288990       -0.0000000000000000     
  0.86890000000000001        5.4587729490026460        2.1829214532169412       -0.0000000000000000     
  0.87079999999999991        5.4754935061330308        2.1929290790794580       -0.0000000000000000     
  0.87270000000000014        5.4922359126538334        2.2029487909713699       -0.0000000000000000     
  0.87460000000000004        5.5090001472596626        2.2129805460268828       -0.0000000000000000     
  0.87650000000000006        5.5257861886446387        2.2230243016567082       -0.0000000000000000     
  0.87840000000000007        5.5425940155031226        2.2330800155456076       -0.0000000000000000     
  0.88029999999999997        5.5594236065306477        2.2431476456502515       -0.0000000000000000     
  0.88219999999999998        5.5762749404241134        2.2532271501962549       -0.0000000000000000     
  0.88410000000000000        5.5931479958828358        2.2633184876762784       -0.0000000000000000     
  0.88600000000000001        5.6100427516082627        2.2734216168470569       -0.0000000000000000     
  0.88789999999999991        5.6269591863054789        2.2835364967275065       -0.0000000000000000     
  0.88980000000000015        5.6438972786832506        2.2936630865962315       -0.0000000000000000     
  0.89170000000000005        5.6608570074543945        2.3038013459890778       -0.0000000000000000     
  0.89360000000000006        5.6778383513366153        2.3139512346969866       -0.0000000000000000     
  0.89550000000000007        5.6948412890529747        2.3241127127637187       -0.0000000000000000     
  0.89739999999999998        5.7118657993323598        2.3342857404836739       -0.0000000000000000     
  0.89929999999999999        5.7289118609096601        2.3444702783993887       -0.0000000000000000     
  0.90120000000000000        5.7459794525270222        2.3546662872999384       -0.0000000000000000     
  0.90309999999999990        5.7630685529330936        2.3648737282179648       -0.0000000000000000     
  0.90499999999999992        5.7801791408852381        2.3750925624285339       -0.0000000000000000     
  0.90689999999999993        5.7973111951480805        2.3853227514460547       -0.0000000000000000     
  0.90879999999999994        5.8144646944952116        2.3955642570228504       -0.0000000000000000     
  0.91070000000000007        5.8316396177093992        2.4058170411469120       -0.0000000000000000     
  0.91260000000000008        5.8488359435827597        2.4160810660398200       -0.0000000000000000     
  0.91449999999999998        5.8660536509171788        2.4263562941546422       -0.0000000000000000     
  0.91639999999999999        5.8832927185251380        2.4366426881742367       -0.0000000000000000     
  0.91830000000000001        5.9005531252296590        2.4469402110090095       -0.0000000000000000     
  0.92019999999999991        5.9178348498650992        2.4572488257951464       -0.0000000000000000     
  0.92209999999999992        5.9351378712771838        2.4675684958925932       -0.0000000000000000     
  0.92399999999999993        5.9524621683233727        2.4778991848830221       -0.0000000000000000     
  0.92589999999999995        5.9698077198739199        2.4882408565684373       -0.0000000000000000     
  0.92780000000000007        5.9871745048116001        2.4985934749688821       -0.0000000000000000     
  0.92970000000000008        6.0045625020317868        2.5089570043204596       -0.0000000000000000     
  0.93159999999999998        6.0219716904438432        2.5193314090741676       -0.0000000000000000     
  0.93350000000000000        6.0394020489705493        2.5297166538934626       -0.0000000000000000     
  0.93540000000000001        6.0568535565489388        2.5401127036528299       -0.0000000000000000     
  0.93729999999999991        6.0743261921305107        2.5505195234359492       -0.0000000000000000     
  0.93919999999999992        6.0918199346812649        2.5609370785338172       -0.0000000000000000     
  0.94109999999999994        6.1093347631826047        2.5713653344432648       -0.0000000000000000     
  0.94299999999999995        6.1268706566312749        2.5818042568651594       -0.0000000000000000     
  0.94490000000000007        6.1444275940398079        2.5922538117026881       -0.0000000000000000     
  0.94680000000000009        6.1620055544367931        2.6027139650597553       -0.0000000000000000     
  0.94869999999999999        6.1796045168668803        2.6131846832391723       -0.0000000000000000     
  0.95060000000000000        6.1972244603919489        2.6236659327414622       -0.0000000000000000     
  0.95250000000000001        6.2148653640903477        2.6341576802626370       -0.0000000000000000     
  0.95439999999999992        6.2325272070579238        2.6446598926931721       -0.0000000000000000     
  0.95629999999999993        6.2502099684078010        2.6551725371159676       -0.0000000000000000     
  0.95819999999999994        6.2679136272711604        2.6656955808052274       -0.0000000000000000     
  0.96009999999999995        6.2856381627970705        2.6762289912245851       -0.0000000000000000     
  0.96199999999999986        6.3033835541530667        2.6867727360257376       -0.0000000000000000     
  0.96390000000000009        6.3211497805251762        2.6973267830469356       -0.0000000000000000     
  0.96579999999999999        6.3389368211184207        2.7078911003114539       -0.0000000000000000     
  0.96770000000000000        6.3567446551566498        2.7184656560260478       -0.0000000000000000     
  0.96960000000000002        6.3745732618834428        2.7290504185797375       -0.0000000000000000     
  0.97149999999999992        6.3924226205616597        2.7396453565419745       -0.0000000000000000     
  0.97339999999999993        6.4102927104741054        2.7502504386616491       -0.0000000000000000     
  0.97529999999999994        6.4281835109235823        2.7608656338652744       -0.0000000000000000     
  0.97719999999999996        6.4460950012335294        2.7714909112560817       -0.0000000000000000     
  0.97909999999999986        6.4640271607472242        2.7821262401118991       -0.0000000000000000     
  0.98100000000000009        6.4819799688293172        2.7927715898845498       -0.0000000000000000     
  0.98290000000000000        6.4999534048650185        2.8034269301980164       -0.0000000000000000     
  0.98480000000000001        6.5179474482608022        2.8140922308472756       -0.0000000000000000     
  0.98670000000000002        6.5359620784447374        2.8247674617970655       -0.0000000000000000     
  0.98859999999999992        6.5539972748660240        2.8354525931801815       -0.0000000000000000     
  0.99049999999999994        6.5720530169958096        2.8461475952965687       -0.0000000000000000     
  0.99239999999999995        6.5901292843274941        2.8568524386120737       -0.0000000000000000     
  0.99429999999999996        6.6082260563761483        2.8675670937567102       -0.0000000000000000     
  0.99619999999999986        6.6263433126792757        2.8782915315237640       -0.0000000000000000     
  0.99810000000000010        6.6444810327973780        2.8890257228687224       -0.0000000000000000     
   1.0000000000000000        6.6626391963129166        2.8997696389073875       -0.0000000000000000     
