  0.1581E-10  0.7454E-10  0.1571E-15
  0.3972E-10  0.1872E-09  0.7689E-15
  0.9976E-10  0.4702E-09  0.3641E-14
  0.2506E-09  0.1181E-08  0.1666E-13
  0.6294E-09  0.2968E-08  0.7332E-13
  0.1581E-08  0.7454E-08  0.3085E-12
  0.3972E-08  0.1873E-07  0.1237E-11
  0.5000E-08  0.2358E-07  0.1663E-11
  0.9976E-08  0.4705E-07  0.4539E-11
  0.1990E-07  0.9387E-07  0.1212E-10
  0.3972E-07  0.1873E-06  0.3182E-10
  0.7924E-07  0.3738E-06  0.8236E-10
  0.1581E-06  0.7459E-06  0.2112E-09
  0.1990E-06  0.9392E-06  0.2764E-09
  0.3155E-06  0.1489E-05  0.5152E-09
  0.5000E-06  0.2360E-05  0.9581E-09
  0.6294E-06  0.2971E-05  0.1306E-08
  0.7924E-06  0.3741E-05  0.1593E-08
  0.9976E-06  0.4710E-05  0.2170E-08
  0.1581E-05  0.7465E-05  0.4023E-08
  0.2506E-05  0.1184E-04  0.7452E-08
  0.3972E-05  0.1877E-04  0.1380E-07
  0.5000E-05  0.2363E-04  0.1791E-07
  0.6294E-05  0.2973E-04  0.2436E-07
  0.7924E-05  0.3747E-04  0.3315E-07
  0.9976E-05  0.4716E-04  0.4507E-07
  0.1256E-04  0.5941E-04  0.6130E-07
  0.1581E-04  0.7479E-04  0.8002E-07
  0.1990E-04  0.9418E-04  0.1077E-06
  0.2506E-04  0.1186E-03  0.1464E-06
  0.3155E-04  0.1494E-03  0.1882E-06
  0.3972E-04  0.1881E-03  0.2559E-06
  0.5000E-04  0.2369E-03  0.3479E-06
  0.6294E-04  0.2982E-03  0.4729E-06
  0.7924E-04  0.3758E-03  0.6430E-06
  0.9976E-04  0.4730E-03  0.8214E-06
  0.1105E-03  0.5242E-03  0.9147E-06
  0.1256E-03  0.5958E-03  0.1041E-05
  0.1581E-03  0.7505E-03  0.1415E-05
  0.1990E-03  0.9452E-03  0.1840E-05
  0.2506E-03  0.1191E-02  0.2384E-05
  0.2572E-03  0.1222E-02  0.2469E-05
  3.00000014E-04   1.4259999025773406E-003   2.5299998001293060E-006
   3.99999990E-04   1.9029998712601971E-003   2.8899998777889927E-006
   5.00000024E-04   2.3790000204849632E-003   3.2400001089757357E-006
   6.00000028E-04   2.8550001697097292E-003   3.5999998916547005E-006
   6.99999975E-04   3.3319998363323263E-003   4.0000002401483272E-006
   7.99999980E-04   3.8090001070754421E-003   4.3600000228272920E-006
   8.99999985E-04   4.2849999542399486E-003   4.7599997813594750E-006
   1.00000005E-03   4.7619999229228053E-003   5.1699996813453231E-006
   1.50000001E-03   7.1460002489392559E-003   7.4500000748630977E-006
   2.00000009E-03   9.5310003944137963E-003   9.9800001699731268E-006
   2.49999994E-03   1.1915999331647300E-002   1.2720000580783633E-005
   3.00000003E-03   1.4303000324279058E-002   1.5709999513263505E-005
   3.50000011E-03   1.6688999685091171E-002   1.8799999270318588E-005
   4.00000019E-03   1.9076000677722929E-002   2.2039999084313605E-005
   4.49999981E-03   2.1464000885692256E-002   2.5440001161567265E-005
   4.99999989E-03   2.3851999885420552E-002   2.8989999755992195E-005
   5.49999997E-03   2.6240001301630917E-002   3.2639999174992334E-005
   6.00000005E-03   2.8628998308455743E-002   3.6389999418567687E-005
   6.50000013E-03   3.1016999724666112E-002   4.0240000486718251E-005
   7.00000022E-03   3.3406999571551618E-002   4.4290000844173463E-005
   7.49999983E-03   3.5795998994858517E-002   4.8399997920620557E-005
   8.00000038E-03   3.8185998841744027E-002   5.2700000339513797E-005
   8.50000046E-03   4.0576001105111614E-002   5.7059999477398926E-005
   8.99999961E-03   4.2965998535515047E-002   6.1569999852146870E-005
   9.49999969E-03   4.5357001222461245E-002   6.6179996331778478E-005
   9.99999978E-03   4.7747999076443289E-002   7.0949999794360272E-005
   1.20000001E-02   5.7313000581878368E-002   9.1620002213037283E-005
   1.40000004E-02   6.6882999372242347E-002   1.1488999775252050E-004
   1.60000008E-02   7.6454999009763533E-002   1.4067999708040945E-004
   1.79999992E-02   8.6032000765177780E-002   1.6967000391593896E-004
   1.99999996E-02   9.5611003367749234E-002   2.0174999280968026E-004
   2.19999999E-02  0.10519399799870682        2.3687001054626121E-004
   2.40000002E-02  0.11478099432397884        2.7537999393601338E-004
   2.60000005E-02  0.12437000116233639        3.1723999550965201E-004
   2.80000009E-02  0.13396300002908007        3.6218999802026865E-004
   2.99999993E-02  0.14356000059013818        4.1054002856644243E-004
   3.20000015E-02  0.15315900199835350        4.6202000751887896E-004
   3.40000018E-02  0.16276199543495498        5.1660003091191320E-004
   3.59999985E-02  0.17236799497525640        5.7416999778105160E-004
   3.79999988E-02  0.18197799620987229        6.3438000907349503E-004
   3.99999991E-02  0.19159099388225984        6.9757003361102011E-004
   4.19999994E-02  0.20120698799241907        7.6345005578722222E-004
   4.39999998E-02  0.21082599787220657        8.3187002716832311E-004
   4.60000001E-02  0.22044798485790917        9.0271002983140398E-004
   4.80000004E-02  0.23007399286978278        9.7589001780776555E-004
   5.00000007E-02  0.23970301665128466        1.0513999475937881E-003
   5.20000011E-02  0.24933399295030229        1.1289900908701435E-003
   5.40000014E-02  0.25896899027549092        1.2087600520073168E-003
   5.60000017E-02  0.26860700337030785        1.2905500411281691E-003
   5.79999983E-02  0.27824700764635368        1.3745199236249043E-003
   5.99999987E-02  0.28789101361671393        1.4601700163136713E-003
   6.19999990E-02  0.29753699143644657        1.5480401008777353E-003
   6.40000030E-02  0.30718700961420675        1.6334799596260702E-003
   6.59999996E-02  0.31683899964133933        1.7254100361346022E-003
   6.80000037E-02  0.32649398610624353        1.8190598927291270E-003
   7.00000003E-02  0.33615102174794648        1.9148400293019538E-003
   7.19999969E-02  0.34581200108839405        2.0122899549878692E-003
   7.40000010E-02  0.35547499094192714        2.1117200367032434E-003
   7.59999976E-02  0.36514099656508853        2.2012200384261757E-003
   7.80000016E-02  0.37480901270133538        2.3074399816789149E-003
   7.99999982E-02  0.38448000594349735        2.4154299980508106E-003
   8.20000023E-02  0.39415401495528757        2.5240300251162450E-003

5.0000000000000003E-002	0.23915504531362841	7.8650049872662931E-004
5.1899999999999995E-002	0.24827422832988083	8.6623413076180526E-004
5.3800000000000001E-002	0.25739640597170294	9.5054634625465215E-004
5.5700000000000006E-002	0.26652163440424526	1.0394609451166103E-003
5.7599999999999998E-002	0.27564996643489814	1.1330005136130342E-003
5.9499999999999997E-002	0.28478145229171498	1.2311874079778593E-003
6.1400000000000003E-002	0.29391613961075919	1.3340446862706548E-003
6.3300000000000009E-002	0.30305407381607430	1.4415969218610383E-003
6.5200000000000008E-002	0.31219529843283289	1.5538709325434211E-003
6.7099999999999993E-002	0.32133985520362995	1.6708964360728756E-003
6.9000000000000006E-002	0.33048778440960735	1.7927066187286202E-003
7.0900000000000005E-002	0.33963912507545668	1.9193386370639851E-003
7.2799999999999990E-002	0.34879391516088448	2.0508340533178558E-003
7.4700000000000003E-002	0.35795219184738031	2.1872392079983708E-003
7.6600000000000001E-002	0.36711399160467717	2.3286055405192289E-003
7.8500000000000000E-002	0.37627935044926697	2.4749898551786709E-003
8.0400000000000013E-002	0.38544830409149938	2.6264545423690978E-003
8.2300000000000012E-002	0.39462088809228762	2.7830677572787442E-003
8.4199999999999997E-002	0.40379713800817296	2.9449035602591156E-003
8.6099999999999996E-002	0.41297708952506357	3.1120420226690339E-003
8.7999999999999995E-002	0.42216077856538248	3.2845693017679112E-003
8.9899999999999994E-002	0.43134824148143552	3.4625776875897240E-003
9.1800000000000007E-002	0.44053951504493993	3.6461656251915455E-003
9.3700000000000006E-002	0.44973463662157109	3.8354377145680134E-003
9.5600000000000004E-002	0.45893364424223343	4.0305046910978411E-003
9.7500000000000017E-002	0.46813657668453590	4.2314833886848858E-003
9.9400000000000002E-002	0.47734347354804130	4.4384966877180753E-003
0.10130000000000000	0.48655437532206991	4.6516734499018374E-003
0.10320000000000000	0.49576932344680597	4.8711484414435159E-003
0.10510000000000000	0.50498836036957961	5.0970622466245856E-003
0.10700000000000000	0.51421152959375771	5.3295611727366661E-003
0.10890000000000001	0.52343887572412928	5.5687971481098277E-003
0.11080000000000001	0.53267044450530754	5.8149276141292354E-003
0.11270000000000001	0.54190628285802678	6.0681154124628328E-003
0.11460000000000002	0.55114643890957249	6.3285286685566310E-003
0.11649999999999999	0.56039096200398542	6.5963406719898917E-003
0.11840000000000001	0.56963990278703336	6.8717297546121887E-003
0.12030000000000000	0.57889331313505832	7.1548791675459375E-003
0.12220000000000000	0.58815124623091630	7.4459769569395207E-003
0.12410000000000000	0.59741375656251439	7.7452158396352951E-003
0.12600000000000000	0.60668089289815119	8.0509269685209075E-003
0.12790000000000001	0.61595265674993771	8.3611138854047060E-003
0.12980000000000003	0.62522906444269544	8.6779389915866076E-003
0.13169999999999998	0.63451015107239972	9.0021716393949812E-003
0.13360000000000000	0.64379595956618108	9.3343181693024517E-003
0.13550000000000001	0.65308653802838279	9.6747847031556922E-003
0.13739999999999999	0.66238193852003246	1.0023926859140291E-002
0.13930000000000001	0.67168221636133041	1.0382071093998179E-002
0.14120000000000002	0.68098742968265413	1.0749525622886681E-002
0.14310000000000000	0.69029763911080688	1.1126586660169288E-002
0.14500000000000002	0.69961290753794347	1.1513542270335091E-002
0.14690000000000000	0.70893329994338294	1.1910674882058448E-002
0.14879999999999999	0.71825888325119613	1.2318263001588047E-002
0.15070000000000000	0.72758972621410967	1.2736582420777002E-002
0.15260000000000001	0.73692589931601504	1.3165907092498737E-002
0.15450000000000000	0.74626747468828392	1.3606509779224167E-002
0.15640000000000001	0.75561452603813750	1.4058662542941849E-002
0.15830000000000002	0.76496712858467064	1.4522637121069347E-002
0.16020000000000001	0.77432535900273658	1.4998705219031570E-002
0.16210000000000002	0.78368929537218412	1.5487138740937854E-002
0.16400000000000001	0.79305901713186999	1.5988209973531353E-002
0.16589999999999999	0.80243460503803776	1.6502191734497726E-002
0.16780000000000000	0.81181614112573963	1.7029357493303011E-002
0.16970000000000002	0.82120370867349723	1.7569981470815996E-002
0.17160000000000000	0.83059739217066830	1.8124338722207416E-002
0.17350000000000002	0.83999727728667584	1.8692705206833519E-002
0.17540000000000003	0.84940345084296276	1.9275357847697565E-002
0.17730000000000001	0.85881600078588216	1.9872574582792589E-002
0.17920000000000003	0.86823501616220522	2.0484634409929141E-002
0.18110000000000001	0.87766058708645911	2.1111817426315304E-002
0.18300000000000000	0.88709280475476737	2.1754404863784764E-002
0.18490000000000001	0.89653176137042956	2.2412679121066356E-002
0.18680000000000002	0.90597755015989268	2.3086923792786523E-002
0.18870000000000001	0.91543026534541339	2.3777423696397879E-002
0.19060000000000002	0.92489000212747163	2.4484464897109759E-002
0.19250000000000003	0.93435685666818880	2.5208334731080473E-002
0.19439999999999999	0.94383092607567798	2.5949321827097693E-002
0.19630000000000000	0.95331230838905889	2.6707716126769514E-002
0.19820000000000002	0.96280110256441953	2.7483808903396457E-002
0.20010000000000000	0.97229740846141777	2.8277892779382856E-002
0.20200000000000001	0.98180132683046084	2.9090261742267278E-002
0.20390000000000003	0.99131295930071983	2.9921211159196250E-002
0.20580000000000001	1.0008324083685132	3.0771037789841832E-002
0.20770000000000002	1.0103597773863562	3.1640039797508630E-002
0.20960000000000004	1.0198951705524917	3.2528516758402681E-002
0.21149999999999999	1.0294386929007979	3.3436769668768893E-002
0.21340000000000001	1.0389904502912710	3.4365100949856078E-002
0.21529999999999999	1.0485505494006870	3.5313814450321994E-002
0.21720000000000000	1.0581190977137542	3.6283215446068579E-002
0.21909999999999999	1.0676962035144890	3.7273610637121445E-002
0.22100000000000003	1.0772819758779029	3.8285308141450980E-002
0.22289999999999999	1.0868765246618357	3.9318617485408713E-002
0.22479999999999997	1.0964799604990862	4.0373849590616691E-002
0.22670000000000001	1.1060923947895123	4.1451316757031856E-002
0.22860000000000000	1.1157139396924209	4.2551332641968642E-002
0.23050000000000001	1.1253447081189152	4.3674212234829854E-002
0.23240000000000000	1.1349848137242613	4.4820271827358191E-002
0.23430000000000001	1.1446343709002922	4.5989828979096231E-002
0.23619999999999999	1.1542934947677292	4.7183202477934019E-002
0.23810000000000003	1.1639623011684228	4.8400712295462278E-002
0.23999999999999999	1.1736409066574440	4.9642679536961047E-002
0.24189999999999998	1.1833294284950400	5.0909426385782719E-002
0.24380000000000002	1.1930279846383141	5.2201276042038065E-002
0.24570000000000000	1.2027366937327946	5.3518552655300894E-002
0.24760000000000001	1.2124556751035531	5.4861581251257632E-002
0.24950000000000000	1.2221850487461254	5.6230687652121719E-002
0.25140000000000001	1.2319249353170556	5.7626198390723235E-002
0.25330000000000003	1.2416754561239884	5.9048440618092002E-002
0.25519999999999998	1.2514367331154213	6.0497742004553226E-002
0.25710000000000000	1.2612088888699597	6.1974430634162678E-002
0.25900000000000001	1.2709920465850666	6.3478834892520347E-002
0.26090000000000002	1.2807863300652969	6.5011283347854457E-002
0.26279999999999998	1.2905918637100302	6.6572104625457096E-002
0.26469999999999999	1.3004087725005666	6.8161627275429196E-002
0.26660000000000000	1.3102371819865815	6.9780179633804118E-002
0.26849999999999996	1.3200772182720952	7.1428089677143702E-002
0.27040000000000003	1.3299290080006003	7.3105684870645421E-002
0.27229999999999999	1.3397926783396570	7.4813292009958954E-002
0.27420000000000000	1.3496683569706984	7.6551237057174773E-002
0.27610000000000001	1.3595561720479130	7.8319844968952820E-002
0.27799999999999997	1.3694562522173614	8.0119439522593747E-002
0.27989999999999998	1.3793687265739363	8.1950343132825190E-002
0.28179999999999999	1.3892937246483537	8.3812876665145392E-002
0.28370000000000001	1.3992313763874555	8.5707359243781700E-002
0.28559999999999997	1.4091818121333575	8.7634108054959040E-002
0.28750000000000003	1.4191451626021350	8.9593438145772308E-002
0.28939999999999999	1.4291215588615285	9.1585662219164643E-002
0.29130000000000000	1.4391111323079830	9.3611090425175555E-002
0.29320000000000002	1.4491140146428176	9.5670030149106966E-002
0.29509999999999997	1.4591303378476694	9.7762785796873461E-002
0.29699999999999999	1.4691602341592493	9.9889658578102891E-002
0.29890000000000000	1.4792038360432200	0.10205094628738197
0.30080000000000001	1.4892612761673165	0.10424694308417773
0.30269999999999997	1.4993326873738924	0.10647793927201081
0.30460000000000004	1.5094182026516616	0.10874422107724327
0.30649999999999999	1.5195179551067641	0.11104607042818161
0.30840000000000001	1.5296320779331967	0.11338376473496121
0.31030000000000002	1.5397607043826202	0.11575757667077423
0.31219999999999998	1.5499039677335298	0.11816777395500377
0.31409999999999999	1.5600620012599133	0.12061461913884551
0.31600000000000000	1.5702349381992851	0.12309836939394603
0.31790000000000002	1.5804229117203406	0.12561927630466452
0.31979999999999997	1.5906260548900331	0.12817758566444967
0.32170000000000004	1.6008445006403298	0.13077353727695012
0.32360000000000000	1.6110783817345002	0.13340736476236201
0.32549999999999996	1.6213278307331314	0.13607929536953042
0.32740000000000002	1.6315929799598614	0.13878954979434704
0.32929999999999998	1.6418739614724138	0.14153834200589774
0.33119999999999999	1.6521709070048600	0.14432587907483865
0.33310000000000001	1.6624839479681290	0.14715236101968948
0.33500000000000002	1.6728132153908906	0.15001798065089433
0.33689999999999998	1.6831588398906070	0.15292292342861824
0.33879999999999999	1.6935209516388068	0.15586736732855999
0.34070000000000000	1.7038996803258102	0.15885148271677510
0.34259999999999996	1.7142951551260022	0.16187543223422210
0.34450000000000003	1.7247075046631102	0.16493937069115322
0.34639999999999999	1.7351368569757393	0.16804344497149820
0.34830000000000000	1.7455833394831388	0.17118779394770156
0.35020000000000001	1.7560470789512674	0.17437254840590785
0.35210000000000002	1.7665282014592816	0.17759783098188658
0.35399999999999998	1.7770268323662930	0.18086375610757632
0.35589999999999999	1.7875430962787588	0.18417042996854149
0.35780000000000001	1.7980771170182526	0.18751795047218048
0.35969999999999996	1.8086290175955000	0.19090640722831834
0.36160000000000003	1.8191989201557226	0.19433588153281595
0.36349999999999999	1.8297869459846534	0.19780644637768990
0.36540000000000000	1.8403932154540443	0.20131816645589956
0.36730000000000002	1.8510178479985879	0.20487109818448995
0.36920000000000003	1.8616609620877198	0.20846528973658554
0.37109999999999999	1.8723226751982172	0.21210078108344493
0.37300000000000000	1.8830031037872916	0.21577760404633098
0.37490000000000001	1.8937023632668450	0.21949578235802997
0.37679999999999997	1.9044205679783084	0.22325533173364878
0.37870000000000004	1.9151578311685487	0.22705625995046877
0.38059999999999999	1.9259142649666616	0.23089856693646352
0.38250000000000001	1.9366899803678199	0.23478224486932772
0.38440000000000002	1.9474850871859408	0.23870727827228710
0.38629999999999998	1.9582996940739719	0.24267364414056244
0.38819999999999999	1.9691339084763102	0.24668131205133603
0.39010000000000000	1.9799878366175467	0.25073024429264879
0.39200000000000002	1.9908615834850105	0.25482039599621242
0.39389999999999997	2.0017552528124694	0.25895171527615707
0.39580000000000004	2.0126689470646157	0.26312414337336681
0.39770000000000000	2.0236027674226444	0.26733761480488022
0.39959999999999996	2.0345568137708590	0.27159205751796051
0.40150000000000002	2.0455311846841755	0.27588739304840082
0.40339999999999998	2.0565259774225937	0.28022353668524697
0.40529999999999999	2.0675412878962049	0.28460039762557582
0.40720000000000001	2.0785772106945575	0.28901787915989063
0.40910000000000002	2.0896338390508382	0.29347587883130372
0.41099999999999998	2.1007112648415087	0.29797428861188391
0.41290000000000004	2.1118095785798223	0.30251299507761537
0.41480000000000000	2.1229288694101807	0.30709187958468809
0.41669999999999996	2.1340692251033486	0.31171081844686405
0.41860000000000003	2.1452307320526600	0.31636968311339120
0.42049999999999998	2.1564134752777067	0.32106834035079684
0.42240000000000005	2.1676175383944409	0.32580665240639650
0.42430000000000007	2.1788430036579380	0.33058447720923351
0.42620000000000002	2.1900899519310206	0.33540166853101300
0.42809999999999998	2.2013584626926508	0.34025807616660381
0.43000000000000005	2.2126486140392960	0.34515354610892385
0.43190000000000006	2.2239604826867279	0.35008792072244033
0.43380000000000002	2.2352941439727236	0.35506103891488150
0.43570000000000003	2.2466496718603506	0.36007273630694886
0.43759999999999999	2.2580271389485684	0.36512284540413803
0.43950000000000006	2.2694266164494517	0.37021119574420197
0.44140000000000007	2.2808481742366151	0.37533761408743166
0.44330000000000003	2.2922918808210451	0.38050192455732001
0.44519999999999998	2.3037578033653143	0.38570394880258863
0.44710000000000000	2.3152460076908103	0.39094350615113665
0.44900000000000007	2.3267565582852434	0.39622041376095407
0.45090000000000002	2.3382895183106558	0.40153448676765974
0.45280000000000004	2.3498449496121090	0.40688553842884212
0.45469999999999999	2.3614229127265687	0.41227338026482335
0.45660000000000006	2.3730234668924606	0.41769782219606932
0.45850000000000007	2.3846466700653659	0.42315867268205815
0.46040000000000003	2.3962925789036404	0.42865573883026403
0.46229999999999999	2.4079612488176143	0.43418882655571717
0.46420000000000000	2.4196527339535092	0.43975774068100842
0.46610000000000007	2.4313670872119748	0.44536228506157283
0.46800000000000003	2.4431043602593863	0.45100226270097138
0.46990000000000004	2.4548646035399626	0.45667747586304452
0.47180000000000011	2.4666478662874747	0.46238772617972118
0.47370000000000007	2.4784541965379288	0.46813281475577856
0.47560000000000008	2.4902836411417786	0.47391254226956370
0.47750000000000004	2.5021362457769403	0.47972670907026260
0.47939999999999999	2.5140120549614404	0.48557511527161518
0.48130000000000006	2.5259111120666686	0.49145756084200998
0.48320000000000007	2.5378334593304768	0.49737384569114002
0.48510000000000003	2.5497791378744576	0.50332376975957449
0.48700000000000004	2.5617481877010713	0.50930713307268760
0.48890000000000011	2.5737406477326465	0.51532373585691593
0.49080000000000007	2.5857565558073250	0.52137337858597177
0.49270000000000008	2.5977959486974473	0.52745586205774253
0.49460000000000004	2.6098588621229726	0.53357098746111831
0.49650000000000000	2.6219453307657168	0.53971855644017286
0.49840000000000007	2.6340553882827007	0.54589837115463313
0.50030000000000008	2.6461890673203734	0.55211023433821671
0.50220000000000009	2.6583463995281464	0.55835394935346006
0.50409999999999999	2.6705274155723431	0.56462932024420498
0.50600000000000001	2.6827321451500126	0.57093615178521151
0.50790000000000013	2.6949606170026481	0.57727424952913309
0.50980000000000003	2.7072128589298656	0.58364341985102286
0.51170000000000004	2.7194888978033367	0.59004346999038393
0.51360000000000006	2.7317887595801960	0.59647420809074214
0.51550000000000007	2.7441124693167125	0.60293544323691306
0.51740000000000008	2.7564600511818651	0.60942698549016583
0.51930000000000009	2.7688315284706504	0.61594864592098764
0.52120000000000000	2.7812269236175631	0.62250023663994913
0.52310000000000001	2.7936462582071324	0.62908157083400995
0.52500000000000013	2.8060895529979439	0.63569246276266467
0.52690000000000003	2.8185568279192093	0.64233272782950102
0.52880000000000005	2.8310481020955325	0.64900218257406395
0.53070000000000006	2.8435633938556926	0.65570064470075418
0.53260000000000007	2.8561027207464162	0.66242793309891312
0.53450000000000009	2.8686660995445594	0.66918386786072070
0.53640000000000010	2.8812535462698774	0.67596827029788942
0.53830000000000000	2.8938650761973497	0.68278096295661761
0.54020000000000001	2.9065007038695656	0.68962176963133648
0.54210000000000014	2.9191604431085207	0.69649051537685958
0.54400000000000004	2.9318443070281117	0.70338702651950158
0.54590000000000005	2.9445523080458171	0.71031113066669849
0.54780000000000006	2.9572844578944144	0.71726265671560074
0.54970000000000008	2.9700407676336802	0.72424143486046022
0.55160000000000009	2.9828212476617657	0.73124729659888776
0.55350000000000010	2.9956259077268310	0.73828007473717583
0.55540000000000000	3.0084547569378937	0.74533960339448346
0.55730000000000002	3.0213078037760202	0.75242571800629832
0.55920000000000014	3.0341850561055668	0.75953825532679697
0.56110000000000004	3.0470865211843283	0.76667705343034254
0.56300000000000006	3.0600122056749122	0.77384195171244785
0.56490000000000007	3.0729621156544695	0.78103279088958355
0.56680000000000008	3.0859362566258342	0.78824941299861218
0.56870000000000009	3.0989346335271364	0.79549166139520511
0.57060000000000011	3.1119572507420732	0.80275938075185294
0.57250000000000001	3.1250041121101240	0.81005241705534026
0.57440000000000002	3.1380752209357046	0.81737061760303331
0.57630000000000015	3.1511705799984306	0.82471383099950579
0.57820000000000005	3.1642901915621580	0.83208190715188357
0.58010000000000006	3.1774340573849535	0.83947469726526780
0.58200000000000007	3.1906021786942587	0.84689205384580379
0.58389999999999997	3.2037945563299397	0.85433383066016799
0.58580000000000010	3.2170111905521326	0.86179988278221220
0.58770000000000011	3.2302520811851063	0.86929006655119634
0.58960000000000001	3.2435172275915765	0.87680423957358755
0.59150000000000003	3.2568066286805917	0.88434226071564492
0.59340000000000015	3.2701202829177340	0.89190399009658650
0.59530000000000005	3.2834581883320153	0.89948928908027592
0.59720000000000006	3.2968203425236560	0.90709802026683828
0.59910000000000008	3.3102067426740591	0.91473004748548314
0.60099999999999998	3.3236173855513655	0.92238523578470777
0.60290000000000010	3.3370522675201433	0.93006345142454772
0.60480000000000012	3.3505113845473948	0.93776456186671353
0.60670000000000002	3.3639947322117436	0.94548843576661046
0.60860000000000003	3.3775023057089859	0.95323494296277977
0.61050000000000015	3.3910340998611068	0.96100395446857434
0.61240000000000006	3.4045901091220032	0.96879534246203547
0.61430000000000007	3.4181703275853028	0.97660898027619536
0.61620000000000008	3.4317747489912422	0.98444474238977686
0.61809999999999998	3.4454033667333284	0.99230250441688694
0.62000000000000011	3.4590561738645422	1.0001821430970086
0.62190000000000012	3.4727331631046354	1.0080835362855720
0.62380000000000002	3.4864343268466711	1.0160065629433863
0.62570000000000003	3.5001596571621931	1.0239511031264756
0.62760000000000005	3.5139091458089675	1.0319170379764289
0.62950000000000006	3.5276827842359175	1.0399042497095605
0.63140000000000007	3.5414805635899662	1.0479126216072323
0.63330000000000009	3.5553024747215551	1.0559420380053510
0.63519999999999999	3.5691485081903864	1.0639923842842052
0.63710000000000011	3.5830186542714433	1.0720635468583513
0.63900000000000012	3.5969129029604745	1.0801554131662288
0.64090000000000003	3.6108312439793671	1.0882678716598932
0.64280000000000004	3.6247736667817056	1.0964008117950741
0.64470000000000005	3.6387401605584926	1.1045541240209591
0.64660000000000006	3.6527307142423235	1.1127276997697424
0.64850000000000008	3.6667453165138104	1.1209214314469387
0.65040000000000009	3.6807839558059747	1.1291352124213074
0.65229999999999999	3.6948466203088461	1.1373689370142561
0.65420000000000011	3.7089332979752538	1.1456225004907306
0.65610000000000013	3.7230439765249526	1.1538957990486167
0.65800000000000003	3.7371786434499215	1.1621887298094478
0.65990000000000004	3.7513372860180860	1.1705011908079213
0.66180000000000005	3.7655198912782182	1.1788330809825507
0.66370000000000007	3.7797264460657276	1.1871843001665650
0.66560000000000008	3.7939569370046242	1.1955547490769889
0.66750000000000009	3.8082113505139543	1.2039443293062670
0.66940000000000000	3.8224896728106050	1.2123529433122264
0.67130000000000012	3.8367918899145108	1.2207804944087752
0.67320000000000013	3.8511179876523793	1.2292268867569547
0.67510000000000003	3.8654679516609156	1.2376920253548860
0.67700000000000005	3.8798417673922474	1.2461758160295564
0.67890000000000006	3.8942394201166515	1.2546781654270962
0.68080000000000007	3.9086608949266259	1.2631989810039472
0.68270000000000008	3.9231061767409274	1.2717381710180555
0.68460000000000010	3.9375752503081083	1.2802956445200318
0.68650000000000000	3.9520681002099818	1.2888713113442136
0.68840000000000012	3.9665847108649235	1.2974650821001006
0.69030000000000014	3.9811250665320279	1.3060768681639165
0.69220000000000004	3.9956891513144108	1.3147065816700700
0.69410000000000005	4.0102769491613257	1.3233541355022820
0.69600000000000006	4.0248884438737633	1.3320194432863353
0.69790000000000008	4.0395236191056760	1.3407024193807315
0.69980000000000009	4.0541824583674986	1.3494029788689537
0.70170000000000010	4.0688649450305912	1.3581210375518702
0.70360000000000000	4.0835710623286143	1.3668565119389182
0.70550000000000002	4.0983007933613242	1.3756093192409116
0.70740000000000014	4.1130541210978935	1.3843793773619708
0.70930000000000004	4.1278310283791511	1.3931666048918716
0.71120000000000005	4.1426314979209522	1.4019709210984888
0.71310000000000007	4.1574555123162842	1.4107922459200026
0.71500000000000008	4.1723030540389283	1.4196304999578702
0.71690000000000009	4.1871741054452780	1.4284856044690133
0.71880000000000011	4.2020686487778356	1.4373574813590515
0.72070000000000001	4.2169866661677222	1.4462460531749217
0.72260000000000002	4.2319281396357118	1.4551512430971527
0.72450000000000014	4.2468930510971994	1.4640729749340549
0.72640000000000005	4.2618813823630148	1.4730111731138158
0.72830000000000006	4.2768931151423049	1.4819657626782230
0.73020000000000007	4.2919282310448734	1.4909366692753940
0.73210000000000008	4.3069867115835354	1.4999238191534516
0.73400000000000010	4.3220685381767954	1.5089271391541517
0.73590000000000011	4.3371736921500856	1.5179465567055093
0.73780000000000001	4.3523021547393617	1.5269819998164589
0.73970000000000002	4.3674539070922753	1.5360333970695330
0.74160000000000015	4.3826289302705677	1.5451006776152891
0.74350000000000005	4.3978272052523053	1.5541837711656341
0.74540000000000006	4.4130487129341454	1.5632826079880411
0.74730000000000008	4.4282934341329074	1.5723971188993673
0.74919999999999998	4.4435613495872488	1.5815272352595122
0.75110000000000010	4.4588524399614418	1.5906728889665309
0.75300000000000011	4.4741666858446640	1.5998340124495065
0.75490000000000002	4.4895040677550657	1.6090105386638895
0.75680000000000003	4.5048645661404940	1.6182024010852434
0.75870000000000015	4.5202481613806125	1.6274095337038328
0.76060000000000005	4.5356548337887137	1.6366318710189394
0.76250000000000007	4.5510845636136139	1.6458693480337796
0.76440000000000008	4.5665373310414674	1.6551219002498434
0.76629999999999998	4.5820131161965412	1.6643894636611907
0.76820000000000010	4.5975118991441315	1.6736719747500126
0.77010000000000012	4.6130336598914585	1.6829693704808317
0.77200000000000002	4.6285783783896308	1.6922815882957394
0.77390000000000003	4.6441460345352814	1.7016085661092024
0.77580000000000016	4.6597366081710430	1.7109502423026450
0.77770000000000006	4.6753500790892550	1.7203065557206205
0.77960000000000007	4.6909864270310511	1.7296774456647328
0.78150000000000008	4.7066456316895522	1.7390628518895959
0.78339999999999999	4.7223276727104517	1.7484627145977334
0.78530000000000011	4.7380325296941068	1.7578769744354554
0.78720000000000012	4.7537601821960065	1.7673055724873199
0.78910000000000002	4.7695106097291520	1.7767484502724542
0.79100000000000004	4.7852837917645203	1.7862055497395288
0.79290000000000016	4.8010797077330407	1.7956768132625116
0.79480000000000006	4.8168983370266849	1.8051621836363758
0.79670000000000007	4.8327396589994827	1.8146616040724883
0.79860000000000009	4.8486036529694996	1.8241750181947212
0.80049999999999999	4.8644902982190628	1.8337023700348407
0.80240000000000011	4.8803995739967077	1.8432436040285569
0.80430000000000013	4.8963314595182030	1.8527986650114512
0.80620000000000003	4.9122859339679970	1.8623674982150553
0.80810000000000004	4.9282629764992123	1.8719500492621213
0.81000000000000016	4.9442625662366551	1.8815462641638234
0.81190000000000007	4.9602846822762068	1.8911560893148687
0.81380000000000008	4.9763293036866427	1.9007794714899311
0.81570000000000009	4.9923964095109437	1.9104163578402324
0.81759999999999999	5.0084859787672462	1.9200666958894159
0.81950000000000012	5.0245979904491342	1.9297304335296963
0.82140000000000013	5.0407324235273592	1.9394075190184452
0.82330000000000003	5.0568892569513011	1.9490979009749008
0.82520000000000004	5.0730684696487689	1.9588015283758935
0.82710000000000006	5.0892700405275528	1.9685183505526567
0.82900000000000007	5.1054939484767941	1.9782483171876246
0.83090000000000008	5.1217401723670806	1.9879913783104701
0.83280000000000010	5.1380086910520602	1.9977474842951797
0.83470000000000000	5.1542994833689662	2.0075165858564521
0.83660000000000012	5.1706125281394382	2.0172986340463304
0.83850000000000013	5.1869478041708152	2.0270935802512184
0.84040000000000004	5.2033052902566181	2.0369013761884469
0.84230000000000005	5.2196849651772732	2.0467219739030078
0.84420000000000006	5.2360868077015796	2.0565553257647924
0.84609999999999996	5.2525107965866189	2.0664013844649163
0.84799999999999998	5.2689569105795080	2.0762601030133392
0.84989999999999999	5.2854251284171250	2.0861314347350803
0.85180000000000000	5.3019154288280426	2.0960153332679647
0.85370000000000013	5.3184277905322910	2.1059117525590603
0.85560000000000014	5.3349621922424140	2.1158206468620824
0.85750000000000004	5.3515186126646199	2.1257419707345084
0.85940000000000005	5.3680970304987579	2.1356756790346183
0.86130000000000007	5.3846974244399419	2.1456217269188862
0.86319999999999997	5.4013197731779439	2.1555800698386753
0.86509999999999998	5.4179640553995583	2.1655506635384185
0.86699999999999999	5.4346302497873582	2.1755334640517821
0.86890000000000001	5.4513183350220151	2.1855284276999787
0.87079999999999991	5.4680282897820769	2.1955355110885999
0.87270000000000014	5.4847600927445699	2.2055546711049985
0.87460000000000004	5.5015137225863375	2.2155858649160649
0.87650000000000006	5.5182891579833901	2.2256290499651326
0.87840000000000007	5.5350863776130623	2.2356841839700947
0.88029999999999997	5.5519053601530812	2.2457512249202845
0.88219999999999998	5.5687460842833305	2.2558301310744997
0.88410000000000000	5.5856085286855972	2.2659208609582655
0.88600000000000001	5.6024926720447521	2.2760233733616948
0.88789999999999991	5.6193984930488368	2.2861376273368710
0.88980000000000015	5.6363259703897830	2.2962635821955790
0.89170000000000005	5.6532750827640745	2.3064011975071641
0.89360000000000006	5.6702458088729886	2.3165504330959985
0.89550000000000007	5.6872381274231989	2.3267112490392541
0.89739999999999998	5.7042520171272715	2.3368836056647555
0.89929999999999999	5.7212874567045207	2.3470674635488846
0.90120000000000000	5.7383444248808182	2.3572627835140523
0.90309999999999990	5.7554229003896662	2.3674695266269401
0.90499999999999992	5.7725228619722433	2.3776876541960132
0.90689999999999993	5.7896442883778700	2.3879171277694708
0.90879999999999994	5.8067871583649762	2.3981579091334737
0.91070000000000007	5.8239514507010552	2.4084099603098443
0.91260000000000008	5.8411371441632891	2.4186732435539664
0.91449999999999998	5.8583442175382885	2.4289477213526616
0.91639999999999999	5.8755726496242477	2.4392333564228399
0.91830000000000001	5.8928224192291960	2.4495301117086870
0.92019999999999991	5.9100935051732089	2.4598379503803702
0.92209999999999992	5.9273858862872855	2.4701568358315891
0.92399999999999993	5.9446995414152077	2.4804867316782517
0.92589999999999995	5.9620344494124833	2.4908276017559494
0.92780000000000007	5.9793905891480454	2.5011794101187252
0.92970000000000008	5.9967679395036981	2.5115421210368569
0.93159999999999998	6.0141664793747021	2.5219156989949258
0.93350000000000000	6.0315861876704728	2.5323001086905066
0.93540000000000001	6.0490270433142781	2.5426953150318568
0.93729999999999991	6.0664890252443691	2.5531012831365723
0.93919999999999992	6.0839721124137123	2.5635179783296840
0.94109999999999994	6.1014762837901788	2.5739453661416420
0.94299999999999995	6.1190015183579352	2.5843834123073370
0.94490000000000007	6.1365477951162406	2.5948320827635851
0.94680000000000009	6.1541150930808683	2.6052913436480445
0.94869999999999999	6.1717033912844395	2.6157611612975806
0.95060000000000000	6.1893126687756217	2.6262415022460557
0.95250000000000001	6.2069429046207398	2.6367323332234243
0.95439999999999992	6.2245940779030278	2.6472336211535503
0.95629999999999993	6.2422661677236846	2.6577453331531351
0.95819999999999994	6.2599591532017804	2.6682674365299026
0.96009999999999995	6.2776730134743888	2.6787998987809791
0.96199999999999986	6.2954077276972651	2.6893426875915649
0.96390000000000009	6.3131632750447562	2.6998957708333187
0.96579999999999999	6.3309396347101421	2.7104591165628769
0.96770000000000000	6.3487367859057482	2.7210326930202435
0.96960000000000002	6.3665547078638873	2.7316164686277595
0.97149999999999992	6.3843933798360810	2.7422104119880988
0.97339999999999993	6.4022527810939138	2.7528144918832642
0.97529999999999994	6.4201328909292492	2.7634286772728709
0.97719999999999996	6.4380336886544764	2.7740529372931473
0.97909999999999986	6.4559551536021527	2.7846872412549413
0.98100000000000009	6.4738972651258981	2.7953315586428591
0.98290000000000000	6.4918600026004452	2.8059858591137319
0.98480000000000001	6.5098433454220022	2.8166501124954291
0.98670000000000002	6.5278472730076373	2.8273242887850416
0.98859999999999992	6.5458717647967388	2.8380083581482962
0.99049999999999994	6.5639168002501673	2.8487022909176263
0.99239999999999995	6.5819823588509498	2.8594060575911566
0.99429999999999996	6.6000684201041926	2.8701196288313264
0.99619999999999986	6.6181749635376770	2.8808429754638261
0.99810000000000010	6.6363019687018445	2.8915760684762026
1.0000000000000000	6.6544494151696796	2.9023188790165193
