  0.1581E-10  0.7454E-10  0.1571E-15
  0.3972E-10  0.1872E-09  0.7689E-15
  0.9976E-10  0.4702E-09  0.3641E-14
  0.2506E-09  0.1181E-08  0.1666E-13
  0.6294E-09  0.2968E-08  0.7332E-13
  0.1581E-08  0.7454E-08  0.3085E-12
  0.3972E-08  0.1873E-07  0.1237E-11
  0.5000E-08  0.2358E-07  0.1663E-11
  0.9976E-08  0.4705E-07  0.4539E-11
  0.1990E-07  0.9387E-07  0.1212E-10
  0.3972E-07  0.1873E-06  0.3182E-10
  0.7924E-07  0.3738E-06  0.8236E-10
  0.1581E-06  0.7459E-06  0.2112E-09
  0.1990E-06  0.9392E-06  0.2764E-09
  0.3155E-06  0.1489E-05  0.5152E-09
  0.5000E-06  0.2360E-05  0.9581E-09
  0.6294E-06  0.2971E-05  0.1306E-08
  0.7924E-06  0.3741E-05  0.1593E-08
  0.9976E-06  0.4710E-05  0.2170E-08
  0.1581E-05  0.7465E-05  0.4023E-08
  0.2506E-05  0.1184E-04  0.7452E-08
  0.3972E-05  0.1877E-04  0.1380E-07
  0.5000E-05  0.2363E-04  0.1791E-07
  0.6294E-05  0.2973E-04  0.2436E-07
  0.7924E-05  0.3747E-04  0.3315E-07
  0.9976E-05  0.4716E-04  0.4507E-07
  0.1256E-04  0.5941E-04  0.6130E-07
  0.1581E-04  0.7479E-04  0.8002E-07
  0.1990E-04  0.9418E-04  0.1077E-06
  0.2506E-04  0.1186E-03  0.1464E-06
  0.3155E-04  0.1494E-03  0.1882E-06
  0.3972E-04  0.1881E-03  0.2559E-06
  0.5000E-04  0.2369E-03  0.3479E-06
  0.6294E-04  0.2982E-03  0.4729E-06
  0.7924E-04  0.3758E-03  0.6430E-06
  0.9976E-04  0.4730E-03  0.8214E-06
  0.1105E-03  0.5242E-03  0.9147E-06
  0.1256E-03  0.5958E-03  0.1041E-05
  0.1581E-03  0.7505E-03  0.1415E-05
  0.1990E-03  0.9452E-03  0.1840E-05
  0.2506E-03  0.1191E-02  0.2384E-05
  0.2572E-03  0.1222E-02  0.2469E-05
  3.00000014E-04   1.4259999025773406E-003   2.5299998001293060E-006
   3.99999990E-04   1.9029998712601971E-003   2.8899998777889927E-006
   5.00000024E-04   2.3790000204849632E-003   3.2400001089757357E-006
   6.00000028E-04   2.8550001697097292E-003   3.5999998916547005E-006
   6.99999975E-04   3.3319998363323263E-003   4.0000002401483272E-006
   7.99999980E-04   3.8090001070754421E-003   4.3600000228272920E-006
   8.99999985E-04   4.2849999542399486E-003   4.7599997813594750E-006
   1.00000005E-03   4.7619999229228053E-003   5.1699996813453231E-006
   1.50000001E-03   7.1460002489392559E-003   7.4500000748630977E-006
   2.00000009E-03   9.5310003944137963E-003   9.9800001699731268E-006
   2.49999994E-03   1.1915999331647300E-002   1.2720000580783633E-005
   3.00000003E-03   1.4303000324279058E-002   1.5709999513263505E-005
   3.50000011E-03   1.6688999685091171E-002   1.8799999270318588E-005
   4.00000019E-03   1.9076000677722929E-002   2.2039999084313605E-005
   4.49999981E-03   2.1464000885692256E-002   2.5440001161567265E-005
   4.99999989E-03   2.3851999885420552E-002   2.8989999755992195E-005
   5.49999997E-03   2.6240001301630917E-002   3.2639999174992334E-005
   6.00000005E-03   2.8628998308455743E-002   3.6389999418567687E-005
   6.50000013E-03   3.1016999724666112E-002   4.0240000486718251E-005
   7.00000022E-03   3.3406999571551618E-002   4.4290000844173463E-005
   7.49999983E-03   3.5795998994858517E-002   4.8399997920620557E-005
   8.00000038E-03   3.8185998841744027E-002   5.2700000339513797E-005
   8.50000046E-03   4.0576001105111614E-002   5.7059999477398926E-005
   8.99999961E-03   4.2965998535515047E-002   6.1569999852146870E-005
   9.49999969E-03   4.5357001222461245E-002   6.6179996331778478E-005
   9.99999978E-03   4.7747999076443289E-002   7.0949999794360272E-005
   1.20000001E-02   5.7313000581878368E-002   9.1620002213037283E-005
   1.40000004E-02   6.6882999372242347E-002   1.1488999775252050E-004
   1.60000008E-02   7.6454999009763533E-002   1.4067999708040945E-004
   1.79999992E-02   8.6032000765177780E-002   1.6967000391593896E-004
   1.99999996E-02   9.5611003367749234E-002   2.0174999280968026E-004
   2.19999999E-02  0.10519399799870682        2.3687001054626121E-004
   2.40000002E-02  0.11478099432397884        2.7537999393601338E-004
   2.60000005E-02  0.12437000116233639        3.1723999550965201E-004
   2.80000009E-02  0.13396300002908007        3.6218999802026865E-004
   2.99999993E-02  0.14356000059013818        4.1054002856644243E-004
   3.20000015E-02  0.15315900199835350        4.6202000751887896E-004
   3.40000018E-02  0.16276199543495498        5.1660003091191320E-004
   3.59999985E-02  0.17236799497525640        5.7416999778105160E-004
   3.79999988E-02  0.18197799620987229        6.3438000907349503E-004
   3.99999991E-02  0.19159099388225984        6.9757003361102011E-004
   4.19999994E-02  0.20120698799241907        7.6345005578722222E-004
   4.39999998E-02  0.21082599787220657        8.3187002716832311E-004
   4.60000001E-02  0.22044798485790917        9.0271002983140398E-004
   4.80000004E-02  0.23007399286978278        9.7589001780776555E-004
   5.00000007E-02  0.23970301665128466        1.0513999475937881E-003
   5.20000011E-02  0.24933399295030229        1.1289900908701435E-003
   5.40000014E-02  0.25896899027549092        1.2087600520073168E-003
   5.60000017E-02  0.26860700337030785        1.2905500411281691E-003
   5.79999983E-02  0.27824700764635368        1.3745199236249043E-003
   5.99999987E-02  0.28789101361671393        1.4601700163136713E-003
   6.19999990E-02  0.29753699143644657        1.5480401008777353E-003
   6.40000030E-02  0.30718700961420675        1.6334799596260702E-003
   6.59999996E-02  0.31683899964133933        1.7254100361346022E-003
   6.80000037E-02  0.32649398610624353        1.8190598927291270E-003
   7.00000003E-02  0.33615102174794648        1.9148400293019538E-003
   7.19999969E-02  0.34581200108839405        2.0122899549878692E-003
   7.40000010E-02  0.35547499094192714        2.1117200367032434E-003
   7.59999976E-02  0.36514099656508853        2.2012200384261757E-003
   7.80000016E-02  0.37480901270133538        2.3074399816789149E-003
   7.99999982E-02  0.38448000594349735        2.4154299980508106E-003
   8.20000023E-02  0.39415401495528757        2.5240300251162450E-003

5.0000000000000003E-002	0.23904478571907170	7.1030891025747930E-004
5.1899999999999995E-002	0.24815683338955677	7.8741251815673814E-004
5.3800000000000001E-002	0.25727178419276264	8.6935611267676153E-004
5.5700000000000006E-002	0.26638970683947039	9.5618175156997115E-004
5.7599999999999998E-002	0.27551066684023184	1.0479287976636672E-003
5.9499999999999997E-002	0.28463472654396293	1.1446349464548664E-003
6.1400000000000003E-002	0.29376194550756868	1.2463371462006153E-003
6.3300000000000009E-002	0.30289238080263181	1.3530724342972061E-003
6.5200000000000008E-002	0.31202608712983271	1.4648787027167929E-003
6.7099999999999993E-002	0.32116311713892326	1.5817953761580344E-003
6.9000000000000006E-002	0.33030352163797533	1.7038640231354621E-003
7.0900000000000005E-002	0.33944734978952090	1.8311288994022549E-003
7.2799999999999990E-002	0.34859464940472107	1.9636374261101574E-003
7.4700000000000003E-002	0.35774546702018906	2.1014406143644395E-003
7.6600000000000001E-002	0.36689984816559257	2.2445934312046926E-003
7.8500000000000000E-002	0.37605783752275029	2.3931551178494942E-003
8.0400000000000013E-002	0.38521947909528925	2.5471894617174135E-003
8.2300000000000012E-002	0.39438481636504619	2.7067650261090453E-003
8.4199999999999997E-002	0.40355389244319606	2.8719553417244303E-003
8.6099999999999996E-002	0.41272675018732485	3.0428390625845750E-003
8.7999999999999995E-002	0.42190343241304995	3.2195000903009522E-003
8.9899999999999994E-002	0.43108398189552599	3.4020276694788913E-003
9.1800000000000007E-002	0.44026844156006678	3.5905164566190887E-003
9.3700000000000006E-002	0.44945685456734874	3.7850665657384814E-003
9.5600000000000004E-002	0.45864926441063786	3.9857835927337220E-003
9.7500000000000017E-002	0.46784571500457900	4.1927786209024981E-003
9.9400000000000002E-002	0.47704625076766533	4.4061682096097898E-003
0.10130000000000000	0.48625091669790810	4.6260743680511087E-003
0.10320000000000000	0.49545975844201345	4.8526245159218068E-003
0.10510000000000000	0.50467282235886479	5.0859514324149407E-003
0.10700000000000000	0.51389015557786621	5.3261931954114005E-003
0.10890000000000001	0.52311180604977103	5.5734931116407701E-003
0.11080000000000001	0.53233782259666695	5.8279996397598306E-003
0.11270000000000001	0.54156825495321648	6.0898663068107844E-003
0.11460000000000002	0.55080315379000833	6.3592516195591937E-003
0.11649999999999999	0.56004257081033604	6.6363189714032083E-003
0.11840000000000001	0.56928655868851819	6.9212365458232415E-003
0.12030000000000000	0.57853517115806841	7.2141772170673628E-003
0.12220000000000000	0.58778846302045462	7.5153184488027840E-003
0.12410000000000000	0.59704649016592548	7.8248421914278270E-003
0.12600000000000000	0.60630930959150409	8.1429347784445529E-003
0.12790000000000001	0.61557697941626566	8.4697868226238735E-003
0.12980000000000003	0.62484955438225243	8.8041365048011026E-003
0.13169999999999998	0.63412704423945154	9.1434074798346383E-003
0.13360000000000000	0.64340946653210729	9.4898166674453957E-003
0.13550000000000001	0.65269685871163541	9.8441711811073484E-003
0.13739999999999999	0.66198926601795172	1.0206983439386988E-002
0.13930000000000001	0.67128673868640010	1.0578658504538662E-002
0.14120000000000002	0.68058933070789185	1.0959548325972252E-002
0.14310000000000000	0.68989709913476971	1.1349974495870108E-002
0.14500000000000002	0.69921010363955716	1.1750239736061992E-002
0.14690000000000000	0.70852840621100299	1.2160634405508143E-002
0.14879999999999999	0.71785207093211389	1.2581440492525702E-002
0.15070000000000000	0.72718116381084685	1.3012934211271971E-002
0.15260000000000001	0.73651575264615943	1.3455387767689468E-002
0.15450000000000000	0.74585590691958015	1.3909070603911293E-002
0.15640000000000001	0.75520169770513101	1.4374250300517352E-002
0.15830000000000002	0.76455319759277129	1.4851193246661086E-002
0.16020000000000001	0.77391048062293644	1.5340165147834551E-002
0.16210000000000002	0.78327362222921049	1.5841431417458713E-002
0.16400000000000001	0.79264269918803776	1.6355257483679584E-002
0.16589999999999999	0.80201778957360303	1.6881909033058421E-002
0.16780000000000000	0.81139897271751815	1.7421652206796031E-002
0.16970000000000002	0.82078632917222860	1.7974753760636224E-002
0.17160000000000000	0.83017994067781165	1.8541481196888913E-002
0.17350000000000002	0.83957989013146384	1.9122102874590506E-002
0.17540000000000003	0.84898626155947043	1.9716888102676668E-002
0.17730000000000001	0.85839914009146956	2.0326107219549694E-002
0.17920000000000003	0.86781861193635967	2.0950031662058669E-002
0.18110000000000001	0.87724476435999688	2.1588934025666671E-002
0.18300000000000000	0.88667768566472216	2.2243088117914370E-002
0.18490000000000001	0.89611746516068547	2.2912769006026987E-002
0.18680000000000002	0.90556419318406101	2.3598253059953250E-002
0.18870000000000001	0.91501796102604416	2.4299817991656491E-002
0.19060000000000002	0.92447886095291076	2.5017742890954937E-002
0.19250000000000003	0.93394698618220440	2.5752308258671940E-002
0.19439999999999999	0.94342243086875921	2.6503796037258835E-002
0.19630000000000000	0.95290529009155578	2.7272489639225409E-002
0.19820000000000002	0.96239565984138842	2.8058673973434964E-002
0.20010000000000000	0.97189363700918852	2.8862635469428251E-002
0.20200000000000001	0.98139931937504565	2.9684662099807552E-002
0.20390000000000003	0.99091280559793526	3.0525043400621524E-002
0.20580000000000001	1.0004341952057882	3.1384070489704818E-002
0.20770000000000002	1.0099635885863849	3.2262036082959737E-002
0.20960000000000004	1.0195010869784322	3.3159234508354472E-002
0.21149999999999999	1.0290467924632998	3.4075961717573718E-002
0.21340000000000001	1.0386008079570335	3.5012515295139900E-002
0.21529999999999999	1.0481632372027578	3.5969194464824536E-002
0.21720000000000000	1.0577341847634116	3.6946300093160529E-002
0.21909999999999999	1.0673137560147188	3.7944134689850403E-002
0.22100000000000003	1.0769020571383794	3.8963002404854966E-002
0.22289999999999999	1.0864991951155862	4.0003209021962291E-002
0.22479999999999997	1.0961052777204805	4.1065061948575704E-002
0.22670000000000001	1.1057204135138943	4.2148870201523428E-002
0.22860000000000000	1.1153447118371229	4.3254944388636050E-002
0.23050000000000001	1.1249782828057051	4.4383596685894561E-002
0.23240000000000000	1.1346212373032016	4.5535140809868466E-002
0.23430000000000001	1.1442736869749872	4.6709891985258746E-002
0.23619999999999999	1.1539357442219129	4.7908166907311166E-002
0.23810000000000003	1.1636075221938320	4.9130283698897534E-002
0.23999999999999999	1.1732891347829997	5.0376561862008236E-002
0.24189999999999998	1.1829806966172829	5.1647322223518637E-002
0.24380000000000002	1.1926823230531289	5.2942886875025671E-002
0.24570000000000000	1.2023941301682137	5.4263579106532553E-002
0.24760000000000001	1.2121162347538226	5.5609723333867066E-002
0.24950000000000000	1.2218487543068883	5.6981645019677681E-002
0.25140000000000001	1.2315918070216187	5.8379670587860796E-002
0.25330000000000003	1.2413455117806751	5.9804127331287982E-002
0.25519999999999998	1.2511099881460199	6.1255343312792469E-002
0.25710000000000000	1.2608853563490761	6.2733647259263114E-002
0.25900000000000001	1.2706717372805423	6.4239368448836751E-002
0.26090000000000002	1.2804692524795600	6.5772836591163716E-002
0.26279999999999998	1.2902780241223073	6.7334381700661583E-002
0.26469999999999999	1.3000981750099927	6.8924333962874187E-002
0.26660000000000000	1.3099298285562013	7.0543023593882176E-002
0.26849999999999996	1.3197731087735829	7.2190780692867718E-002
0.27040000000000003	1.3296281402597752	7.3867935087926356E-002
0.27229999999999999	1.3394950481887862	7.5574816175568396E-002
0.27420000000000000	1.3493739582709874	7.7311752751966653E-002
0.27610000000000001	1.3592649967740222	7.9079072841394510E-002
0.27799999999999997	1.3691682904806937	8.0877103514986101E-002
0.27989999999999998	1.3790839666776762	8.2706170705381429E-002
0.28179999999999999	1.3890121531367343	8.4566599015365992E-002
0.28370000000000001	1.3989529780953276	8.6458711521101447E-002
0.28559999999999997	1.4089065702364973	8.8382829570345753E-002
0.28750000000000003	1.4188730586676364	9.0339272575999052E-002
0.28939999999999999	1.4288525728987289	9.2328357805175912E-002
0.29130000000000000	1.4388452428195229	9.4350400164461501E-002
0.29320000000000002	1.4488511986760382	9.6405711981544906E-002
0.29509999999999997	1.4588705710461738	9.8494602783784649E-002
0.29699999999999999	1.4689034908146079	0.10061737907419638
0.29890000000000000	1.4789500891466654	0.10277434410516355
0.30080000000000001	1.4890104974616256	0.10496579765067333
0.30269999999999997	1.4990848474051506	0.10719203577731201
0.30460000000000004	1.5091732708210059	0.10945335061475746
0.30649999999999999	1.5192758997219702	0.11175003012619855
0.30840000000000001	1.5293928662601124	0.11408235787935232
0.31030000000000002	1.5395243026964074	0.11645061281852857
0.31219999999999998	1.5496703413695918	0.11885506903846514
0.31409999999999999	1.5598311146644770	0.12129599556036685
0.31600000000000000	1.5700067549797052	0.12377365611088606
0.31790000000000002	1.5801973946948618	0.12628830890448009
0.31979999999999997	1.5904031661371643	0.12884020642988250
0.32170000000000004	1.6006242015476364	0.13142959524111689
0.32360000000000000	1.6108606330468704	0.13405671575373143
0.32549999999999996	1.6211125926004235	0.13672180204673962
0.32740000000000002	1.6313802119838194	0.13942508167085449
0.32929999999999998	1.6416636227530323	0.14216677546447687
0.33119999999999999	1.6519629561857405	0.14494709737204997
0.33310000000000001	1.6622783432813795	0.14776625428019366
0.33500000000000002	1.6726099147009095	0.15062444585198342
0.33689999999999998	1.6829578007371759	0.15352186437495438
0.33879999999999999	1.6933221312791853	0.15645869461725750
0.34070000000000000	1.7037030357759975	0.15943511369309391
0.34259999999999996	1.7141006432009094	0.16245129093810798
0.34450000000000003	1.7245150820158439	0.16550738779474419
0.34639999999999999	1.7349464801358083	0.16860355770802293
0.34830000000000000	1.7453949648936347	0.17173994603192325
0.35020000000000001	1.7558606630049793	0.17491668994654055
0.35210000000000002	1.7663437005336926	0.17813391838619685
0.35399999999999998	1.7768442028575397	0.18139175197866153
0.35589999999999999	1.7873622946344134	0.18469030299551450
0.35780000000000001	1.7978980997689658	0.18802967531373399
0.35969999999999996	1.8084517413856400	0.19140996439004027
0.36160000000000003	1.8190233417724571	0.19483125723858757
0.36349999999999999	1.8296130223864642	0.19829363243580783
0.36540000000000000	1.8402209037976336	0.20179716011998325
0.36730000000000002	1.8508471056648474	0.20534190200997388
0.36920000000000003	1.8614917467064351	0.20892791143297934
0.37109999999999999	1.8721549446716341	0.21255523336290547
0.37300000000000000	1.8828368163125733	0.21622390446891879
0.37490000000000001	1.8935374773573430	0.21993395317416059
0.37679999999999997	1.9042570424837457	0.22368539972406945
0.37870000000000004	1.9149956252940608	0.22747825626426840
0.38059999999999999	1.9257533382906855	0.23131252692746093
0.38250000000000001	1.9365302928591084	0.23518820793133327
0.38440000000000002	1.9473265992189590	0.23910528767343406
0.38629999999999998	1.9581423664439279	0.24306374685742071
0.38819999999999999	1.9689777024127502	0.24706355860290233
0.39010000000000000	1.9798327137970009	0.25110468857464907
0.39200000000000002	1.9907075060427257	0.25518709511610949
0.39389999999999997	2.0016021833529831	0.25931072938915184
0.39580000000000004	2.0125168486716425	0.26347553551975217
0.39770000000000000	2.0234516036678247	0.26768145074894051
0.39959999999999996	2.0344065487217207	0.27192840558880460
0.40150000000000002	2.0453817829112317	0.27621632398297491
0.40339999999999998	2.0563774040056972	0.28054512347376981
0.40529999999999999	2.0673935084295150	0.28491471535941426
0.40720000000000001	2.0784301912917145	0.28932500488259361
0.40910000000000002	2.0894875463485794	0.29377589139242455
0.41099999999999998	2.1005656660029186	0.29826726852415253
0.41290000000000004	2.1116646412968061	0.30279902437738682
0.41480000000000000	2.1227845619051378	0.30737104169592111
0.41669999999999996	2.1339255161304491	0.31198319804876168
0.41860000000000003	2.1450875908983744	0.31663536601177489
0.42049999999999998	2.1562708717608357	0.32132741335332410
0.42240000000000005	2.1674754428651126	0.32605920320146925
0.42430000000000007	2.1787013869970320	0.33083059424927863
0.42620000000000002	2.1899487855481929	0.33564144091944431
0.42809999999999998	2.2012177185244224	0.34049159354898706
0.43000000000000005	2.2125082645464564	0.34538089856812654
0.43190000000000006	2.2238205008513434	0.35030919867790983
0.43380000000000002	2.2351545032947620	0.35527633302595818
0.43570000000000003	2.2465103463540332	0.36028213738026471
0.43759999999999999	2.2578881031316924	0.36532644430077438
0.43950000000000006	2.2692878453652492	0.37040908331215378
0.44140000000000007	2.2807096434096263	0.37552988105534196
0.44330000000000003	2.2921535662784760	0.38068866147493707
0.44519999999999998	2.3036196816252512	0.38588524596353063
0.44710000000000000	2.3151080557566805	0.39111945352384059
0.44900000000000007	2.3266187536401892	0.39639110092327667
0.45090000000000002	2.3381518389116569	0.40170000284517821
0.45280000000000004	2.3497073738839136	0.40704597203661824
0.45469999999999999	2.3612854195555002	0.41242881945273668
0.45660000000000006	2.3728860356200285	0.41784835439745410
0.45850000000000007	2.3845092804817454	0.42330438466569303
0.46040000000000003	2.3961552112412980	0.42879671665551772
0.46229999999999999	2.4078238837443227	0.43432515553078566
0.46420000000000000	2.4195153525657451	0.43988950532424648
0.46610000000000007	2.4312296710280021	0.44548956906555659
0.46800000000000003	2.4429668912125200	0.45112514889961941
0.46990000000000004	2.4547270639713377	0.45679604620110037
0.47180000000000011	2.4665102389393563	0.46250206168523017
0.47370000000000007	2.4783164645464972	0.46824299551472426
0.47560000000000008	2.4901457880303721	0.47401864740314220
0.47750000000000004	2.5019982554487723	0.47982881671432409
0.47939999999999999	2.5138739116928126	0.48567330255838265
0.48130000000000006	2.5257728004998392	0.49155190388386377
0.48320000000000007	2.5376949644667945	0.49746441956648096
0.48510000000000003	2.5496404450671526	0.50341064850042849
0.48700000000000004	2.5616092826491550	0.50939038965460703
0.48890000000000011	2.5736015164731603	0.51540344218996104
0.49080000000000007	2.5856171847089473	0.52144960550781838
0.49270000000000008	2.5976563244536592	0.52752867932815428
0.49460000000000004	2.6097189717454907	0.53364046375805840
0.49650000000000000	2.6218051615777149	0.53978475935709080
0.49840000000000007	2.6339149279124165	0.54596136719937671
0.50030000000000008	2.6460483036945219	0.55217008893285735
0.50220000000000009	2.6582053208655920	0.55841072683556470
0.50409999999999999	2.6703860103777290	0.56468308386909039
0.50600000000000001	2.6825904022075489	0.57098696372916558
0.50790000000000013	2.6948185253699104	0.57732217089376969
0.50980000000000003	2.7070704079318513	0.58368851066844074
0.51170000000000004	2.7193460770264264	0.59008578922917532
0.51360000000000006	2.7316455588661159	0.59651381366272294
0.51550000000000007	2.7439688787570682	0.60297239200482233
0.51740000000000008	2.7563160611120736	0.60946133327563079
0.51930000000000009	2.7686871294646167	0.61598044751352654
0.52120000000000000	2.7810821064820903	0.62252954580627939
0.52310000000000001	2.7935010139761056	0.62910844032783741
0.52500000000000013	2.8059438729279900	0.63571694433547410
0.52690000000000003	2.8184107034839059	0.64235487224110244
0.52880000000000005	2.8309015249798279	0.64902203960379912
0.53070000000000006	2.8434163559516090	0.65571826315908033
0.53260000000000007	2.8559552141475755	0.66244336083934763
0.53450000000000009	2.8685181165417215	0.66919715179206107
0.53640000000000010	2.8811050793461930	0.67597945639660018
0.53830000000000000	2.8937161180234763	0.68279009627952669
0.54020000000000001	2.9063512472991482	0.68962889432840546
0.54210000000000014	2.9190104811740101	0.69649567470428841
0.54400000000000004	2.9316938329360518	0.70339026285274298
0.54590000000000005	2.9444013151729016	0.71031248551394499
0.54780000000000006	2.9571329397830066	0.71726217073086829
0.54970000000000008	2.9698887179878981	0.72423914785711274
0.55160000000000009	2.9826686603435109	0.73124324756313908
0.55350000000000010	2.9954727767517384	0.73827430184149356
0.55540000000000000	3.0083010764715756	0.74533214401109749
0.55730000000000002	3.0211535681304245	0.75241660872071126
0.55920000000000014	3.0340302597350681	0.75952753195118294
0.56110000000000004	3.0469311586823991	0.76666475101701548
0.56300000000000006	3.0598562717704856	0.77382810456721418
0.56490000000000007	3.0728056052086665	0.78101743258503498
0.56680000000000008	3.0857791646285349	0.78823257638734212
0.56870000000000009	3.0987769550936672	0.79547337862295320
0.57060000000000011	3.1117989811102094	0.80273968327059131
0.57250000000000001	3.1248452466366459	0.81003133563602070
0.57440000000000002	3.1379157550938928	0.81734818234870499
0.57630000000000015	3.1510105093745691	0.82469007135769878
0.57820000000000005	3.1641295118532486	0.83205685192748702
0.58010000000000006	3.1772727643951013	0.83944837463259436
0.58200000000000007	3.1904402683320794	0.84686449136077702
0.58389999999999997	3.2036320246071810	0.85430505527356526
0.58580000000000010	3.2168480335797329	0.86176992085056447
0.58770000000000011	3.2300882951707481	0.86925894384882452
0.58960000000000001	3.2433528088373444	0.87677198130433842
0.59150000000000003	3.2566415735808860	0.88430889152457881
0.59340000000000015	3.2699545879564971	0.89186953408115544
0.59530000000000005	3.2832918500800985	0.89945376980132130
0.59720000000000006	3.2966533576378101	0.90706146076028404
0.59910000000000008	3.3100391078935107	0.91469247027249201
0.60099999999999998	3.3234490976962410	0.92234666288276668
0.60290000000000010	3.3368833234893147	0.93002390435775151
0.60480000000000012	3.3503417813163190	0.93772406167630240
0.60670000000000002	3.3638244668304651	0.94544700302085782
0.60860000000000003	3.3773313753004697	0.95319259776731091
0.61050000000000015	3.3908625016190785	0.96096071647599501
0.61240000000000006	3.4044178403090992	0.96875123088144077
0.61430000000000007	3.4179973855319523	0.97656401388320035
0.61620000000000008	3.4316011310927674	0.98439893953520208
0.61809999999999998	3.4452290704491646	0.99225588303618439
0.62000000000000011	3.4588811967159945	1.0001347207191329
0.62190000000000012	3.4725575026741771	1.0080353300419758
0.62380000000000002	3.4862579807751461	1.0159575895764821
0.62570000000000003	3.4999826231482172	1.0239013789981757
0.62760000000000005	3.5137314216069298	1.0318665790762207
0.62950000000000006	3.5275043676548483	1.0398530716630068
0.63140000000000007	3.5413014524921640	1.0478607396839623
0.63330000000000009	3.5551226670205107	1.0558894671263797
0.63519999999999999	3.5689680018505130	1.0639391390303217
0.63710000000000011	3.5828374473057290	1.0720096414769489
0.63900000000000012	3.5967309934300458	1.0801008615791170
0.64090000000000003	3.6106486299917231	1.0882126874704088
0.64280000000000004	3.6245903464899656	1.0963450082951356
0.64470000000000005	3.6385561321594189	1.1044977141979162
0.64660000000000006	3.6525459759764205	1.1126706963133099
0.64850000000000008	3.6665598666628494	1.1208638467556420
0.65040000000000009	3.6805977926926059	1.1290770586090133
0.65229999999999999	3.6946597422963041	1.1373102259169929
0.65420000000000011	3.7087457034644067	1.1455632436719796
0.65610000000000013	3.7228556639550314	1.1538360078062901
0.65800000000000003	3.7369896112966394	1.1621284151813325
0.65990000000000004	3.7511475327929475	1.1704403635777068
0.66180000000000005	3.7653294155281269	1.1787717516858471
0.66370000000000007	3.7795352463705871	1.1871224790955424
0.66560000000000008	3.7937650119781656	1.1954924462868965
0.66750000000000009	3.8080186988018028	1.2038815546202006
0.66940000000000000	3.8222962930899156	1.2122897063264082
0.67130000000000012	3.8365977808932161	1.2207168044980350
0.67320000000000013	3.8509231480677530	1.2291627530791511
0.67510000000000003	3.8652723802794893	1.2376274568561998
0.67700000000000005	3.8796454630086830	1.2461108214490906
0.67890000000000006	3.8940423815533860	1.2546127533017697
0.68080000000000007	3.9084631210328369	1.2631331596729400
0.68270000000000008	3.9229076663917546	1.2716719486270254
0.68460000000000010	3.9373760024042292	1.2802290290258698
0.68650000000000000	3.9518681136768228	1.2888043105191398
0.68840000000000012	3.9663839846522571	1.2973977035360253
0.69030000000000014	3.9809235996129204	1.3060091192760794
0.69220000000000004	3.9954869426848516	1.3146384697014541
0.69410000000000005	4.0100739978399620	1.3232856675275544
0.69600000000000006	4.0246847489004978	1.3319506262151457
0.69790000000000008	4.0393191795416508	1.3406332599618846
0.69980000000000009	4.0539772732951818	1.3493334836942716
0.70170000000000010	4.0686590135516569	1.3580512130589737
0.70360000000000000	4.0833643835645539	1.3667863644153142
0.70550000000000002	4.0980933664531651	1.3755388548274143
0.70740000000000014	4.1128459452047936	1.3843086020556183
0.70930000000000004	4.1276221026787319	1.3930955245496448
0.71120000000000005	4.1424218216080160	1.4018995414399817
0.71310000000000007	4.1572450846032858	1.4107205725310117
0.71500000000000008	4.1720918741546260	1.4195585382930234
0.71690000000000009	4.1869621726351465	1.4284133598551048
0.71880000000000011	4.2018559623031013	1.4372849589976351
0.72070000000000001	4.2167732253045580	1.4461732581449744
0.72260000000000002	4.2317139436765565	1.4550781803588040
0.72450000000000014	4.2466780993479771	1.4639996493298477
0.72640000000000005	4.2616656741446590	1.4729375893726189
0.72830000000000006	4.2766766497894100	1.4818919254170040
0.73020000000000007	4.2917110079055965	1.4908625830020625
0.73210000000000008	4.3067687300195283	1.4998494882693665
0.73400000000000010	4.3218497975621188	1.5088525679562428
0.73590000000000011	4.3369541918720049	1.5178717493890679
0.73780000000000001	4.3520818941968935	1.5269069604769956
0.73970000000000002	4.3672328856964739	1.5359581297053657
0.74160000000000015	4.3824071474441757	1.5450251861294080
0.74350000000000005	4.3976046604293222	1.5541080593681329
0.74540000000000006	4.4128254055596283	1.5632066795981152
0.74730000000000008	4.4280693636621553	1.5723209775470257
0.74919999999999998	4.4433365154871627	1.5814508844884843
0.75110000000000010	4.4586268417079440	1.5905963322350265
0.75300000000000011	4.4739403229241566	1.5997572531330335
0.75490000000000002	4.4892769396634025	1.6089335800567179
0.75680000000000003	4.5046366723829347	1.6181252464022444
0.75870000000000015	4.5200195014719275	1.6273321860824923
0.76060000000000005	4.5354254072526654	1.6365543335210386
0.76250000000000007	4.5508543699820825	1.6457916236465961
0.76440000000000008	4.5663063698549253	1.6550439918882291
0.76629999999999998	4.5817813870040052	1.6643113741694566
0.76820000000000010	4.5972794015026812	1.6735937069031874
0.77010000000000012	4.6128003933660011	1.6828909269861949
0.77200000000000002	4.6283443425523965	1.6922029717941818
0.77390000000000003	4.6439112289660773	1.7015297791771322
0.77580000000000016	4.6595010324572987	1.7108712874532723
0.77770000000000006	4.6751137328247445	1.7202274354050553
0.77960000000000007	4.6907493098170709	1.7295981622738583
0.78150000000000008	4.7064077431337612	1.7389834077550625
0.78339999999999999	4.7220890124271691	1.7483831119935338
0.78530000000000011	4.7377930973038245	1.7577972155788575
0.78720000000000012	4.7535199773255874	1.7672256595404945
0.78910000000000002	4.7692696320113273	1.7766683853435528
0.79100000000000004	4.7850420408379515	1.7861253348837920
0.79290000000000016	4.8008371832420993	1.7955964504836663
0.79480000000000006	4.8166550386213025	1.8050816748875231
0.79670000000000007	4.8324955863350194	1.8145809512574598
0.79860000000000009	4.8483588057065914	1.8240942231690609
0.80049999999999999	4.8642446760234144	1.8336214346068651
0.80240000000000011	4.8801531765392410	1.8431625299605370
0.80430000000000013	4.8960842864744771	1.8527174540204447
0.80620000000000003	4.9120379850181131	1.8622861519738443
0.80810000000000004	4.9280142513284950	1.8718685694006982
0.81000000000000016	4.9440130645343627	1.8814646522696816
0.81190000000000007	4.9600344037362953	1.8910743469343860
0.81380000000000008	4.9760782480073278	1.9006976001292553
0.81570000000000009	4.9921445763944359	1.9103343589658062
0.81759999999999999	5.0082333679198268	1.9199845709293002
0.81950000000000012	5.0243446015809186	1.9296481838741180
0.82140000000000013	5.0404782563526860	1.9393251460210144
0.82330000000000003	5.0566343111878904	1.9490154059528821
0.82520000000000004	5.0728127450179237	1.9587189126113305
0.82710000000000006	5.0890135367544618	1.9684356152932396
0.82900000000000007	5.1052366652896550	1.9781654636471488
0.83090000000000008	5.1214821094976761	1.9879084076698925
0.83280000000000010	5.1377498482353454	1.9976643977031334
0.83470000000000000	5.1540398603431044	2.0074333844300174
0.83660000000000012	5.1703521246457012	2.0172153188718074
0.83850000000000013	5.1866866199535941	2.0270101523848441
0.84040000000000004	5.2030433250628434	2.0368178366567125
0.84230000000000005	5.2194222187570416	2.0466383237037520
0.84420000000000006	5.2358232798076223	2.0564715658675441
0.84609999999999996	5.2522464869745722	2.0663175158118485
0.84799999999999998	5.2686918190072181	2.0761761265193397
0.84989999999999999	5.2851592546454160	2.0860473512888995
0.85180000000000000	5.3016487726196715	2.0959311437322707
0.85370000000000013	5.3181603516529128	2.1058274577716403
0.85560000000000014	5.3346939704599707	2.1157362476358954
0.85750000000000004	5.3512496077490681	2.1256574678583724
0.85940000000000005	5.3678272422226909	2.1355910732739023
0.86130000000000007	5.3844268525775041	2.1455370190155865
0.86319999999999997	5.4010484175058862	2.1554952605125148
0.86509999999999998	5.4176919156964631	2.1654657534869388
0.86699999999999999	5.4343573258338216	2.1754484539510091
0.86890000000000001	5.4510446266005124	2.1854433182047770
0.87079999999999991	5.4677537966770684	2.1954503028332293
0.87270000000000014	5.4844848147420757	2.2054693647034131
0.87460000000000004	5.5012376594743682	2.2155004609627058
0.87650000000000006	5.5180123095517866	2.2255435490350832
0.87840000000000007	5.5348087436530014	2.2355985866194574
0.88029999999999997	5.5516269404577212	2.2456655316868548
0.88219999999999998	5.5684668786470173	2.2557443424778612
0.88410000000000000	5.5853285369043144	2.2658349775004076
0.88600000000000001	5.6022118939162464	2.2759373955274742
0.88789999999999991	5.6191169283719784	2.2860515555941694
0.88980000000000015	5.6360436189651502	2.2961774169958811
0.89170000000000005	5.6529919443933929	2.3063149392857190
0.89360000000000006	5.6699618833590897	2.3164640822721356
0.89550000000000007	5.6869534145706666	2.3266248060171728
0.89739999999999998	5.7039665167417537	2.3367970708334749
0.89929999999999999	5.7210011685927746	2.3469808372825995
0.90120000000000000	5.7380573488508579	2.3571760661726016
0.90309999999999990	5.7551350362503868	2.3673827185558776
0.90499999999999992	5.7722342095338632	2.3776007557272387
0.90689999999999993	5.7893548474518708	2.3878301392215473
0.90879999999999994	5.8064969287638064	2.3980708308117400
0.91070000000000007	5.8236604322379018	2.4083227925065485
0.91260000000000008	5.8408453366522091	2.4185859865487469
0.91449999999999998	5.8580516207948721	2.4288603754131013
0.91639999999999999	5.8752792634645248	2.4391459218042808
0.91830000000000001	5.8925282434704833	2.4494425886548723
0.92019999999999991	5.9097985396330017	2.4597503391232096
0.92209999999999992	5.9270901307845820	2.4700691365920209
0.92399999999999993	5.9444029957695657	2.4803989446661565
0.92589999999999995	5.9617371134442294	2.4907397271703986
0.92780000000000007	5.9790924626783450	2.5010914481483284
0.92970000000000008	5.9964690223543142	2.5114540718598226
0.93159999999999998	6.0138667713681881	2.5218275627795381
0.93350000000000000	6.0312856886300192	2.5322118855951672
0.93540000000000001	6.0487257530639171	2.5426070052054817
0.93729999999999991	6.0661869436085443	2.5530128867185669
0.93919999999999992	6.0836692392173992	2.5634294954501904
0.94109999999999994	6.1011726188594322	2.5738567969221102
0.94299999999999995	6.1186970615188816	2.5842947568602370
0.94490000000000007	6.1362425461958319	2.5947433411929142
0.94680000000000009	6.1538090519067126	2.6052025160495171
0.94869999999999999	6.1713965576842869	2.6156722477585008
0.95060000000000000	6.1890050425781169	2.6261525028459904
0.95250000000000001	6.2066344856545674	2.6366432480338386
0.95439999999999992	6.2242848659977446	2.6471444502385455
0.95629999999999993	6.2419561627091689	2.6576560765692911
0.95819999999999994	6.2596483549084265	2.6681780943264748
0.96009999999999995	6.2773614217329019	2.6787104710001377
0.96199999999999986	6.2950953423387022	2.6892531742684573
0.96390000000000009	6.3128500959005098	2.6998061719962863
0.96579999999999999	6.3306256616121468	2.7103694322336813
0.96770000000000000	6.3484220186866063	2.7209429232143458
0.96960000000000002	6.3662391463559054	2.7315266133539886
0.97149999999999992	6.3840770238721412	2.7421204712491880
0.97339999999999993	6.4019356305074293	2.7527244656759664
0.97529999999999994	6.4198149455538527	2.7633385655880880
0.97719999999999996	6.4377149483238094	2.7739627401158109
0.97909999999999986	6.4556356181503007	2.7845969585644461
0.98100000000000009	6.4735769343874736	2.7952411904132393
0.98290000000000000	6.4915388764101269	2.8058954053135605
0.98480000000000001	6.5095214236146335	2.8165595730880186
0.98670000000000002	6.5275245554183927	2.8272336637286228
0.98859999999999992	6.5455482512610104	2.8379176473960741
0.99049999999999994	6.5635924906034901	2.8486114944179151
0.99239999999999995	6.5816572529290314	2.8593151752874819
0.99429999999999996	6.5997425177432278	2.8700286606627490
0.99619999999999986	6.6178482645738548	2.8807519213647428
0.99810000000000010	6.6359744729715482	2.8914849283766242
1.0000000000000000	6.6541211225092987	2.9022276528420519
