  0.1581E-10  0.7454E-10  0.1571E-15
  0.3972E-10  0.1872E-09  0.7689E-15
  0.9976E-10  0.4702E-09  0.3641E-14
  0.2506E-09  0.1181E-08  0.1666E-13
  0.6294E-09  0.2968E-08  0.7332E-13
  0.1581E-08  0.7454E-08  0.3085E-12
  0.3972E-08  0.1873E-07  0.1237E-11
  0.5000E-08  0.2358E-07  0.1663E-11
  0.9976E-08  0.4705E-07  0.4539E-11
  0.1990E-07  0.9387E-07  0.1212E-10
  0.3972E-07  0.1873E-06  0.3182E-10
  0.7924E-07  0.3738E-06  0.8236E-10
  0.1581E-06  0.7459E-06  0.2112E-09
  0.1990E-06  0.9392E-06  0.2764E-09
  0.3155E-06  0.1489E-05  0.5152E-09
  0.5000E-06  0.2360E-05  0.9581E-09
  0.6294E-06  0.2971E-05  0.1306E-08
  0.7924E-06  0.3741E-05  0.1593E-08
  0.9976E-06  0.4710E-05  0.2170E-08
  0.1581E-05  0.7465E-05  0.4023E-08
  0.2506E-05  0.1184E-04  0.7452E-08
  0.3972E-05  0.1877E-04  0.1380E-07
  0.5000E-05  0.2363E-04  0.1791E-07
  0.6294E-05  0.2973E-04  0.2436E-07
  0.7924E-05  0.3747E-04  0.3315E-07
  0.9976E-05  0.4716E-04  0.4507E-07
  0.1256E-04  0.5941E-04  0.6130E-07
  0.1581E-04  0.7479E-04  0.8002E-07
  0.1990E-04  0.9418E-04  0.1077E-06
  0.2506E-04  0.1186E-03  0.1464E-06
  0.3155E-04  0.1494E-03  0.1882E-06
  0.3972E-04  0.1881E-03  0.2559E-06
  0.5000E-04  0.2369E-03  0.3479E-06
  0.6294E-04  0.2982E-03  0.4729E-06
  0.7924E-04  0.3758E-03  0.6430E-06
  0.9976E-04  0.4730E-03  0.8214E-06
  0.1105E-03  0.5242E-03  0.9147E-06
  0.1256E-03  0.5958E-03  0.1041E-05
  0.1581E-03  0.7505E-03  0.1415E-05
  0.1990E-03  0.9452E-03  0.1840E-05
  0.2506E-03  0.1191E-02  0.2384E-05
  0.2572E-03  0.1222E-02  0.2469E-05
  3.00000014E-04   1.4259999025773406E-003   2.5299998001293060E-006
   3.99999990E-04   1.9029998712601971E-003   2.8899998777889927E-006
   5.00000024E-04   2.3790000204849632E-003   3.2400001089757357E-006
   6.00000028E-04   2.8550001697097292E-003   3.5999998916547005E-006
   6.99999975E-04   3.3319998363323263E-003   4.0000002401483272E-006
   7.99999980E-04   3.8090001070754421E-003   4.3600000228272920E-006
   8.99999985E-04   4.2849999542399486E-003   4.7599997813594750E-006
   1.00000005E-03   4.7619999229228053E-003   5.1699996813453231E-006
   1.50000001E-03   7.1460002489392559E-003   7.4500000748630977E-006
   2.00000009E-03   9.5310003944137963E-003   9.9800001699731268E-006
   2.49999994E-03   1.1915999331647300E-002   1.2720000580783633E-005
   3.00000003E-03   1.4303000324279058E-002   1.5709999513263505E-005
   3.50000011E-03   1.6688999685091171E-002   1.8799999270318588E-005
   4.00000019E-03   1.9076000677722929E-002   2.2039999084313605E-005
   4.49999981E-03   2.1464000885692256E-002   2.5440001161567265E-005
   4.99999989E-03   2.3851999885420552E-002   2.8989999755992195E-005
   5.49999997E-03   2.6240001301630917E-002   3.2639999174992334E-005
   6.00000005E-03   2.8628998308455743E-002   3.6389999418567687E-005
   6.50000013E-03   3.1016999724666112E-002   4.0240000486718251E-005
   7.00000022E-03   3.3406999571551618E-002   4.4290000844173463E-005
   7.49999983E-03   3.5795998994858517E-002   4.8399997920620557E-005
   8.00000038E-03   3.8185998841744027E-002   5.2700000339513797E-005
   8.50000046E-03   4.0576001105111614E-002   5.7059999477398926E-005
   8.99999961E-03   4.2965998535515047E-002   6.1569999852146870E-005
   9.49999969E-03   4.5357001222461245E-002   6.6179996331778478E-005
   9.99999978E-03   4.7747999076443289E-002   7.0949999794360272E-005
   1.20000001E-02   5.7313000581878368E-002   9.1620002213037283E-005
   1.40000004E-02   6.6882999372242347E-002   1.1488999775252050E-004
   1.60000008E-02   7.6454999009763533E-002   1.4067999708040945E-004
   1.79999992E-02   8.6032000765177780E-002   1.6967000391593896E-004
   1.99999996E-02   9.5611003367749234E-002   2.0174999280968026E-004
   2.19999999E-02  0.10519399799870682        2.3687001054626121E-004
   2.40000002E-02  0.11478099432397884        2.7537999393601338E-004
   2.60000005E-02  0.12437000116233639        3.1723999550965201E-004
   2.80000009E-02  0.13396300002908007        3.6218999802026865E-004
   2.99999993E-02  0.14356000059013818        4.1054002856644243E-004
   3.20000015E-02  0.15315900199835350        4.6202000751887896E-004
   3.40000018E-02  0.16276199543495498        5.1660003091191320E-004
   3.59999985E-02  0.17236799497525640        5.7416999778105160E-004
   3.79999988E-02  0.18197799620987229        6.3438000907349503E-004
   3.99999991E-02  0.19159099388225984        6.9757003361102011E-004
   4.19999994E-02  0.20120698799241907        7.6345005578722222E-004
   4.39999998E-02  0.21082599787220657        8.3187002716832311E-004
   4.60000001E-02  0.22044798485790917        9.0271002983140398E-004
   4.80000004E-02  0.23007399286978278        9.7589001780776555E-004
   5.00000007E-02  0.23970301665128466        1.0513999475937881E-003
   5.20000011E-02  0.24933399295030229        1.1289900908701435E-003
   5.40000014E-02  0.25896899027549092        1.2087600520073168E-003
   5.60000017E-02  0.26860700337030785        1.2905500411281691E-003
   5.79999983E-02  0.27824700764635368        1.3745199236249043E-003
   5.99999987E-02  0.28789101361671393        1.4601700163136713E-003
   6.19999990E-02  0.29753699143644657        1.5480401008777353E-003
   6.40000030E-02  0.30718700961420675        1.6334799596260702E-003
   6.59999996E-02  0.31683899964133933        1.7254100361346022E-003
   6.80000037E-02  0.32649398610624353        1.8190598927291270E-003
   7.00000003E-02  0.33615102174794648        1.9148400293019538E-003
   7.19999969E-02  0.34581200108839405        2.0122899549878692E-003
   7.40000010E-02  0.35547499094192714        2.1117200367032434E-003
   7.59999976E-02  0.36514099656508853        2.2012200384261757E-003
   7.80000016E-02  0.37480901270133538        2.3074399816789149E-003
   7.99999982E-02  0.38448000594349735        2.4154299980508106E-003
   8.20000023E-02  0.39415401495528757        2.5240300251162450E-003

5.0000000000000003E-002	0.23903798153376868	6.9703907126116135E-004
5.1899999999999995E-002	0.24814923689943022	7.7255273422469897E-004
5.3800000000000001E-002	0.25726333519282646	8.5279651433525219E-004
5.5700000000000006E-002	0.26638034340621147	9.3781240193004198E-004
5.7599999999999998E-002	0.27550032530398333	1.0276402438618559E-003
5.9499999999999997E-002	0.28462334185050453	1.1223187384153325E-003
6.1400000000000003E-002	0.29374945122606183	1.2218863699137382E-003
6.3300000000000009E-002	0.30287870921048288	1.3263822258872458E-003
6.5200000000000008E-002	0.31201116949323426	1.4358467366072545E-003
6.7099999999999993E-002	0.32114688376551342	1.5503223474623519E-003
6.9000000000000006E-002	0.33028590204384584	1.6698541036562725E-003
7.0900000000000005E-002	0.33942827284604177	1.7944901728586334E-003
7.2799999999999990E-002	0.34857404348126458	1.9242823000174638E-003
7.4700000000000003E-002	0.35772326013013522	2.0592862071499782E-003
7.6600000000000001E-002	0.36687596810816359	2.1995619339440185E-003
7.8500000000000000E-002	0.37603221202430925	2.3451741297893722E-003
8.0400000000000013E-002	0.38519203594651430	2.4961922990931053E-003
8.2300000000000012E-002	0.39435548355756617	2.6526910041379166E-003
8.4199999999999997E-002	0.40352259830112536	2.8147500294498978E-003
8.6099999999999996E-002	0.41269342349579413	2.9824545109306930E-003
8.7999999999999995E-002	0.42186800254364909	3.1558950330544421E-003
8.9899999999999994E-002	0.43104637892701358	3.3351676979125745E-003
9.1800000000000007E-002	0.44022859639518724	3.5203741679419968E-003
9.3700000000000006E-002	0.44941469904493797	3.7116216858111644E-003
9.5600000000000004E-002	0.45860473141328950	3.9090230736896162E-003
9.7500000000000017E-002	0.46779873856141457	4.1126967141687197E-003
9.9400000000000002E-002	0.47699676615270464	4.3227665150787345E-003
0.10130000000000000	0.48619886052288908	4.5393618600080054E-003
0.10320000000000000	0.49540506874483836	4.7626175463966790E-003
0.10510000000000000	0.50461543868719128	4.9926737129618514E-003
0.10700000000000000	0.51383001906591097	5.2296757576297424E-003
0.10890000000000001	0.52304885949301871	5.4737742477480797E-003
0.11080000000000001	0.53227201051899864	5.7251248235692560E-003
0.11270000000000001	0.54149952367021748	5.9838880961728090E-003
0.11460000000000002	0.55073145146707492	6.2502295409476568E-003
0.11649999999999999	0.55996784751574991	6.5243193875026539E-003
0.11840000000000001	0.56920876644172802	6.8063325069425877E-003
0.12030000000000000	0.57845426397306343	7.0964482971629019E-003
0.12220000000000000	0.58770439694444010	7.3948505669410407E-003
0.12410000000000000	0.59695922331323226	7.7017274194226956E-003
0.12600000000000000	0.60621880217296076	8.0172711356065879E-003
0.12790000000000001	0.61548319376400262	8.3416780582714310E-003
0.12980000000000003	0.62475245948259261	8.6751414065457440E-003
0.13169999999999998	0.63402663906345691	9.0140663136667031E-003
0.13360000000000000	0.64330574058253609	9.3595732051535742E-003
0.13550000000000001	0.65258979849847909	9.7129597932610109E-003
0.13739999999999999	0.66187885812974079	1.0074837584960547E-002
0.13930000000000001	0.67117297068522752	1.0445653966430003E-002
0.14120000000000002	0.68047219153090110	1.0825784137923631E-002
0.14310000000000000	0.68977657930601932	1.1215564393856669E-002
0.14500000000000002	0.69908619538990924	1.1615307615393956E-002
0.14690000000000000	0.70840110354757313	1.2025311600071533E-002
0.14879999999999999	0.71772136967610567	1.2445863987057942E-002
0.15070000000000000	0.72704706161485477	1.2877245374658059E-002
0.15260000000000001	0.73637824899712034	1.3319731396699690E-002
0.15450000000000000	0.74571500313076300	1.3773594162154429E-002
0.15640000000000001	0.75505739689991769	1.4239103285634012E-002
0.15830000000000002	0.76440550468212298	1.4716526644949374E-002
0.16020000000000001	0.77375940227733520	1.5206130950831500E-002
0.16210000000000002	0.78311916684620375	1.5708182183755384E-002
0.16400000000000001	0.79248487685599456	1.6222945934902158E-002
0.16589999999999999	0.80185661203218062	1.6750687676501171E-002
0.16780000000000000	0.81123445331518684	1.7291672979517458E-002
0.16970000000000002	0.82061848282163063	1.7846167691580293E-002
0.17160000000000000	0.83000878380857801	1.8414438084273007E-002
0.17350000000000002	0.83940544064136258	1.8996750977043963E-002
0.17540000000000003	0.84880853876367302	1.9593373842726206E-002
0.17730000000000001	0.85821816467037315	2.0204574898751784E-002
0.17920000000000003	0.86763440588205532	2.0830623187121092E-002
0.18110000000000001	0.87705735092174408	2.1471788645291312E-002
0.18300000000000000	0.88648708928402398	2.2128342169997168E-002
0.18490000000000001	0.89592371145135319	2.2800555675232603E-002
0.18680000000000002	0.90536730882067218	2.3488702145685280E-002
0.18870000000000001	0.91481797372224105	2.4193055686175639E-002
0.19060000000000002	0.92427579939431115	2.4913891567999419E-002
0.19250000000000003	0.93374087996784771	2.5651486272465995E-002
0.19439999999999999	0.94321331045249690	2.6406117532131401E-002
0.19630000000000000	0.95269318672323677	2.7178064369814840E-002
0.19820000000000002	0.96218060550810769	2.7967607135704425E-002
0.20010000000000000	0.97167566437664787	2.8775027542524603E-002
0.20200000000000001	0.98117846172919310	2.9600608698858236E-002
0.20390000000000003	0.99068909678676642	3.0444635140567396E-002
0.20580000000000001	1.0002076695817832	3.1307392860263815E-002
0.20770000000000002	1.0097342809491781	3.2189169334729061E-002
0.20960000000000004	1.0192690325182951	3.3090253550131614E-002
0.21149999999999999	1.0288120267051490	3.4010936024918101E-002
0.21340000000000001	1.0383633667051877	3.4951508830182096E-002
0.21529999999999999	1.0479231564865636	3.5912265607320984E-002
0.21720000000000000	1.0574915007836889	3.6893501582756456E-002
0.21909999999999999	1.0670685050912052	3.7895513579538416E-002
0.22100000000000003	1.0766542756581565	3.8918600025563847E-002
0.22289999999999999	1.0862489194825775	3.9963060958173896E-002
0.22479999999999997	1.0958525443060985	4.1029198024910368E-002
0.22670000000000001	1.1054652586088756	4.2117314480179323E-002
0.22860000000000000	1.1150871716045674	4.3227715177554395E-002
0.23050000000000001	1.1247183932354152	4.4360706557480742E-002
0.23240000000000000	1.1343590341673877	4.5516596630148426E-002
0.23430000000000001	1.1440092057852733	4.6695694953294703E-002
0.23619999999999999	1.1536690201877822	4.7898312604654561E-002
0.23810000000000003	1.1633385901825062	4.9124762148875629E-002
0.23999999999999999	1.1730180292808547	5.0375357598669658E-002
0.24189999999999998	1.1827074516926634	5.1650414369937905E-002
0.24380000000000002	1.1924069723207318	5.2950249230755343E-002
0.24570000000000000	1.2021167067550493	5.4275180243915644E-002
0.24760000000000001	1.2118367712667273	5.5625526702974250E-002
0.24950000000000000	1.2215672828016146	5.7001609061497080E-002
0.25140000000000001	1.2313083589735216	5.8403748855509342E-002
0.25330000000000003	1.2410601180570586	5.9832268618903450E-002
0.25519999999999998	1.2508226789800267	6.1287491791736155E-002
0.25710000000000000	1.2605961613152590	6.2769742621356969E-002
0.25900000000000001	1.2703806852720434	6.4279346056240930E-002
0.26090000000000002	1.2801763716869103	6.5816627632525548E-002
0.26279999999999998	1.2899833420138911	6.7381913353187758E-002
0.26469999999999999	1.2998017183140578	6.8975529559922491E-002
0.26660000000000000	1.3096316232445628	7.0597802797671749E-002
0.26849999999999996	1.3194731800468191	7.2249059671935789E-002
0.27040000000000003	1.3293265125341533	7.3929626698894066E-002
0.27229999999999999	1.3391917450847184	7.5639830148815868E-002
0.27420000000000000	1.3490690026027559	7.7379995880742750E-002
0.27610000000000001	1.3589584105415280	7.9150449174016299E-002
0.27799999999999997	1.3688600948624177	8.0951514549649106E-002
0.27989999999999998	1.3787741820251305	8.2783515587129472E-002
0.28179999999999999	1.3887007989704481	8.4646774734757665E-002
0.28370000000000001	1.3986400731022606	8.6541613114221663E-002
0.28559999999999997	1.4085921322687227	8.8468350319625008E-002
0.28750000000000003	1.4185571047426071	9.0427304211405102E-002
0.28939999999999999	1.4285351192006244	9.2418790705386264E-002
0.29130000000000000	1.4385263047021550	9.4443123557537645E-002
0.29320000000000002	1.4485307906667479	9.6500614144671648E-002
0.29509999999999997	1.4585487068511198	9.8591571241650744E-002
0.29699999999999999	1.4685801833251808	0.10071630079554032
0.29890000000000000	1.4786253504470117	0.10287510569718181
0.30080000000000001	1.4886843388372726	0.10506828555071726
0.30269999999999997	1.4987572793526629	0.10729613644159564
0.30460000000000004	1.5088443030586220	0.10955895070363438
0.30649999999999999	1.5189455412012554	0.11185701668564187
0.30840000000000001	1.5290611251784132	0.11419061851823054
0.31030000000000002	1.5391911865102019	0.11656003588141164
0.31219999999999998	1.5493358568086486	0.11896554377350751
0.31409999999999999	1.5594952677467584	0.12140741228207406
0.31600000000000000	1.5696695510269243	0.12388590635733977
0.31790000000000002	1.5798588383487639	0.12640128558886604
0.31979999999999997	1.5900632613763463	0.12895380398594167
0.32170000000000004	1.6002829517049242	0.13154370976234836
0.32360000000000000	1.6105180408272202	0.13417124512612777
0.32549999999999996	1.6207686600992042	0.13683664607482648
0.32740000000000002	1.6310349407055909	0.13954014219687613
0.32929999999999998	1.6413170136306590	0.14228195648061309
0.33119999999999999	1.6516150095994546	0.14506230512537382
0.33310000000000001	1.6619290590787117	0.14788139737060751
0.33500000000000002	1.6722592922164072	0.15073943532265330
0.33689999999999998	1.6826058388123057	0.15363661379548066
0.33879999999999999	1.6929688282824933	0.15657312015942432
0.34070000000000000	1.7033483896231685	0.15954913419921610
0.34259999999999996	1.7137446513749710	0.16256482798197544
0.34450000000000003	1.7241577415873013	0.16562036573526581
0.34639999999999999	1.7345877877827367	0.16871590373555959
0.34830000000000000	1.7450349169216317	0.17185159020743734
0.35020000000000001	1.7554992553670401	0.17502756523364874
0.35210000000000002	1.7659809288499007	0.17824396067627607
0.35399999999999998	1.7764800624345136	0.18150090010911904
0.35589999999999999	1.7869967804845659	0.18479849876141274
0.35780000000000001	1.7975312066294797	0.18813686347295025
0.35969999999999996	1.8080834637373107	0.19151609266217934
0.36160000000000003	1.8186536738575696	0.19493627629766747
0.36349999999999999	1.8292419582273407	0.19839749589733918
0.36540000000000000	1.8398484372140032	0.20189982452229180
0.36730000000000002	1.8504732302912266	0.20544332679019203
0.36920000000000003	1.8611164560089350	0.20902805889796178
0.37109999999999999	1.8717782319644241	0.21265406865522310
0.37300000000000000	1.8824586747738379	0.21632139552839180
0.37490000000000001	1.8931579000448107	0.22003007069496783
0.37679999999999997	1.9038760223497981	0.22378011710796233
0.37870000000000004	1.9146131552002945	0.22757154956993222
0.38059999999999999	1.9253694110220414	0.23140437481649470
0.38250000000000001	1.9361449011311327	0.23527859160879633
0.38440000000000002	1.9469397357165339	0.23919419083663962
0.38629999999999998	1.9577540237951734	0.24315115561969658
0.38819999999999999	1.9685878732272080	0.24714946143759586
0.39010000000000000	1.9794413906706274	0.25118907624562159
0.39200000000000002	1.9903146815690462	0.25526996060879348
0.39389999999999997	2.0012078501337354	0.25939206783999563
0.39580000000000004	2.0121209993268079	0.26355534414435750
0.39770000000000000	2.0230542308453225	0.26775972876917925
0.39959999999999996	2.0340076451065197	0.27200515415909293
0.40150000000000002	2.0449813412339823	0.27629154611592460
0.40339999999999998	2.0559754170511120	0.28061882396556243
0.40529999999999999	2.0669899690434184	0.28498690071462085
0.40720000000000001	2.0780250923890122	0.28939568323960557
0.40910000000000002	2.0890808809197243	0.29384507244867897
0.41099999999999998	2.1001574271203465	0.29833496346181937
0.41290000000000004	2.1112548221207943	0.30286524578964569
0.41480000000000000	2.1223731556893344	0.30743580351391264
0.41669999999999996	2.1335125162269457	0.31204651546937717
0.41860000000000003	2.1446729907623774	0.31669725542643651
0.42049999999999998	2.1558546649483166	0.32138789227431486
0.42240000000000005	2.1670576230637164	0.32611829020730770
0.42430000000000007	2.1782819479888231	0.33088830889551890
0.42620000000000002	2.1895277212403532	0.33569780368699603
0.42809999999999998	2.2007950229452100	0.34054662577573663
0.43000000000000005	2.2120839318477077	0.34543462238579886
0.43190000000000006	2.2233945253108192	0.35036163695054862
0.43380000000000002	2.2347268793180981	0.35532750929006462
0.43570000000000003	2.2460810684763435	0.36033207578668436
0.43759999999999999	2.2574571660190093	0.36537516955831778
0.43950000000000006	2.2688552438158700	0.37045662063316914
0.44140000000000007	2.2802753723544678	0.37557625610263046
0.44330000000000003	2.2917176207823240	0.38073390031117305
0.44519999999999998	2.3031820568868913	0.38592937500207175
0.44710000000000000	2.3146687471092688	0.39116249948153831
0.44900000000000007	2.3261777565511950	0.39643309077512134
0.45090000000000002	2.3377091489827384	0.40174096378070989
0.45280000000000004	2.3492629868505683	0.40708593141827426
0.45469999999999999	2.3608393312865896	0.41246780477598760
0.45660000000000006	2.3724382421170884	0.41788639325269650
0.45850000000000007	2.3840597778782531	0.42334150470202092
0.46040000000000003	2.3957039958016009	0.42883294554594270
0.46229999999999999	2.4073709518626054	0.43436052093955985
0.46420000000000000	2.4190607007650589	0.43992403487571985
0.46610000000000007	2.4307732959587089	0.44552329031455484
0.46800000000000003	2.4425087896509079	0.45115808930357976
0.46990000000000004	2.4542672328183150	0.45682823309373594
0.47180000000000011	2.4660486752187043	0.46253352225167105
0.47370000000000007	2.4778531654034182	0.46827375676831989
0.47560000000000008	2.4896807507294745	0.47404873616340804
0.47750000000000004	2.5015314773725557	0.47985825958663680
0.47939999999999999	2.5134053903396971	0.48570212591478273
0.48130000000000006	2.5253025334822907	0.49158013384525678
0.48320000000000007	2.5372229495094007	0.49749208198614681
0.48510000000000003	2.5491666800046757	0.50343776894875958
0.48700000000000004	2.5611337654243536	0.50941699340472624
0.48890000000000011	2.5731242451351317	0.51542955420510350
0.49080000000000007	2.5851381574106234	0.52147525042916354
0.49270000000000008	2.5971755394498959	0.52755388146400661
0.49460000000000004	2.6092364273910791	0.53366524707408269
0.49650000000000000	2.6213208563251849	0.53980914746734077
0.49840000000000007	2.6334288603098845	0.54598538335831737
0.50030000000000008	2.6455604723835622	0.55219375602824095
0.50220000000000009	2.6577157245792393	0.55843406738223356
0.50409999999999999	2.6698946479381842	0.56470612000334308
0.50600000000000001	2.6820972725241794	0.57100971720418692
0.50790000000000013	2.6943236274371030	0.57734466307553367
0.50980000000000003	2.7065737408269612	0.58371076253243204
0.51170000000000004	2.7188476399075197	0.59010782135765172
0.51360000000000006	2.7311453509702175	0.59653564624270949
0.51550000000000007	2.7434668993977720	0.60299404482653807
0.51740000000000008	2.7558123096777676	0.60948282573163481
0.51930000000000009	2.7681816054163146	0.61600179859819482
0.52120000000000000	2.7805748093514571	0.62255077411589088
0.52310000000000001	2.7929919433633890	0.62912956406107079
0.52500000000000013	2.8054330285004085	0.63573798129422943
0.52690000000000003	2.8178980849736672	0.64237583983218982
0.52880000000000005	2.8303871321817002	0.64904295484000019
0.53070000000000006	2.8429001887215302	0.65573914266181821
0.53260000000000007	2.8554372724009238	0.66246422084066614
0.53450000000000009	2.8679984002511070	0.66921800813745891
0.53640000000000010	2.8805835885400293	0.67600032454795533
0.53830000000000000	2.8931928527838240	0.68281099131809331
0.54020000000000001	2.9058262077604557	0.68964983095859611
0.54210000000000014	2.9184836675212300	0.69651666725710115
0.54400000000000004	2.9311652454028900	0.70341132528969252
0.54590000000000005	2.9438709540402526	0.71033363143102102
0.54780000000000006	2.9566008053773865	0.71728341336286705
0.54970000000000008	2.9693548106799676	0.72426050008195197
0.55160000000000009	2.9821329805463304	0.73126472190619218
0.55350000000000010	2.9949353249193873	0.73829591048044618
0.55540000000000000	3.0077618530977555	0.74535389878059932
0.55730000000000002	3.0206125737468512	0.75243852111705067
0.55920000000000014	3.0334874949102155	0.75954961313733349
0.56110000000000004	3.0463866240201076	0.76668701182758991
0.56300000000000006	3.0593099679085172	0.77385055551347393
0.56490000000000007	3.0722575328174995	0.78104008385993551
0.56680000000000008	3.0852293244099958	0.78825543787078767
0.56870000000000009	3.0982253477796955	0.79549645988680207
0.57060000000000011	3.1112456074617683	0.80276299358397962
0.57250000000000001	3.1242901074423504	0.81005488397048275
0.57440000000000002	3.1373588511688761	0.81737197738339229
0.57630000000000015	3.1504518415595695	0.82471412148476120
0.57820000000000005	3.1635690810130650	0.83208116525696907
0.58010000000000006	3.1767105714179156	0.83947295899792540
0.58200000000000007	3.1898763141279538	0.84688935432371493
0.58389999999999997	3.2030663101077970	0.85433020412974470
0.58580000000000010	3.2162805597370716	0.86179536263433176
0.58770000000000011	3.2295190629557409	0.86928468533850722
0.58960000000000001	3.2427818192389877	0.87679802902713677
0.59150000000000003	3.2560688276059060	0.88433525176187733
0.59340000000000015	3.2693800866277241	0.89189621287319776
0.59530000000000005	3.2827155944361284	0.89948077295255646
0.59720000000000006	3.2960753487321037	0.90708879384412244
0.59910000000000008	3.3094593467929001	0.91472013863588408
0.60099999999999998	3.3228675854813376	0.92237467165149611
0.60290000000000010	3.3363000612526119	0.93005225844091743
0.60480000000000012	3.3497567701623194	0.93775276577121602
0.60670000000000002	3.3632377078739784	0.94547606161724718
0.60860000000000003	3.3767428696669404	0.95322201515258065
0.61050000000000015	3.3902722504432363	0.96099049673927717
0.61240000000000006	3.4038258447346359	0.96878137791823971
0.61430000000000007	3.4174036467102931	0.97659453139961705
0.61620000000000008	3.4310056501831694	0.98442983105230319
0.61809999999999998	3.4446318486177958	0.99228715189470595
0.62000000000000011	3.4582822351356666	1.0001663700833885
0.62190000000000012	3.4719568025225942	1.0080673629035610
0.62380000000000002	3.4856555432357856	1.0159900087589766
0.62570000000000003	3.4993784494090390	1.0239341871609138
0.62760000000000005	3.5131255128602543	1.0318997787184359
0.62950000000000006	3.5268967250964294	1.0398866651274246
0.63140000000000007	3.5406920773208648	1.0478947291605729
0.63330000000000009	3.5545115604381570	1.0559238546566745
0.63519999999999999	3.5683551650607432	1.0639739265103119
0.63710000000000011	3.5822228815144221	1.0720448306613184
0.63900000000000012	3.5961146998438847	1.0801364540843890
0.64090000000000003	3.6100306098187942	1.0882486847786630
0.64280000000000004	3.6239706009386086	1.0963814117574120
0.64470000000000005	3.6379346624385489	1.1045345250374339
0.64660000000000006	3.6519227832939118	1.1127079156287525
0.64850000000000008	3.6659349522268800	1.1209014755246010
0.65040000000000009	3.6799711577100553	1.1291150976909068
0.65229999999999999	3.6940313879723443	1.1373486760560958
0.65420000000000011	3.7081156310035688	1.1456021055009071
0.65610000000000013	3.7222238745594489	1.1538752818485696
0.65800000000000003	3.7363561061661801	1.1621681018543331
0.65990000000000004	3.7505123131247964	1.1704804631955570
0.66180000000000005	3.7646924825174763	1.1788122644624019
0.66370000000000007	3.7788966012088139	1.1871634051468414
0.66560000000000008	3.7931246558538536	1.1955337856341062
0.66750000000000009	3.8073766328998282	1.2039233071919935
0.66940000000000000	3.8216525185913985	1.2123318719617342
0.67130000000000012	3.8359522989751804	1.2207593829483900
0.67320000000000013	3.8502759599030338	1.2292057440112203
0.67510000000000003	3.8646234870368135	1.2376708598543882
0.67700000000000005	3.8789948658519746	1.2461546360176883
0.67890000000000006	3.8933900816414946	1.2546569788669699
0.68080000000000007	3.9078091195195652	1.2631777955854919
0.68270000000000008	3.9222519644262834	1.2717169941646136
0.68460000000000010	3.9367186011298685	1.2802744833947510
0.68650000000000000	3.9512090142312530	1.2888501728563531
0.68840000000000012	3.9657231881678587	1.2974439729117129
0.69030000000000014	3.9802611072162692	1.3060557946954920
0.69220000000000004	3.9948227554960503	1.3146855501064496
0.69410000000000005	4.0094081169735318	1.3233331517990654
0.69600000000000006	4.0240171754644596	1.3319985131747749
0.69790000000000008	4.0386499146378556	1.3406815483738006
0.69980000000000009	4.0533063180183184	1.3493821722666584
0.70170000000000010	4.0679863689905797	1.3581003004464460
0.70360000000000000	4.0826900508014194	1.3668358492203263
0.70550000000000002	4.0974173465626409	1.3755887356014274
0.70740000000000014	4.1121682392553787	1.3843588773016531
0.70930000000000004	4.1269427117312016	1.3931461927229476
0.71120000000000005	4.1417407467168070	1.4019506009504192
0.71310000000000007	4.1565623268148917	1.4107720217436757
0.71500000000000008	4.1714074345089758	1.4196103755306182
0.71690000000000009	4.1862760521645574	1.4284655833988205
0.71880000000000011	4.2011681620323706	1.4373375670885893
0.72070000000000001	4.2160837462513268	1.4462262489859090
0.72260000000000002	4.2310227868504819	1.4551315521148813
0.72450000000000014	4.2459852657520969	1.4640534001308563
0.72640000000000005	4.2609711647732720	1.4729917173130669
0.72830000000000006	4.2759804656297202	1.4819464285581931
0.73020000000000007	4.2910131499370507	1.4909174593731269
0.73210000000000008	4.3060691992137308	1.4999047358684252
0.73400000000000010	4.3211485948830344	1.5089081847514618
0.73590000000000011	4.3362513182755471	1.5179277333198833
0.73780000000000001	4.3513773506313118	1.5269633094551380
0.73970000000000002	4.3665266731020242	1.5360148416160653
0.74160000000000015	4.3816992667531247	1.5450822588322926
0.74350000000000005	4.3968951125661304	1.5541654906982187
0.74540000000000006	4.4121141914406286	1.5632644673669736
0.74730000000000008	4.4273564841962854	1.5723791195438321
0.74919999999999998	4.4426219715743915	1.5815093784803105
0.75110000000000010	4.4579106342408172	1.5906551759685084
0.75300000000000011	4.4732224527874642	1.5998164443351750
0.75490000000000002	4.4885574077334232	1.6089931164352473
0.75680000000000003	4.5039154795283167	1.6181851256470103
0.75870000000000015	4.5192966485527668	1.6273924058658207
0.76060000000000005	4.5347008951210439	1.6366148914987695
0.76250000000000007	4.5501281994828986	1.6458525174593108
0.76440000000000008	4.5655785418242631	1.6551052191612703
0.76629999999999998	4.5810519022700920	1.6643729325139356
0.76820000000000010	4.5965482608857133	1.6736555939168061
0.77010000000000012	4.6120675976781165	1.6829531402539251
0.77200000000000002	4.6276098925980174	1.6922655088890757
0.77390000000000003	4.6431751255412461	1.7015926376605417
0.77580000000000016	4.6587632763503830	1.7109344648761293
0.77770000000000006	4.6743743248159761	1.7202909293079596
0.77960000000000007	4.6900082506788499	1.7296619701880154
0.78150000000000008	4.7056650336302646	1.7390475272026620
0.78339999999999999	4.7213446533149961	1.7484475404886233
0.78530000000000011	4.7370470893316954	1.7578619506277242
0.78720000000000012	4.7527723212340840	1.7672906986421513
0.78910000000000002	4.7685203285330759	1.7767337259902418
0.79100000000000004	4.7842910906980753	1.7861909745618809
0.79290000000000016	4.8000845871579134	1.7956623866738122
0.79480000000000006	4.8159007973020485	1.8051479050652359
0.79670000000000007	4.8317397004825509	1.8146474728936635
0.79860000000000009	4.8476012760145535	1.8241610337303609
0.80049999999999999	4.8634855031783131	1.8336885315563867
0.80240000000000011	4.8793923612192778	1.8432299107578514
0.80430000000000013	4.8953218293508449	1.8527851161225122
0.80620000000000003	4.9112738867539871	1.8623540928350650
0.80810000000000004	4.9272485125795651	1.8719367864735159
0.81000000000000016	4.9432456859488161	1.8815331430048809
0.81190000000000007	4.9592653859547662	1.8911431087815211
0.81380000000000008	4.9753075916627374	1.9007666305368989
0.81570000000000009	4.9913722821127138	1.9104036553822730
0.81759999999999999	5.0074594363190768	1.9200541308024746
0.81950000000000012	5.0235690332720244	1.9297180046521787
0.82140000000000013	5.0397010519391658	1.9393952251526196
0.82330000000000003	5.0558554712659376	1.9490857408875899
0.82520000000000004	5.0720322701766074	1.9587895007998246
0.82710000000000006	5.0882314275751943	1.9685064541875890
0.82900000000000007	5.1044529223470247	1.9782365507011799
0.83090000000000008	5.1206967333590967	1.9879797403395028
0.83280000000000010	5.1369628394610611	1.9977359734465678
0.83470000000000000	5.1532512194859814	2.0075052007078917
0.83660000000000012	5.1695618522519204	2.0172873731477456
0.83850000000000013	5.1858947165619274	2.0270824421253226
0.84040000000000004	5.2022497912056531	2.0368903593318728
0.84230000000000005	5.2186270549594127	2.0467110767870911
0.84420000000000006	5.2350264865876470	2.0565445468363293
0.84609999999999996	5.2514480648437081	2.0663907221473914
0.84799999999999998	5.2678917684699877	2.0762495557072063
0.84989999999999999	5.2843575761995352	2.0861210008190114
0.85180000000000000	5.3008454667564768	2.0960050110993684
0.85370000000000013	5.3173554188563434	2.1059015404748682
0.85560000000000014	5.3338874112079004	2.1158105431798302
0.85750000000000004	5.3504414225127350	2.1257319737527025
0.85940000000000005	5.3670174314664854	2.1356657870335338
0.86130000000000007	5.3836154167594392	2.1456119381610761
0.86319999999999997	5.4002353570774622	2.1555703825701196
0.86509999999999998	5.4168772311026130	2.1655410759886844
0.86699999999999999	5.4335410175135070	2.1755239744351322
0.86890000000000001	5.4502266949858358	2.1855190342154560
0.87079999999999991	5.4669342421938776	2.1955262119210017
0.87270000000000014	5.4836636378105057	2.2055454644255428
0.87460000000000004	5.5004148605075116	2.2155767488825742
0.87650000000000006	5.5171878889571015	2.2256200227231511
0.87840000000000007	5.5339827018313033	2.2356752436526333
0.88029999999999997	5.5507992778041491	2.2457423696493124
0.88219999999999998	5.5676375955505080	2.2558213589607559
0.88410000000000000	5.5844976337479659	2.2659121701021365
0.88600000000000001	5.6013793710767645	2.2760147618535025
0.88789999999999991	5.6182827862205436	2.2861290932575145
0.88980000000000015	5.6352078578664626	2.2962551236168061
0.89170000000000005	5.6521545647068665	2.3063928124922990
0.89360000000000006	5.6691228854382230	2.3165421197001352
0.89550000000000007	5.6861127987627622	2.3267030053097533
0.89739999999999998	5.7031242833887168	2.3368754296418515
0.89929999999999999	5.7201573180310197	2.3470593532660113
0.90120000000000000	5.7372118814107305	2.3572547369980721
0.90309999999999990	5.7542879522567150	2.3674615418984648
0.90499999999999992	5.7713855093061985	2.3776797292703433
0.90689999999999993	5.7885045313037988	2.3879092606564627
0.90879999999999994	5.8056449970034736	2.3981500978380743
0.91070000000000007	5.8228068851681032	2.4084022028322258
0.91260000000000008	5.8399901745706524	2.4186655378902762
0.91449999999999998	5.8571948439936046	2.4289400654952082
0.91639999999999999	5.8744208722302220	2.4392257483601831
0.91830000000000001	5.8916682380842031	2.4495225494260913
0.92019999999999991	5.9089369203712927	2.4598304318602082
0.92209999999999992	5.9262268979182968	2.4701493590536434
0.92399999999999993	5.9435381495643238	2.4804792946198355
0.92589999999999995	5.9608706541607415	2.4908202023923836
0.92780000000000007	5.9782243905722581	2.5011720464235676
0.92970000000000008	5.9955993376758432	2.5115347909818686
0.93159999999999998	6.0129954743631275	2.5219084005509913
0.93350000000000000	6.0304127795385858	2.5322928398271398
0.93540000000000001	6.0478512321216380	2.5426880737180402
0.93729999999999991	6.0653108110461229	2.5530940673407216
0.93919999999999992	6.0827914952607047	2.5635107860198239
0.94109999999999994	6.1002932637293483	2.5739381952859142
0.94299999999999995	6.1178160954314720	2.5843762608738192
0.94490000000000007	6.1353599693625149	2.5948249487208939
0.94680000000000009	6.1529248645342252	2.6052842249654411
0.94869999999999999	6.1705107599744107	2.6157540559448340
0.95060000000000000	6.1881176347283366	2.6262344081942302
0.95250000000000001	6.2057454678577528	2.6367252484445962
0.95439999999999992	6.2233942384418652	2.6472265436211893
0.95629999999999993	6.2410639255779907	2.6577382608423208
0.95819999999999994	6.2587545083808598	2.6682603674173624
0.96009999999999995	6.2764659659838999	2.6787928308454738
0.96199999999999986	6.2941982775383707	2.6893356188137383
0.96390000000000009	6.3119514222147703	2.6998886991960940
0.96579999999999999	6.3297253792024906	2.7104520400515928
0.96770000000000000	6.3475201277100819	2.7210256096229286
0.96960000000000002	6.3653356469654367	2.7316093763348390
0.97149999999999992	6.3831719162166296	2.7422033087930275
0.97339999999999993	6.4010289147311639	2.7528073757824223
0.97529999999999994	6.4189066217969479	2.7634215462657226
0.97719999999999996	6.4368050167222703	2.7740457893821731
0.97909999999999986	6.4547240788364242	2.7846800744463387
0.98100000000000009	6.4726637874890143	2.7953243709461919
0.98290000000000000	6.4906241220509644	2.8059786485421538
0.98480000000000001	6.5086050619145199	2.8166428770657106
0.98670000000000002	6.5266065864932816	2.8273170265179397
0.98859999999999992	6.5446286752226532	2.8380010670683347
0.99049999999999994	6.5626713075600831	2.8486949690535441
0.99239999999999995	6.5807344629844486	2.8593987029755832
0.99429999999999996	6.5988181209977670	2.8701122395014123
0.99619999999999986	6.6169222611240111	2.8808355494609752
0.99810000000000010	6.6350468629098254	2.8915686038461961
1.0000000000000000	6.6531919059246780	2.9023113738096518
