  0.1581E-10  0.7454E-10  0.1571E-15
  0.3972E-10  0.1872E-09  0.7689E-15
  0.9976E-10  0.4702E-09  0.3641E-14
  0.2506E-09  0.1181E-08  0.1666E-13
  0.6294E-09  0.2968E-08  0.7332E-13
  0.1581E-08  0.7454E-08  0.3085E-12
  0.3972E-08  0.1873E-07  0.1237E-11
  0.5000E-08  0.2358E-07  0.1663E-11
  0.9976E-08  0.4705E-07  0.4539E-11
  0.1990E-07  0.9387E-07  0.1212E-10
  0.3972E-07  0.1873E-06  0.3182E-10
  0.7924E-07  0.3738E-06  0.8236E-10
  0.1581E-06  0.7459E-06  0.2112E-09
  0.1990E-06  0.9392E-06  0.2764E-09
  0.3155E-06  0.1489E-05  0.5152E-09
  0.5000E-06  0.2360E-05  0.9581E-09
  0.6294E-06  0.2971E-05  0.1306E-08
  0.7924E-06  0.3741E-05  0.1593E-08
  0.9976E-06  0.4710E-05  0.2170E-08
  0.1581E-05  0.7465E-05  0.4023E-08
  0.2506E-05  0.1184E-04  0.7452E-08
  0.3972E-05  0.1877E-04  0.1380E-07
  0.5000E-05  0.2363E-04  0.1791E-07
  0.6294E-05  0.2973E-04  0.2436E-07
  0.7924E-05  0.3747E-04  0.3315E-07
  0.9976E-05  0.4716E-04  0.4507E-07
  0.1256E-04  0.5941E-04  0.6130E-07
  0.1581E-04  0.7479E-04  0.8002E-07
  0.1990E-04  0.9418E-04  0.1077E-06
  0.2506E-04  0.1186E-03  0.1464E-06
  0.3155E-04  0.1494E-03  0.1882E-06
  0.3972E-04  0.1881E-03  0.2559E-06
  0.5000E-04  0.2369E-03  0.3479E-06
  0.6294E-04  0.2982E-03  0.4729E-06
  0.7924E-04  0.3758E-03  0.6430E-06
  0.9976E-04  0.4730E-03  0.8214E-06
  0.1105E-03  0.5242E-03  0.9147E-06
  0.1256E-03  0.5958E-03  0.1041E-05
  0.1581E-03  0.7505E-03  0.1415E-05
  0.1990E-03  0.9452E-03  0.1840E-05
  0.2506E-03  0.1191E-02  0.2384E-05
  0.2572E-03  0.1222E-02  0.2469E-05
  3.00000014E-04   1.4259999025773406E-003   2.5299998001293060E-006
   3.99999990E-04   1.9029998712601971E-003   2.8899998777889927E-006
   5.00000024E-04   2.3790000204849632E-003   3.2400001089757357E-006
   6.00000028E-04   2.8550001697097292E-003   3.5999998916547005E-006
   6.99999975E-04   3.3319998363323263E-003   4.0000002401483272E-006
   7.99999980E-04   3.8090001070754421E-003   4.3600000228272920E-006
   8.99999985E-04   4.2849999542399486E-003   4.7599997813594750E-006
   1.00000005E-03   4.7619999229228053E-003   5.1699996813453231E-006
   1.50000001E-03   7.1460002489392559E-003   7.4500000748630977E-006
   2.00000009E-03   9.5310003944137963E-003   9.9800001699731268E-006
   2.49999994E-03   1.1915999331647300E-002   1.2720000580783633E-005
   3.00000003E-03   1.4303000324279058E-002   1.5709999513263505E-005
   3.50000011E-03   1.6688999685091171E-002   1.8799999270318588E-005
   4.00000019E-03   1.9076000677722929E-002   2.2039999084313605E-005
   4.49999981E-03   2.1464000885692256E-002   2.5440001161567265E-005
   4.99999989E-03   2.3851999885420552E-002   2.8989999755992195E-005
   5.49999997E-03   2.6240001301630917E-002   3.2639999174992334E-005
   6.00000005E-03   2.8628998308455743E-002   3.6389999418567687E-005
   6.50000013E-03   3.1016999724666112E-002   4.0240000486718251E-005
   7.00000022E-03   3.3406999571551618E-002   4.4290000844173463E-005
   7.49999983E-03   3.5795998994858517E-002   4.8399997920620557E-005
   8.00000038E-03   3.8185998841744027E-002   5.2700000339513797E-005
   8.50000046E-03   4.0576001105111614E-002   5.7059999477398926E-005
   8.99999961E-03   4.2965998535515047E-002   6.1569999852146870E-005
   9.49999969E-03   4.5357001222461245E-002   6.6179996331778478E-005
   9.99999978E-03   4.7747999076443289E-002   7.0949999794360272E-005
   1.20000001E-02   5.7313000581878368E-002   9.1620002213037283E-005
   1.40000004E-02   6.6882999372242347E-002   1.1488999775252050E-004
   1.60000008E-02   7.6454999009763533E-002   1.4067999708040945E-004
   1.79999992E-02   8.6032000765177780E-002   1.6967000391593896E-004
   1.99999996E-02   9.5611003367749234E-002   2.0174999280968026E-004
   2.19999999E-02  0.10519399799870682        2.3687001054626121E-004
   2.40000002E-02  0.11478099432397884        2.7537999393601338E-004
   2.60000005E-02  0.12437000116233639        3.1723999550965201E-004
   2.80000009E-02  0.13396300002908007        3.6218999802026865E-004
   2.99999993E-02  0.14356000059013818        4.1054002856644243E-004
   3.20000015E-02  0.15315900199835350        4.6202000751887896E-004
   3.40000018E-02  0.16276199543495498        5.1660003091191320E-004
   3.59999985E-02  0.17236799497525640        5.7416999778105160E-004
   3.79999988E-02  0.18197799620987229        6.3438000907349503E-004
   3.99999991E-02  0.19159099388225984        6.9757003361102011E-004
   4.19999994E-02  0.20120698799241907        7.6345005578722222E-004
   4.39999998E-02  0.21082599787220657        8.3187002716832311E-004
   4.60000001E-02  0.22044798485790917        9.0271002983140398E-004
   4.80000004E-02  0.23007399286978278        9.7589001780776555E-004
   5.00000007E-02  0.23970301665128466        1.0513999475937881E-003
   5.20000011E-02  0.24933399295030229        1.1289900908701435E-003
   5.40000014E-02  0.25896899027549092        1.2087600520073168E-003
   5.60000017E-02  0.26860700337030785        1.2905500411281691E-003
   5.79999983E-02  0.27824700764635368        1.3745199236249043E-003
   5.99999987E-02  0.28789101361671393        1.4601700163136713E-003
   6.19999990E-02  0.29753699143644657        1.5480401008777353E-003
   6.40000030E-02  0.30718700961420675        1.6334799596260702E-003
   6.59999996E-02  0.31683899964133933        1.7254100361346022E-003
   6.80000037E-02  0.32649398610624353        1.8190598927291270E-003
   7.00000003E-02  0.33615102174794648        1.9148400293019538E-003
   7.19999969E-02  0.34581200108839405        2.0122899549878692E-003
   7.40000010E-02  0.35547499094192714        2.1117200367032434E-003
   7.59999976E-02  0.36514099656508853        2.2012200384261757E-003
   7.80000016E-02  0.37480901270133538        2.3074399816789149E-003
   7.99999982E-02  0.38448000594349735        2.4154299980508106E-003
   8.20000023E-02  0.39415401495528757        2.5240300251162450E-003

5.0000000000000003E-002  0.23901530164916110  6.8066344258285391E-004
5.1899999999999995E-002  0.24812505935731599  7.5545899029886047E-004
5.3800000000000001E-002  0.25723763419710632  8.3501257063754383E-004
5.5700000000000006E-002  0.26635309505415738  9.1936799772970499E-004
5.7599999999999998E-002  0.27547150766237288  1.0085666154686895E-003
5.9499999999999997E-002  0.28459293465055741  1.1026483242921653E-003
6.1400000000000003E-002  0.29371743591082883  1.2016524991888074E-003
6.3300000000000009E-002  0.30284506890770285  1.3056188226642700E-003
6.5200000000000008E-002  0.31197588879443883  1.4145880453049478E-003
6.7099999999999993E-002  0.32110994873263254  1.5286026580648914E-003
6.9000000000000006E-002  0.33024730010299136  1.6477074965532122E-003
7.0900000000000005E-002  0.33938799270240594  1.7719502766322093E-003
7.2799999999999990E-002  0.34853207503686739  1.9013820640766319E-003
7.4700000000000003E-002  0.35767959439930119  2.0360576899589918E-003
7.6600000000000001E-002  0.36683059713667038  2.1760361069057452E-003
7.8500000000000000E-002  0.37598512880815360  2.3213806971380470E-003
8.0400000000000013E-002  0.38514323435440628  2.4721595339208245E-003
8.2300000000000012E-002  0.39430495825334677  2.6284456004952478E-003
8.4199999999999997E-002  0.40347034466845483  2.7903169703495660E-003
8.6099999999999996E-002  0.41263943756704091  2.9578569521619314E-003
8.7999999999999995E-002  0.42181228092938322  3.1311542026366168E-003
8.9899999999999994E-002  0.43098891874809547  3.3103028106370486E-003
9.1800000000000007E-002  0.44016939521787968  3.4954023548327954E-003
9.3700000000000006E-002  0.44935375481934037  3.6865579380470979E-003
9.5600000000000004E-002  0.45854204241316127  3.8838802005121895E-003
9.7500000000000017E-002  0.46773430332825461  4.0874853143980129E-003
9.9400000000000002E-002  0.47693058344182249  4.2974949616730821E-003
0.10130000000000000  0.48613092925270734  4.5140362972173548E-003
0.10320000000000000  0.49533538794927001  4.7372418990848366E-003
0.10510000000000000  0.50454400746987482  4.9672497072956118E-003
0.10700000000000000  0.51375683655945348  5.2042029530694305E-003
0.10890000000000001  0.52297392481900229  5.4482500794116517E-003
0.11080000000000001  0.53219532275196879  5.6995446546248760E-003
0.11270000000000001  0.54142108180444115  5.9582452798214742E-003
0.11460000000000002  0.55065125438576001  6.2245154912888333E-003
0.11649999999999999  0.55988589396354993  6.4985236589916026E-003
0.11840000000000001  0.56912505499931831  6.7804428817401707E-003
0.12030000000000000  0.57836879303492050  7.0704508800081417E-003
0.12220000000000000  0.58761716469894754  7.3687298869900622E-003
0.12410000000000000  0.59687022772547105  7.6754665386501771E-003
0.12600000000000000  0.60612804097006490  7.9908517631582746E-003
0.12790000000000001  0.61539066442283075  8.3150806704677775E-003
0.12980000000000003  0.62465815921912715  8.6483524421914777E-003
0.13169999999999998  0.63393058393819479  8.9895827553956864E-003
0.13360000000000000  0.64320795506696393  9.3361496459760055E-003
0.13550000000000001  0.65249029452653351  9.6902115469881516E-003
0.13739999999999999  0.66177764375294124  1.0052576009718846E-002
0.13930000000000001  0.67107005174819978  1.0423755497424161E-002
0.14120000000000002  0.68036757234862533  1.0804156452213873E-002
0.14310000000000000  0.68967026302410184  1.1194133092123276E-002
0.14500000000000002  0.69897818420671753  1.1594009819204144E-002
0.14690000000000000  0.70829139886499426  1.2004092484373195E-002
0.14879999999999999  0.71760997221019684  1.2424674752289611E-002
0.15070000000000000  0.72693397148184224  1.2856041998645510E-002
0.15260000000000001  0.73626346578327850  1.3298473841767317E-002
0.15450000000000000  0.74559852595210707  1.3752245862948967E-002
0.15640000000000001  0.75493922445405381  1.4217630818085823E-002
0.15830000000000002  0.76428563529532478  1.4694899516104511E-002
0.16020000000000001  0.77363783394789809  1.5184321471643773E-002
0.16210000000000002  0.78299589728503416  1.5686165399887677E-002
0.16400000000000001  0.79235990352513586  1.6200699598700314E-002
0.16589999999999999  0.80172993218201916  1.6728192248610899E-002
0.16780000000000000  0.81110606402065411  1.7268911651627656E-002
0.16970000000000002  0.82048838101695243  1.7823126424165069E-002
0.17160000000000000  0.82987696632218666  1.8391105655003195E-002
0.17350000000000002  0.83927190422926257  1.8973119036184607E-002
0.17540000000000003  0.84867328014333332  1.9569436972999329E-002
0.17730000000000001  0.85808118055330651  2.0180330677562718E-002
0.17920000000000003  0.86749569300665008  2.0806072249369353E-002
0.18110000000000001  0.87691690608540451  2.1446934745532137E-002
0.18300000000000000  0.88634490938413890  2.2103192242764542E-002
0.18490000000000001  0.89577979348037073  2.2775119892746977E-002
0.18680000000000002  0.90522164995158139  2.3462993971894743E-002
0.18870000000000001  0.91467057130306761  2.4167091926831558E-002
0.19060000000000002  0.92412665098730995  2.4887692415962347E-002
0.19250000000000003  0.93358998337933841  2.5625075347901385E-002
0.19439999999999999  0.94306066376192377  2.6379521917087013E-002
0.19630000000000000  0.95253878831198691  2.7151314636978049E-002
0.19820000000000002  0.96202445408749293  2.7940737370884001E-002
0.20010000000000000  0.97151775901541171  2.8748075360706768E-002
0.20200000000000001  0.98101880188032298  2.9573615253583662E-002
0.20390000000000003  0.99052768231358612  3.0417645126451058E-002
0.20580000000000001  1.0000445007832608  3.1280454508482554E-002
0.20770000000000002  1.0095693585846162  3.2162334401383198E-002
0.20960000000000004  1.0191023578310026  3.3063577297357476E-002
0.21149999999999999  1.0286436014453606  3.3984477194684365E-002
0.21340000000000001  1.0381931931521839  3.4925329610713374E-002
0.21529999999999999  1.0477512374696738  3.5886431592116970E-002
0.21720000000000000  1.0573178397025098  3.6868081722213161E-002
0.21909999999999999  1.0668931059347095  3.7870580125151744E-002
0.22100000000000003  1.0764771430229163  3.8894228466782713E-002
0.22289999999999999  1.0860700585897760  3.9939329951903836E-002
0.22479999999999997  1.0956719610176493  4.1006189317815502E-002
0.22670000000000001  1.1052829594423181  4.2095112823770570E-002
0.22860000000000000  1.1149031637468862  4.3206408236257654E-002
0.23050000000000001  1.1245326845557475  4.4340384809752456E-002
0.23240000000000000  1.1341716332285099  4.5497353262823573E-002
0.23430000000000001  1.1438201218539701  4.6677625749274601E-002
0.23619999999999999  1.1534782632439702  4.7881515824160184E-002
0.23810000000000003  1.1631461709272355  4.9109338404444577E-002
0.23999999999999999  1.1728239591429854  5.0361409724095460E-002
0.24189999999999998  1.1825117428344027  5.1638047283398700E-002
0.24380000000000002  1.1922096376419362  5.2939569792362577E-002
0.24570000000000000  1.2019177598962318  5.4266297107955989E-002
0.24760000000000001  1.2116362266108882  5.5618550165097869E-002
0.24950000000000000  1.2213651554748313  5.6996650901183055E-002
0.25140000000000001  1.2311046648442669  5.8400922174091194E-002
0.25330000000000003  1.2408548737343335  5.9831687673469948E-002
0.25519999999999998  1.2506159018102232  6.1289271825262052E-002
0.25710000000000000  1.2603878693779003  6.2773999689426374E-002
0.25900000000000001  1.2701708973742092  6.4286196850679322E-002
0.26090000000000002  1.2799651073565699  6.5826189302360755E-002
0.26279999999999998  1.2897706214920075  6.7394303323332017E-002
0.26469999999999999  1.2995875625455919  6.8990865347925548E-002
0.26660000000000000  1.3094160538682842  7.0616201829026143E-002
0.26849999999999996  1.3192562193840949  7.2270639094280290E-002
0.27040000000000003  1.3291081835827594  7.3954503195937243E-002
0.27229999999999999  1.3389720714805109  7.5668119752302934E-002
0.27420000000000000  1.3488480086429826  7.7411813786167294E-002
0.27610000000000001  1.3587361211440210  7.9185909553502923E-002
0.27799999999999997  1.3686365355557306  8.0990730367682243E-002
0.27989999999999998  1.3785493789311183  8.2826598417515412E-002
0.28179999999999999  1.3884747787861276  8.4693834579644939E-002
0.28370000000000001  1.3984128630807977  8.6592758225548225E-002
0.28559999999999997  1.4083637601996477  8.8523687023502357E-002
0.28750000000000003  1.4183275989311130  9.0486936735842918E-002
0.28939999999999999  1.4283045084463679  9.2482821011832972E-002
0.29130000000000000  1.4382946182771112  9.4511651176618375E-002
0.29320000000000002  1.4482980582927329  9.6573736016562342E-002
0.29509999999999997  1.4583149586766211  9.8669381561509853E-002
0.29699999999999999  1.4683454499014874  0.10079889086437994
0.29890000000000000  1.4783896627040720  0.10296256377852377
0.30080000000000001  1.4884477280590609  0.10516069673347547
0.30269999999999997  1.4985197771521643  0.10739358250946091
0.30460000000000004  1.5086059413524617  0.10966151001131173
0.30649999999999999  1.5187063521840705  0.11196476404224909
0.30840000000000001  1.5288211412970498  0.11430362507814650
0.31030000000000002  1.5389504404376344  0.11667836904279748
0.31219999999999998  1.5490943814178919  0.11908926708482073
0.31409999999999999  1.5592530960846462  0.12153658535665779
0.31600000000000000  1.5694267162878814  0.12402058479639895
0.31790000000000002  1.5796153738486325  0.12654152091288631
0.31979999999999997  1.5898192005262917  0.12909964357472431
0.32170000000000004  1.6000383279854773  0.13169519680376612
0.32360000000000000  1.6102728877624761  0.13432841857361127
0.32549999999999996  1.6205230112313198  0.13699954061369313
0.32740000000000002  1.6307888295694790  0.13970878821944505
0.32929999999999998  1.6410704737288007  0.14245638007007366
0.33119999999999999  1.6513680743781545  0.14524252804858193
0.33310000000000001  1.6616817619030473  0.14806743707921532
0.33500000000000002  1.6720116663467866  0.15093130496302301
0.33689999999999998  1.6823579173813947  0.15383432222692794
0.33879999999999999  1.6927206442722971  0.15677667198065431
0.34070000000000000  1.7030999758429721  0.15975852978286373
0.34259999999999996  1.7134960404397546  0.16278006351693544
0.34450000000000003  1.7239089658967797  0.16584143327658929
0.34639999999999999  1.7343388795010879  0.16894279126170822
0.34830000000000000  1.7447859079578143  0.17208428168451351
0.35020000000000001  1.7552501773559084  0.17526604068639215
0.35210000000000002  1.7657318131339115  0.17848819626545254
0.35399999999999998  1.7762309400463054  0.18175086821495523
0.35589999999999999  1.7867476821301487  0.18505416807277636
0.35780000000000001  1.7972821626722992  0.18839819908184333
0.35969999999999996  1.8078345041827095  0.19178305616314889
0.36160000000000003  1.8184048283392933  0.19520882589214833
0.36349999999999999  1.8289932559929156  0.19867558650164080
0.36540000000000000  1.8395999071123326  0.20218340787984773
0.36730000000000002  1.8502249007604135  0.20573235158701317
0.36920000000000003  1.8608683550650646  0.20932247088115122
0.37109999999999999  1.8715303871910620  0.21295381075419489
0.37300000000000000  1.8822111133124437  0.21662640797821275
0.37490000000000001  1.8929106485857983  0.22034029116161924
0.37679999999999997  1.9036291071244118  0.22409548081501979
0.37870000000000004  1.9143666019732954  0.22789198942637878
0.38059999999999999  1.9251232450851086  0.23172982154522942
0.38250000000000001  1.9358991473032310  0.23560897387770544
0.38440000000000002  1.9466944183135959  0.23952943537876409
0.38629999999999998  1.9575091666640523  0.24349118737519146
0.38819999999999999  1.9683434997160154  0.24749420367272598
0.39010000000000000  1.9791975236323085  0.25153845068215358
0.39200000000000002  1.9900713433589958  0.25562388754990062
0.39389999999999997  2.0009650626081181  0.25975046629469473
0.39580000000000004  2.0118787838414436  0.26391813195018515
0.39770000000000000  2.0228126082552067  0.26812682271294341
0.39959999999999996  2.0337666357658661  0.27237647009540522
0.40150000000000002  2.0447409649969415  0.27666699908336595
0.40339999999999998  2.0557356932725637  0.28099832830009319
0.40529999999999999  2.0667509165817282  0.28537037016086392
0.40720000000000001  2.0777867296070900  0.28978303105827763
0.40910000000000002  2.0888432256881493  0.29423621152167140
0.41099999999999998  2.0999204968203209  0.29872980639384145
0.41290000000000004  2.1110186336477184  0.30326370500668470
0.41480000000000000  2.1221377254567697  0.30783779135835798
0.41669999999999996  2.1332778601708262  0.31245194429164730
0.41860000000000003  2.1444391243456828  0.31710603767313661
0.42049999999999998  2.1556216031725985  0.32179994057634748
0.42240000000000005  2.1668253804477633  0.32653351744686282
0.42430000000000007  2.1780505386145816  0.33130662830489138
0.42620000000000002  2.1892971587315562  0.33611912890810403
0.42809999999999998  2.2005653204802322  0.34097087093393169
0.43000000000000005  2.2118551021659267  0.34586170215666401
0.43190000000000006  2.2231665807191336  0.35079146662304489
0.43380000000000002  2.2344998316975118  0.35576000482612302
0.43570000000000003  2.2458549292888965  0.36076715387739666
0.43759999999999999  2.2572319463213040  0.36581274768091182
0.43950000000000006  2.2686309542396188  0.37089661708320776
0.44140000000000007  2.2800520231539187  0.37601859006604593
0.44330000000000003  2.2914952218144555  0.38117849188956393
0.44519999999999998  2.3029606176258532  0.38637614525685626
0.44710000000000000  2.3144482766537098  0.39161137047048189
0.44900000000000007  2.3259582636318075  0.39688398558589749
0.45090000000000002  2.3374906419698589  0.40219380656163833
0.45280000000000004  2.3490454737617421  0.40754064740613932
0.45469999999999999  2.3606228197941848  0.41292432032115856
0.45660000000000006  2.3722227395559381  0.41834463584162351
0.45850000000000007  2.3838452912531496  0.42380140297707464
0.46040000000000003  2.3954905317950872  0.42929442932326706
0.46229999999999999  2.4071585168424234  0.43482352122392398
0.46420000000000000  2.4188493007915102  0.44038848387343538
0.46610000000000007  2.4305629367923909  0.44598912144441705
0.46800000000000003  2.4422994767600326  0.45162523720545017
0.46990000000000004  2.4540589713860506  0.45729663363534612
0.47180000000000011  2.4658414701505564  0.46300311253352783
0.47370000000000007  2.4776470213342785  0.46874447512677114
0.47560000000000008  2.4894756720310154  0.47452052217217516
0.47750000000000004  2.5013274681600963  0.48033105405657317
0.47939999999999999  2.5132024544792548  0.48617587089228909
0.48130000000000006  2.5251006745974873  0.49205477260923985
0.48320000000000007  2.5370221709881773  0.49796755904360102
0.48510000000000003  2.5489669850061172  0.50391403002908475
0.48700000000000004  2.5609351568850074  0.50989398545310005
0.48890000000000011  2.5729267257756634  0.51590722537446332
0.49080000000000007  2.5849417297422890  0.52195355007127553
0.49270000000000008  2.5969802057806217  0.52803276011975731
0.49460000000000004  2.6090421898316185  0.53414465646262221
0.49650000000000000  2.6211277167951379  0.54028904047463266
0.49840000000000007  2.6332368205437571  0.54646571402489308
0.50030000000000008  2.6453695339364129  0.55267447953623772
0.50220000000000009  2.6575258888323319  0.55891514004179033
0.50409999999999999  2.6697059161047281  0.56518749923854927
0.50600000000000001  2.6819096456545837  0.57149136153839108
0.50790000000000013  2.6941371064245216  0.57782653211634205
0.50980000000000003  2.7063883264122053  0.58419281695610081
0.51170000000000004  2.7186633326844531  0.59059002289328399
0.51360000000000006  2.7309621513905098  0.59701795765610899
0.51550000000000007  2.7432848077758201  0.60347642990366968
0.51740000000000008  2.7556313261954974  0.60996524926206230
0.51930000000000009  2.7680017301278035  0.61648422635816014
0.52120000000000000  2.7803960421873835  0.62303317285124626
0.52310000000000001  2.7928142841357713  0.62961190147017099
0.52500000000000013  2.8052564769061572  0.63622022601068884
0.52690000000000003  2.8177226405990350  0.64285796140728158
0.52880000000000005  2.8302127945071542  0.64952492372581783
0.53070000000000006  2.8427269571247500  0.65622093019346717
0.53260000000000007  2.8552651461611265  0.66294579921914121
0.53450000000000009  2.8678273785527888  0.66969935041225692
0.53640000000000010  2.8804136704763046  0.67648140459969974
0.53830000000000000  2.8930240373604188  0.68329178384158806
0.54020000000000001  2.9056584938990855  0.69013031144558146
0.54210000000000014  2.9183170540624790  0.69699681197926533
0.54400000000000004  2.9309997311102052  0.70389111128191395
0.54590000000000005  2.9437065376025742  0.71081303647455718
0.54780000000000006  2.9564374854124824  0.71776241596891732
0.54970000000000008  2.9691925857374146  0.72473907947524185
0.55160000000000009  2.9819718491102667  0.73174285800871131
0.55350000000000010  2.9947752854115235  0.73877358389545456
0.55540000000000000  3.0076029038800396  0.74583109077684151
0.55730000000000002  3.0204547131242228  0.75291521361318281
0.55920000000000014  3.0333307211329394  0.76002578868642645
0.56110000000000004  3.0462309352865398  0.76716265360201719
0.56300000000000006  3.0591553623672638  0.77432564728987119
0.56490000000000007  3.0721040085701179  0.78151461000462685
0.56680000000000008  3.0850768795128256  0.78872938332504094
0.56870000000000009  3.0980739802464927  0.79596981015280788
0.57060000000000011  3.1110953152654761  0.80323573471071719
0.57250000000000001  3.1241408885174402  0.81052700253997245
0.57440000000000002  3.1372107034132206  0.81784346049714052
0.57630000000000015  3.1503047628363152  0.82518495675041503
0.57820000000000005  3.1634230691527798  0.83255134077544368
0.58010000000000006  3.1765656242200273  0.83994246335040246
0.58200000000000007  3.1897324293630418  0.84735817655926737
0.58389999999999997  3.2029234855185100  0.85479833375285963
0.58580000000000010  3.2161387930401846  0.86226278959295155
0.58770000000000011  3.2293783518438404  0.86975140001209550
0.58960000000000001  3.2426421613818608  0.87726402221519351
0.59150000000000003  3.2559302206521301  0.88480051467259546
0.59340000000000015  3.2692425282059943  0.89236073711251906
0.59530000000000005  3.2825790821569862  0.89994455051305655
0.59720000000000006  3.2959398801882971  0.90755181709443744
0.59910000000000008  3.3093249195621310  0.91518240031053333
0.60099999999999998  3.3227341971262341  0.92283616484051223
0.60290000000000010  3.3361677093221727  0.93051297657979837
0.60480000000000012  3.3496254521936590  0.93821270263152468
0.60670000000000002  3.3631074213930776  0.94593521129708635
0.60860000000000003  3.3766136121895038  0.95368037206701750
0.61050000000000015  3.3901440194761796  0.96144805561160007
0.61240000000000006  3.4036986377766696  0.96923813377106816
0.61430000000000007  3.4172774612531227  0.97705047954619728
0.61620000000000008  3.4308804837125235  0.98488496708814577
0.61809999999999998  3.4445076986137129  0.99274147168920024
0.62000000000000011  3.4581590990741224  1.0006198697718960
0.62190000000000012  3.4718346778761937  1.0085200388799571
0.62380000000000002  3.4855344274739894  1.0164418576672896
0.62570000000000003  3.4992583399996633  1.0243852058885017
0.62760000000000005  3.5130064072695251  1.0323499643882668
0.62950000000000006  3.5267786207903007  1.0403360150914205
0.63140000000000007  3.5405749717650310  1.0483432409922828
0.63330000000000009  3.5543954510996074  1.0563715261449991
0.63519999999999999  3.5682400494075321  1.0644207556525476
0.63710000000000011  3.5821087570166710  1.0724908156569692
0.63900000000000012  3.5960015639745389  1.0805815933290635
0.64090000000000003  3.6099184600536716  1.0886929768576761
0.64280000000000004  3.6238594347573998  1.0968248554401097
0.64470000000000005  3.6378244773248181  1.1049771192713482
0.64660000000000006  3.6518135767365427  1.1131496595342274
0.64850000000000008  3.6658267217193026  1.1213423683889849
0.65040000000000009  3.6798639007517169  1.1295551389634619
0.65229999999999999  3.6939251020683845  1.1377878653427396
0.65420000000000011  3.7080103136660147  1.1460404425594128
0.65610000000000013  3.7221195233067608  1.1543127665832111
0.65800000000000003  3.7362527185239287  1.1626047343113557
0.65990000000000004  3.7504098866269993  1.1709162435589653
0.66180000000000005  3.7645910147048181  1.1792471930485435
0.66370000000000007  3.7787960896314012  1.1875974824008941
0.66560000000000008  3.7930250980697915  1.1959670121251851
0.66750000000000009  3.8072780264759958  1.2043556836093359
0.66940000000000000  3.8215548611041781  1.2127633991105571
0.67130000000000012  3.8358555880101912  1.2211900617459424
0.67320000000000013  3.8501801930553183  1.2296355754828887
0.67510000000000003  3.8645286619118151  1.2380998451301803
0.67700000000000005  3.8789009800647998  1.2465827763283139
0.67890000000000006  3.8932971328177297  1.2550842755406009
0.68080000000000007  3.9077171052960513  1.2636042500444844
0.68270000000000008  3.9221608824495986  1.2721426079215461
0.68460000000000010  3.9366284490582260  1.2806992580498464
0.68650000000000000  3.9511197897340344  1.2892741100941121
0.68840000000000012  3.9656348889252593  1.2978670744976266
0.69030000000000014  3.9801737309204053  1.3064780624735257
0.69220000000000004  3.9947362998505449  1.3151069859958189
0.69410000000000005  4.0093225796934915  1.3237537577914826
0.69600000000000006  4.0239325542771054  1.3324182913318448
0.69790000000000008  4.0385662072822130  1.3411005008242298
0.69980000000000009  4.0532235222458279  1.3498003012039352
0.70170000000000010  4.0679044825648631  1.3585176081261883
0.70360000000000000  4.0826090714978429  1.3672523379575392
0.70550000000000002  4.0973372721698693  1.3760044077689926
0.70740000000000014  4.1120890675737582  1.3847737353270104
0.70930000000000004  4.1268644405741357  1.3935602390866368
0.71120000000000005  4.1416633739100179  1.4023638381835914
0.71310000000000007  4.1564858501972557  1.4111844524262847
0.71500000000000008  4.1713318519316491  1.4200220022888839
0.71690000000000009  4.1862013614915519  1.4288764089036117
0.71880000000000011  4.2010943611407345  1.4377475940535813
0.72070000000000001  4.2160108330311097  1.4466354801655763
0.72260000000000002  4.2309507592043669  1.4555399903026245
0.72450000000000014  4.2459141215955682  1.4644610481572529
0.72640000000000005  4.2609009020355124  1.4733985780444840
0.72830000000000006  4.2759110822522963  1.4823525048947608
0.73020000000000007  4.2909446438749699  1.4913227542474352
0.73210000000000008  4.3060015684347484  1.5003092522435719
0.73400000000000010  4.3210818373678928  1.5093119256198670
0.73590000000000011  4.3361854320182056  1.5183307017019136
0.73780000000000001  4.3513123336387922  1.5273655083974178
0.73970000000000002  4.3664625233944845  1.5364162741902192
0.74160000000000015  4.3816359823637052  1.5454829281335929
0.74350000000000005  4.3968326915409115  1.5545653998444029
0.74540000000000006  4.4120526318389528  1.5636636194967584
0.74730000000000008  4.4272957840899814  1.5727775178157675
0.74919999999999998  4.4425621290489081  1.5819070260719159
0.75110000000000010  4.4578516473945458  1.5910520760748812
0.75300000000000011  4.4731643197311053  1.6002126001674761
0.75490000000000002  4.4885001265911555  1.6093885312203653
0.75680000000000003  4.5038590484370165  1.6185798026260998
0.75870000000000015  4.5192410656624995  1.6277863482935799
0.76060000000000005  4.5346461585944127  1.6370081026420191
0.76250000000000007  4.5500743074951666  1.6462450005962486
0.76440000000000008  4.5655254925637356  1.6554969775807507
0.76629999999999998  4.5809996939378292  1.6647639695144798
0.76820000000000010  4.5964968916953870  1.6740459128055927
0.77010000000000012  4.6120170658557198  1.6833427443459137
0.77200000000000002  4.6275601963827455  1.6926544015067213
0.77390000000000003  4.6431262631842918  1.7019808221322241
0.77580000000000016  4.6587152461156105  1.7113219445360184
0.77770000000000006  4.6743271249800085  1.7206777074951232
0.77960000000000007  4.6899618795302001  1.7300480502454678
0.78150000000000008  4.7056194894702914  1.7394329124771106
0.78339999999999999  4.7212999344570985  1.7488322343294231
0.78530000000000011  4.7370031941014368  1.7582459563863178
0.78720000000000012  4.7527292479691177  1.7676740196715270
0.78910000000000002  4.7684780755839009  1.7771163656446356
0.79100000000000004  4.7842496564264616  1.7865729361954836
0.79290000000000016  4.8000439699379394  1.7960436736407612
0.79480000000000006  4.8158609955197988  1.8055285207188898
0.79670000000000007  4.8317007125359437  1.8150274205861756
0.79860000000000009  4.8475631003134998  1.8245403168120988
0.80049999999999999  4.8634481381441397  1.8340671533752866
0.80240000000000011  4.8793558052854999  1.8436078746593454
0.80430000000000013  4.8952860809621574  1.8531624254486698
0.80620000000000003  4.9112389443670912  1.8627307509244400
0.80810000000000004  4.9272143746624621  1.8723127966605264
0.81000000000000016  4.9432123509809758  1.8819085086195304
0.81190000000000007  4.9592328524269220  1.8915178331488152
0.81380000000000008  4.9752758580772660  1.9011407169767343
0.81570000000000009  4.9913413469829369  1.9107771072088804
0.81759999999999999  5.0074292981696589  1.9204269513240970
0.81950000000000012  5.0235396906389891  1.9300901971709425
0.82140000000000013  5.0396725033693759  1.9397667929638729
0.82330000000000003  5.0558277153168971  1.9494566872795467
0.82520000000000004  5.0720053054172904  1.9591598290537084
0.82710000000000006  5.0882052525852828  1.9688761675769995
0.82900000000000007  5.1044275357169901  1.9786056524919313
0.83090000000000008  5.1206721336899630  1.9883482337891853
0.83280000000000010  5.1369390253644900  1.9981038618043556
0.83470000000000000  5.1532281895847643  2.0078724872146725
0.83660000000000012  5.1695396051788851  2.0176540610353375
0.83850000000000013  5.1858732509602943  2.0274485346163962
0.84040000000000004  5.2022291057291037  2.0372558596398083
0.84230000000000005  5.2186071482721985  2.0470759881159246
0.84420000000000006  5.2350073573639468  2.0569088723801858
0.84609999999999996  5.2514297117679893  2.0667544650905194
0.84799999999999998  5.2678741902369444  2.0766127192238035
0.84989999999999999  5.2843407715136630  2.0864835880729045
0.85180000000000000  5.3008294343324662  2.0963670252440396
0.85370000000000013  5.3173401574188084  2.1062629846532155
0.85560000000000014  5.3338729194909904  2.1161714205237816
0.85750000000000004  5.3504276992607167  2.1260922873834014
0.85940000000000005  5.3670044754329096  2.1360255400609209
0.86130000000000007  5.3836032267079679  2.1459711336841205
0.86319999999999997  5.4002239317812393  2.1559290236763582
0.86509999999999998  5.4168665693438376  2.1658991657540314
0.86699999999999999  5.4335311180839794  2.1758815159240217
0.86890000000000001  5.4502175566870701  2.1858760304807614
0.87079999999999991  5.4669258638367113  2.1958826660038984
0.87270000000000014  5.4836560182144369  2.2059013793549855
0.87460000000000004  5.5004079985014984  2.2159321276756629
0.87650000000000006  5.5171817833792174  2.2259748683849616
0.87840000000000007  5.5339773515288924  2.2360295591762118
0.88029999999999997  5.5507946816330476  2.2460961580152747
0.88219999999999998  5.5676337523758521  2.2561746231375110
0.88410000000000000  5.5844945424433270  2.2662649130455876
0.88600000000000001  5.6013770305249215  2.2763669865073419
0.88789999999999991  5.6182811953125169  2.2864808025526377
0.88980000000000015  5.6352070155024929  2.2966063204719256
0.89170000000000005  5.6521544697952715  2.3067434998132348
0.89360000000000006  5.6691235368960138  2.3168923003800539
0.89550000000000007  5.6861141955154029  2.3270526822292865
0.89739999999999998  5.7031264243701996  2.3372246056688546
0.89929999999999999  5.7201602021831173  2.3474080312552914
0.90120000000000000  5.7372155076841667  2.3576029197919728
0.90309999999999990  5.7542923196102729  2.3678092323264961
0.90499999999999992  5.7713906167063787  2.3780269301488164
0.90689999999999993  5.7885103777252942  2.3882559747889105
0.90879999999999994  5.8056515814295064  2.3984963280153657
0.91070000000000007  5.8228142065895669  2.4087479518322144
0.91260000000000008  5.8399982319860255  2.4190108084776325
0.91449999999999998  5.8572036364094640  2.4292848604218342
0.91639999999999999  5.8744303986605564  2.4395700703647889
0.91830000000000001  5.8916784975515659  2.4498664012348565
0.92019999999999991  5.9089479119050505  2.4601738161859257
0.92209999999999992  5.9262386205559290  2.4704922785963781
0.92399999999999993  5.9435506023505669  2.4808217520665066
0.92589999999999995  5.9608838361479872  2.4911622004170395
0.92780000000000007  5.9782383008200366  2.5015135876871804
0.92970000000000008  5.9956139752515307  2.5118758781326114
0.93159999999999998  6.0130108383410512  2.5222490362239802
0.93350000000000000  6.0304288690004704  2.5326330266445916
0.93540000000000001  6.0478680461562728  2.5430278142891498
0.93729999999999991  6.0653283487495759  2.5534333642618372
0.93919999999999992  6.0828097557359477  2.5638496418743233
0.94109999999999994  6.1003122460866157  2.5742766126444216
0.94299999999999995  6.1178357987879064  2.5847142422940572
0.94490000000000007  6.1353803928422161  2.5951624967477649
0.94680000000000009  6.1529460072678583  2.6056213421308927
0.94869999999999999  6.1705326210998743  2.6160907447681594
0.95060000000000000  6.1881402133901382  2.6265706711820029
0.95250000000000001  6.2057687632070389  2.6370610880905114
0.95439999999999992  6.2234182496367190  2.6475619624064421
0.95629999999999993  6.2410886517826230  2.6580732612351845
0.95819999999999994  6.2587799487665334  2.6685949518736818
0.96009999999999995  6.2764921197278216  2.6791270018082076
0.96199999999999986  6.2942251438248187  2.6896693787136234
0.96390000000000009  6.3119790002340093  2.7002220504510586
0.96579999999999999  6.3297536681513451  2.7107849850671881
0.96770000000000000  6.3475491267915913  2.7213581507921365
0.96960000000000002  6.3653653553889704  2.7319415160383178
0.97149999999999992  6.3832023331976302  2.7425350493990348
0.97339999999999993  6.4010600394911892  2.7531387196466839
0.97529999999999994  6.4189384535638982  2.7637524957318358
0.97719999999999996  6.4368375547301477  2.7743763467815579
0.97909999999999986  6.4547573223249159  2.7850102420979241
0.98100000000000009  6.4726977357039619  2.7956541511568749
0.98290000000000000  6.4906587742441078  2.8063080436066192
0.98480000000000001  6.5086404173435328  2.8169718892666284
0.98670000000000002  6.5266426444215444  2.8276456581258600
0.98859999999999992  6.5446654349194056  2.8383293203418236
0.99049999999999994  6.5627087683002676  2.8490228462391842
0.99239999999999995  6.5807726240490272  2.8597262063082107
0.99429999999999996  6.5988569816727969  2.8704393712037564
0.99619999999999986  6.6169618207014240  2.8811623117440455
0.99810000000000010  6.6350871206870456  2.8918949989092191
1.0000000000000000  6.6532328612048159  2.9026374038402305
