  0.1581E-10  0.7454E-10  0.1571E-15
  0.3972E-10  0.1872E-09  0.7689E-15
  0.9976E-10  0.4702E-09  0.3641E-14
  0.2506E-09  0.1181E-08  0.1666E-13
  0.6294E-09  0.2968E-08  0.7332E-13
  0.1581E-08  0.7454E-08  0.3085E-12
  0.3972E-08  0.1873E-07  0.1237E-11
  0.5000E-08  0.2358E-07  0.1663E-11
  0.9976E-08  0.4705E-07  0.4539E-11
  0.1990E-07  0.9387E-07  0.1212E-10
  0.3972E-07  0.1873E-06  0.3182E-10
  0.7924E-07  0.3738E-06  0.8236E-10
  0.1581E-06  0.7459E-06  0.2112E-09
  0.1990E-06  0.9392E-06  0.2764E-09
  0.3155E-06  0.1489E-05  0.5152E-09
  0.5000E-06  0.2360E-05  0.9581E-09
  0.6294E-06  0.2971E-05  0.1306E-08
  0.7924E-06  0.3741E-05  0.1593E-08
  0.9976E-06  0.4710E-05  0.2170E-08
  0.1581E-05  0.7465E-05  0.4023E-08
  0.2506E-05  0.1184E-04  0.7452E-08
  0.3972E-05  0.1877E-04  0.1380E-07
  0.5000E-05  0.2363E-04  0.1791E-07
  0.6294E-05  0.2973E-04  0.2436E-07
  0.7924E-05  0.3747E-04  0.3315E-07
  0.9976E-05  0.4716E-04  0.4507E-07
  0.1256E-04  0.5941E-04  0.6130E-07
  0.1581E-04  0.7479E-04  0.8002E-07
  0.1990E-04  0.9418E-04  0.1077E-06
  0.2506E-04  0.1186E-03  0.1464E-06
  0.3155E-04  0.1494E-03  0.1882E-06
  0.3972E-04  0.1881E-03  0.2559E-06
  0.5000E-04  0.2369E-03  0.3479E-06
  0.6294E-04  0.2982E-03  0.4729E-06
  0.7924E-04  0.3758E-03  0.6430E-06
  0.9976E-04  0.4730E-03  0.8214E-06
  0.1105E-03  0.5242E-03  0.9147E-06
  0.1256E-03  0.5958E-03  0.1041E-05
  0.1581E-03  0.7505E-03  0.1415E-05
  0.1990E-03  0.9452E-03  0.1840E-05
  0.2506E-03  0.1191E-02  0.2384E-05
  0.2572E-03  0.1222E-02  0.2469E-05
  3.00000014E-04   1.4259999025773406E-003   2.5299998001293060E-006
   3.99999990E-04   1.9029998712601971E-003   2.8899998777889927E-006
   5.00000024E-04   2.3790000204849632E-003   3.2400001089757357E-006
   6.00000028E-04   2.8550001697097292E-003   3.5999998916547005E-006
   6.99999975E-04   3.3319998363323263E-003   4.0000002401483272E-006
   7.99999980E-04   3.8090001070754421E-003   4.3600000228272920E-006
   8.99999985E-04   4.2849999542399486E-003   4.7599997813594750E-006
   1.00000005E-03   4.7619999229228053E-003   5.1699996813453231E-006
   1.50000001E-03   7.1460002489392559E-003   7.4500000748630977E-006
   2.00000009E-03   9.5310003944137963E-003   9.9800001699731268E-006
   2.49999994E-03   1.1915999331647300E-002   1.2720000580783633E-005
   3.00000003E-03   1.4303000324279058E-002   1.5709999513263505E-005
   3.50000011E-03   1.6688999685091171E-002   1.8799999270318588E-005
   4.00000019E-03   1.9076000677722929E-002   2.2039999084313605E-005
   4.49999981E-03   2.1464000885692256E-002   2.5440001161567265E-005
   4.99999989E-03   2.3851999885420552E-002   2.8989999755992195E-005
   5.49999997E-03   2.6240001301630917E-002   3.2639999174992334E-005
   6.00000005E-03   2.8628998308455743E-002   3.6389999418567687E-005
   6.50000013E-03   3.1016999724666112E-002   4.0240000486718251E-005
   7.00000022E-03   3.3406999571551618E-002   4.4290000844173463E-005
   7.49999983E-03   3.5795998994858517E-002   4.8399997920620557E-005
   8.00000038E-03   3.8185998841744027E-002   5.2700000339513797E-005
   8.50000046E-03   4.0576001105111614E-002   5.7059999477398926E-005
   8.99999961E-03   4.2965998535515047E-002   6.1569999852146870E-005
   9.49999969E-03   4.5357001222461245E-002   6.6179996331778478E-005
   9.99999978E-03   4.7747999076443289E-002   7.0949999794360272E-005
   1.20000001E-02   5.7313000581878368E-002   9.1620002213037283E-005
   1.40000004E-02   6.6882999372242347E-002   1.1488999775252050E-004
   1.60000008E-02   7.6454999009763533E-002   1.4067999708040945E-004
   1.79999992E-02   8.6032000765177780E-002   1.6967000391593896E-004
   1.99999996E-02   9.5611003367749234E-002   2.0174999280968026E-004
   2.19999999E-02  0.10519399799870682        2.3687001054626121E-004
   2.40000002E-02  0.11478099432397884        2.7537999393601338E-004
   2.60000005E-02  0.12437000116233639        3.1723999550965201E-004
   2.80000009E-02  0.13396300002908007        3.6218999802026865E-004
   2.99999993E-02  0.14356000059013818        4.1054002856644243E-004
   3.20000015E-02  0.15315900199835350        4.6202000751887896E-004
   3.40000018E-02  0.16276199543495498        5.1660003091191320E-004
   3.59999985E-02  0.17236799497525640        5.7416999778105160E-004
   3.79999988E-02  0.18197799620987229        6.3438000907349503E-004
   3.99999991E-02  0.19159099388225984        6.9757003361102011E-004
   4.19999994E-02  0.20120698799241907        7.6345005578722222E-004
   4.39999998E-02  0.21082599787220657        8.3187002716832311E-004
   4.60000001E-02  0.22044798485790917        9.0271002983140398E-004
   4.80000004E-02  0.23007399286978278        9.7589001780776555E-004
   5.00000007E-02  0.23970301665128466        1.0513999475937881E-003
   5.20000011E-02  0.24933399295030229        1.1289900908701435E-003
   5.40000014E-02  0.25896899027549092        1.2087600520073168E-003
   5.60000017E-02  0.26860700337030785        1.2905500411281691E-003
   5.79999983E-02  0.27824700764635368        1.3745199236249043E-003
   5.99999987E-02  0.28789101361671393        1.4601700163136713E-003
   6.19999990E-02  0.29753699143644657        1.5480401008777353E-003
   6.40000030E-02  0.30718700961420675        1.6334799596260702E-003
   6.59999996E-02  0.31683899964133933        1.7254100361346022E-003
   6.80000037E-02  0.32649398610624353        1.8190598927291270E-003
   7.00000003E-02  0.33615102174794648        1.9148400293019538E-003
   7.19999969E-02  0.34581200108839405        2.0122899549878692E-003
   7.40000010E-02  0.35547499094192714        2.1117200367032434E-003
   7.59999976E-02  0.36514099656508853        2.2012200384261757E-003
   7.80000016E-02  0.37480901270133538        2.3074399816789149E-003
   7.99999982E-02  0.38448000594349735        2.4154299980508106E-003
   8.20000023E-02  0.39415401495528757        2.5240300251162450E-003

5.0000000000000003E-002	0.23907785558272623	7.3374322428255393E-004
5.1899999999999995E-002	0.24819206709549771	8.1172453854973182E-004
5.3800000000000001E-002	0.25730921259620387	8.9447385507752811E-004
5.5700000000000006E-002	0.26642935710058419	9.8202761508582375E-004
5.7599999999999998E-002	0.27555256234384518	1.0744199719805122E-003
5.9499999999999997E-002	0.28467888719925627	1.1716837941836583E-003
6.1400000000000003E-002	0.29380838770471202	1.2738516085240811E-003
6.3300000000000009E-002	0.30294111744415930	1.3809564270460667E-003
6.5200000000000008E-002	0.31207712785743857	1.4930324969186018E-003
6.7099999999999993E-002	0.32121646833667195	1.6101159835127778E-003
6.9000000000000006E-002	0.33035918655062607	1.7322455667547470E-003
7.0900000000000005E-002	0.33950532862127913	1.8594629756376044E-003
7.2799999999999990E-002	0.34865493941784598	1.9918134556519236E-003
7.4700000000000003E-002	0.35780806263793252	2.1293461812310196E-003
7.6600000000000001E-002	0.36696474107292237	2.2721146095794329E-003
7.8500000000000000E-002	0.37612501676965304	2.4201767861311038E-003
8.0400000000000013E-002	0.38528893119791835	2.5735956034459175E-003
8.2300000000000012E-002	0.39445652540942794	2.7324390179579833E-003
8.4199999999999997E-002	0.40362784018456932	2.8967802280061954E-003
8.6099999999999996E-002	0.41280291615267478	3.0666978170487739E-003
8.7999999999999995E-002	0.42198179399887703	3.2422758647800897E-003
8.9899999999999994E-002	0.43116451446755216	3.4236040299579231E-003
9.1800000000000007E-002	0.44035111854995951	3.6107776069834925E-003
9.3700000000000006E-002	0.44954164756806497	3.8038975594444310E-003
9.5600000000000004E-002	0.45873614327050477	4.0030705328788913E-003
9.7500000000000017E-002	0.46793464791896394	4.2084088490206076E-003
9.9400000000000002E-002	0.47713720436975837	4.4200304836455144E-003
0.10130000000000000	0.48634385614682785	4.6380590299645698E-003
0.10320000000000000	0.49555464750964773	4.8626236492524772E-003
0.10510000000000000	0.50476962351423127	5.0938590103984807E-003
0.10700000000000000	0.51398883006921281	5.3319052198293714E-003
0.10890000000000001	0.52321231398623103	5.5769077431807234E-003
0.11080000000000001	0.53244012302565602	5.8290173198417023E-003
0.11270000000000001	0.54167230593720339	6.0883898716534643E-003
0.11460000000000002	0.55090891249737350	6.3551864066931762E-003
0.11649999999999999	0.56014999352463168	6.6295729190019989E-003
0.11840000000000001	0.56939560097266795	6.9117202851465805E-003
0.12030000000000000	0.57864578786090881	7.2018041584741713E-003
0.12220000000000000	0.58790060835871227	7.5000048615679301E-003
0.12410000000000000	0.59716011778898237	7.8065072775591370E-003
0.12600000000000000	0.60642437264424753	8.1215007409739439E-003
0.12790000000000001	0.61569343035302826	8.4449058746652924E-003
0.12980000000000003	0.62496731664812688	8.7728932290163115E-003
0.13169999999999998	0.63424603683392644	9.1073188355032721E-003
0.13360000000000000	0.64352962282273862	9.4492695304274413E-003
0.13550000000000001	0.65281811657214073	9.7993271098981496E-003
0.13739999999999999	0.66211156584840980	1.0157927561123320E-002
0.13930000000000001	0.67141002261379790	1.0525440145112374E-002
0.14120000000000002	0.68071354217772384	1.0902197529211989E-002
0.14310000000000000	0.69002218267686388	1.1288510198964423E-002
0.14500000000000002	0.69933600472465973	1.1684674339955516E-002
0.14690000000000000	0.70865507116018300	1.2090976553437778E-002
0.14879999999999999	0.71797944685840465	1.2507696865880446E-002
0.15070000000000000	0.72730919858240850	1.2935110745763952E-002
0.15260000000000001	0.73664439486334843	1.3373490507354834E-002
0.15450000000000000	0.74598510590237777	1.3823106318241069E-002
0.15640000000000001	0.75533140348697858	1.4284226940718408E-002
0.15830000000000002	0.76468336092006040	1.4757120288963423E-002
0.16020000000000001	0.77404105295757419	1.5242053855412238E-002
0.16210000000000002	0.78340455575453827	1.5739295042191622E-002
0.16400000000000001	0.79277394681579549	1.6249111422391854E-002
0.16589999999999999	0.80214930495285042	1.6771770948804665E-002
0.16780000000000000	0.81153071024422030	1.7307542122649452E-002
0.16970000000000002	0.82091824399943625	1.7856694131623177E-002
0.17160000000000000	0.83031198872646506	1.8419496964156259E-002
0.17350000000000002	0.83971202810100309	1.8996221505016116E-002
0.17540000000000003	0.84911844693869065	1.9587139616287042E-002
0.17730000000000001	0.85853133116915925	2.0192524206701520E-002
0.17920000000000003	0.86795076781179470	2.0812649291816428E-002
0.18110000000000001	0.87737684495314627	2.1447790046609318E-002
0.18300000000000000	0.88680965171703574	2.2098222852247724E-002
0.18490000000000001	0.89624927828050049	2.2764225337735196E-002
0.18680000000000002	0.90569581580175462	2.3446076417869562E-002
0.18870000000000001	0.91514935643838224	2.4144056327546775E-002
0.19060000000000002	0.92460999332220228	2.4858446653398900E-002
0.19250000000000003	0.93407782054372279	2.5589530362912769E-002
0.19439999999999999	0.94355293313772437	2.6337591831370979E-002
0.19630000000000000	0.95303542706961231	2.7102916866860522E-002
0.19820000000000002	0.96252539922236502	2.7885792733331256E-002
0.20010000000000000	0.97202294738443418	2.8686508171922483E-002
0.20200000000000001	0.98152817023815286	2.9505353420441499E-002
0.20390000000000003	0.99104116734880221	3.0342620231035265E-002
0.20580000000000001	1.0005620391542123	3.1198601885944168E-002
0.20770000000000002	1.0100908869549514	3.2073593211260111E-002
0.20960000000000004	1.0196278129049474	3.2967890588559111E-002
0.21149999999999999	1.0291729200025002	3.3881791964254011E-002
0.21340000000000001	1.0387263120818113	3.4815596856479059E-002
0.21529999999999999	1.0482880938047414	3.5769606359391408E-002
0.21720000000000000	1.0578583706529723	3.6744123144599315E-002
0.21909999999999999	1.0674372489204522	3.7739451459592017E-002
0.22100000000000003	1.0770248357059258	3.8755897122893665E-002
0.22289999999999999	1.0866212389059131	3.9793767515772176E-002
0.22479999999999997	1.0962265672075868	4.0853371570236115E-002
0.22670000000000001	1.1058409300820140	4.1935019753105096E-002
0.22860000000000000	1.1154644377772494	4.3039024045936090E-002
0.23050000000000001	1.1250972013116238	4.4165697920542334E-002
0.23240000000000000	1.1347393324670108	4.5315356309903160E-002
0.23430000000000001	1.1443909437820150	4.6488315574244141E-002
0.23619999999999999	1.1540521485450697	4.7684893462040620E-002
0.23810000000000003	1.1637230607875062	4.8905409065763773E-002
0.23999999999999999	1.1734037952763940	5.0150182772107879E-002
0.24189999999999998	1.1830944675072510	5.1419536206619605E-002
0.24380000000000002	1.1927951936964116	5.2713792172366603E-002
0.24570000000000000	1.2025060907732765	5.4033274582655784E-002
0.24760000000000001	1.2122272763721713	5.5378308387503634E-002
0.24950000000000000	1.2219588688238465	5.6749219493795369E-002
0.25140000000000001	1.2317009871466826	5.8146334678957426E-002
0.25330000000000003	1.2414537510373957	5.9569981498065250E-002
0.25519999999999998	1.2512172808613558	6.1020488184261090E-002
0.25710000000000000	1.2609916976423958	6.2498183542423438E-002
0.25900000000000001	1.2707771230520997	6.4003396836042711E-002
0.26090000000000002	1.2805736793986062	6.5536457667273604E-002
0.26279999999999998	1.2903814896147534	6.7097695850115324E-002
0.26469999999999999	1.3002006772456571	6.8687441276798003E-002
0.26660000000000000	1.3100313664356900	7.0306023777367041E-002
0.26849999999999996	1.3198736819147534	7.1953772972553745E-002
0.27040000000000003	1.3297277489838866	7.3631018120022346E-002
0.27229999999999999	1.3395936935063011	7.5338087954466018E-002
0.27420000000000000	1.3494716418668651	7.7075310519537088E-002
0.27610000000000001	1.3593617209929438	7.8843012997184492E-002
0.27799999999999997	1.3692640583118538	8.0641521527452034E-002
0.27989999999999998	1.3791787817392342	8.2471161024249867E-002
0.28179999999999999	1.3891060196600429	8.4332254985311023E-002
0.28370000000000001	1.3990459009090086	8.6225125296949243E-002
0.28559999999999997	1.4089985547500068	8.8150092033859706E-002
0.28750000000000003	1.4189641108548965	9.0107473254429429E-002
0.28939999999999999	1.4289426992813432	9.2097584791813666E-002
0.29130000000000000	1.4389344504499317	9.4120740041203341E-002
0.29320000000000002	1.4489394951204337	9.6177249743737953E-002
0.29509999999999997	1.4589579643673263	9.8267421767458729E-002
0.29699999999999999	1.4689899895544964	0.10039156088578058
0.29890000000000000	1.4790357023090532	0.10254996855394177
0.30080000000000001	1.4890952344945265	0.10474294268396621
0.30269999999999997	1.4991687181832047	0.10697077741865893
0.30460000000000004	1.5092562856278529	0.10923376290514024
0.30649999999999999	1.5193580692325672	0.11153218506842554
0.30840000000000001	1.5294742015230547	0.11386632538576145
0.31030000000000002	1.5396048151162547	0.11623646066208622
0.31219999999999998	1.5497500426892219	0.11864286280733286
0.31409999999999999	1.5599100169475579	0.12108579861606597
0.31600000000000000	1.5700848705931330	0.12356552955011320
0.31790000000000002	1.5802747362913936	0.12608231152465438
0.31979999999999997	1.5904797466381386	0.12863639469844110
0.32170000000000004	1.6007000341258049	0.13122802326867999
0.32360000000000000	1.6109357311094308	0.13385743527108884
0.32549999999999996	1.6211869697721837	0.13652486238576134
0.32740000000000002	1.6314538820905953	0.13923052974925612
0.32929999999999998	1.6417365998051952	0.14197465577453428
0.33119999999999999	1.6520352543621650	0.14475745197313364
0.33310000000000001	1.6623499769133501	0.14757912279526184
0.33500000000000002	1.6726808982565797	0.15043986546783261
0.33689999999999998	1.6830281488061096	0.15333986984626996
0.33879999999999999	1.6933918585573478	0.15627931827443292
0.34070000000000000	1.7037721570508630	0.15925838545369606
0.34259999999999996	1.7141691733370927	0.16227723832189572
0.34450000000000003	1.7245830359409506	0.16533603594222682
0.34639999999999999	1.7350138728266387	0.16843492940242993
0.34830000000000000	1.7454618113627800	0.17157406172442546
0.35020000000000001	1.7559269782877744	0.17475356778467388
0.35210000000000002	1.7664094996755355	0.17797357424535318
0.35399999999999998	1.7769095009015823	0.18123419949647376
0.35589999999999999	1.7874271066096803	0.18453555360905949
0.35780000000000001	1.7979624406788304	0.18787773829935805
0.35969999999999996	1.8085156261967137	0.19126084690568085
0.36160000000000003	1.8190867854039949	0.19468496436845995
0.36349999999999999	1.8296760396999572	0.19815016723721890
0.36540000000000000	1.8402835095869969	0.20165652367223147
0.36730000000000002	1.8509093146469313	0.20520409346504967
0.36920000000000003	1.8615535735120414	0.20879292806801539
0.37109999999999999	1.8722164038368043	0.21242307063408405
0.37300000000000000	1.8828979222704609	0.21609455606681205
0.37490000000000001	1.8935982444303447	0.21980741108021351
0.37679999999999997	1.9043174848761462	0.22356165426816180
0.37870000000000004	1.9150557570850240	0.22735729618309197
0.38059999999999999	1.9258131734277075	0.23119433942366727
0.38250000000000001	1.9365898451517110	0.23507277873316729
0.38440000000000002	1.9473858823330885	0.23899260109486317
0.38629999999999998	1.9582013938963885	0.24295378585842911
0.38819999999999999	1.9690364875662156	0.24695630484990858
0.39010000000000000	1.9798912698553170	0.25100012250094039
0.39200000000000002	1.9907658460466247	0.25508519598206236
0.39389999999999997	2.0016603201761485	0.25921147534220362
0.39580000000000004	2.0125747950170880	0.26337890365390088
0.39770000000000000	2.0235093720646251	0.26758741716377143
0.39959999999999996	2.0344641515220974	0.27183694544785197
0.40150000000000002	2.0454392322879116	0.27612741157134923
0.40339999999999998	2.0564347119495401	0.28045873225489987
0.40529999999999999	2.0674506867477107	0.28483081803100901
0.40720000000000001	2.0784872516058557	0.28924357343137325
0.40910000000000002	2.0895445000932442	0.29369689714797970
0.41099999999999998	2.1006225244245584	0.29819068221148548
0.41290000000000004	2.1117214154527453	0.30272481616832697
0.41480000000000000	2.1228412626629791	0.30729918125927974
0.41669999999999996	2.1339821541675823	0.31191365459909520
0.41860000000000003	2.1451441767017787	0.31656810835684851
0.42049999999999998	2.1563274156269978	0.32126240994009991
0.42240000000000005	2.1675319549004626	0.32599642216083968
0.42430000000000007	2.1787578771181368	0.33077000343909557
0.42620000000000002	2.1900052634824179	0.33558300796627277
0.42809999999999998	2.2012741938106228	0.34043528588819305
0.43000000000000005	2.2125647465359566	0.34532668348266693
0.43190000000000006	2.2238769987090556	0.35025704333548213
0.43380000000000002	2.2352110260003593	0.35522620451466530
0.43570000000000003	2.2465669027033366	0.36023400274280681
0.43759999999999999	2.2579447017447429	0.36528027057140011
0.43950000000000006	2.2693444946614219	0.37036483753071148
0.44140000000000007	2.2807663516492696	0.37548753032281168
0.44330000000000003	2.2922103415379618	0.38064817296446007
0.44519999999999998	2.3036765318057024	0.38584658695161933
0.44710000000000000	2.3151649885859311	0.39108259141581986
0.44900000000000007	2.3266757766748158	0.39635600327734988
0.45090000000000002	2.3382089595392550	0.40166663739516062
0.45280000000000004	2.3497645993251903	0.40701430671332944
0.45469999999999999	2.3613427568666454	0.41239882240411424
0.45660000000000006	2.3729434916949890	0.41781999400738845
0.45850000000000007	2.3845668620546752	0.42327762957169468
0.46040000000000003	2.3962129248888204	0.42877153576509530
0.46229999999999999	2.4078817358882452	0.43430151803683220
0.46420000000000000	2.4195733494753195	0.43986738071907627
0.46610000000000007	2.4312878188225406	0.44546892715406755
0.46800000000000003	2.4430251958638465	0.45110595981137097
0.46990000000000004	2.4547855313064089	0.45677828040127089
0.47180000000000011	2.4665688746428471	0.46248568998473022
0.47370000000000007	2.4783752741633163	0.46822798907935698
0.47560000000000008	2.4902047769681457	0.47400497776178696
0.47750000000000004	2.5020574289805966	0.47981645576640231
0.47939999999999999	2.5139332749596899	0.48566222258036240
0.48130000000000006	2.5258323585132247	0.49154207753507506
0.48320000000000007	2.5377547221112464	0.49745581989415844
0.48510000000000003	2.5497004071028955	0.50340324894408339
0.48700000000000004	2.5616694537143441	0.50938416404947917
0.48890000000000011	2.5736619010866710	0.51539836477027090
0.49080000000000007	2.5856777872727785	0.52144565090900108
0.49270000000000008	2.5977171492553093	0.52752582258868863
0.49460000000000004	2.6097800229605941	0.53363868032076944
0.49650000000000000	2.6218664432722298	0.53978402506983258
0.49840000000000007	2.6339764440451892	0.54596165831530974
0.50030000000000008	2.6461100581196231	0.55217138211024941
0.50220000000000009	2.6582673173346132	0.55841299913710996
0.50409999999999999	2.6704482525420565	0.56468631276080439
0.50600000000000001	2.6826528936207299	0.57099112707910282
0.50790000000000013	2.6948812694898803	0.57732724697010884
0.50980000000000003	2.7071334081231480	0.58369447813739694
0.51170000000000004	2.7194093365621690	0.59009262715252564
0.51360000000000006	2.7317090809305706	0.59652150149517646
0.51550000000000007	2.7440326664472643	0.60298090959089112
0.51740000000000008	2.7563801174403220	0.60947066084656465
0.51930000000000009	2.7687514573602470	0.61599056568371791
0.52120000000000000	2.7811467087935791	0.62254043556965610
0.52310000000000001	2.7935658934732275	0.62912008305405054
0.52500000000000013	2.8060090323031375	0.63572932176565622
0.52690000000000003	2.8184761453546732	0.64236796648392369
0.52880000000000005	2.8309672518903617	0.64903583313083890
0.53070000000000006	2.8434823703749057	0.65573273880082661
0.53260000000000007	2.8560215184870037	0.66245850178017340
0.53450000000000009	2.8685847131326851	0.66921294156570932
0.53640000000000010	2.8811719704580092	0.67599587888147306
0.53830000000000000	2.8937833058610360	0.68280713569374762
0.54020000000000001	2.9064187340044296	0.68964653522490316
0.54210000000000014	2.9190782688279082	0.69651390196590346
0.54400000000000004	2.9317619235598853	0.70340906168722717
0.54590000000000005	2.9444697107297784	0.71033184144873496
0.54780000000000006	2.9572016421794642	0.71728206960815921
0.54970000000000008	2.9699577290754995	0.72425957582878997
0.55160000000000009	2.9827379819201201	0.73126419108550222
0.55350000000000010	2.9955424105629058	0.73829574767021366
0.55540000000000000	3.0083710242120327	0.74535407919620322
0.55730000000000002	3.0212238314453890	0.75243902060129209
0.55920000000000014	3.0341008402216803	0.75955040815045594
0.56110000000000004	3.0470020578906403	0.76668807943709849
0.56300000000000006	3.0599274912048107	0.77385187338412720
0.56490000000000007	3.0728771463291977	0.78104163024379691
0.56680000000000008	3.0858510288518883	0.78825719159670837
0.56870000000000009	3.0988491437945584	0.79549840035065644
0.57060000000000011	3.1118714956223301	0.80276510073837382
0.57250000000000001	3.1249180882540215	0.81005713831476178
0.57440000000000002	3.1379889250715087	0.81737435995348373
0.57630000000000015	3.1510840089300372	0.82471661384323292
0.57820000000000005	3.1642033421671485	0.83208374948309027
0.58010000000000006	3.1773469266127141	0.83947561767782430
0.58200000000000007	3.1905147635639679	0.84689207054067506
0.58389999999999997	3.2037068539299343	0.85433296145390147
0.58580000000000010	3.2169231980371236	0.86179814511346875
0.58770000000000011	3.2301637957750593	0.86928747748855206
0.58960000000000001	3.2434286465694253	0.87680081582257141
0.59150000000000003	3.2567177493916537	0.88433801862631289
0.59340000000000015	3.2700311027674607	0.89189894567022632
0.59530000000000005	3.2833687047846216	0.89948345797649276
0.59720000000000006	3.2967305531010225	0.90709141781080271
0.59910000000000008	3.3101166449538026	0.91472268867424256
0.60099999999999998	3.3235269771661624	0.92237713529425447
0.60290000000000010	3.3369615461555084	0.93005462361600655
0.60480000000000012	3.3504203479412058	0.93775502079327955
0.60670000000000002	3.3639033781518872	0.94547819517924858
0.60860000000000003	3.3774106320335093	0.95322401631727638
0.61050000000000015	3.3909421044558412	0.96099235493113511
0.61240000000000006	3.4044977899198181	0.96878308291544790
0.61430000000000007	3.4180776825651016	0.97659607332592402
0.61620000000000008	3.4316817761764891	0.98443120036964615
0.61809999999999998	3.4453100641911387	0.99228833939476091
0.62000000000000011	3.4589625397045611	1.0001673668807538
0.62190000000000012	3.4726391954783442	1.0080681604282162
0.62380000000000002	3.4863400239452811	1.0159905987484434
0.62570000000000003	3.5000650172168903	1.0239345616537170
0.62760000000000005	3.5138141670894854	1.0318999300468088
0.62950000000000006	3.5275874650492089	1.0398865859102495
0.63140000000000007	3.5413849022800354	1.0478944122969944
0.63330000000000009	3.5552064696678798	1.0559232933191172
0.63519999999999999	3.5690521578074459	1.0639731141381159
0.63710000000000011	3.5829219570073332	1.0720437609541189
0.63900000000000012	3.5968158572967859	1.0801351209961523
0.64090000000000003	3.6107338484300482	1.0882470825114330
0.64280000000000004	3.6246759198922676	1.0963795347549430
0.64470000000000005	3.6386420609050738	1.1045323679797709
0.64660000000000006	3.6526322604312913	1.1127054734262247
0.64850000000000008	3.6666465071806984	1.1208987433119817
0.65040000000000009	3.6806847896147725	1.1291120708220697
0.65229999999999999	3.6947470959518518	1.1373453500984960
0.65420000000000011	3.7088334141717141	1.1455984762302964
0.65610000000000013	3.7229437320208771	1.1538713452436420
0.65800000000000003	3.7370780370165981	1.1621638540916113
0.65990000000000004	3.7512363164525215	1.1704759006447316
0.66180000000000005	3.7654185574027106	1.1788073836809063
0.66370000000000007	3.7796247467252977	1.1871582028754375
0.66560000000000008	3.7938548710687128	1.1955282587918767
0.66750000000000009	3.8081089168748434	1.2039174528723076
0.66940000000000000	3.8223868703827222	1.2123256874270449
0.67130000000000012	3.8366887176341704	1.2207528656262947
0.67320000000000013	3.8510144444770473	1.2291988914900569
0.67510000000000003	3.8653640365693356	1.2376636698790910
0.67700000000000005	3.8797374793829222	1.2461471064854339
0.67890000000000006	3.8941347582080112	1.2546491078236566
0.68080000000000007	3.9085558581566784	1.2631695812213075
0.68270000000000008	3.9230007641663502	1.2717084348103558
0.68460000000000010	3.9374694610039480	1.2802655775181284
0.68650000000000000	3.9519619332691627	1.2888409190585262
0.68840000000000012	3.9664781653981787	1.2974343699231525
0.69030000000000014	3.9810181416671888	1.3060458413729923
0.69220000000000004	3.9955818461958592	1.3146752454296780
0.69410000000000005	4.0101692629500567	1.3233224948667672
0.69600000000000006	4.0247803757465013	1.3319875032020232
0.69790000000000008	4.0394151682544610	1.3406701846884055
0.69980000000000009	4.0540736239998010	1.3493704543063916
0.70170000000000010	4.0687557263687824	1.3580882277558153
0.70360000000000000	4.0834614586095030	1.3668234214476163
0.70550000000000002	4.0981908038357302	1.3755759524958011
0.70740000000000014	4.1129437450309050	1.3843457387104128
0.70930000000000004	4.1277202650487190	1.3931326985885286
0.71120000000000005	4.1425203466182472	1.4019367513076746
0.71310000000000007	4.1573439723458305	1.4107578167180226
0.71500000000000008	4.1721911247174113	1.4195958153342494
0.71690000000000009	4.1870617861018316	1.4284506683289064
0.71880000000000011	4.2019559387537022	1.4373222975249687
0.72070000000000001	4.2168735648151214	1.4462106253880540
0.72260000000000002	4.2318146463193491	1.4551155750202214
0.72450000000000014	4.2467791651922671	1.4640370701519445
0.72640000000000005	4.2617671032555453	1.4729750351356823
0.72830000000000006	4.2767784422293715	1.4819293949392331
0.73020000000000007	4.2918131637336074	1.4909000751381323
0.73210000000000008	4.3068712492915928	1.4998870019098616
0.73400000000000010	4.3219526803312904	1.5088901020264542
0.73590000000000011	4.3370574381883005	1.5179093028483766
0.73780000000000001	4.3521855041078474	1.5269445323180166
0.73970000000000002	4.3673368592467332	1.5359957189529594
0.74160000000000015	4.3825114846761108	1.5450627918402982
0.74350000000000005	4.3977093613825069	1.5541456806296603
0.74540000000000006	4.4129304702714149	1.5632443155277278
0.74730000000000008	4.4281747921679413	1.5723586272917536
0.74919999999999998	4.4434423078192946	1.5814885472235807
0.75110000000000010	4.4587329978975916	1.5906340071641225
0.75300000000000011	4.4740468429998561	1.5997949394866575
0.75490000000000002	4.4893838236520054	1.6089712770922069
0.75680000000000003	4.5047439203092283	1.6181629534027913
0.75870000000000015	4.5201271133589778	1.6273699023565136
0.76060000000000005	4.5355333831214875	1.6365920584015687
0.76250000000000007	4.5509627098526533	1.6458293564910684
0.76440000000000008	4.5664150737452198	1.6550817320773754
0.76629999999999998	4.5818904549304564	1.6643491211068002
0.76820000000000010	4.5973888334802879	1.6736314600146813
0.77010000000000012	4.6129101894082014	1.6829286857195564
0.77200000000000002	4.6284545026717181	1.6922407356185358
0.77390000000000003	4.6440217531732326	1.7015675475820420
0.77580000000000016	4.6596119207620355	1.7109090599487613
0.77770000000000006	4.6752249852357961	1.7202652115208290
0.77960000000000007	4.6908609263415189	1.7296359415586826
0.78150000000000008	4.7065197237780501	1.7390211897766381
0.78339999999999999	4.7222013571966430	1.7484208963377943
0.78530000000000011	4.7379058062027468	1.7578350018494975
0.78720000000000012	4.7536330503572319	1.7672634473586402
0.78910000000000002	4.7693830691780814	1.7767061743472168
0.79100000000000004	4.7851558421414362	1.7861631247275995
0.79290000000000016	4.8009513486832684	1.7956342408384003
0.79480000000000006	4.8167695682000851	1.8051194654396017
0.79670000000000007	4.8326104800509162	1.8146187417086079
0.79860000000000009	4.8484740635580925	1.8241320132359848
0.80049999999999999	4.8643602980085747	1.8336592240208018
0.80240000000000011	4.8802691626554218	1.8432003184669425
0.80430000000000013	4.8962006367184721	1.8527552413785073
0.80620000000000003	4.9121546993864085	1.8623239379564893
0.80810000000000004	4.9281313298168747	1.8719063537938296
0.81000000000000016	4.9441305071382136	1.8815024348720328
0.81190000000000007	4.9601522104503424	1.8911121275571174
0.81380000000000008	4.9761964188261611	1.9007353785957044
0.81570000000000009	4.9922631113121261	1.9103721351113483
0.81759999999999999	5.0083522669300944	1.9200223446006226
0.81950000000000012	5.0244638646773678	1.9296859549294070
0.82140000000000013	5.0405978835284388	1.9393629143292956
0.82330000000000003	5.0567543024357464	1.9490531713938157
0.82520000000000004	5.0729331003305775	1.9587566750751071
0.82710000000000006	5.0891342561242547	1.9684733746801566
0.82900000000000007	5.1053577487090172	1.9782032198674662
0.83090000000000008	5.1216035569585889	1.9879461606433690
0.83280000000000010	5.1378716597299121	1.9977021473590828
0.83470000000000000	5.1541620358629574	2.0074711307067035
0.83660000000000012	5.1704746641826205	2.0172530617165321
0.83850000000000013	5.1868095234990186	2.0270478917533805
0.84040000000000004	5.2031665926084507	2.0368555725134745
0.84230000000000005	5.2195458502945424	2.0466760560214561
0.84420000000000006	5.2359472753283125	2.0565092946266637
0.84609999999999996	5.2523708464697956	2.0663552410006565
0.84799999999999998	5.2688165424686950	2.0762138481338730
0.84989999999999999	5.2852843420644664	2.0860850693323902
0.85180000000000000	5.3017742239882066	2.0959688582154663
0.85370000000000013	5.3182861669621069	2.1058651687117211
0.85560000000000014	5.3348201497017049	2.1157739550573589
0.85750000000000004	5.3513761509151143	2.1256951717921226
0.85940000000000005	5.3679541493048575	2.1356287737572806
0.86130000000000007	5.3845541235680034	2.1455747160923102
0.86319999999999997	5.4011760523966545	2.1555329542323087
0.86509999999999998	5.4178199144796295	2.1655034439053642
0.86699999999999999	5.4344856885020283	2.1754861411295972
0.86890000000000001	5.4511733531461752	2.1854810022104902
0.87079999999999991	5.4678828870928697	2.1954879837385888
0.87270000000000014	5.4846142690212654	2.2055070425863561
0.87460000000000004	5.5013674776095742	2.2155381359059247
0.87650000000000006	5.5181424915368336	2.2255812211267845
0.87840000000000007	5.5349392894811045	2.2356362559523011
0.88029999999999997	5.5517578501227653	2.2457031983585081
0.88219999999999998	5.5685981521428625	2.2557820065904006
0.88410000000000000	5.5854601742255099	2.2658726391605990
0.88600000000000001	5.6023438950570705	2.2759750548461666
0.88789999999999991	5.6192492933274876	2.2860892126866310
0.88980000000000015	5.6361763477300393	2.2962150719813081
0.89170000000000005	5.6531250369628800	2.3063525922872850
0.89360000000000006	5.6700953397291931	2.3165017334171334
0.89550000000000007	5.6870872347368353	2.3266624554362410
0.89739999999999998	5.7041007007003453	2.3368347186611333
0.89929999999999999	5.7211357163401715	2.3470184836568082
0.90120000000000000	5.7381922603838271	2.3572137112347673
0.90309999999999990	5.7552703115661865	2.3674203624508099
0.90499999999999992	5.7723698486297907	2.3776383986027962
0.90689999999999993	5.7894908503256861	2.3878677812287732
0.90879999999999994	5.8066332954134445	2.3981084721046186
0.91070000000000007	5.8237971626619327	2.4083604332421347
0.91260000000000008	5.8409824308493032	2.4186236268868644
0.91449999999999998	5.8581890787641848	2.4288980155163027
0.91639999999999999	5.8754170852053917	2.4391835618377380
0.91830000000000001	5.8926664289824524	2.4494802287862316
0.92019999999999991	5.9099370889164495	2.4597879795228503
0.92209999999999992	5.9272290438400175	2.4701067774326648
0.92399999999999993	5.9445422725976327	2.4804365861226234
0.92589999999999995	5.9618767540462523	2.4907773694200150
0.92780000000000007	5.9792324670559713	2.5011290913705437
0.92970000000000008	5.9966093905092110	2.5114917162359753
0.93159999999999998	6.0140075033029694	2.5218652084933413
0.93350000000000000	6.0314267843472820	2.5322495328320578
0.93540000000000001	6.0488672125666314	2.5426446541527685
0.93729999999999991	6.0663287669002335	2.5530505375654799
0.93919999999999992	6.0838114263018834	2.5634671483876925
0.94109999999999994	6.1013151697408530	2.5738944521427807
0.94299999999999995	6.1188399762020085	2.5843324145584288
0.94490000000000007	6.1363858246856138	2.5947810015644834
0.94680000000000009	6.1539526942083915	2.6052401792916879
0.94869999999999999	6.1715405638037515	2.6157099140701763
0.95060000000000000	6.1891494125213544	2.6261901724272283
0.95250000000000001	6.2067792194282099	2.6366809210862465
0.95439999999999992	6.2244299636087810	2.6471821269649447
0.95629999999999993	6.2421016241649552	2.6576937571737456
0.95819999999999994	6.2597941802165771	2.6682157790141559
0.96009999999999995	6.2775076109015187	2.6787481599773777
0.96199999999999986	6.2952418953763480	2.6892908677427552
0.96390000000000009	6.3129970128162425	2.6998438701761471
0.96579999999999999	6.3307729424151180	2.7104071353285200
0.96770000000000000	6.3485696633863959	2.7209806314344989
0.96960000000000002	6.3663871549628066	2.7315643269108252
0.97149999999999992	6.3842253963967099	2.7421581903549459
0.97339999999999993	6.4020843669604846	2.7527621905435651
0.97529999999999994	6.4199640459467080	2.7633762964312805
0.97719999999999996	6.4378644126680902	2.7740004771490243
0.97909999999999986	6.4557854464581990	2.7846347020029185
0.98100000000000009	6.4737271266713865	2.7952789404727718
0.98290000000000000	6.4916894326830779	2.8059331622106782
0.98480000000000001	6.5096723438897159	2.8165973370396293
0.98670000000000002	6.5276758397094392	2.8272714349524350
0.98859999999999992	6.5456998995819635	2.8379554261100872
0.99049999999999994	6.5637445029689232	2.8486492808407520
0.99239999999999995	6.5818096293538684	2.8593529696382070
0.99429999999999996	6.5998952582426718	2.8700664631607604
0.99619999999999986	6.6180013691635304	2.8807897322298359
0.99810000000000010	6.6361279416673051	2.8915227478289163
1.0000000000000000	6.6542749553278249	2.9022654811021575
