  0.1581E-10  0.7454E-10  0.1571E-15
  0.3972E-10  0.1872E-09  0.7689E-15
  0.9976E-10  0.4702E-09  0.3641E-14
  0.2506E-09  0.1181E-08  0.1666E-13
  0.6294E-09  0.2968E-08  0.7332E-13
  0.1581E-08  0.7454E-08  0.3085E-12
  0.3972E-08  0.1873E-07  0.1237E-11
  0.5000E-08  0.2358E-07  0.1663E-11
  0.9976E-08  0.4705E-07  0.4539E-11
  0.1990E-07  0.9387E-07  0.1212E-10
  0.3972E-07  0.1873E-06  0.3182E-10
  0.7924E-07  0.3738E-06  0.8236E-10
  0.1581E-06  0.7459E-06  0.2112E-09
  0.1990E-06  0.9392E-06  0.2764E-09
  0.3155E-06  0.1489E-05  0.5152E-09
  0.5000E-06  0.2360E-05  0.9581E-09
  0.6294E-06  0.2971E-05  0.1306E-08
  0.7924E-06  0.3741E-05  0.1593E-08
  0.9976E-06  0.4710E-05  0.2170E-08
  0.1581E-05  0.7465E-05  0.4023E-08
  0.2506E-05  0.1184E-04  0.7452E-08
  0.3972E-05  0.1877E-04  0.1380E-07
  0.5000E-05  0.2363E-04  0.1791E-07
  0.6294E-05  0.2973E-04  0.2436E-07
  0.7924E-05  0.3747E-04  0.3315E-07
  0.9976E-05  0.4716E-04  0.4507E-07
  0.1256E-04  0.5941E-04  0.6130E-07
  0.1581E-04  0.7479E-04  0.8002E-07
  0.1990E-04  0.9418E-04  0.1077E-06
  0.2506E-04  0.1186E-03  0.1464E-06
  0.3155E-04  0.1494E-03  0.1882E-06
  0.3972E-04  0.1881E-03  0.2559E-06
  0.5000E-04  0.2369E-03  0.3479E-06
  0.6294E-04  0.2982E-03  0.4729E-06
  0.7924E-04  0.3758E-03  0.6430E-06
  0.9976E-04  0.4730E-03  0.8214E-06
  0.1105E-03  0.5242E-03  0.9147E-06
  0.1256E-03  0.5958E-03  0.1041E-05
  0.1581E-03  0.7505E-03  0.1415E-05
  0.1990E-03  0.9452E-03  0.1840E-05
  0.2506E-03  0.1191E-02  0.2384E-05
  0.2572E-03  0.1222E-02  0.2469E-05
  3.00000014E-04   1.4259999025773406E-003   2.5299998001293060E-006
   3.99999990E-04   1.9029998712601971E-003   2.8899998777889927E-006
   5.00000024E-04   2.3790000204849632E-003   3.2400001089757357E-006
   6.00000028E-04   2.8550001697097292E-003   3.5999998916547005E-006
   6.99999975E-04   3.3319998363323263E-003   4.0000002401483272E-006
   7.99999980E-04   3.8090001070754421E-003   4.3600000228272920E-006
   8.99999985E-04   4.2849999542399486E-003   4.7599997813594750E-006
   1.00000005E-03   4.7619999229228053E-003   5.1699996813453231E-006
   1.50000001E-03   7.1460002489392559E-003   7.4500000748630977E-006
   2.00000009E-03   9.5310003944137963E-003   9.9800001699731268E-006
   2.49999994E-03   1.1915999331647300E-002   1.2720000580783633E-005
   3.00000003E-03   1.4303000324279058E-002   1.5709999513263505E-005
   3.50000011E-03   1.6688999685091171E-002   1.8799999270318588E-005
   4.00000019E-03   1.9076000677722929E-002   2.2039999084313605E-005
   4.49999981E-03   2.1464000885692256E-002   2.5440001161567265E-005
   4.99999989E-03   2.3851999885420552E-002   2.8989999755992195E-005
   5.49999997E-03   2.6240001301630917E-002   3.2639999174992334E-005
   6.00000005E-03   2.8628998308455743E-002   3.6389999418567687E-005
   6.50000013E-03   3.1016999724666112E-002   4.0240000486718251E-005
   7.00000022E-03   3.3406999571551618E-002   4.4290000844173463E-005
   7.49999983E-03   3.5795998994858517E-002   4.8399997920620557E-005
   8.00000038E-03   3.8185998841744027E-002   5.2700000339513797E-005
   8.50000046E-03   4.0576001105111614E-002   5.7059999477398926E-005
   8.99999961E-03   4.2965998535515047E-002   6.1569999852146870E-005
   9.49999969E-03   4.5357001222461245E-002   6.6179996331778478E-005
   9.99999978E-03   4.7747999076443289E-002   7.0949999794360272E-005
   1.20000001E-02   5.7313000581878368E-002   9.1620002213037283E-005
   1.40000004E-02   6.6882999372242347E-002   1.1488999775252050E-004
   1.60000008E-02   7.6454999009763533E-002   1.4067999708040945E-004
   1.79999992E-02   8.6032000765177780E-002   1.6967000391593896E-004
   1.99999996E-02   9.5611003367749234E-002   2.0174999280968026E-004
   2.19999999E-02  0.10519399799870682        2.3687001054626121E-004
   2.40000002E-02  0.11478099432397884        2.7537999393601338E-004
   2.60000005E-02  0.12437000116233639        3.1723999550965201E-004
   2.80000009E-02  0.13396300002908007        3.6218999802026865E-004
   2.99999993E-02  0.14356000059013818        4.1054002856644243E-004
   3.20000015E-02  0.15315900199835350        4.6202000751887896E-004
   3.40000018E-02  0.16276199543495498        5.1660003091191320E-004
   3.59999985E-02  0.17236799497525640        5.7416999778105160E-004
   3.79999988E-02  0.18197799620987229        6.3438000907349503E-004
   3.99999991E-02  0.19159099388225984        6.9757003361102011E-004
   4.19999994E-02  0.20120698799241907        7.6345005578722222E-004
   4.39999998E-02  0.21082599787220657        8.3187002716832311E-004
   4.60000001E-02  0.22044798485790917        9.0271002983140398E-004
   4.80000004E-02  0.23007399286978278        9.7589001780776555E-004
   5.00000007E-02  0.23970301665128466        1.0513999475937881E-003
   5.20000011E-02  0.24933399295030229        1.1289900908701435E-003
   5.40000014E-02  0.25896899027549092        1.2087600520073168E-003
   5.60000017E-02  0.26860700337030785        1.2905500411281691E-003
   5.79999983E-02  0.27824700764635368        1.3745199236249043E-003
   5.99999987E-02  0.28789101361671393        1.4601700163136713E-003
   6.19999990E-02  0.29753699143644657        1.5480401008777353E-003
   6.40000030E-02  0.30718700961420675        1.6334799596260702E-003
   6.59999996E-02  0.31683899964133933        1.7254100361346022E-003
   6.80000037E-02  0.32649398610624353        1.8190598927291270E-003
   7.00000003E-02  0.33615102174794648        1.9148400293019538E-003
   7.19999969E-02  0.34581200108839405        2.0122899549878692E-003
   7.40000010E-02  0.35547499094192714        2.1117200367032434E-003
   7.59999976E-02  0.36514099656508853        2.2012200384261757E-003
   7.80000016E-02  0.37480901270133538        2.3074399816789149E-003
   7.99999982E-02  0.38448000594349735        2.4154299980508106E-003
   8.20000023E-02  0.39415401495528757        2.5240300251162450E-003

5.0000000000000003E-002  0.23927696070417595  9.3528732998486661E-004
5.1899999999999995E-002  0.24840669243536009  1.0291265333212609E-003
5.3800000000000001E-002  0.25753994959248006  1.1283231935476725E-003
5.5700000000000006E-002  0.26667679683791906  1.2329045951524041E-003
5.7599999999999998E-002  0.27581729547738598  1.3428942235465125E-003
5.9499999999999997E-002  0.28496150338538700  1.4583127849862720E-003
6.1400000000000003E-002  0.29410947536879550  1.5791791258350349E-003
6.3300000000000009E-002  0.30326126347143695  1.7055110754013016E-003
6.5200000000000008E-002  0.31241691706993663  1.8373262246459022E-003
6.7099999999999993E-002  0.32157648319476034  1.9746426234430155E-003
6.9000000000000006E-002  0.33074000673241832  2.1174794166453712E-003
7.0900000000000005E-002  0.33990753061821705  2.2658574175382622E-003
7.2799999999999990E-002  0.34907909612964538  2.4197996211312877E-003
7.4700000000000003E-002  0.35825474295908172  2.5793316675986849E-003
7.6600000000000001E-002  0.36743450948327816  2.7444822512836756E-003
7.8500000000000000E-002  0.37661843292454034  2.9152834853066480E-003
8.0400000000000013E-002  0.38580654951995741  3.0917712226190314E-003
8.2300000000000012E-002  0.39499889468475169  3.2739853376896342E-003
8.4199999999999997E-002  0.40419550314383335  3.4619699714961492E-003
8.6099999999999996E-002  0.41339640915428333  3.6557737434093915E-003
8.7999999999999995E-002  0.42260164652750692  3.8554499324179314E-003
8.9899999999999994E-002  0.43181124883053845  4.0610566305677494E-003
9.1800000000000007E-002  0.44102524948787114  4.2726568710505603E-003
9.3700000000000006E-002  0.45024368189398190  4.4903187333566637E-003
9.5600000000000004E-002  0.45946657951824194  4.7141154276358612E-003
9.7500000000000017E-002  0.46869397600328128  4.9441253601911310E-003
9.9400000000000002E-002  0.47792590525654349  5.1804321822383559E-003
0.10130000000000000  0.48716240153604107  5.4231248233658699E-003
0.10320000000000000  0.49640349952987695  5.6722975115123435E-003
0.10510000000000000  0.50564923442969367  5.9280497807911968E-003
0.10700000000000000  0.51489964199993787  6.1904864686762361E-003
0.10890000000000001  0.52415475864118888  6.4597177035823255E-003
0.11080000000000001  0.53341462144947382  6.7358588841527163E-003
0.11270000000000001  0.54267926827004564  7.0190306511478335E-003
0.11460000000000002  0.55194873773273168  7.3093588530027702E-003
0.11649999999999999  0.56122306830241819  7.6063368067478690E-003
0.11840000000000001  0.57050224695476681  7.9051292070468956E-003
0.12030000000000000  0.57978624120386479  8.2082737357389232E-003
0.12220000000000000  0.58907505407763439  8.5169398834658190E-003
0.12410000000000000  0.59836870128767816  8.8317364153233501E-003
0.12600000000000000  0.60766720587342171  9.1530992508502187E-003
0.12790000000000001  0.61697059608279781  9.4813840117692668E-003
0.12980000000000003  0.62627890424990051  9.8169021448094845E-003
0.13169999999999998  0.63559216611061653  1.0159938425193230E-002
0.13360000000000000  0.64491042034598212  1.0510760611477316E-002
0.13550000000000001  0.65423370825916649  1.0869625259090430E-002
0.13739999999999999  0.66356207353603047  1.1236781450427894E-002
0.13930000000000001  0.67289556206120382  1.1612473306352320E-002
0.14120000000000002  0.68223422177326998  1.1996941742197023E-002
0.14310000000000000  0.69157810254766494  1.2390425733595063E-002
0.14500000000000002  0.70092725610025508  1.2793163251838484E-002
0.14690000000000000  0.71028173590685617  1.3205391969474482E-002
0.14879999999999999  0.71964159713467690  1.3627349802202428E-002
0.15070000000000000  0.72900689658345663  1.4059275331184009E-002
0.15260000000000001  0.73837769263450903  1.4501408136585448E-002
0.15450000000000000  0.74775404520571498  1.4953989063927682E-002
0.15640000000000001  0.75713601571204214  1.5417260439088157E-002
0.15830000000000002  0.76652366702993069  1.5891466243345281E-002
0.16020000000000001  0.77591706346548184  1.6376852257094718E-002
0.16210000000000002  0.78531627072613164  1.6873666178782477E-002
0.16400000000000001  0.79472135589415061  1.7382157723981457E-002
0.16589999999999999  0.80413238740292459  1.7902578708445843E-002
0.16780000000000000  0.81354943501498500  1.8435183118263275E-002
0.16970000000000002  0.82297256980216948  1.8980227169326888E-002
0.17160000000000000  0.83240186412671346  1.9537969358088297E-002
0.17350000000000002  0.84183739162410542  2.0108670505018068E-002
0.17540000000000003  0.85127922718707727  2.0692593792100474E-002
0.17730000000000001  0.86072744695040382  2.1290004795019749E-002
0.17920000000000003  0.87018212827705332  2.1901171511214911E-002
0.18110000000000001  0.87964334974507241  2.2526364383995041E-002
0.18300000000000000  0.88911119112625125  2.3165856323463099E-002
0.18490000000000001  0.89858573340976777  2.3819922724370078E-002
0.18680000000000002  0.90806705873856797  2.4488841481684332E-002
0.18870000000000001  0.91755525043394748  2.5172893003375427E-002
0.19060000000000002  0.92705039297695846  2.5872360221147049E-002
0.19250000000000003  0.93655257199906106  2.6587528598958177E-002
0.19439999999999999  0.94606187427323640  2.7318686139436454E-002
0.19630000000000000  0.95557838770541359  2.8066123388244150E-002
0.19820000000000002  0.96510220132638969  2.8830133436304049E-002
0.20010000000000000  0.97463340528393272  2.9611011919922547E-002
0.20200000000000001  0.98417209083535007  3.0409057018679748E-002
0.20390000000000003  0.99371835034012224  3.1224569451046257E-002
0.20580000000000001  1.0032722772528937  3.2057852467553043E-002
0.20770000000000002  1.0128339661166086  3.2909211841476077E-002
0.20960000000000004  1.0224035125558049  3.3778955856796460E-002
0.21149999999999999  1.0319810132699927  3.4667395293337844E-002
0.21340000000000001  1.0415665660272133  3.5574843408923619E-002
0.21529999999999999  1.0511602696575495  3.6501615918307695E-002
0.21720000000000000  1.0607622240467629  3.7448030968774873E-002
0.21909999999999999  1.0703725301298832  3.8414409112162241E-002
0.22100000000000003  1.0799912898847359  3.9401073273122346E-002
0.22289999999999999  1.0896186063254498  4.0408348713409502E-002
0.22479999999999997  1.0992545834958505  4.1436562992012961E-002
0.22670000000000001  1.1088993264627265  4.2486045920881108E-002
0.22860000000000000  1.1185529413088764  4.3557129516078978E-002
0.23050000000000001  1.1282155351260754  4.4650147944139032E-002
0.23240000000000000  1.1378872160077023  4.5765437463375400E-002
0.23430000000000001  1.1475680930411711  4.6903336360048516E-002
0.23619999999999999  1.1572582763000321  4.8064184879050231E-002
0.23810000000000003  1.1669578768357596  4.9248325149051031E-002
0.23999999999999999  1.1766670066692073  5.0456101101837222E-002
0.24189999999999998  1.1863857787816143  5.1687858385668140E-002
0.24380000000000002  1.1961143071052489  5.2943944272562507E-002
0.24570000000000000  1.2058527065135272  5.4224707559268524E-002
0.24760000000000001  1.2156010928107399  5.5530498461839259E-002
0.24950000000000000  1.2253595827211516  5.6861668503651000E-002
0.25140000000000001  1.2351282938776293  5.8218570396821635E-002
0.25330000000000003  1.2449073448096690  5.9601557916833511E-002
0.25519999999999998  1.2546968549307658  6.1010985770405396E-002
0.25710000000000000  1.2644969445252465  6.2447209456456092E-002
0.25900000000000001  1.2743077347343477  6.3910585120239088E-002
0.26090000000000002  1.2841293475416280  6.5401469400531695E-002
0.26279999999999998  1.2939619057576741  6.6920219269996820E-002
0.26469999999999999  1.3038055330040628  6.8467191868656546E-002
0.26660000000000000  1.3136603536965805  7.0042744330682138E-002
0.26849999999999996  1.3235264930275703  7.1647233604430746E-002
0.27040000000000003  1.3334040769476034  7.3281016266020196E-002
0.27229999999999999  1.3432932321462285  7.4944448326457455E-002
0.27420000000000000  1.3531940860319445  7.6637885032589795E-002
0.27610000000000001  1.3631067667112726  7.8361680662056010E-002
0.27799999999999997  1.3730314029670279  8.0116188312476494E-002
0.27989999999999998  1.3829681242356360  8.1901759685170022E-002
0.28179999999999999  1.3929170605891796  8.3718744864024794E-002
0.28370000000000001  1.4028783426887235  8.5567492087795460E-002
0.28559999999999997  1.4128521017927524  8.7448347521363157E-002
0.28750000000000003  1.4228384697083059  8.9361655019455463E-002
0.28939999999999999  1.4328375787697101  9.1307755888371908E-002
0.29130000000000000  1.4428495618105706  9.3286988644166860E-002
0.29320000000000002  1.4528745521350805  9.5299688768012869E-002
0.29509999999999997  1.4629126834883279  9.7346188459311700E-002
0.29699999999999999  1.4729640900257861  9.9426816387068101E-002
0.29890000000000000  1.4830289062821385  0.10154189743997286
0.30080000000000001  1.4931072671390138  0.10369175247586238
0.30269999999999997  1.5031993077922785  0.10587669807108370
0.30460000000000004  1.5133051637182855  0.10809704627035877
0.30649999999999999  1.5234249706395375  0.11035310433769646
0.30840000000000001  1.5335588644895921  0.11264517450905476
0.31030000000000002  1.5437069813774364  0.11497355374731970
0.31219999999999998  1.5538694575510716  0.11733853350021901
0.31409999999999999  1.5640464293606342  0.11974039946181331
0.31600000000000000  1.5742380332208934  0.12217943133816593
0.31790000000000002  1.5844444055732978  0.12465590261784504
0.31979999999999997  1.5946656828475609  0.12717008034781729
0.32170000000000004  1.6049020014228359  0.12972222491541249
0.32360000000000000  1.6151534975884989  0.13231258983682787
0.32549999999999996  1.6254203075047018  0.13494142155288039
0.32740000000000002  1.6357025671625778  0.13760895923243360
0.32929999999999998  1.6460004123443503  0.14031543458414239
0.33119999999999999  1.6563139785832062  0.14306107167690860
0.33310000000000001  1.6666434011283886  0.14584608677058372
0.33500000000000002  1.6769888148834264  0.14867068815149020
0.33689999999999998  1.6873503543991319  0.15153507598787505
0.33879999999999999  1.6977281538107913  0.15443944218596828
0.34070000000000000  1.7081223468040898  0.15738397026180589
0.34259999999999996  1.7185330665753997  0.16036883522333090
0.34450000000000003  1.7289604457921497  0.16339420346375683
0.34639999999999999  1.7394046165536909  0.16646023266674134
0.34830000000000000  1.7498657103525010  0.16956707172330299
0.35020000000000001  1.7603438580357913  0.17271486066078146
0.35210000000000002  1.7708391897676354  0.17590373058390821
0.35399999999999998  1.7813518349915278  0.17913380362803641
0.35589999999999999  1.7918819223936575  0.18240519292459301
0.35780000000000001  1.8024295798667274  0.18571800257869242
0.35969999999999996  1.8129949344744980  0.18907232765889956
0.36160000000000003  1.8235781124226700  0.19246825420057589
0.36349999999999999  1.8341792390015621  0.19590585921319256
0.36540000000000000  1.8447984385891387  0.19938521071554224
0.36730000000000002  1.8554358345939161  0.20290636776604512
0.36920000000000003  1.8660915494299084  0.20646938051263855
0.37109999999999999  1.8767657044860206  0.21007429025198648
0.37300000000000000  1.8874584200965923  0.21372112949943886
0.37490000000000001  1.8981698155129236  0.21740992206930451
0.37679999999999997  1.9089000088757104  0.22114068316517652
0.37870000000000004  1.9196491171885139  0.22491341947986085
0.38059999999999999  1.9304172562924271  0.22872812930451142
0.38250000000000001  1.9412045408416512  0.23258480264659184
0.38440000000000002  1.9520110842861174  0.23648342135829278
0.38629999999999998  1.9628369988249161  0.24042395926195273
0.38819999999999999  1.9736823954235518  0.24440638230537420
0.39010000000000000  1.9845473837674961  0.24843064870099163
0.39200000000000002  1.9954320722501062  0.25249670908334276
0.39389999999999997  2.0063365679552443  0.25660450667018453
0.39580000000000004  2.0172609766406020  0.26075397742900341
0.39770000000000000  2.0282054027224352  0.26494505024860404
0.39959999999999996  2.0391699492613298  0.26917764711518483
0.40150000000000002  2.0501547179490340  0.27345168329243669
0.40339999999999998  2.0611598090965155  0.27776706750520253
0.40529999999999999  2.0721853216280501  0.28212370212854154
0.40720000000000001  2.0832313530501017  0.28652148336721167
0.40910000000000002  2.0942979994765265  0.29096030146272067
0.41099999999999998  2.1053853555968667  0.29544004087557640
0.41290000000000004  2.1164935146761015  0.29996058048269353
0.41480000000000000  2.1276225685490000  0.30452179377268640
0.41669999999999996  2.1387726076156315  0.30912354904171008
0.41860000000000003  2.1499437208375816  0.31376570958930255
0.42049999999999998  2.1611359957354290  0.31844813391402993
0.42240000000000005  2.1723495183923718  0.32317067591144394
0.42430000000000007  2.1835843734303384  0.32793318505518637
0.42620000000000002  2.1948406440468515  0.33273550660999202
0.42809999999999998  2.2061184119898143  0.33757748180846486
0.43000000000000005  2.2174177575661886  0.34245894804399341
0.43190000000000006  2.2287387596446426  0.34737973905784042
0.43380000000000002  2.2400814956587527  0.35233968512376967
0.43570000000000003  2.2514460416111386  0.35733861323009736
0.43759999999999999  2.2628324720783017  0.36237634725893308
0.43950000000000006  2.2742408602213668  0.36745270816607856
0.44140000000000007  2.2856712777697870  0.37256751413854056
0.44330000000000003  2.2971237950636740  0.37772058078857418
0.44519999999999998  2.3085984810361198  0.38291172130282652
0.44710000000000000  2.3200954032278238  0.38814074660943415
0.44900000000000007  2.3316146277955783  0.39340746553687245
0.45090000000000002  2.3431562195212599  0.39871168496896808
0.45280000000000004  2.3547202418214526  0.40405320999611055
0.45469999999999999  2.3663067567573441  0.40943184406242655
0.45660000000000006  2.3779158250452053  0.41484738910895641
0.45850000000000007  2.3895475060728697  0.42029964571796752
0.46040000000000003  2.4012018578875862  0.42578841322671102
0.46229999999999999  2.4128789372441193  0.43131348989130819
0.46420000000000000  2.4245787995913521  0.43687467299096727
0.46610000000000007  2.4363014990911300  0.44247175895645879
0.46800000000000003  2.4480470886307182  0.44810454348875428
0.46990000000000004  2.4598156198358709  0.45377282167369543
0.47180000000000011  2.4716071430836632  0.45947638809236485
0.47370000000000007  2.4834217075158707  0.46521503692762856
0.47560000000000008  2.4952593610525073  0.47098856206664480
0.47750000000000004  2.5071201504055387  0.47679675719946535
0.47939999999999999  2.5190041210925451  0.48263941591364712
0.48130000000000006  2.5309113174509825  0.48851633178527570
0.48320000000000007  2.5428417826521308  0.49442729846601702
0.48510000000000003  2.5547955587188280  0.50037210977276425
0.48700000000000004  2.5667726865257072  0.50635055974217746
0.48890000000000011  2.5787732058354682  0.51236244274588905
0.49080000000000007  2.5907971552984139  0.51840755353676271
0.49270000000000008  2.6028445724706906  0.52448568732509759
0.49460000000000004  2.6149154938288386  0.53059663984473793
0.49650000000000000  2.6270099547846852  0.53674020741611062
0.49840000000000007  2.6391279896996691  0.54291618700589861
0.50030000000000008  2.6512696318996274  0.54912437628377031
0.50220000000000009  2.6634349136892439  0.55536457367609460
0.50409999999999999  2.6756238663667609  0.56163657841689740
0.50600000000000001  2.6878365202384837  0.56794019059584111
0.50790000000000013  2.7000729046332173  0.57427521120358005
0.50980000000000003  2.7123330479167946  0.58064144217449198
0.51170000000000004  2.7246169775064120  0.58703868642685109
0.51360000000000006  2.7369247198849136  0.59346674790055209
0.51550000000000007  2.7492563006151491  0.59992543159242628
0.51740000000000008  2.7616117443539370  0.60641454358928160
0.51930000000000009  2.7739910748663714  0.61293389109882612
0.52120000000000000  2.7863943150395065  0.61948328247823459
0.52310000000000001  2.7988214868931256  0.62606252726821709
0.52500000000000013  2.8112726116066895  0.63267143618800503
0.52690000000000003  2.8237477095131216  0.63930982120328450
0.52880000000000005  2.8362468001254770  0.64597749551672590
0.53070000000000006  2.8487699021470982  0.65267427359461871
0.53260000000000007  2.8613170334848887  0.65939997118474669
0.53450000000000009  2.8738882112624800  0.66615440533217962
0.53640000000000010  2.8864834518330533  0.67293739439348643
0.53830000000000000  2.8991027707924046  0.67974875804990353
0.54020000000000001  2.9117461829919571  0.68658831731877024
0.54210000000000014  2.9244137025505035  0.69345589456345158
0.54400000000000004  2.9371053428677278  0.70035131350253410
0.54590000000000005  2.9498211166355541  0.70727439921709767
0.54780000000000006  2.9625610358508303  0.71422497815746777
0.54970000000000008  2.9753251118273445  0.72120287814838679
0.55160000000000009  2.9881133552073966  0.72820792839334114
0.55350000000000010  3.0009257759736956  0.73523995947770948
0.55540000000000000  3.0137623834609841  0.74229880337136567
0.55730000000000002  3.0266231863671176  0.74938429342965907
0.55920000000000014  3.0395081927648473  0.75649626439435647
0.56110000000000004  3.0524174101122612  0.76363455239296474
0.56300000000000006  3.0653508452643634  0.77079899493794835
0.56490000000000007  3.0783085044833718  0.77798943092473449
0.56680000000000008  3.0912903934496798  0.78520570062933615
0.56870000000000009  3.1042965172721533  0.79244764570513826
0.57060000000000011  3.1173268804984948  0.79971510917907729
0.57250000000000001  3.1303814871255575  0.80700793544736127
0.57440000000000002  3.1434603406092334  0.81432597027049591
0.57630000000000015  3.1565634438743455  0.82166906076793333
0.57820000000000005  3.1696907993245040  0.82903705541210670
0.58010000000000006  3.1828424088514704  0.83642980402201850
0.58200000000000007  3.1960182738108407  0.84384715776487962
0.58389999999999997  3.2092183951675564  0.85128896911533825
0.58580000000000010  3.2224427732998784  0.85875509189870791
0.58770000000000011  3.2356914081459416  0.86624538124891981
0.58960000000000001  3.2489642991771102  0.87375969360864436
0.59150000000000003  3.2622614454085537  0.88129788672152998
0.59340000000000015  3.2755828454060891  0.88885981962249294
0.59530000000000005  3.2889284972951374  0.89644535262930281
0.59720000000000006  3.3022983987697403  0.90405434733300327
0.59910000000000008  3.3156925470993284  0.91168666658848430
0.60099999999999998  3.3291109391386593  0.91934217450521127
0.60290000000000010  3.3425535713335255  0.92702073643654126
0.60480000000000012  3.3560204397303615  0.93472221897042895
0.60670000000000002  3.3695115399830393  0.94244648991902813
0.60860000000000003  3.3830268673600914  0.95019341830815585
0.61050000000000015  3.3965664167529783  0.95796287436730243
0.61240000000000006  3.4101301826824741  0.96575472951880126
0.61430000000000007  3.4237181593065960  0.97356885636745327
0.61620000000000008  3.4373303404267261  0.98140512868962437
0.61809999999999998  3.4509667194953773  0.98926342142266155
0.62000000000000011  3.4646272896223973  0.99714361065405732
0.62190000000000012  3.4783120435818815  1.0050455736106001
0.62380000000000002  3.4920209738186863  1.0129691886475827
0.62570000000000003  3.5057540724549416  1.0209143352377963
0.62760000000000005  3.5195113312956581  1.0288808939605487
0.62950000000000006  3.5332927418363269  1.0368687464910029
0.63140000000000007  3.5470982952677961  1.0448777755890295
0.63330000000000009  3.5609279824827094  1.0529078650883488
0.63519999999999999  3.5747817940817082  1.0609588998858577
0.63710000000000011  3.5886597203785886  1.0690307659303320
0.63900000000000012  3.6025617514062307  1.0771233502118569
0.64090000000000003  3.6164878769230397  1.0852365407512368
0.64280000000000004  3.6304380864164636  1.0933702265884044
0.64470000000000005  3.6444123691103361  1.1015242977726998
0.64660000000000006  3.6584107139694875  1.1096986453516626
0.64850000000000008  3.6724331097047038  1.1178931613604501
0.65040000000000009  3.6864795447778049  1.1261077388110530
0.65229999999999999  3.7005500074072062  1.1343422716822833
0.65420000000000011  3.7146444855724963  1.1425966549091189
0.65610000000000013  3.7287629670189366  1.1508707843719528
0.65800000000000003  3.7429054392631445  1.1591645568868811
0.65990000000000004  3.7570718895965753  1.1674778701950108
0.66180000000000005  3.7712623050915401  1.1758106229527467
0.66370000000000007  3.7854766726044007  1.1841627147211577
0.66560000000000008  3.7997149787805991  1.1925340459564369
0.66750000000000009  3.8139772100588551  1.2009245179997130
0.66940000000000000  3.8282633526756045  1.2093340330673894
0.67130000000000012  3.8425733926692853  1.2177624942414507
0.67320000000000013  3.8569073158839635  1.2262098054594270
0.67510000000000003  3.8712651079737963  1.2346758715052557
0.67700000000000005  3.8856467544072104  1.2431605979997398
0.67890000000000006  3.9000522404699498  1.2516638913907077
0.68080000000000007  3.9144815512697995  1.2601856589444578
0.68270000000000008  3.9289346717399134  1.2687258087359778
0.68460000000000010  3.9434115866427200  1.2772842496399675
0.68650000000000000  3.9579122805732041  1.2858608913220122
0.68840000000000012  3.9724367379630863  1.2944556442295438
0.69030000000000014  3.9869849430831099  1.3030684195826192
0.69220000000000004  4.0015568800484935  1.3116991293662552
0.69410000000000005  4.0161525328203007  1.3203476863205612
0.69600000000000006  4.0307718852097665  1.3290140039328489
0.69790000000000008  4.0454149208813925  1.3376979964292517
0.69980000000000009  4.0600816233560897  1.3463995787660288
0.70170000000000010  4.0747719760145831  1.3551186666216675
0.70360000000000000  4.0894859620999755  1.3638551763884408
0.70550000000000002  4.1042235647209910  1.3726090251642722
0.70740000000000014  4.1189847668556476  1.3813801307454174
0.70930000000000004  4.1337695513528701  1.3901684116176434
0.71120000000000005  4.1485779009361954  1.3989737869489867
0.71310000000000007  4.1634097982067004  1.4077961765822540
0.71500000000000008  4.1782652256453785  1.4166355010269129
0.71690000000000009  4.1931441656159665  1.4254916814519167
0.71880000000000011  4.2080466003676094  1.4343646396781606
0.72070000000000001  4.2229725120376518  1.4432542981712728
0.72260000000000002  4.2379218826540974  1.4521605800343436
0.72450000000000014  4.2528946941379280  1.4610834090005553
0.72640000000000005  4.2678909283058761  1.4700227094265232
0.72830000000000006  4.2829105668728928  1.4789784062850881
0.73020000000000007  4.2979535914540614  1.4879504251583229
0.73210000000000008  4.3130199835679033  1.4969386922312367
0.73400000000000010  4.3281097246374669  1.5059431342842649
0.73590000000000011  4.3432227959938219  1.5149636786876504
0.73780000000000001  4.3583591788771141  1.5240002533937862
0.73970000000000002  4.3735188544397259  1.5330527869317914
0.74160000000000015  4.3887018037480576  1.5421212084005582
0.74350000000000005  4.4039080077842954  1.5512054474624433
0.74540000000000006  4.4191374474490983  1.5603054343374165
0.74730000000000008  4.4343901035633175  1.5694210997966156
0.74919999999999998  4.4496659568700787  1.5785523751565136
0.75110000000000010  4.4649649880364146  1.5876991922726627
0.75300000000000011  4.4802871776559927  1.5968614835342141
0.75490000000000002  4.4956325062499038  1.6060391818576243
0.75680000000000003  4.5110009542695497  1.6152322206812679
0.75870000000000015  4.5263925020980729  1.6244405339597736
0.76060000000000005  4.5418071300517635  1.6336640561580231
0.76250000000000007  4.5572448183827676  1.6429027222463775
0.76440000000000008  4.5727055472797478  1.6521564676943079
0.76629999999999998  4.5881892968702598  1.6614252284657527
0.76820000000000010  4.6036960472222281  1.6707089410134128
0.77010000000000012  4.6192257783460082  1.6800075422738499
0.77200000000000002  4.6347784701949175  1.6893209696618812
0.77390000000000003  4.6503541026679729  1.6986491610657557
0.77580000000000016  4.6659526556111839  1.7079920548423650
0.77770000000000006  4.6815741088183298  1.7173495898115148
0.77960000000000007  4.6972184420336376  1.7267217052519510
0.78150000000000008  4.7128856349520758  1.7361083408956433
0.78339999999999999  4.7285756672219392  1.7455094369237767
0.78530000000000011  4.7442885184454244  1.7549249339616051
0.78720000000000012  4.7600241681802880  1.7643547730737201
0.78910000000000002  4.7757825959414202  1.7737988957597512
0.79100000000000004  4.7915637812020506  1.7832572439498222
0.79290000000000016  4.8073677033949087  1.7927297599997849
0.79480000000000006  4.8231943419138306  1.8022163866870229
0.79670000000000007  4.8390436761149811  1.8117170672061897
0.79860000000000009  4.8549156853175974  1.8212317451645548
0.80049999999999999  4.8708103488062600  1.8307603645782138
0.80240000000000011  4.8867276458313187  1.8403028698676920
0.80430000000000013  4.9026675556100034  1.8498592058535575
0.80620000000000003  4.9186300573278956  1.8594293177526564
0.80810000000000004  4.9346151301407577  1.8690131511742756
0.81000000000000016  4.9506227531740210  1.8786106521155332
0.81190000000000007  4.9666529055254145  1.8882217669580155
0.81380000000000008  4.9827055662654134  1.8978464424638022
0.81570000000000009  4.9987807144380998  1.9074846257712306
0.81759999999999999  5.0148783290629666  1.9171362643918226
0.81950000000000012  5.0309983891352195  1.9268013062059941
0.82140000000000013  5.0471408736269341  1.9364796994594595
0.82330000000000003  5.0633057614884871  1.9461713927599289
0.82520000000000004  5.0794930316491369  1.9558763350732529
0.82710000000000006  5.0957026630181357  1.9655944757198842
0.82900000000000007  5.1119346344853787  1.9753257643713467
0.83090000000000008  5.1281889249230987  1.9850701510471771
0.83280000000000010  5.1444655131856010  1.9948275861108142
0.83470000000000000  5.1607643781116375  2.0045980202670708
0.83660000000000012  5.1770854985238319  2.0143814045581059
0.83850000000000013  5.1934288532305057  2.0241776903605144
0.84040000000000004  5.2097944210262561  2.0339868293820715
0.84230000000000005  5.2261821806925512  2.0438087736583337
0.84420000000000006  5.2425921109992748  2.0536434755498747
0.84609999999999996  5.2590241907042232  2.0634908877386038
0.84799999999999998  5.2754783985556859  2.0733509632253742
0.84989999999999999  5.2919547132914770  2.0832236553263437
0.85180000000000000  5.3084531136408932  2.0931089176702544
0.85370000000000013  5.3249735783247951  2.1030067041954852
0.85560000000000014  5.3415160860568225  2.1129169691470011
0.85750000000000004  5.3580806155435701  2.1228396670735283
0.85940000000000005  5.3746671454863861  2.1327747528250591
0.86130000000000007  5.3912756545806300  2.1427221815492303
0.86319999999999997  5.4079061215168638  2.1526819086890150
0.86509999999999998  5.4245585249826602  2.1626538899804038
0.86699999999999999  5.4412328436614210  2.1726380814487483
0.86890000000000001  5.4579290562344704  2.1826344394068995
0.87079999999999991  5.4746471413809674  2.1926429204520321
0.87270000000000014  5.4913870777787706  2.2026634814633734
0.87460000000000004  5.5081488441049506  2.2126960795993513
0.87650000000000006  5.5249324190366274  2.2227406722952239
0.87840000000000007  5.5417377812511726  2.2327972172604276
0.88029999999999997  5.5585649094275089  2.2428656724763503
0.88219999999999998  5.5754137822454988  2.2529459961933784
0.88410000000000000  5.5922843783879497  2.2630381469289689
0.88600000000000001  5.6091766765398816  2.2731420834649270
0.88789999999999991  5.6260906553899668  2.2832577648451164
0.88980000000000015  5.6430262936306308  2.2933851503732261
0.89170000000000005  5.6599835699586620  2.3035241996102949
0.89360000000000006  5.6769624630758466  2.3136748723724203
0.89550000000000007  5.6939629516893797  2.3238371287286470
0.89739999999999998  5.7109850145121444  2.3340109289985604
0.89929999999999999  5.7280286302638785  2.3441962337502842
0.90120000000000000  5.7450937776706699  2.3543930037978971
0.90309999999999990  5.7621804354665205  2.3646012001998407
0.90499999999999992  5.7792885823925184  2.3748207842560616
0.90689999999999993  5.7964181971989355  2.3850517175068209
0.90879999999999994  5.8135692586442085  2.3952939617297089
0.91070000000000007  5.8307417454958976  2.4055474789381672
0.91260000000000008  5.8479356365315232  2.4158122313792192
0.91449999999999998  5.8651509105381461  2.4260881815313020
0.91639999999999999  5.8823875463139164  2.4363752921028734
0.91830000000000001  5.8996455226671403  2.4466735260295986
0.92019999999999991  5.9169248184179493  2.4569828464731671
0.92209999999999992  5.9342254123976934  2.4673032168188760
0.92399999999999993  5.9515472834501635  2.4776346006739658
0.92589999999999995  5.9688904104310465  2.4879769618655070
0.92780000000000007  5.9862547722094561  2.4983302644390424
0.92970000000000008  6.0036403476669697  2.5086944726559359
0.93159999999999998  6.0210471156992682  2.5190695509924721
0.93350000000000000  6.0384750552154998  2.5294554641373126
0.93540000000000001  6.0559241451392420  2.5398521769901121
0.93729999999999991  6.0733943644084896  2.5502596546597016
0.93919999999999992  6.0908856919762382  2.5606778624622306
0.94109999999999994  6.1083981068107596  2.5711067659197018
0.94299999999999995  6.1259315878955123  2.5815463307577828
0.94490000000000007  6.1434861142300985  2.5919965229046937
0.94680000000000009  6.1610616648303633  2.6024573084892837
0.94869999999999999  6.1786582187283781  2.6129286538393193
0.95060000000000000  6.1962757549729561  2.6234105254797702
0.95250000000000001  6.2139142526302269  2.6339028901317194
0.95439999999999992  6.2315736907833745  2.6444057147101305
0.95629999999999993  6.2492540485333166  2.6549189663225730
0.95819999999999994  6.2669553049991089  2.6654426122678734
0.96009999999999995  6.2846774393174094  2.6759766200339654
0.96199999999999986  6.3024204306437701  2.6865209572970179
0.96390000000000009  6.3201842581523966  2.6970755919196878
0.96579999999999999  6.3379689010363016  2.7076404919493742
0.96770000000000000  6.3557743385077075  2.7182156256171366
0.96960000000000002  6.3736005497983603  2.7288009613360069
0.97149999999999992  6.3914475141595437  2.7393964676995006
0.97339999999999993  6.4093152108626699  2.7500021134804178
0.97529999999999994  6.4272036191991582  2.7606178676292235
0.97719999999999996  6.4451127184808890  2.7712436992727749
0.97909999999999986  6.4630424880403474  2.7818795777128305
0.98100000000000009  6.4809929072307115  2.7925254724246780
0.98290000000000000  6.4989639554262135  2.8031813530558027
0.98480000000000001  6.5169556120226027  2.8138471894248274
0.98670000000000002  6.5349678564367482  2.8245229515195773
0.98859999999999992  6.5530006681072948  2.8352086094963420
0.99049999999999994  6.5710540264947603  2.8459041336782120
0.99239999999999995  6.5891279110815759  2.8566094945539140
0.99429999999999996  6.6072223013725520  2.8673246627766753
0.99619999999999986  6.6253371768949991  2.8780496091627681
0.99810000000000010  6.6434725171985498  2.8887843046902200
1.0000000000000000  6.6616283018558136  2.8995287204978317
