  0.1581E-10  0.7454E-10  0.1571E-15
  0.3972E-10  0.1872E-09  0.7689E-15
  0.9976E-10  0.4702E-09  0.3641E-14
  0.2506E-09  0.1181E-08  0.1666E-13
  0.6294E-09  0.2968E-08  0.7332E-13
  0.1581E-08  0.7454E-08  0.3085E-12
  0.3972E-08  0.1873E-07  0.1237E-11
  0.5000E-08  0.2358E-07  0.1663E-11
  0.9976E-08  0.4705E-07  0.4539E-11
  0.1990E-07  0.9387E-07  0.1212E-10
  0.3972E-07  0.1873E-06  0.3182E-10
  0.7924E-07  0.3738E-06  0.8236E-10
  0.1581E-06  0.7459E-06  0.2112E-09
  0.1990E-06  0.9392E-06  0.2764E-09
  0.3155E-06  0.1489E-05  0.5152E-09
  0.5000E-06  0.2360E-05  0.9581E-09
  0.6294E-06  0.2971E-05  0.1306E-08
  0.7924E-06  0.3741E-05  0.1593E-08
  0.9976E-06  0.4710E-05  0.2170E-08
  0.1581E-05  0.7465E-05  0.4023E-08
  0.2506E-05  0.1184E-04  0.7452E-08
  0.3972E-05  0.1877E-04  0.1380E-07
  0.5000E-05  0.2363E-04  0.1791E-07
  0.6294E-05  0.2973E-04  0.2436E-07
  0.7924E-05  0.3747E-04  0.3315E-07
  0.9976E-05  0.4716E-04  0.4507E-07
  0.1256E-04  0.5941E-04  0.6130E-07
  0.1581E-04  0.7479E-04  0.8002E-07
  0.1990E-04  0.9418E-04  0.1077E-06
  0.2506E-04  0.1186E-03  0.1464E-06
  0.3155E-04  0.1494E-03  0.1882E-06
  0.3972E-04  0.1881E-03  0.2559E-06
  0.5000E-04  0.2369E-03  0.3479E-06
  0.6294E-04  0.2982E-03  0.4729E-06
  0.7924E-04  0.3758E-03  0.6430E-06
  0.9976E-04  0.4730E-03  0.8214E-06
  0.1105E-03  0.5242E-03  0.9147E-06
  0.1256E-03  0.5958E-03  0.1041E-05
  0.1581E-03  0.7505E-03  0.1415E-05
  0.1990E-03  0.9452E-03  0.1840E-05
  0.2506E-03  0.1191E-02  0.2384E-05
  0.2572E-03  0.1222E-02  0.2469E-05
  3.00000014E-04   1.4259999025773406E-003   2.5299998001293060E-006
   3.99999990E-04   1.9029998712601971E-003   2.8899998777889927E-006
   5.00000024E-04   2.3790000204849632E-003   3.2400001089757357E-006
   6.00000028E-04   2.8550001697097292E-003   3.5999998916547005E-006
   6.99999975E-04   3.3319998363323263E-003   4.0000002401483272E-006
   7.99999980E-04   3.8090001070754421E-003   4.3600000228272920E-006
   8.99999985E-04   4.2849999542399486E-003   4.7599997813594750E-006
   1.00000005E-03   4.7619999229228053E-003   5.1699996813453231E-006
   1.50000001E-03   7.1460002489392559E-003   7.4500000748630977E-006
   2.00000009E-03   9.5310003944137963E-003   9.9800001699731268E-006
   2.49999994E-03   1.1915999331647300E-002   1.2720000580783633E-005
   3.00000003E-03   1.4303000324279058E-002   1.5709999513263505E-005
   3.50000011E-03   1.6688999685091171E-002   1.8799999270318588E-005
   4.00000019E-03   1.9076000677722929E-002   2.2039999084313605E-005
   4.49999981E-03   2.1464000885692256E-002   2.5440001161567265E-005
   4.99999989E-03   2.3851999885420552E-002   2.8989999755992195E-005
   5.49999997E-03   2.6240001301630917E-002   3.2639999174992334E-005
   6.00000005E-03   2.8628998308455743E-002   3.6389999418567687E-005
   6.50000013E-03   3.1016999724666112E-002   4.0240000486718251E-005
   7.00000022E-03   3.3406999571551618E-002   4.4290000844173463E-005
   7.49999983E-03   3.5795998994858517E-002   4.8399997920620557E-005
   8.00000038E-03   3.8185998841744027E-002   5.2700000339513797E-005
   8.50000046E-03   4.0576001105111614E-002   5.7059999477398926E-005
   8.99999961E-03   4.2965998535515047E-002   6.1569999852146870E-005
   9.49999969E-03   4.5357001222461245E-002   6.6179996331778478E-005
   9.99999978E-03   4.7747999076443289E-002   7.0949999794360272E-005
   1.20000001E-02   5.7313000581878368E-002   9.1620002213037283E-005
   1.40000004E-02   6.6882999372242347E-002   1.1488999775252050E-004
   1.60000008E-02   7.6454999009763533E-002   1.4067999708040945E-004
   1.79999992E-02   8.6032000765177780E-002   1.6967000391593896E-004
   1.99999996E-02   9.5611003367749234E-002   2.0174999280968026E-004
   2.19999999E-02  0.10519399799870682        2.3687001054626121E-004
   2.40000002E-02  0.11478099432397884        2.7537999393601338E-004
   2.60000005E-02  0.12437000116233639        3.1723999550965201E-004
   2.80000009E-02  0.13396300002908007        3.6218999802026865E-004
   2.99999993E-02  0.14356000059013818        4.1054002856644243E-004
   3.20000015E-02  0.15315900199835350        4.6202000751887896E-004
   3.40000018E-02  0.16276199543495498        5.1660003091191320E-004
   3.59999985E-02  0.17236799497525640        5.7416999778105160E-004
   3.79999988E-02  0.18197799620987229        6.3438000907349503E-004
   3.99999991E-02  0.19159099388225984        6.9757003361102011E-004
   4.19999994E-02  0.20120698799241907        7.6345005578722222E-004
   4.39999998E-02  0.21082599787220657        8.3187002716832311E-004
   4.60000001E-02  0.22044798485790917        9.0271002983140398E-004
   4.80000004E-02  0.23007399286978278        9.7589001780776555E-004
   5.00000007E-02  0.23970301665128466        1.0513999475937881E-003
   5.20000011E-02  0.24933399295030229        1.1289900908701435E-003
   5.40000014E-02  0.25896899027549092        1.2087600520073168E-003
   5.60000017E-02  0.26860700337030785        1.2905500411281691E-003
   5.79999983E-02  0.27824700764635368        1.3745199236249043E-003
   5.99999987E-02  0.28789101361671393        1.4601700163136713E-003
   6.19999990E-02  0.29753699143644657        1.5480401008777353E-003
   6.40000030E-02  0.30718700961420675        1.6334799596260702E-003
   6.59999996E-02  0.31683899964133933        1.7254100361346022E-003
   6.80000037E-02  0.32649398610624353        1.8190598927291270E-003
   7.00000003E-02  0.33615102174794648        1.9148400293019538E-003
   7.19999969E-02  0.34581200108839405        2.0122899549878692E-003
   7.40000010E-02  0.35547499094192714        2.1117200367032434E-003
   7.59999976E-02  0.36514099656508853        2.2012200384261757E-003
   7.80000016E-02  0.37480901270133538        2.3074399816789149E-003
   7.99999982E-02  0.38448000594349735        2.4154299980508106E-003
   8.20000023E-02  0.39415401495528757        2.5240300251162450E-003

5.0000000000000003E-002  0.23905338478507310  7.0185861563971475E-004
5.1899999999999995E-002  0.24816539671508159  7.7671107590728471E-004
5.3800000000000001E-002  0.25728022474600448  8.5615671992991110E-004
5.5700000000000006E-002  0.26639793211885754  9.4023248700427680E-004
5.7599999999999998E-002  0.27551857864689894  1.0289737689006594E-003
5.9499999999999997E-002  0.28464222153121982  1.1224153839905499E-003
6.1400000000000003E-002  0.29376891532263749  1.2205925109797903E-003
6.3300000000000009E-002  0.30289871230066961  1.3235415009692074E-003
6.5200000000000008E-002  0.31203166278813815  1.4313006076637905E-003
6.7099999999999993E-002  0.32116781525364468  1.5439106467292516E-003
6.9000000000000006E-002  0.33030721663372375  1.6614155669731222E-003
7.0900000000000005E-002  0.33944991251389467  1.7838629566547738E-003
7.2799999999999990E-002  0.34859594741659433  1.9113044811219829E-003
7.4700000000000003E-002  0.35774536488817837  2.0437962636061209E-003
7.6600000000000001E-002  0.36689820775897392  2.1813992064846897E-003
7.8500000000000000E-002  0.37605451830290315  2.3241792631524920E-003
8.0400000000000013E-002  0.38521433840308245  2.4722076627669144E-003
8.2300000000000012E-002  0.39437770970600278  2.6255610922969351E-003
8.4199999999999997E-002  0.40354467376677911  2.7843218400636334E-003
8.6099999999999996E-002  0.41271527216131704  2.9485779040661782E-003
8.7999999999999995E-002  0.42188954669142842  3.1184230686791231E-003
8.9899999999999994E-002  0.43106753938274162  3.2939569534090329E-003
9.1800000000000007E-002  0.44024929266624219  3.4752850357745169E-003
9.3700000000000006E-002  0.44943484945697593  3.6625186517721801E-003
9.5600000000000004E-002  0.45862425324361139  3.8557749762468071E-003
9.7500000000000017E-002  0.46781754816996718  4.0551769854782586E-003
9.9400000000000002E-002  0.47701477910936757  4.2608534041751979E-003
0.10130000000000000  0.48621599173177898  4.4729386388011379E-003
0.10320000000000000  0.49542123256544740  4.6915726991989181E-003
0.10510000000000000  0.50463054905176319  4.9169011098593408E-003
0.10700000000000000  0.51384398959424760  5.1490748126649622E-003
0.10890000000000001  0.52306160360287923  5.3882500622439407E-003
0.11080000000000001  0.53228344153373397  5.6345883152814366E-003
0.11270000000000001  0.54150955492280106  5.8882561149074071E-003
0.11460000000000002  0.55073999641645566  6.1494249710999710E-003
0.11649999999999999  0.55997481978152019  6.4182712382300942E-003
0.11840000000000001  0.56921407999109586  6.6949759901854117E-003
0.12030000000000000  0.57845783314958366  6.9797248944242045E-003
0.12220000000000000  0.58770613657048842  7.2727080850529735E-003
0.12410000000000000  0.59695904877393002  7.5741200358345352E-003
0.12600000000000000  0.60621662949666066  7.8841594336661897E-003
0.12790000000000001  0.61547893969985967  8.2030290529431400E-003
0.12980000000000003  0.62474604157508484  8.5309337434845891E-003
0.13169999999999998  0.63401797680445415  8.8644197423705193E-003
0.13360000000000000  0.64329475581031215  9.2045317371534478E-003
0.13550000000000001  0.65257641480441431  9.5525660929098831E-003
0.13739999999999999  0.66186300076634086  9.9091335849168759E-003
0.13930000000000001  0.67115456653071182  1.0274683570800015E-002
0.14120000000000002  0.68045116908195558  1.0649594532140139E-002
0.14310000000000000  0.68975286868338481  1.1034206762941546E-002
0.14500000000000002  0.69905972835183694  1.1428837567227183E-002
0.14690000000000000  0.70837181350621581  1.1833789423102814E-002
0.14879999999999999  0.71768919171684809  1.2249354807076509E-002
0.15070000000000000  0.72701193251577434  1.2675819245440659E-002
0.15260000000000001  0.73634010724888466  1.3113463345426192E-002
0.15450000000000000  0.74567378895607073  1.3562564202030721E-002
0.15640000000000001  0.75501305227216831  1.4023396404231329E-002
0.15830000000000002  0.76435797334312505  1.4496232773770533E-002
0.16020000000000001  0.77370862975401145  1.4981344919952008E-002
0.16210000000000002  0.78306510046629174  1.5479003664407097E-002
0.16400000000000001  0.79242746576172274  1.5989479371945441E-002
0.16589999999999999  0.80179580719359644  1.6513042212555163E-002
0.16780000000000000  0.81117020754147728  1.7049962371679883E-002
0.16970000000000002  0.82055075077125761  1.7600510221795734E-002
0.17160000000000000  0.82993752199803406  1.8164956464127895E-002
0.17350000000000002  0.83933060745262789  1.8743572247522253E-002
0.17540000000000003  0.84873009445012726  1.9336629269418173E-002
0.17730000000000001  0.85813607136150338  1.9944399863011372E-002
0.17920000000000003  0.86754862758690887  2.0567157073371728E-002
0.18110000000000001  0.87696785353075546  2.1205174724955821E-002
0.18300000000000000  0.88639384056975790  2.1858727482148482E-002
0.18490000000000001  0.89582668106813979  2.2528090904276606E-002
0.18680000000000002  0.90526646830258084  2.3213541496246243E-002
0.18870000000000001  0.91471329648008048  2.3915356755343602E-002
0.19060000000000002  0.92416726071136124  2.4633815215089859E-002
0.19250000000000003  0.93362845699448926  2.5369196486463571E-002
0.19439999999999999  0.94309698219951454  2.6121781296870285E-002
0.19630000000000000  0.95257293405416765  2.6891851527070229E-002
0.19820000000000002  0.96205641113031870  2.7679690246253285E-002
0.20010000000000000  0.97154751283148277  2.8485581745284292E-002
0.20200000000000001  0.98104633938090802  2.9309811568157811E-002
0.20390000000000003  0.99055299181052825  3.0152666541671976E-002
0.20580000000000001  1.0000675719505652  3.1014434803182205E-002
0.20770000000000002  1.0095901824197684  3.1895405826364263E-002
0.20960000000000004  1.0191209266162131  3.2795870444886535E-002
0.21149999999999999  1.0286599087086639  3.3716120873766214E-002
0.21340000000000001  1.0382072336284380  3.4656450728265446E-002
0.21529999999999999  1.0477630070616861  3.5617155040174410E-002
0.21720000000000000  1.0573273354421209  3.6598530271144979E-002
0.21909999999999999  1.0669003259440615  3.7600874323033634E-002
0.22100000000000003  1.0764820864758027  3.8624486544859477E-002
0.22289999999999999  1.0860727256733000  3.9669667736251725E-002
0.22479999999999997  1.0956723528940575  4.0736720147086590E-002
0.22670000000000001  1.1052810782111673  4.1825947473100582E-002
0.22860000000000000  1.1148990124075380  4.2937654847215109E-002
0.23050000000000001  1.1245262669702534  4.4072148826373898E-002
0.23240000000000000  1.1341629540849023  4.5229737373581477E-002
0.23430000000000001  1.1438091866299882  4.6410729834974740E-002
0.23619999999999999  1.1534650781713174  4.7615436911656220E-002
0.23810000000000003  1.1631307429562809  4.8844170626083643E-002
0.23999999999999999  1.1728062959080747  5.0097244282803106E-002
0.24189999999999998  1.1824918526197112  5.1374972423276072E-002
0.24380000000000002  1.1921875293478785  5.2677670774712110E-002
0.24570000000000000  1.2018934430065678  5.4005656192571916E-002
0.24760000000000001  1.2116097111604207  5.5359246596741761E-002
0.24950000000000000  1.2213364520177605  5.6738760901067407E-002
0.25140000000000001  1.2310737844232231  5.8144518936234131E-002
0.25330000000000003  1.2408218278501335  5.9576841365817618E-002
0.25519999999999998  1.2505807023923099  6.1036049595400779E-002
0.25710000000000000  1.2603505287554722  6.2522465674707040E-002
0.25900000000000001  1.2701314282481504  6.4036412192656017E-002
0.26090000000000002  1.2799235227720323  6.5578212165348107E-002
0.26279999999999998  1.2897269348118583  6.7148188916935220E-002
0.26469999999999999  1.2995417874244841  6.8746665953357905E-002
0.26660000000000000  1.3093682042275627  7.0373966829085588E-002
0.26849999999999996  1.3192063093874737  7.2030415006791873E-002
0.27040000000000003  1.3290562276065250  7.3716333710166268E-002
0.27229999999999999  1.3389180841156259  7.5432045770264855E-002
0.27420000000000000  1.3487920046354847  7.7177873463351782E-002
0.27610000000000001  1.3586781153989234  7.8954138346005953E-002
0.27799999999999997  1.3685765431101462  8.0761161080142516E-002
0.27989999999999998  1.3784874149345414  8.2599261253932424E-002
0.28179999999999999  1.3884108584813875  8.4468757196452957E-002
0.28370000000000001  1.3983470017858883  8.6369965786858863E-002
0.28559999999999997  1.4082959732900948  8.8303202258301183E-002
0.28750000000000003  1.4182579018233128  9.0268779997018281E-002
0.28939999999999999  1.4282329165814915  9.2267010336845617E-002
0.29130000000000000  1.4382211471057995  9.4298202349636956E-002
0.29320000000000002  1.4482227232604961  9.6362662631954185E-002
0.29509999999999997  1.4582377752098488  9.8460695088458922E-002
0.29699999999999999  1.4682664333943194  0.10059260071256922
0.29890000000000000  1.4783088285058115  0.10275867736467423
0.30080000000000001  1.4883650914622788  0.10495921954854738
0.30269999999999997  1.4984353533815011  0.10719451818647807
0.30460000000000004  1.5085197455539905  0.10946486039356831
0.30649999999999999  1.5186183994153801  0.11177052925181306
0.30840000000000001  1.5287314465178361  0.11411180358451777
0.31030000000000002  1.5388590185009978  0.11648895773155721
0.31219999999999998  1.5490012470621097  0.11890226132614710
0.31409999999999999  1.5591582639255699  0.12135197907362609
0.31600000000000000  1.5693302008119085  0.12383837053289611
0.31790000000000002  1.5795171894061599  0.12636168990103733
0.31979999999999997  1.5897193613256786  0.12892218580172507
0.32170000000000004  1.5999368480875749  0.13152010107800455
0.32360000000000000  1.6101697810755877  0.13415567258997638
0.32549999999999996  1.6204182915066658  0.13682913101798205
0.32740000000000002  1.6306825103970843  0.13954070067174837
0.32929999999999998  1.6409625685339302  0.14229059930710963
0.33119999999999999  1.6512585964178044  0.14507903794476423
0.33310000000000001  1.6615707242633704  0.14790622070659007
0.33500000000000002  1.6718990819405690  0.15077234464979980
0.33689999999999998  1.6822437989459276  0.15367759961465746
0.33879999999999999  1.6926050043676981  0.15662216807993171
0.34070000000000000  1.7029828268507723  0.15960622502752858
0.34259999999999996  1.7133773945618112  0.16262993781672980
0.34450000000000003  1.7237888351545592  0.16569346606821206
0.34639999999999999  1.7342172757351255  0.16879696155822591
0.34830000000000000  1.7446628428275945  0.17194056812310168
0.35020000000000001  1.7551256623398501  0.17512442157438959
0.35210000000000002  1.7656058595297028  0.17834864962467126
0.35399999999999998  1.7761035589714376  0.18161337182429027
0.35589999999999999  1.7866188845226754  0.18491869950903567
0.35780000000000001  1.7971519592917449  0.18826473575885214
0.35969999999999996  1.8077029056113316  0.19165157536910463
0.36160000000000003  1.8182718449830877  0.19507930482510366
0.36349999999999999  1.8288588980834060  0.19854800230347172
0.36540000000000000  1.8394641847081112  0.20205773766830029
0.36730000000000002  1.8500878237487999  0.20560857248612099
0.36920000000000003  1.8607299331641090  0.20920056004992918
0.37109999999999999  1.8713906299514764  0.21283374541367159
0.37300000000000000  1.8820700301197111  0.21650816543679885
0.37490000000000001  1.8927682486623805  0.22022384883890694
0.37679999999999997  1.9034853995320349  0.22398081626397584
0.37870000000000004  1.9142215956152788  0.22777908035398528
0.38059999999999999  1.9249769487087847  0.23161864583163996
0.38250000000000001  1.9357515695024869  0.23549950959393853
0.38440000000000002  1.9465455675311709  0.23942166080291313
0.38629999999999998  1.9573590511943275  0.24338508100737560
0.38819999999999999  1.9681921277075161  0.24738974424858887
0.39010000000000000  1.9790449030903174  0.25143561718521329
0.39200000000000002  1.9899174821482206  0.25552265922250855
0.39389999999999997  2.0008099684552985  0.25965082264791517
0.39580000000000004  2.0117224643379727  0.26382005277252840
0.39770000000000000  2.0226550708598485  0.26803028807795415
0.39959999999999996  2.0336078878073707  0.27228146036826706
0.40150000000000002  2.0445810136766727  0.27657349492649980
0.40339999999999998  2.0555745456671710  0.28090631067784128
0.40529999999999999  2.0665885796457046  0.28527982034322830
0.40720000000000001  2.0776232101752745  0.28969393062383320
0.40910000000000002  2.0886785304784938  0.29414854235977289
0.41099999999999998  2.0997546324362757  0.29864355070599180
0.41290000000000004  2.1108516065807903  0.30317884530722994
0.41480000000000000  2.1219695420889666  0.30775431047454765
0.41669999999999996  2.1331085267771170  0.31236982536304103
0.41860000000000003  2.1442686470963563  0.31702526415051513
0.42049999999999998  2.1554499881357492  0.32172049622006033
0.42240000000000005  2.1666526335912724  0.32645538632464177
0.42430000000000007  2.1778766658088062  0.33122979478930131
0.42620000000000002  2.1891221657513174  0.33604357767355364
0.42809999999999998  2.2003892130071034  0.34089658695337816
0.43000000000000005  2.2116778857903099  0.34578867069783814
0.43190000000000006  2.2229882609424010  0.35071967324447340
0.43380000000000002  2.2343204139340447  0.35568943537290237
0.43570000000000003  2.2456744188680600  0.36069779447663597
0.43759999999999999  2.2570503484895403  0.36574458473710358
0.43950000000000006  2.2684482741621141  0.37082963727313661
0.44140000000000007  2.2798682659166545  0.37595278033387186
0.44330000000000003  2.2913103924260105  0.38111383944164168
0.44519999999999998  2.3027747210191549  0.38631263755632972
0.44710000000000000  2.3142613176877491  0.39154899523192471
0.44900000000000007  2.3257702470933190  0.39682273076982810
0.45090000000000002  2.3373015725749835  0.40213366036897868
0.45280000000000004  2.3488553561576242  0.40748159827267805
0.45469999999999999  2.3604316585605005  0.41286635691194479
0.45660000000000006  2.3720305392063765  0.41828774704535626
0.45850000000000007  2.3836520562370742  0.42374557790061051
0.46040000000000003  2.3952962664985145  0.42923965728588570
0.46229999999999999  2.4069632255898696  0.43476979175196179
0.46420000000000000  2.4186529878472212  0.44033578669477758
0.46610000000000007  2.4303656063614199  0.44593744648298023
0.46800000000000003  2.4421011329897846  0.45157457457594485
0.46990000000000004  2.4538596183674013  0.45724697363790062
0.47180000000000011  2.4656411119189809  0.46295444564844390
0.47370000000000007  2.4774456618711249  0.46869679200946285
0.47560000000000008  2.4892733152645672  0.47447381364806412
0.47750000000000004  2.5011241179666732  0.48028531111618389
0.47939999999999999  2.5129981146842746  0.48613108468632515
0.48130000000000006  2.5248953489765182  0.49201093444391381
0.48320000000000007  2.5368158632678743  0.49792466037588151
0.48510000000000003  2.5487596988652883  0.50387206246231075
0.48700000000000004  2.5607268959554346  0.50985294073234078
0.48890000000000011  2.5727174936430499  0.51586709538224351
0.49080000000000007  2.5847315299471485  0.52191432682353289
0.49270000000000008  2.5967690418191696  0.52799443576152583
0.49460000000000004  2.6088300651565191  0.53410722326417659
0.49650000000000000  2.6209146348164944  0.54025249082754556
0.49840000000000007  2.6330227846296634  0.54643004043827814
0.50030000000000008  2.6451545474138825  0.55263967463309771
0.50220000000000009  2.6573099549878862  0.55888119655544122
0.50409999999999999  2.6694890381852434  0.56515441000922551
0.50600000000000001  2.6816918268679744  0.57145911950992956
0.50790000000000013  2.6939183499402679  0.57779513033285856
0.50980000000000003  2.7061686353622143  0.58416224855896237
0.51170000000000004  2.7184427101635200  0.59056028111806114
0.51360000000000006  2.7307406004570822  0.59698903582968643
0.51550000000000007  2.7430623314524740  0.60344832144138449
0.51740000000000008  2.7554079274696330  0.60993794766506060
0.51930000000000009  2.7677774119520739  0.61645772521063535
0.52120000000000000  2.7801708074803870  0.62300746581807787
0.52310000000000001  2.7925881357825975  0.62958698229446342
0.52500000000000013  2.8050294177585520  0.63619608851114795
0.52690000000000003  2.8174946734766206  0.64283459947632626
0.52880000000000005  2.8299839221972234  0.64950233132726332
0.53070000000000006  2.8424971823830405  0.65619910136029025
0.53260000000000007  2.8550344717124059  0.66292472805170954
0.53450000000000009  2.8675958070911087  0.66967903107614157
0.53640000000000010  2.8801812046653965  0.67646183132392579
0.53830000000000000  2.8927906798345493  0.68327295091692386
0.54020000000000001  2.9054242472628533  0.69011221322259131
0.54210000000000014  2.9180819208918569  0.69697944286687230
0.54400000000000004  2.9307637139523899  0.70387446574567247
0.54590000000000005  2.9434696389767860  0.71079710903517945
0.54780000000000006  2.9561997078101969  0.71774720120080271
0.54970000000000008  2.9689539316225932  0.72472457200498097
0.55160000000000009  2.9817323209201967  0.73172905251396980
0.55350000000000010  2.9945348855565737  0.73876047510341603
0.55540000000000000  3.0073616347442429  0.74581867346302522
0.55730000000000002  3.0202125770659212  0.75290348260041073
0.55920000000000014  3.0330877204846760  0.76001473884343940
0.56110000000000004  3.0459870723555711  0.76715227984253953
0.56300000000000006  3.0589106394359651  0.77431594457153763
0.56490000000000007  3.0718584278961441  0.78150557332792081
0.56680000000000008  3.0848304433295182  0.78872100773238552
0.56870000000000009  3.0978266907631546  0.79596209072768465
0.57060000000000011  3.1108471746677568  0.80322866657662839
0.57250000000000001  3.1238918989674893  0.81052058085971135
0.57440000000000002  3.1369608670498756  0.81783768047187644
0.57630000000000015  3.1500540817757385  0.82517981361908010
0.57820000000000005  3.1631715454882881  0.83254682981379624
0.58010000000000006  3.1763132600228170  0.83993857987048270
0.58200000000000007  3.1894792266822449  0.84735491590875789
0.58389999999999997  3.2026694463812064  0.85479569131385602
0.58580000000000010  3.2158839194518110  0.86226076078209379
0.58770000000000011  3.2291226457887006  0.86974998027953132
0.58960000000000001  3.2423856248233158  0.87726320704426974
0.59150000000000003  3.2556728555325027  0.88480029957907913
0.59340000000000015  3.2689843364473128  0.89236111764413550
0.59530000000000005  3.2823200656602074  0.89994552224883217
0.59720000000000006  3.2956800408351077  0.90755337564456706
0.59910000000000008  3.3090642592135260  0.91518454131551463
0.60099999999999998  3.3224727176241022  0.92283888397102121
0.60290000000000010  3.3359054124888505  0.93051626953611022
0.60480000000000012  3.3493623398317705  0.93821656514290719
0.60670000000000002  3.3628434952867559  0.94593963912191992
0.60860000000000003  3.3763488741040000  0.95368536099199197
0.61050000000000015  3.3898784711576231  0.96145360145130965
0.61240000000000006  3.4034322809532993  0.96924423236793167
0.61430000000000007  3.4170102976345862  0.97705712676983736
0.61620000000000008  3.4306125149907611  0.98489215883551728
0.61809999999999998  3.4442389264624986  0.99274920388358678
0.62000000000000011  3.4578895251498154  1.0006281383633808
0.62190000000000012  3.4715643038177371  1.0085288398444994
0.62380000000000002  3.4852632549030771  1.0164511870068769
0.62570000000000003  3.4989863705204223  1.0243950596303673
0.62760000000000005  3.5127336424697466  1.0323603385853211
0.62950000000000006  3.5265050622408447  1.0403469058214587
0.63140000000000007  3.5403006210202510  1.0483546443579250
0.63330000000000009  3.5541203096971241  1.0563834382734425
0.63519999999999999  3.5679641188692628  1.0644331726954157
0.63710000000000011  3.5818320388485438  1.0725037337901508
0.63900000000000012  3.5957240596661548  1.0805950087520444
0.64090000000000003  3.6096401710792234  1.0887068857939182
0.64280000000000004  3.6235803625754244  1.0968392541365088
0.64470000000000005  3.6375446233785613  1.1049920039981536
0.64660000000000006  3.6515329424539873  1.1131650265848587
0.64850000000000008  3.6655453085133765  1.1213582140797806
0.65040000000000009  3.6795817100204848  1.1295714596336355
0.65229999999999999  3.6936421351951547  1.1378046573540233
0.65420000000000011  3.7077265720192312  1.1460577022959557
0.65610000000000013  3.7218350082406504  1.1543304904515024
0.65800000000000003  3.7359674313786337  1.1626229187401167
0.65990000000000004  3.7501238287281025  1.1709348849987080
0.66180000000000005  3.7643041873641430  1.1792662879716844
0.66370000000000007  3.7785084941468861  1.1876170273015878
0.66560000000000008  3.7927367357254704  1.1959870035190252
0.66750000000000009  3.8069888985424587  1.2043761180332617
0.66940000000000000  3.8212649688385159  1.2127842731228544
0.67130000000000012  3.8355649326560251  1.2212113719258983
0.67320000000000013  3.8498887758435512  1.2296573184308903
0.67510000000000003  3.8642364840599477  1.2381220174674283
0.67700000000000005  3.8786080427774556  1.2466053746966996
0.67890000000000006  3.8930034372869189  1.2551072966026624
0.68080000000000007  3.9074226527004896  1.2636276904829755
0.68270000000000008  3.9218656739563462  1.2721664644399755
0.68460000000000010  3.9363324858216666  1.2807235273716902
0.68650000000000000  3.9508230728958673  1.2892987889628951
0.68840000000000012  3.9653374196156950  1.2978921596771136
0.69030000000000014  3.9798755102569277  1.3065035507470935
0.69220000000000004  3.9944373289391333  1.3151328741666866
0.69410000000000005  4.0090228596284732  1.3237800426826709
0.69600000000000006  4.0236320861407755  1.3324449697857188
0.69790000000000008  4.0382649921453861  1.3411275697025931
0.69980000000000009  4.0529215611682412  1.3498277573881203
0.70170000000000010  4.0676017765944286  1.3585454485164274
0.70360000000000000  4.0823056216716003  1.3672805594734141
0.70550000000000002  4.0970330795134640  1.3760330073488285
0.70740000000000014  4.1117841331022564  1.3848027099283005
0.70930000000000004  4.1265587652914926  1.3935895856855847
0.71120000000000005  4.1413569588093750  1.4023935537748851
0.71310000000000007  4.1561786962608958  1.4112145340233047
0.71500000000000008  4.1710239601315706  1.4200524469235440
0.71690000000000009  4.1858927327896627  1.4289072136263019
0.71880000000000011  4.2007849964882205  1.4377787559328778
0.72070000000000001  4.2157007333683492  1.4466669962879315
0.72260000000000002  4.2306399254625475  1.4555718577729830
0.72450000000000014  4.2456025546953331  1.4644932640983530
0.72640000000000005  4.2605886028875757  1.4734311395969399
0.72830000000000006  4.2755980517577870  1.4823854092170679
0.73020000000000007  4.2906308829249014  1.4913559985155083
0.73210000000000008  4.3056870779107435  1.5003428336512938
0.73400000000000010  4.3207666181420574  1.5093458413783560
0.73590000000000011  4.3358694849529344  1.5183649490396938
0.73780000000000001  4.3509956595874710  1.5274000845604501
0.73970000000000002  4.3661451232006634  1.5364511764413806
0.74160000000000015  4.3813178568624620  1.5455181537532434
0.74350000000000005  4.3965138415576819  1.5546009461296559
0.74540000000000006  4.4117330581903706  1.5636994837616931
0.74730000000000008  4.4269754875839391  1.5728136973914304
0.74919999999999998  4.4422411104843409  1.5819435183059363
0.75110000000000010  4.4575299075612920  1.5910888783314476
0.75300000000000011  4.4728418594110106  1.6002497098275634
0.75490000000000002  4.4881769465570258  1.6094259456811861
0.75680000000000003  4.5035351494533229  1.6186175193013383
0.75870000000000015  4.5189164484852400  1.6278243646130470
0.76060000000000005  4.5343208239714468  1.6370464160519196
0.76250000000000007  4.5497482561659961  1.6462836085587411
0.76440000000000008  4.5651987252598749  1.6555358775740181
0.76629999999999998  4.5806722113823746  1.6648031590325512
0.76820000000000010  4.5961686946035769  1.6740853893582930
0.77010000000000012  4.6116881549352149  1.6833825054589893
0.77200000000000002  4.6272305723328966  1.6926944447212429
0.77390000000000003  4.6427959266970253  1.7020211450050782
0.77580000000000016  4.6583841978750566  1.7113625446393108
0.77770000000000006  4.6739953656625852  1.7207185824164921
0.77960000000000007  4.6896294098049882  1.7300891975877444
0.78150000000000008  4.7052863099987530  1.7394743298582995
0.78339999999999999  4.7209660458933387  1.7488739193826246
0.78530000000000011  4.7366685970922946  1.7582879067596553
0.78720000000000012  4.7523939431543916  1.7677162330281233
0.78910000000000002  4.7681420635958016  1.7771588396622657
0.79100000000000004  4.7839129378903733  1.7866156685667727
0.79290000000000016  4.7997065454720289  1.7960866620729370
0.79480000000000006  4.8155228657356197  1.8055717629338741
0.79670000000000007  4.8313618780378711  1.8150709143201904
0.79860000000000009  4.8472235616989838  1.8245840598157721
0.80049999999999999  4.8631078960039877  1.8341111434135982
0.80240000000000011  4.8790148602041290  1.8436521095116520
0.80430000000000013  4.8949444335169918  1.8532069029082181
0.80620000000000003  4.9108965951290022  1.8627754687986799
0.80810000000000004  4.9268713241957531  1.8723577527706559
0.81000000000000016  4.9428685998437683  1.8819537008008347
0.81190000000000007  4.9588884011708991  1.8915632592503513
0.81380000000000008  4.9749307072480740  1.9011863748613855
0.81570000000000009  4.9909954971193979  1.9108229947528486
0.81759999999999999  5.0070827498046189  1.9204730664172522
0.81950000000000012  5.0231924442992844  1.9301365377167095
0.82140000000000013  5.0393245595754799  1.9398133568788056
0.82330000000000003  5.0554790745839959  1.9495034724938991
0.82520000000000004  5.0716559682535562  1.9592068335104331
0.82710000000000006  5.0878552194939193  1.9689233892325879
0.82900000000000007  5.1040768071947209  1.9786530893156562
0.83090000000000008  5.1203207102281825  1.9883958837634905
0.83280000000000010  5.1365869074489110  1.9981517229245753
0.83470000000000000  5.1528753776947571  2.0079205574886312
0.83660000000000012  5.1691860997888526  2.0177023384838044
0.83850000000000013  5.1855190525388082  2.0274970172727036
0.84040000000000004  5.2018742147395862  2.0373045455500352
0.84230000000000005  5.2182515651721157  2.0471248753383842
0.84420000000000006  5.2346510826056472  2.0569579589856861
0.84609999999999996  5.2510727457981439  2.0668037491620801
0.84799999999999998  5.2675165334973659  2.0766621988568601
0.84989999999999999  5.2839824244410245  2.0865332613751248
0.85180000000000000  5.3004703973575822  2.0964168903347997
0.85370000000000013  5.3169804309678925  2.1063130396642262
0.85560000000000014  5.3335125039850855  2.1162216635986262
0.85750000000000004  5.3500665951153863  2.1261427166772799
0.85940000000000005  5.3666426830594460  2.1360761537411768
0.86130000000000007  5.3832407465122651  2.1460219299295713
0.86319999999999997  5.3998607641641971  2.1559800006773937
0.86509999999999998  5.4165027147017915  2.1659503217127298
0.86699999999999999  5.4331665768084205  2.1759328490539374
0.86890000000000001  5.4498523291644192  2.1859275390066859
0.87079999999999991  5.4665599504486480  2.1959343481618601
0.87270000000000014  5.4832894193386386  2.2059532333926919
0.87460000000000004  5.5000407145105212  2.2159841518517145
0.87650000000000006  5.5168138146408383  2.2260270609688591
0.87840000000000007  5.5336086984068711  2.2360819184489311
0.88029999999999997  5.5504253444863823  2.2461486822684416
0.88219999999999998  5.5672637315588025  2.2562273106735802
0.88410000000000000  5.5841238383064375  2.2663177621781627
0.88600000000000001  5.6010056434135160  2.2764199955602797
0.88789999999999991  5.6179091255684526  2.2865339698609506
0.88980000000000015  5.6348342634626265  2.2966596443807945
0.89170000000000005  5.6517810357926486  2.3067969786786593
0.89360000000000006  5.6687494212592364  2.3169459325682960
0.89550000000000007  5.6857393985691829  2.3271064661171859
0.89739999999999998  5.7027509464348398  2.3372785396433655
0.89929999999999999  5.7197840435749754  2.3474621137137328
0.90120000000000000  5.7368386687156097  2.3576571491418394
0.90309999999999990  5.7539148005895582  2.3678636069853063
0.90499999999999992  5.7710124179375448  2.3780814485440649
0.90689999999999993  5.7881314995092437  2.3883106353584420
0.90879999999999994  5.8052720240624387  2.3985511292064956
0.91070000000000007  5.8224339703639121  2.4088028921021123
0.91260000000000008  5.8396173171908190  2.4190658862935570
0.91449999999999998  5.8568220433297444  2.4293400742605247
0.91639999999999999  5.8740481275776766  2.4396254187127462
0.91830000000000001  5.8912955487430052  2.4499218825880194
0.92019999999999991  5.9085642856446423  2.4602294290497753
0.92209999999999992  5.9258543171140534  2.4705480214859592
0.92399999999999993  5.9431656219935611  2.4808776235059420
0.92589999999999995  5.9604981791393516  2.4912181989402522
0.92780000000000007  5.9778519674190091  2.5015697118368738
0.92970000000000008  5.9952269657141262  2.5119321264609011
0.93159999999999998  6.0126231529196819  2.5223054072919897
0.93350000000000000  6.0300405079443440  2.5326895190226528
0.93540000000000001  6.0474790097113011  2.5430844265566490
0.93729999999999991  6.0649386371578702  2.5534900950068700
0.93919999999999992  6.0824193692365149  2.5639064896940105
0.94109999999999994  6.0999211849149679  2.5743335761446251
0.94299999999999995  6.1174440631766629  2.5847713200894993
0.94490000000000007  6.1349879830202863  2.5952196874617361
0.94680000000000009  6.1525529234611742  2.6056786443954216
0.94869999999999999  6.1701388635312036  2.6161481572238445
0.95060000000000000  6.1877457822788955  2.6266281924778516
0.95250000000000001  6.2053736587697417  2.6371187168841348
0.95439999999999992  6.2230224720865346  2.6476196973636923
0.95629999999999993  6.2406922013300168  2.6581311010305169
0.95819999999999994  6.2583828256185967  2.6686528951896089
0.96009999999999995  6.2760943240886276  2.6791850473354768
0.96199999999999986  6.2938266758955566  2.6897275251512185
0.96390000000000009  6.3115798602130369  2.7002802965061461
0.96579999999999999  6.3293538562337659  2.7108433294548262
0.96770000000000000  6.3471486431699979  2.7214165922355780
0.96960000000000002  6.3649642002527012  2.7320000532685760
0.97149999999999992  6.3828005067332958  2.7425936811550442
0.97339999999999993  6.4006575418828087  2.7531974446753913
0.97529999999999994  6.4185352849923554  2.7638113127878015
0.97719999999999996  6.4364337153738420  2.7744352546271775
0.97909999999999986  6.4543528123591436  2.7850692395031111
0.98100000000000009  6.4722925553016246  2.7957132368992732
0.98290000000000000  6.4902529235753343  2.8063672164715436
0.98480000000000001  6.5082338965756259  2.8170311480466852
0.98670000000000002  6.5262354537194751  2.8277050016213336
0.98859999999999992  6.5442575744453020  2.8383887473603298
0.99049999999999994  6.5623002382135960  2.8490823555955873
0.99239999999999995  6.5803634245066531  2.8597857968247684
0.99429999999999996  6.5984471128293594  2.8704990417100693
0.99619999999999986  6.6165512827086461  2.8812220610767714
0.99810000000000010  6.6346759136945090  2.8919548259123165
1.0000000000000000  6.6528209853593214  2.9026973073646474
