  0.1581E-10  0.7454E-10  0.1571E-15
  0.3972E-10  0.1872E-09  0.7689E-15
  0.9976E-10  0.4702E-09  0.3641E-14
  0.2506E-09  0.1181E-08  0.1666E-13
  0.6294E-09  0.2968E-08  0.7332E-13
  0.1581E-08  0.7454E-08  0.3085E-12
  0.3972E-08  0.1873E-07  0.1237E-11
  0.5000E-08  0.2358E-07  0.1663E-11
  0.9976E-08  0.4705E-07  0.4539E-11
  0.1990E-07  0.9387E-07  0.1212E-10
  0.3972E-07  0.1873E-06  0.3182E-10
  0.7924E-07  0.3738E-06  0.8236E-10
  0.1581E-06  0.7459E-06  0.2112E-09
  0.1990E-06  0.9392E-06  0.2764E-09
  0.3155E-06  0.1489E-05  0.5152E-09
  0.5000E-06  0.2360E-05  0.9581E-09
  0.6294E-06  0.2971E-05  0.1306E-08
  0.7924E-06  0.3741E-05  0.1593E-08
  0.9976E-06  0.4710E-05  0.2170E-08
  0.1581E-05  0.7465E-05  0.4023E-08
  0.2506E-05  0.1184E-04  0.7452E-08
  0.3972E-05  0.1877E-04  0.1380E-07
  0.5000E-05  0.2363E-04  0.1791E-07
  0.6294E-05  0.2973E-04  0.2436E-07
  0.7924E-05  0.3747E-04  0.3315E-07
  0.9976E-05  0.4716E-04  0.4507E-07
  0.1256E-04  0.5941E-04  0.6130E-07
  0.1581E-04  0.7479E-04  0.8002E-07
  0.1990E-04  0.9418E-04  0.1077E-06
  0.2506E-04  0.1186E-03  0.1464E-06
  0.3155E-04  0.1494E-03  0.1882E-06
  0.3972E-04  0.1881E-03  0.2559E-06
  0.5000E-04  0.2369E-03  0.3479E-06
  0.6294E-04  0.2982E-03  0.4729E-06
  0.7924E-04  0.3758E-03  0.6430E-06
  0.9976E-04  0.4730E-03  0.8214E-06
  0.1105E-03  0.5242E-03  0.9147E-06
  0.1256E-03  0.5958E-03  0.1041E-05
  0.1581E-03  0.7505E-03  0.1415E-05
  0.1990E-03  0.9452E-03  0.1840E-05
  0.2506E-03  0.1191E-02  0.2384E-05
  0.2572E-03  0.1222E-02  0.2469E-05
  3.00000014E-04   1.4259999025773406E-003   2.5299998001293060E-006
   3.99999990E-04   1.9029998712601971E-003   2.8899998777889927E-006
   5.00000024E-04   2.3790000204849632E-003   3.2400001089757357E-006
   6.00000028E-04   2.8550001697097292E-003   3.5999998916547005E-006
   6.99999975E-04   3.3319998363323263E-003   4.0000002401483272E-006
   7.99999980E-04   3.8090001070754421E-003   4.3600000228272920E-006
   8.99999985E-04   4.2849999542399486E-003   4.7599997813594750E-006
   1.00000005E-03   4.7619999229228053E-003   5.1699996813453231E-006
   1.50000001E-03   7.1460002489392559E-003   7.4500000748630977E-006
   2.00000009E-03   9.5310003944137963E-003   9.9800001699731268E-006
   2.49999994E-03   1.1915999331647300E-002   1.2720000580783633E-005
   3.00000003E-03   1.4303000324279058E-002   1.5709999513263505E-005
   3.50000011E-03   1.6688999685091171E-002   1.8799999270318588E-005
   4.00000019E-03   1.9076000677722929E-002   2.2039999084313605E-005
   4.49999981E-03   2.1464000885692256E-002   2.5440001161567265E-005
   4.99999989E-03   2.3851999885420552E-002   2.8989999755992195E-005
   5.49999997E-03   2.6240001301630917E-002   3.2639999174992334E-005
   6.00000005E-03   2.8628998308455743E-002   3.6389999418567687E-005
   6.50000013E-03   3.1016999724666112E-002   4.0240000486718251E-005
   7.00000022E-03   3.3406999571551618E-002   4.4290000844173463E-005
   7.49999983E-03   3.5795998994858517E-002   4.8399997920620557E-005
   8.00000038E-03   3.8185998841744027E-002   5.2700000339513797E-005
   8.50000046E-03   4.0576001105111614E-002   5.7059999477398926E-005
   8.99999961E-03   4.2965998535515047E-002   6.1569999852146870E-005
   9.49999969E-03   4.5357001222461245E-002   6.6179996331778478E-005
   9.99999978E-03   4.7747999076443289E-002   7.0949999794360272E-005
   1.20000001E-02   5.7313000581878368E-002   9.1620002213037283E-005
   1.40000004E-02   6.6882999372242347E-002   1.1488999775252050E-004
   1.60000008E-02   7.6454999009763533E-002   1.4067999708040945E-004
   1.79999992E-02   8.6032000765177780E-002   1.6967000391593896E-004
   1.99999996E-02   9.5611003367749234E-002   2.0174999280968026E-004
   2.19999999E-02  0.10519399799870682        2.3687001054626121E-004
   2.40000002E-02  0.11478099432397884        2.7537999393601338E-004
   2.60000005E-02  0.12437000116233639        3.1723999550965201E-004
   2.80000009E-02  0.13396300002908007        3.6218999802026865E-004
   2.99999993E-02  0.14356000059013818        4.1054002856644243E-004
   3.20000015E-02  0.15315900199835350        4.6202000751887896E-004
   3.40000018E-02  0.16276199543495498        5.1660003091191320E-004
   3.59999985E-02  0.17236799497525640        5.7416999778105160E-004
   3.79999988E-02  0.18197799620987229        6.3438000907349503E-004
   3.99999991E-02  0.19159099388225984        6.9757003361102011E-004
   4.19999994E-02  0.20120698799241907        7.6345005578722222E-004
   4.39999998E-02  0.21082599787220657        8.3187002716832311E-004
   4.60000001E-02  0.22044798485790917        9.0271002983140398E-004
   4.80000004E-02  0.23007399286978278        9.7589001780776555E-004
   5.00000007E-02  0.23970301665128466        1.0513999475937881E-003
   5.20000011E-02  0.24933399295030229        1.1289900908701435E-003
   5.40000014E-02  0.25896899027549092        1.2087600520073168E-003
   5.60000017E-02  0.26860700337030785        1.2905500411281691E-003
   5.79999983E-02  0.27824700764635368        1.3745199236249043E-003
   5.99999987E-02  0.28789101361671393        1.4601700163136713E-003
   6.19999990E-02  0.29753699143644657        1.5480401008777353E-003
   6.40000030E-02  0.30718700961420675        1.6334799596260702E-003
   6.59999996E-02  0.31683899964133933        1.7254100361346022E-003
   6.80000037E-02  0.32649398610624353        1.8190598927291270E-003
   7.00000003E-02  0.33615102174794648        1.9148400293019538E-003
   7.19999969E-02  0.34581200108839405        2.0122899549878692E-003
   7.40000010E-02  0.35547499094192714        2.1117200367032434E-003
   7.59999976E-02  0.36514099656508853        2.2012200384261757E-003
   7.80000016E-02  0.37480901270133538        2.3074399816789149E-003
   7.99999982E-02  0.38448000594349735        2.4154299980508106E-003
   8.20000023E-02  0.39415401495528757        2.5240300251162450E-003

5.0000000000000003E-002	0.23900004054395263	6.7208068652837433E-004
5.1899999999999995E-002	0.24810889072948375	7.4680756720158349E-004
5.3800000000000001E-002	0.25722055655568254	8.2634942157791384E-004
5.5700000000000006E-002	0.26633510900523688	9.1075190295108934E-004
5.7599999999999998E-002	0.27545261582579134	1.0000578075281036E-003
5.9499999999999997E-002	0.28457314156585267	1.0943081068203677E-003
6.1400000000000003E-002	0.29369674794124956	1.1935428715984233E-003
6.3300000000000009E-002	0.30282349414609827	1.2978021136318884E-003
6.5200000000000008E-002	0.31195343696205774	1.4071265577912423E-003
6.7099999999999993E-002	0.32108663107928515	1.5215583266309370E-003
6.9000000000000006E-002	0.33022312930550718	1.6411415587954652E-003
7.0900000000000005E-002	0.33936298276099652	1.7659229599319463E-003
7.2799999999999990E-002	0.34850624117572493	1.8959522886038680E-003
7.4700000000000003E-002	0.35765295296310229	2.0312827888165409E-003
7.6600000000000001E-002	0.36680316549002190	2.1719715638243422E-003
7.8500000000000000E-002	0.37595692523644314	2.3180799023137513E-003
8.0400000000000013E-002	0.38511427796557290	2.4696735581640895E-003
8.2300000000000012E-002	0.39427526888140907	2.6268229878465463E-003
8.4199999999999997E-002	0.40343994276107864	2.7896035493167087E-003
8.6099999999999996E-002	0.41260834417018899	2.9580956650214025E-003
8.7999999999999995E-002	0.42178051748248047	3.1323849535321879E-003
8.9899999999999994E-002	0.43095650707442534	3.3125623311375503E-003
9.1800000000000007E-002	0.44013635742202212	3.4987240874003555E-003
9.3700000000000006E-002	0.44932011320591947	3.6909719367329012E-003
9.5600000000000004E-002	0.45850781940938362	3.8894130484981825E-003
9.7500000000000017E-002	0.46769952140953214	4.0941600579456972E-003
9.9400000000000002E-002	0.47689526506011232	4.3053310599523971E-003
0.10130000000000000	0.48609509676874246	4.5230495875673415E-003
0.10320000000000000	0.49529906356763070	4.7474445770405915E-003
0.10510000000000000	0.50450721317801850	4.9786503210516395E-003
0.10700000000000000	0.51371959406918910	5.2168064115505159E-003
0.10890000000000001	0.52293625551225698	5.4620576735967047E-003
0.11080000000000001	0.53215724762914851	5.7145540915061362E-003
0.11270000000000001	0.54138262143659754	5.9744507283474467E-003
0.11460000000000002	0.55061242886967787	6.2419076398466085E-003
0.11649999999999999	0.55984672288086090	6.5170897837990632E-003
0.11840000000000001	0.56908555737777755	6.8001669255640645E-003
0.12030000000000000	0.57832898731354820	7.0913135406954165E-003
0.12220000000000000	0.58757706869615289	7.3907087152780123E-003
0.12410000000000000	0.59682985861034277	7.6985360446340124E-003
0.12600000000000000	0.60608741523636211	8.0149835309703422E-003
0.12790000000000001	0.61534979786632349	8.3402434805392254E-003
0.12980000000000003	0.62461706691765051	8.6745124006946239E-003
0.13169999999999998	0.63388928322976612	9.0175051914791124E-003
0.13360000000000000	0.64316647371172064	9.3656809188458114E-003
0.13550000000000001	0.65244865275527109	9.7210353573318840E-003
0.13739999999999999	0.66173585857262585	1.0084542179383437E-002
0.13930000000000001	0.67102813818947371	1.0456755631756898E-002
0.14120000000000002	0.68032554389521627	1.0838099972354976E-002
0.14310000000000000	0.68962813182850313	1.1228938732681496E-002
0.14500000000000002	0.69893596122062440	1.1629601789048124E-002
0.14690000000000000	0.70824909392855928	1.2040398491322293E-002
0.14879999999999999	0.71756759411816262	1.2461624907959228E-002
0.15070000000000000	0.72689152803670598	1.2893568188839442E-002
0.15260000000000001	0.73622096384005320	1.3336509363828762E-002
0.15450000000000000	0.74555597145811447	1.3790725225881912E-002
0.15640000000000001	0.75489662248568057	1.4256489646720851E-002
0.15830000000000002	0.76424299009247920	1.4734074524204117E-002
0.16020000000000001	0.77359514894709891	1.5223750481828252E-002
0.16210000000000002	0.78295317515210072	1.5725787396148404E-002
0.16400000000000001	0.79231714618731608	1.6240454801740540E-002
0.16589999999999999	0.80168714085994530	1.6768022207138442E-002
0.16780000000000000	0.81106323926029167	1.7308759344817039E-002
0.16970000000000002	0.82044552272177351	1.7862936371649204E-002
0.17160000000000000	0.82983407378528862	1.8430824031710449E-002
0.17350000000000002	0.83922897616632453	1.9012693789912331E-002
0.17540000000000003	0.84863031472484374	1.9608817943080656E-002
0.17730000000000001	0.85803817543785077	2.0219469713222703E-002
0.17920000000000003	0.86745264537398037	2.0844923326831775E-002
0.18110000000000001	0.87687381266976760	2.1485454082882882E-002
0.18300000000000000	0.88630176650787940	2.2141338411875541E-002
0.18490000000000001	0.89573659708741016	2.2812853927480604E-002
0.18680000000000002	0.90517839564088731	2.3500279472219422E-002
0.18870000000000001	0.91462725436261982	2.4203895158265872E-002
0.19060000000000002	0.92408326642756378	2.4923982403930376E-002
0.19250000000000003	0.93354652596674226	2.5660823966643653E-002
0.19439999999999999	0.94301712805233229	2.6414703972826963E-002
0.19630000000000000	0.95249516868378659	2.7185907945003942E-002
0.19820000000000002	0.96198074477460405	2.7974722826346436E-002
0.20010000000000000	0.97147395413986282	2.8781437002893019E-002
0.20200000000000001	0.98097489548455674	2.9606340323450425E-002
0.20390000000000003	0.99048366839233670	3.0449724117295237E-002
0.20580000000000001	1.0000003733149907	3.1311881209561403E-002
0.20770000000000002	1.0095251115624091	3.2193105934404116E-002
0.20960000000000004	1.0190579852929578	3.3093694145703012E-002
0.21149999999999999	1.0285990975044201	3.4013943225314418E-002
0.21340000000000001	1.0381485520251952	3.4954152088696580E-002
0.21529999999999999	1.0477064535059015	3.5914621187716218E-002
0.21720000000000000	1.0572729074113587	3.6895652510542776E-002
0.21909999999999999	1.0668480200126906	3.7897549578387722E-002
0.22100000000000003	1.0764318983798140	3.8920617438929890E-002
0.22289999999999999	1.0860246503740123	3.9965162656195471E-002
0.22479999999999997	1.0956263846406762	4.1031493296726125E-002
0.22670000000000001	1.1052372106022106	4.2119918911788387E-002
0.22860000000000000	1.1148572384509583	4.3230750515428358E-002
0.23050000000000001	1.1244865791421776	4.4364300558149536E-002
0.23240000000000000	1.1341253443870198	4.5520882896026592E-002
0.23430000000000001	1.1437736466454562	4.6700812755001091E-002
0.23619999999999999	1.1534315991191448	4.7904406690195390E-002
0.23810000000000003	1.1630993157441334	4.9131982540018167E-002
0.23999999999999999	1.1727769111834709	5.0383859374908746E-002
0.24189999999999998	1.1824645008195294	5.1660357440471219E-002
0.24380000000000002	1.1921622007462482	5.2961798094902701E-002
0.24570000000000000	1.2018701277609314	5.4288503740498539E-002
0.24760000000000001	1.2115883993558720	5.5640797749110529E-002
0.24950000000000000	1.2213171337095798	5.7019004381416320E-002
0.25140000000000001	1.2310564496776524	5.8423448699896657E-002
0.25330000000000003	1.2408064667832330	5.9854456475409559E-002
0.25519999999999998	1.2505673052070345	6.1312354087249228E-002
0.25710000000000000	1.2603390857768593	6.2797468416695645E-002
0.25900000000000001	1.2701219299566697	6.4310126733918629E-002
0.26090000000000002	1.2799159598350571	6.5850656578321551E-002
0.26279999999999998	1.2897212981132209	6.7419385632202636E-002
0.26469999999999999	1.2995380680922650	6.9016641587854019E-002
0.26660000000000000	1.3093663936599744	7.0642752008103521E-002
0.26849999999999996	1.3192063992831284	7.2298044180696450E-002
0.27040000000000003	1.3290582099676373	7.3982844964632810E-002
0.27229999999999999	1.3389219512815476	7.5697480633542064E-002
0.27420000000000000	1.3487977493133543	7.7442276709685717E-002
0.27610000000000001	1.3586857306617188	7.9217557793575963E-002
0.27799999999999997	1.3685860224181221	8.1023647387582762E-002
0.27989999999999998	1.3784987521485736	8.2860867714035516E-002
0.28179999999999999	1.3884240478747429	8.4729539528005701E-002
0.28370000000000001	1.3983620380541641	8.6629981925153546E-002
0.28559999999999997	1.4083128515597174	8.8562512144907804E-002
0.28750000000000003	1.4182766176583956	9.0527445369247644E-002
0.28939999999999999	1.4282534659891504	9.2525094517562773E-002
0.29130000000000000	1.4382435265400295	9.4555770037930600E-002
0.29320000000000002	1.4482469296245555	9.6619779695069366E-002
0.29509999999999997	1.4582638058573545	9.8717428355707862E-002
0.29699999999999999	1.4682942861288146	0.10084901777147644
0.29890000000000000	1.4783385015792472	0.10301484636006127
0.30080000000000001	1.4883965835721258	0.10521520898490221
0.30269999999999997	1.4984686636667131	0.10745039673412643
0.30460000000000004	1.5085548735898773	0.10972069669902931
0.30649999999999999	1.5186553452073090	0.11202639175283111
0.30840000000000001	1.5287702104940935	0.11436776033012522
0.31030000000000002	1.5388996015044847	0.11674507620754991
0.31219999999999998	1.5490436503412675	0.11915860828635394
0.31409999999999999	1.5592024891244480	0.12160862037731311
0.31600000000000000	1.5693762499593891	0.12409537098857236
0.31790000000000002	1.5795650649045150	0.12661911311699123
0.31979999999999997	1.5897690659384740	0.12918009404354319
0.32170000000000004	1.5999883849269008	0.13177855513328537
0.32360000000000000	1.6102231535887774	0.13441473164046527
0.32549999999999996	1.6204735034625213	0.13708885251928890
0.32740000000000002	1.6307395658775405	0.13980114024181822
0.32929999999999998	1.6410214718956742	0.14255181061752631
0.33119999999999999	1.6513193523134089	0.14534107263011675
0.33310000000000001	1.6616333376018224	0.14816912827167600
0.33500000000000002	1.6719635578778573	0.15103617238998870
0.33689999999999998	1.6823101428696894	0.15394239254332626
0.33879999999999999	1.6926732218813128	0.15688796886387912
0.34070000000000000	1.7030529237576069	0.15987307393044764
0.34259999999999996	1.7134493768494741	0.16289787265055258
0.34450000000000003	1.7238627089790461	0.16596252215227961
0.34639999999999999	1.7342930474050600	0.16906717168617960
0.34830000000000000	1.7447405187886864	0.17221196253733775
0.35020000000000001	1.7552052491592971	0.17539702794783527
0.35210000000000002	1.7656873638809474	0.17862249304983366
0.35399999999999998	1.7761869876189973	0.18188847480925732
0.35589999999999999	1.7867042443072942	0.18519508198024870
0.35780000000000001	1.7972392571220783	0.18854241507199121
0.35969999999999996	1.8077921484242845	0.19193056631818314
0.36160000000000003	1.8183630397682826	0.19535961967384735
0.36349999999999999	1.8289520518437361	0.19882965080598167
0.36540000000000000	1.8395593044529128	0.20234072710338427
0.36730000000000002	1.8501849164810800	0.20589290769511540
0.36920000000000003	1.8608290058680843	0.20948624347933717
0.37109999999999999	1.8714916895805649	0.21312077716227057
0.37300000000000000	1.8821730835849388	0.21679654330698225
0.37490000000000001	1.8928733028212739	0.22051356839183825
0.37679999999999997	1.9035924611779291	0.22427187087832023
0.37870000000000004	1.9143306714671473	0.22807146128787564
0.38059999999999999	1.9250880454015138	0.23191234228754676
0.38250000000000001	1.9358646935773052	0.23579450878601904
0.38440000000000002	1.9466607254278017	0.23971794802711757
0.38629999999999998	1.9574762492418463	0.24368263971287821
0.38819999999999999	1.9683113721167880	0.24768855611133409
0.39010000000000000	1.9791661999466474	0.25173566218275623
0.39200000000000002	1.9900408374045424	0.25582391571001117
0.39389999999999997	2.0009353879258129	0.25995326743500796
0.39580000000000004	2.0118499536922481	0.26412366120070874
0.39770000000000000	2.0227846356173278	0.26833503409841747
0.39959999999999996	2.0337395333323993	0.27258731661980073
0.40150000000000002	2.0447147451739265	0.27688043281326175
0.40339999999999998	2.0557103681772730	0.28121430044669954
0.40529999999999999	2.0667264980423763	0.28558883116110673
0.40720000000000001	2.0777632291612238	0.29000393065355184
0.40910000000000002	2.0888206545826420	0.29445949883542571
0.41099999999999998	2.0998988660114857	0.29895543000730768
0.41290000000000004	2.1109979538015917	0.30349161303260508
0.41480000000000000	2.1221180069498446	0.30806793151274237
0.41669999999999996	2.1332591130910870	0.31268426396347371
0.41860000000000003	2.1444213584939416	0.31734048399188686
0.42049999999999998	2.1556048280638214	0.32203646047718232
0.42240000000000005	2.1668096053137669	0.32677205773413337
0.42430000000000007	2.1780357724052859	0.33154713571241939
0.42620000000000002	2.1892834101176422	0.33636155015775876
0.42809999999999998	2.2005525978558089	0.34121515279173081
0.43000000000000005	2.2118434136512541	0.34610779148645016
0.43190000000000006	2.2231559341636546	0.35103931043779507
0.43380000000000002	2.2344902346830051	0.35600955033692167
0.43570000000000003	2.2458463891328004	0.36101834854000109
0.43759999999999999	2.2572244700801165	0.36606553923987240
0.43950000000000006	2.2686245487129373	0.37115095361412920
0.44140000000000007	2.2800466948877354	0.37627442001483480
0.44330000000000003	2.2914909771053202	0.38143576410990365
0.44519999999999998	2.3029574625246956	0.38663480904527836
0.44710000000000000	2.3144462169699702	0.39187137559929064
0.44900000000000007	2.3259573049376288	0.39714528233394669
0.45090000000000002	2.3374907896043133	0.40245634574300937
0.45280000000000004	2.3490467328351166	0.40780438039677153
0.45469999999999999	2.3606251951923389	0.41318919908345408
0.45660000000000006	2.3722262359446988	0.41861061294718821
0.45850000000000007	2.3838499130827122	0.42406843162743046
0.46040000000000003	2.3954962833045514	0.42956246336916165
0.46229999999999999	2.4071654020642188	0.43509251518224779
0.46420000000000000	2.4188573235558248	0.44065839294290587
0.46610000000000007	2.4305721007317569	0.44625990151948003
0.46800000000000003	2.4423097853137783	0.45189684488866644
0.46990000000000004	2.4540704278047634	0.45756902624819862
0.47180000000000011	2.4658540775005400	0.46327624812583179
0.47370000000000007	2.4776607825020607	0.46901831248467113
0.47560000000000008	2.4894905897277733	0.47479502082489655
0.47750000000000004	2.5013435449259593	0.48060617428180574
0.47939999999999999	2.5132196926876942	0.48645157372041814
0.48130000000000006	2.5251190764597329	0.49233101982648769
0.48320000000000007	2.5370417385574249	0.49824431319400686
0.48510000000000003	2.5489877201817679	0.50419125441549029
0.48700000000000004	2.5609570614167878	0.51017164413726945
0.48890000000000011	2.5729498012678915	0.51618528317610535
0.49080000000000007	2.5849659776578120	0.52223197256629428
0.49270000000000008	2.5970056274450504	0.52831151363773976
0.49460000000000004	2.6090687864370881	0.53442370808354012
0.49650000000000000	2.6211554894043188	0.54056835802477066
0.49840000000000007	2.6332657700936890	0.54674526607218610
0.50030000000000008	2.6453996612422470	0.55295423538501198
0.50220000000000009	2.6575571945910852	0.55919506972682431
0.50409999999999999	2.6697384008989617	0.56546757351879273
0.50600000000000001	2.6819433099559746	0.57177155188999518
0.50790000000000013	2.6941719505972110	0.57810681072526438
0.50980000000000003	2.7064243507165515	0.58447315671048305
0.51170000000000004	2.7187005372801485	0.59087039737522817
0.51360000000000006	2.7310005363400425	0.59729834113325242
0.51550000000000007	2.7433243730477241	0.60375679732043253
0.51740000000000008	2.7556720716674352	0.61024557623052045
0.51930000000000009	2.7680436555896826	0.61676448914873261
0.52120000000000000	2.7804391473444574	0.62331334838323005
0.52310000000000001	2.7928585686116727	0.62989196730197428
0.52500000000000013	2.8053019402455304	0.63650016032994572
0.52690000000000003	2.8177692822705711	0.64313774302078863
0.52880000000000005	2.8302606139062902	0.64980453204933819
0.53070000000000006	2.8427759535765413	0.65650034524157941
0.53260000000000007	2.8553153189224854	0.66322500159476194
0.53450000000000009	2.8678787268154791	0.66997832129626511
0.53640000000000010	2.8804661933692910	0.67676012574065469
0.53830000000000000	2.8930777339523197	0.68357023754504020
0.54020000000000001	2.9057133632001633	0.69040848056348236
0.54210000000000014	2.9183730950276887	0.69727467989978631
0.54400000000000004	2.9310569426408115	0.70416866191876271
0.54590000000000005	2.9437649185485570	0.71109025425658356
0.54780000000000006	2.9564970345750039	0.71803928582972087
0.54970000000000008	2.9692533018700868	0.72501558684268141
0.55160000000000009	2.9820337309221148	0.73201898879489602
0.55350000000000010	2.9948383315683076	0.73904932448625238
0.55540000000000000	3.0076671130063146	0.74610642802189020
0.55730000000000002	3.0205200838052280	0.75319013481574959
0.55920000000000014	3.0333972519163797	0.76030028159348639
0.56110000000000004	3.0462986246843391	0.76743670639439343
0.56300000000000006	3.0592242088573167	0.77459924857250562
0.56490000000000007	3.0721740105977378	0.78178774879686108
0.56680000000000008	3.0851480354925869	0.78900204905125526
0.56870000000000009	3.0981462885636346	0.79624199263289519
0.57060000000000011	3.1111687742774992	0.80350742415086662
0.57250000000000001	3.1242154965553817	0.81079818952349203
0.57440000000000002	3.1372864587832283	0.81811413597548288
0.57630000000000015	3.1503816638209803	0.82545511203430222
0.57820000000000005	3.1635011140123384	0.83282096752614221
0.58010000000000006	3.1766448111939893	0.84021155357117550
0.58200000000000007	3.1898127566715653	0.84762672258704008
0.58389999999999997	3.2030049513618937	0.85506632824920681
0.58580000000000010	3.2162213956024108	0.86253022553690450
0.58770000000000011	3.2294620892922659	0.87001827069151028
0.58960000000000001	3.2427270318692782	0.87753032121931485
0.59150000000000003	3.2560162223165574	0.88506623588385036
0.59340000000000015	3.2693296591728300	0.89262587469924071
0.59530000000000005	3.2826673405391649	0.90020909892193557
0.59720000000000006	3.2960292640880438	0.90781577104315037
0.59910000000000008	3.3094154270711722	0.91544575478099277
0.60099999999999998	3.3228258263270640	0.92309891507127495
0.60290000000000010	3.3362604582887578	0.93077511805959401
0.60480000000000012	3.3497193189926429	0.93847423109246242
0.60670000000000002	3.3632024040837392	0.94619612270801590
0.60860000000000003	3.3767097088256204	0.95394066262711752
0.61050000000000015	3.3902412281057459	0.96170772174401531
0.61240000000000006	3.4037969564433044	0.96949717211675890
0.61430000000000007	3.4173768879966273	0.97730888695802454
0.61620000000000008	3.4309810165693828	0.98514274062485918
0.61809999999999998	3.4446093356177125	0.99299860860950795
0.62000000000000011	3.4582618382571568	1.0008763675292633
0.62190000000000012	3.4719385172687587	1.0087758951165708
0.62380000000000002	3.4856393651060458	1.0166970702091320
0.62570000000000003	3.4993643739005491	1.0246397727397076
0.62760000000000005	3.5131135354691736	1.0326038837262794
0.62950000000000006	3.5268868413193126	1.0405892852617047
0.63140000000000007	3.5406842826552243	1.0485958605036387
0.63330000000000009	3.5545058503845519	1.0566234936645282
0.63519999999999999	3.5683515351233175	1.0646720700013459
0.63710000000000011	3.5822213272017791	1.0727414758052818
0.63900000000000012	3.5961152166708668	1.0808315983919006
0.64090000000000003	3.6100331933062733	1.0889423260904947
0.64280000000000004	3.6239752466151609	1.0970735482344316
0.64470000000000005	3.6379413658413937	1.1052251551509988
0.64660000000000006	3.6519315399695871	1.1133970381507190
0.64850000000000008	3.6659457577319423	1.1215890895182843
0.65040000000000009	3.6799840076117678	1.1298012025014768
0.65229999999999999	3.6940462778500693	1.1380332713022430
0.65420000000000011	3.7081325564485268	1.1462851910656309
0.65610000000000013	3.7222428311760898	1.1545568578710432
0.65800000000000003	3.7363770895725974	1.1628481687215075
0.65990000000000004	3.7505353189536490	1.1711590215344254
0.66180000000000005	3.7647175064158787	1.1794893151318333
0.66370000000000007	3.7789236388400878	1.1878389492304511
0.66560000000000008	3.7931537028964089	1.1962078244321237
0.66750000000000009	3.8074076850488359	1.2045958422147187
0.66940000000000000	3.8216855715595801	1.2130029049225035
0.67130000000000012	3.8359873484922855	1.2214289157564644
0.67320000000000013	3.8503130017165481	1.2298737787651077
0.67510000000000003	3.8646625169130386	1.2383373988358881
0.67700000000000005	3.8790358795757252	1.2468196816850579
0.67890000000000006	3.8934330750163832	1.2553205338491529
0.68080000000000007	3.9078540883693407	1.2638398626760792
0.68270000000000008	3.9222989045941219	1.2723775763161447
0.68460000000000010	3.9367675084789879	1.2809335837127469
0.68650000000000000	3.9512598846460065	1.2895077945946585
0.68840000000000012	3.9657760175522649	1.2981001194660631
0.69030000000000014	3.9803158914960903	1.3067104695992908
0.69220000000000004	3.9948794906182408	1.3153387570253592
0.69410000000000005	4.0094667989063213	1.3239848945260910
0.69600000000000006	4.0240778001979578	1.3326487956256223
0.69790000000000008	4.0387124781837409	1.3413303745820524
0.69980000000000009	4.0533708164110749	1.3500295463798049
0.70170000000000010	4.0680527982863683	1.3587462267209569
0.70360000000000000	4.0827584070789982	1.3674803320176028
0.70550000000000002	4.0974876259236792	1.3762317793838905
0.70740000000000014	4.1122404378238109	1.3850004866283883
0.70930000000000004	4.1270168256543904	1.3937863722462340
0.71120000000000005	4.1418167721647201	1.4025893554115083
0.71310000000000007	4.1566402599808585	1.4114093559695657
0.71500000000000008	4.1714872716095410	1.4202462944301533
0.71690000000000009	4.1863577894392083	1.4291000919592218
0.71880000000000011	4.2012517957445397	1.4379706703724875
0.72070000000000001	4.2161692726876527	1.4468579521277403
0.72260000000000002	4.2311102023209566	1.4557618603176752
0.72450000000000014	4.2460745665901101	1.4646823186632283
0.72640000000000005	4.2610623473364759	1.4736192515065167
0.72830000000000006	4.2760735262990144	1.4825725838038728
0.73020000000000007	4.2911080851171040	1.4915422411191210
0.73210000000000008	4.3061660053328747	1.5005281496170173
0.73400000000000010	4.3212472683930905	1.5095302360563161
0.73590000000000011	4.3363518556522465	1.5185484277838170
0.73780000000000001	4.3514797483740653	1.5275826527273935
0.73970000000000002	4.3666309277339463	1.5366328393898450
0.74160000000000015	4.3818053748210133	1.5456989168425641
0.74350000000000005	4.3970030706406602	1.5547808147195168
0.74540000000000006	4.4122239961157952	1.5638784632107736
0.74730000000000008	4.4274681320896851	1.5729917930566606
0.74919999999999998	4.4427354593274284	1.5821207355417770
0.75110000000000010	4.4580259585186308	1.5912652224893418
0.75300000000000011	4.4733396102779732	1.6004251862545766
0.75490000000000002	4.4886763951486133	1.6096005597198391
0.75680000000000003	4.5040362936033151	1.6187912762887047
0.75870000000000015	4.5194192860462987	1.6279972698798573
0.76060000000000005	4.5348253528147433	1.6372184749220950
0.76250000000000007	4.5502544741816973	1.6464548263488710
0.76440000000000008	4.5657066303562530	1.6557062595924701
0.76629999999999998	4.5811818014869115	1.6649727105793013
0.76820000000000010	4.5966799676612400	1.6742541157237292
0.77010000000000012	4.6122011089094501	1.6835504119238445
0.77200000000000002	4.6277452052052848	1.6928615365558206
0.77390000000000003	4.6433122364670476	1.7021874274689690
0.77580000000000016	4.6589021825601815	1.7115280229806891
0.77770000000000006	4.6745150232976709	1.7208832618715326
0.77960000000000007	4.6901507384425880	1.7302530833804892
0.78150000000000008	4.7058093077092353	1.7396374272000397
0.78339999999999999	4.7214907107642023	1.7490362334713827
0.78530000000000011	4.7371949272282530	1.7584494427799027
0.78720000000000012	4.7529219366773612	1.7678769961503784
0.78910000000000002	4.7686717186445637	1.7773188350425124
0.79100000000000004	4.7844442526208546	1.7867749013464593
0.79290000000000016	4.8002395180570510	1.7962451373783954
0.79480000000000006	4.8160574943642143	1.8057294858758688
0.79670000000000007	4.8318981609159284	1.8152278899938254
0.79860000000000009	4.8477614970488112	1.8247402933001000
0.80049999999999999	4.8636474820643842	1.8342666397713432
0.80240000000000011	4.8795560952294581	1.8438068737886242
0.80430000000000013	4.8954873157783210	1.8533609401335995
0.80620000000000003	4.9114411229132644	1.8629287839843551
0.80810000000000004	4.9274174958056323	1.8725103509111107
0.81000000000000016	4.9434164135976957	1.8821055868727676
0.81190000000000007	4.9594378554029532	1.8917144382127040
0.81380000000000008	4.9754818003074632	1.9013368516546796
0.81570000000000009	4.9915482273712515	1.9109727742995852
0.81759999999999999	5.0076371156292536	1.9206221536213970
0.81950000000000012	5.0237484440920772	1.9302849374633284
0.82140000000000013	5.0398821917468108	1.9399610740341835
0.82330000000000003	5.0560383375590048	1.9496505119050658
0.82520000000000004	5.0722168604727473	1.9593532000055489
0.82710000000000006	5.0884177394119217	1.9690690876200827
0.82900000000000007	5.1046409532811667	1.9787981243845991
0.83090000000000008	5.1208864809667398	1.9885402602831175
0.83280000000000010	5.1371543013379677	1.9982954456445099
0.83470000000000000	5.1534443932469012	2.0080636311385334
0.83660000000000012	5.1697567355306102	2.0178447677732154
0.83850000000000013	5.1860913070112771	2.0276388068913307
0.84040000000000004	5.2024480864970659	2.0374457001669461
0.84230000000000005	5.2188270527831158	2.0472653996024808
0.84420000000000006	5.2352281846525575	2.0570978575256547
0.84609999999999996	5.2516514608768592	2.0669430265860198
0.84799999999999998	5.2680968602170699	2.0768008597521646
0.84989999999999999	5.2845643614241604	2.0866713103085286
0.85180000000000000	5.3010539432403023	2.0965543318526128
0.85370000000000013	5.3175655843991345	2.1064498782917140
0.85560000000000014	5.3340992636271478	2.1163579038404468
0.85750000000000004	5.3506549596436024	2.1262783630173128
0.85940000000000005	5.3672326511615918	2.1362112106421876
0.86130000000000007	5.3838323168892090	2.1461564018335482
0.86319999999999997	5.4004539355291907	2.1561138920052869
0.86509999999999998	5.4170974857809124	2.1660836368646184
0.86699999999999999	5.4337629463400505	2.1760655924088468
0.86890000000000001	5.4504502958996186	2.1860597149227785
0.87079999999999991	5.4671595131503192	2.1960659609760840
0.87270000000000014	5.4838905767817074	2.2060842874209046
0.87460000000000004	5.5006434654825549	2.2161146513889878
0.87650000000000006	5.5174181579410888	2.2261570102891808
0.87840000000000007	5.5342146328459858	2.2362113218049062
0.88029999999999997	5.5510328688874093	2.2462775438920626
0.88219999999999998	5.5678728447562085	2.2563556347756517
0.88410000000000000	5.5847345391462149	2.2664455529484324
0.88600000000000001	5.6016179307532958	2.2765472571676684
0.88789999999999991	5.6185229982768528	2.2866607064531599
0.88980000000000015	5.6354497204201977	2.2967858600849294
0.89170000000000005	5.6523980758903134	2.3069226776004275
0.89360000000000006	5.6693680433997775	2.3170711187930380
0.89550000000000007	5.6863596016659930	2.3272311437090312
0.89739999999999998	5.7033727294121910	2.3374027126456745
0.89929999999999999	5.7204074053681726	2.3475857861491800
0.90120000000000000	5.7374636082706170	2.3577803250122624
0.90309999999999990	5.7545413168629560	2.3679862902718778
0.90499999999999992	5.7716405098965247	2.3782036432072582
0.90689999999999993	5.7887611661313825	2.3884323453381207
0.90879999999999994	5.8059032643356963	2.3986723584219107
0.91070000000000007	5.8230667832868379	2.4089236444521562
0.91260000000000008	5.8402517017715967	2.4191861656563378
0.91449999999999998	5.8574579985872068	2.4294598844940420
0.91639999999999999	5.8746856525403528	2.4397447636543972
0.91830000000000001	5.8919346424496881	2.4500407660551153
0.92019999999999991	5.9092049471439081	2.4603478548393132
0.92209999999999992	5.9264965454638059	2.4706659933744510
0.92399999999999993	5.9438094162623383	2.4809951452504042
0.92589999999999995	5.9611435384044027	2.4913352742769805
0.92780000000000007	5.9784988907678480	2.5016863444826671
0.92970000000000008	5.9958754522431663	2.5120483201123065
0.93159999999999998	6.0132732017351946	2.5224211656259143
0.93350000000000000	6.0306921181614390	2.5328048456959817
0.93540000000000001	6.0481321804545454	2.5431993252067091
0.93729999999999991	6.0655933675611555	2.5536045692513816
0.93919999999999992	6.0830756584427599	2.5640205431310954
0.94109999999999994	6.1005790320757862	2.5744472123527276
0.94299999999999995	6.1181034674526558	2.5848845426277030
0.94490000000000007	6.1356489435812662	2.5953324998699210
0.94680000000000009	6.1532154394856580	2.6057910501941683
0.94869999999999999	6.1708029342061606	2.6162601599144737
0.95060000000000000	6.1884114067999745	2.6267397955425085
0.95250000000000001	6.2060408363410451	2.6372299237858692
0.95439999999999992	6.2236912019209401	2.6477305115468219
0.95629999999999993	6.2413624826486460	2.6582415259202983
0.95819999999999994	6.2590546576507675	2.6687629341924515
0.96009999999999995	6.2767677060722713	2.6792947038393127
0.96199999999999986	6.2945016070765849	2.6898368025251176
0.96390000000000009	6.3122563398455487	2.7003891981007766
0.96579999999999999	6.3300318835799274	2.7109518586022903
0.96770000000000000	6.3478282174996865	2.7215247522495312
0.96960000000000002	6.3656453208443002	2.7321078474446221
0.97149999999999992	6.3834831728726487	2.7427011127703600
0.97339999999999993	6.4013417528635737	2.7533045169890533
0.97529999999999994	6.4192210401161027	2.7639180290409318
0.97719999999999996	6.4371210139494055	2.7745416180427167
0.97909999999999986	6.4550416537036162	2.7851752532865288
0.98100000000000009	6.4729829387390012	2.7958189042378652
0.98290000000000000	6.4909448484373611	2.8064725405350535
0.98480000000000001	6.5089273622014066	2.8171361319872741
0.98670000000000002	6.5269304594554276	2.8278096485735937
0.98859999999999992	6.5449541196452214	2.8384930604414418
0.99049999999999994	6.5629983222385304	2.8491863379054427
0.99239999999999995	6.5810630467246067	2.8598894514458757
0.99429999999999996	6.5991482726155732	2.8706023717078586
0.99619999999999986	6.6172539794454490	2.8813250694995771
0.99810000000000010	6.6353801467711300	2.8920575157914712
1.0000000000000000	6.6535267541718177	2.9027996817144897
