  0.1581E-10  0.7454E-10  0.1571E-15
  0.3972E-10  0.1872E-09  0.7689E-15
  0.9976E-10  0.4702E-09  0.3641E-14
  0.2506E-09  0.1181E-08  0.1666E-13
  0.6294E-09  0.2968E-08  0.7332E-13
  0.1581E-08  0.7454E-08  0.3085E-12
  0.3972E-08  0.1873E-07  0.1237E-11
  0.5000E-08  0.2358E-07  0.1663E-11
  0.9976E-08  0.4705E-07  0.4539E-11
  0.1990E-07  0.9387E-07  0.1212E-10
  0.3972E-07  0.1873E-06  0.3182E-10
  0.7924E-07  0.3738E-06  0.8236E-10
  0.1581E-06  0.7459E-06  0.2112E-09
  0.1990E-06  0.9392E-06  0.2764E-09
  0.3155E-06  0.1489E-05  0.5152E-09
  0.5000E-06  0.2360E-05  0.9581E-09
  0.6294E-06  0.2971E-05  0.1306E-08
  0.7924E-06  0.3741E-05  0.1593E-08
  0.9976E-06  0.4710E-05  0.2170E-08
  0.1581E-05  0.7465E-05  0.4023E-08
  0.2506E-05  0.1184E-04  0.7452E-08
  0.3972E-05  0.1877E-04  0.1380E-07
  0.5000E-05  0.2363E-04  0.1791E-07
  0.6294E-05  0.2973E-04  0.2436E-07
  0.7924E-05  0.3747E-04  0.3315E-07
  0.9976E-05  0.4716E-04  0.4507E-07
  0.1256E-04  0.5941E-04  0.6130E-07
  0.1581E-04  0.7479E-04  0.8002E-07
  0.1990E-04  0.9418E-04  0.1077E-06
  0.2506E-04  0.1186E-03  0.1464E-06
  0.3155E-04  0.1494E-03  0.1882E-06
  0.3972E-04  0.1881E-03  0.2559E-06
  0.5000E-04  0.2369E-03  0.3479E-06
  0.6294E-04  0.2982E-03  0.4729E-06
  0.7924E-04  0.3758E-03  0.6430E-06
  0.9976E-04  0.4730E-03  0.8214E-06
  0.1105E-03  0.5242E-03  0.9147E-06
  0.1256E-03  0.5958E-03  0.1041E-05
  0.1581E-03  0.7505E-03  0.1415E-05
  0.1990E-03  0.9452E-03  0.1840E-05
  0.2506E-03  0.1191E-02  0.2384E-05
  0.2572E-03  0.1222E-02  0.2469E-05
  3.00000014E-04   1.4259999025773406E-003   2.5299998001293060E-006
   3.99999990E-04   1.9029998712601971E-003   2.8899998777889927E-006
   5.00000024E-04   2.3790000204849632E-003   3.2400001089757357E-006
   6.00000028E-04   2.8550001697097292E-003   3.5999998916547005E-006
   6.99999975E-04   3.3319998363323263E-003   4.0000002401483272E-006
   7.99999980E-04   3.8090001070754421E-003   4.3600000228272920E-006
   8.99999985E-04   4.2849999542399486E-003   4.7599997813594750E-006
   1.00000005E-03   4.7619999229228053E-003   5.1699996813453231E-006
   1.50000001E-03   7.1460002489392559E-003   7.4500000748630977E-006
   2.00000009E-03   9.5310003944137963E-003   9.9800001699731268E-006
   2.49999994E-03   1.1915999331647300E-002   1.2720000580783633E-005
   3.00000003E-03   1.4303000324279058E-002   1.5709999513263505E-005
   3.50000011E-03   1.6688999685091171E-002   1.8799999270318588E-005
   4.00000019E-03   1.9076000677722929E-002   2.2039999084313605E-005
   4.49999981E-03   2.1464000885692256E-002   2.5440001161567265E-005
   4.99999989E-03   2.3851999885420552E-002   2.8989999755992195E-005
   5.49999997E-03   2.6240001301630917E-002   3.2639999174992334E-005
   6.00000005E-03   2.8628998308455743E-002   3.6389999418567687E-005
   6.50000013E-03   3.1016999724666112E-002   4.0240000486718251E-005
   7.00000022E-03   3.3406999571551618E-002   4.4290000844173463E-005
   7.49999983E-03   3.5795998994858517E-002   4.8399997920620557E-005
   8.00000038E-03   3.8185998841744027E-002   5.2700000339513797E-005
   8.50000046E-03   4.0576001105111614E-002   5.7059999477398926E-005
   8.99999961E-03   4.2965998535515047E-002   6.1569999852146870E-005
   9.49999969E-03   4.5357001222461245E-002   6.6179996331778478E-005
   9.99999978E-03   4.7747999076443289E-002   7.0949999794360272E-005
   1.20000001E-02   5.7313000581878368E-002   9.1620002213037283E-005
   1.40000004E-02   6.6882999372242347E-002   1.1488999775252050E-004
   1.60000008E-02   7.6454999009763533E-002   1.4067999708040945E-004
   1.79999992E-02   8.6032000765177780E-002   1.6967000391593896E-004
   1.99999996E-02   9.5611003367749234E-002   2.0174999280968026E-004
   2.19999999E-02  0.10519399799870682        2.3687001054626121E-004
   2.40000002E-02  0.11478099432397884        2.7537999393601338E-004
   2.60000005E-02  0.12437000116233639        3.1723999550965201E-004
   2.80000009E-02  0.13396300002908007        3.6218999802026865E-004
   2.99999993E-02  0.14356000059013818        4.1054002856644243E-004
   3.20000015E-02  0.15315900199835350        4.6202000751887896E-004
   3.40000018E-02  0.16276199543495498        5.1660003091191320E-004
   3.59999985E-02  0.17236799497525640        5.7416999778105160E-004
   3.79999988E-02  0.18197799620987229        6.3438000907349503E-004
   3.99999991E-02  0.19159099388225984        6.9757003361102011E-004
   4.19999994E-02  0.20120698799241907        7.6345005578722222E-004
   4.39999998E-02  0.21082599787220657        8.3187002716832311E-004
   4.60000001E-02  0.22044798485790917        9.0271002983140398E-004
   4.80000004E-02  0.23007399286978278        9.7589001780776555E-004
   5.00000007E-02  0.23970301665128466        1.0513999475937881E-003
   5.20000011E-02  0.24933399295030229        1.1289900908701435E-003
   5.40000014E-02  0.25896899027549092        1.2087600520073168E-003
   5.60000017E-02  0.26860700337030785        1.2905500411281691E-003
   5.79999983E-02  0.27824700764635368        1.3745199236249043E-003
   5.99999987E-02  0.28789101361671393        1.4601700163136713E-003
   6.19999990E-02  0.29753699143644657        1.5480401008777353E-003
   6.40000030E-02  0.30718700961420675        1.6334799596260702E-003
   6.59999996E-02  0.31683899964133933        1.7254100361346022E-003
   6.80000037E-02  0.32649398610624353        1.8190598927291270E-003
   7.00000003E-02  0.33615102174794648        1.9148400293019538E-003
   7.19999969E-02  0.34581200108839405        2.0122899549878692E-003
   7.40000010E-02  0.35547499094192714        2.1117200367032434E-003
   7.59999976E-02  0.36514099656508853        2.2012200384261757E-003
   7.80000016E-02  0.37480901270133538        2.3074399816789149E-003
   7.99999982E-02  0.38448000594349735        2.4154299980508106E-003
   8.20000023E-02  0.39415401495528757        2.5240300251162450E-003

5.0000000000000003E-002	0.23898925572307247	6.7421226936155182E-004
5.1899999999999995E-002	0.24809780174286009	7.5028877052504773E-004
5.3800000000000001E-002	0.25720921602455393	8.3135022576237777E-004
5.5700000000000006E-002	0.26632357362493508	9.1744588756218198E-004
5.7599999999999998E-002	0.27544094633492044	1.0086213050437022E-003
5.9499999999999997E-002	0.28456140254877033	1.1049193614074439E-003
6.1400000000000003E-002	0.29368500763128452	1.2063812041989389E-003
6.3300000000000009E-002	0.30281182422361980	1.3130470996324812E-003
6.5200000000000008E-002	0.31194191233970042	1.4249572238716189E-003
6.7099999999999993E-002	0.32107532968707908	1.5421523684134399E-003
6.9000000000000006E-002	0.33021213185161924	1.6646745845855177E-003
7.0900000000000005E-002	0.33935237259039708	1.7925677601907880E-003
7.2799999999999990E-002	0.34849610392772840	1.9258781411545006E-003
7.4700000000000003E-002	0.35764337642696892	2.0646547922995528E-003
7.6600000000000001E-002	0.36679423936231265	2.2089500080541675E-003
7.8500000000000000E-002	0.37594874090021668	2.3588196742394671E-003
8.0400000000000013E-002	0.38510692827058257	2.5143235847238741E-003
8.2300000000000012E-002	0.39426884792806716	2.6755257166079923E-003
8.4199999999999997E-002	0.40343454568656767	2.8424944669965830E-003
8.6099999999999996E-002	0.41260406694229329	3.0153028545202845E-003
8.7999999999999995E-002	0.42177745669196398	3.1940286889079266E-003
8.9899999999999994E-002	0.43095475973686914	3.3787547107079672E-003
9.1800000000000007E-002	0.44013602078314085	3.5695687043272536E-003
9.3700000000000006E-002	0.44932128455286585	3.7665635866652131E-003
9.5600000000000004E-002	0.45851059588840709	3.9698374735993068E-003
9.7500000000000017E-002	0.46770399984893396	4.1794937265346443E-003
9.9400000000000002E-002	0.47690154180031874	4.3956409809220338E-003
0.10130000000000000	0.48610326749861732	4.6183931586636553E-003
0.10320000000000000	0.49530922316719111	4.8478694661019976E-003
0.10510000000000000	0.50451945556854816	5.0841943791004726E-003
0.10700000000000000	0.51373401206971858	5.3274976167741730E-003
0.10890000000000001	0.52295294070313347	5.5779141051629537E-003
0.11080000000000001	0.53217629022250823	5.8355839320178363E-003
0.11270000000000001	0.54140411015398937	6.1006522940093306E-003
0.11460000000000002	0.55063645082564117	6.3732694370875380E-003
0.11649999999999999	0.55987336347562167	6.6535905913486099E-003
0.11840000000000001	0.56911490019417599	6.9417759008092829E-003
0.12030000000000000	0.57836111402231294	7.2379903492792077E-003
0.12220000000000000	0.58761205896758029	7.5424036827969080E-003
0.12410000000000000	0.59686779003252577	7.8551903293757643E-003
0.12600000000000000	0.60612836324017294	8.1765293166019114E-003
0.12790000000000001	0.61539383565656680	8.5066041876717350E-003
0.12980000000000003	0.62466426541084452	8.8456029162965050E-003
0.13169999999999998	0.63393970789112120	9.1923873483342085E-003
0.13360000000000000	0.64322017469968906	9.5442069862617974E-003
0.13550000000000001	0.65250568284006316	9.9032835382243407E-003
0.13739999999999999	0.66179626950435944	1.0270437983894366E-002
0.13930000000000001	0.67109197965964462	1.0646185100795151E-002
0.14120000000000002	0.68039286322150161	1.1030930110952032E-002
0.14310000000000000	0.68969897381704204	1.1425024559238951E-002
0.14500000000000002	0.69901036809718597	1.1828789572770844E-002
0.14690000000000000	0.70832710530442011	1.2242527549257948E-002
0.14879999999999999	0.71764924697584431	1.2666528759247796E-002
0.15070000000000000	0.72697685672844792	1.3101075388155331E-002
0.15260000000000001	0.73631000009592573	1.3546444161294932E-002
0.15450000000000000	0.74564874440140061	1.4002908127002263E-002
0.15640000000000001	0.75499315865402694	1.4470737911764273E-002
0.15830000000000002	0.76434331346398132	1.4950202629147468E-002
0.16020000000000001	0.77369928097128815	1.5441570553839282E-002
0.16210000000000002	0.78306113478426020	1.5945109631209230E-002
0.16400000000000001	0.79242894992688939	1.6461087869312142E-002
0.16589999999999999	0.80180280279203486	1.6989773644554125E-002
0.16780000000000000	0.81118277110015380	1.7531435943202597E-002
0.16970000000000002	0.82056893386255669	1.8086344554373152E-002
0.17160000000000000	0.82996137134749537	1.8654770225657456E-002
0.17350000000000002	0.83936016505056388	1.9236984790014119E-002
0.17540000000000003	0.84876539766647086	1.9833261269853616E-002
0.17730000000000001	0.85817715306352593	2.0443873963222985E-002
0.17920000000000003	0.86759551626038578	2.1069098515672409E-002
0.18110000000000001	0.87702057340391926	2.1709211980578454E-002
0.18300000000000000	0.88645241174886580	2.2364492869918262E-002
0.18490000000000001	0.89589111963894152	2.3035221197524103E-002
0.18680000000000002	0.90533678648898075	2.3721678515782683E-002
0.18870000000000001	0.91478950275914162	2.4424147946968618E-002
0.19060000000000002	0.92424935997478364	2.5142914210000346E-002
0.19250000000000003	0.93371645065829834	2.5878263643267965E-002
0.19439999999999999	0.94319086835040489	2.6630484223886433E-002
0.19630000000000000	0.95267270758791300	2.7399865583861007E-002
0.19820000000000002	0.96216206389108194	2.8186699023362540E-002
0.20010000000000000	0.97165903375136731	2.8991277521296231E-002
0.20200000000000001	0.98116371461997720	2.9813895743295668E-002
0.20390000000000003	0.99067620489675323	3.0654850047192903E-002
0.20580000000000001	1.0001966039195376	3.1514438485975550E-002
0.20770000000000002	1.0097250119539818	3.2392960808212128E-002
0.20960000000000004	1.0192615301837855	3.3290718455900259E-002
0.21149999999999999	1.0288062607010571	3.4208014559614398E-002
0.21340000000000001	1.0383593064971965	3.5145153930913137E-002
0.21529999999999999	1.0479207714538690	3.6102443051806474E-002
0.21720000000000000	1.0574907603342543	3.7080190061188331E-002
0.21909999999999999	1.0670693787744876	3.8078704738075661E-002
0.22100000000000003	1.0766567332751673	3.9098298481461506E-002
0.22289999999999999	1.0862529311930722	4.0139284286638197E-002
0.22479999999999997	1.0958580807328120	4.1201976717782508E-002
0.22670000000000001	1.1054722909386447	4.2286691876656020E-002
0.22860000000000000	1.1150956716862248	4.3393747367181344E-002
0.23050000000000001	1.1247283336742713	4.4523462255756298E-002
0.23240000000000000	1.1343703884162613	4.5676157027086689E-002
0.23430000000000001	1.1440219482319642	4.6852153535368798E-002
0.23619999999999999	1.1536831262387905	4.8051774950642549E-002
0.23810000000000003	1.1633540363430577	4.9275345700103439E-002
0.23999999999999999	1.1730347932310159	5.0523191404299263E-002
0.24189999999999998	1.1827255123595550	5.1795638807922109E-002
0.24380000000000002	1.1924263099467443	5.3093015705145248E-002
0.24570000000000000	1.2021373029619982	5.4415650859349469E-002
0.24760000000000001	1.2118586091159282	5.5763873917052863E-002
0.24950000000000000	1.2215903468497946	5.7138015316022105E-002
0.25140000000000001	1.2313326353245890	5.8538406187391999E-002
0.25330000000000003	1.2410855944096684	5.9965378251739823E-002
0.25519999999999998	1.2508493446708919	6.1419263709083877E-002
0.25710000000000000	1.2606240073583266	6.2900395122664404E-002
0.25900000000000001	1.2704097043933802	6.4409105296613936E-002
0.26090000000000002	1.2802065583554285	6.5945727147378910E-002
0.26279999999999998	1.2900146924678215	6.7510593569003977E-002
0.26469999999999999	1.2998342305833273	6.9104037292256865E-002
0.26660000000000000	1.3096652971690070	7.0726390737704009E-002
0.26849999999999996	1.3195080172963916	7.2377985863070995E-002
0.27040000000000003	1.3293625166004495	7.4059154003148928E-002
0.27229999999999999	1.3392289212997148	7.5770225707152597E-002
0.27420000000000000	1.3491073581532262	7.7511530567248133E-002
0.27610000000000001	1.3589979544485165	7.9283397043289364E-002
0.27799999999999997	1.3689008379820948	8.1086152282074400E-002
0.27989999999999998	1.3788161370396179	8.2920121931520652E-002
0.28179999999999999	1.3887439803750006	8.4785629950217142E-002
0.28370000000000001	1.3986844971889896	8.6682998412585491E-002
0.28559999999999997	1.4086378171069229	8.8612547309800435E-002
0.28750000000000003	1.4186040701556708	9.0574594347039947E-002
0.28939999999999999	1.4285833867399347	9.2569454737232396E-002
0.29130000000000000	1.4385758976176750	9.4597440991839976E-002
0.29320000000000002	1.4485817338750520	9.6658862708928830E-002
0.29509999999999997	1.4586010269002525	9.8754026359052893E-002
0.29699999999999999	1.4686339083569102	0.10088323506936413
0.29890000000000000	1.4786805101566760	0.10304678840636909
0.30080000000000001	1.4887409644310774	0.10524498215787773
0.30269999999999997	1.4988154035028152	0.10747810811460594
0.30460000000000004	1.5089039598562950	0.10974645385189398
0.30649999999999999	1.5190067661076010	0.11205030251211281
0.30840000000000001	1.5291239549737869	0.11438993258826013
0.31030000000000002	1.5392556592416669	0.11676561770926133
0.31219999999999998	1.5494020117359948	0.11917762642754745
0.31409999999999999	1.5595631452872072	0.12162622200939066
0.31600000000000000	1.5697391926985429	0.12411166222857119
0.31790000000000002	1.5799302867128928	0.12663419916391166
0.31979999999999997	1.5901365599790893	0.12919407900118415
0.32170000000000004	1.6003581450179263	0.13179154183992697
0.32360000000000000	1.6105951741877995	0.13442682150565330
0.32549999999999996	1.6208477796500838	0.13710014536801365
0.32740000000000002	1.6311160933399649	0.13981173416624515
0.32929999999999998	1.6414002469080744	0.14256180183669812
0.33119999999999999	1.6517003717210417	0.14535055535744623
0.33310000000000001	1.6620165988018289	0.14817819459064624
0.33500000000000002	1.6723490588004708	0.15104491213817048
0.33689999999999998	1.6826978819590155	0.15395089320462296
0.33879999999999999	1.6930631980759800	0.15689631546926797
0.34070000000000000	1.7034451364711161	0.15988134896706879
0.34259999999999996	1.7138438259504356	0.16290615597926003
0.34450000000000003	1.7242593947713101	0.16597089093359987
0.34639999999999999	1.7346919706078541	0.16907570031462288
0.34830000000000000	1.7451416805165434	0.17222072258392979
0.35020000000000001	1.7556086509023152	0.17540608811090103
0.35210000000000002	1.7660930074848744	0.17863191911375517
0.35399999999999998	1.7765948752655569	0.18189832961113123
0.35589999999999999	1.7871143784946966	0.18520542538428153
0.35780000000000001	1.7976516406453669	0.18855330395133624
0.35969999999999996	1.8082067843570746	0.19194205454436830
0.36160000000000003	1.8187799314429960	0.19537175811285290
0.36349999999999999	1.8293712028335967	0.19884248732147980
0.36540000000000000	1.8399807185535004	0.20235430656644557
0.36730000000000002	1.8506085976925690	0.20590727200022302
0.36920000000000003	1.8612549583777562	0.20950143156646134
0.37109999999999999	1.8719199177457055	0.21313682504463985
0.37300000000000000	1.8826035919162449	0.21681348410428591
0.37490000000000001	1.8933060959665693	0.22053143236858325
0.37679999999999997	1.9040275439064258	0.22429068548694781
0.37870000000000004	1.9147680486541809	0.22809125121642571
0.38059999999999999	1.9255277220136839	0.23193312951145875
0.38250000000000001	1.9363066746579780	0.23581631262374456
0.38440000000000002	1.9471050160838992	0.23974078519954781
0.38629999999999998	1.9579228546300234	0.24370652440561894
0.38819999999999999	1.9687602974306442	0.24771350004007878
0.39010000000000000	1.9796174504046069	0.25176167466128546
0.39200000000000002	1.9904944182380042	0.25585100372048036
0.39389999999999997	2.0013913043679414	0.25998143570023241
0.39580000000000004	2.0123082109672548	0.26415291225821996
0.39770000000000000	2.0232452389302340	0.26836536837591546
0.39959999999999996	2.0342024878593770	0.27261873251180707
0.40150000000000002	2.0451800560597597	0.27691292676153573
0.40339999999999998	2.0561780404996575	0.28124786700704940
0.40529999999999999	2.0671965368446741	0.28562346309942854
0.40720000000000001	2.0782356394171115	0.29003961901296799
0.40910000000000002	2.0892954411959450	0.29449623301819144
0.41099999999999998	2.1003760338092867	0.29899319785342421
0.41290000000000004	2.1114775075280345	0.30353040089809230
0.41480000000000000	2.1225999512602063	0.30810772434733069
0.41669999999999996	2.1337434525463665	0.31272504538747026
0.41860000000000003	2.1449080975558630	0.31738223637223595
0.42049999999999998	2.1560939710899789	0.32207916500221695
0.42240000000000005	2.1673011565541893	0.32681569448786085
0.42430000000000007	2.1785297359979112	0.33159168374641862
0.42620000000000002	2.1897797900849714	0.33640698756242493
0.42809999999999998	2.2010513981020661	0.34126145676578162
0.43000000000000005	2.2123446379595078	0.34615493840487022
0.43190000000000006	2.2236595861934063	0.35108727591797845
0.43380000000000002	2.2349963179682013	0.35605830930323246
0.43570000000000003	2.2463549070800002	0.36106787528637752
0.43759999999999999	2.2577354259668700	0.36611580749053430
0.43950000000000006	2.2691379456871008	0.37120193658287326
0.44140000000000007	2.2805625359660540	0.37632609046160315
0.44330000000000003	2.2920092651727120	0.38148809439585213
0.44519999999999998	2.3034782003341197	0.38668777118595521
0.44710000000000000	2.3149694071419913	0.39192494131559952
0.44900000000000007	2.3264829499604955	0.39719942310122547
0.45090000000000002	2.3380188918341664	0.40251103283815204
0.45280000000000004	2.3495772944963749	0.40785958494327879
0.45469999999999999	2.3611582183782751	0.41324489209462162
0.45660000000000006	2.3727617226181956	0.41866676536727271
0.45850000000000007	2.3843878650769992	0.42412501437081407
0.46040000000000003	2.3960367023247024	0.42961944735808394
0.46229999999999999	2.4077082896878244	0.43514987138194716
0.46420000000000000	2.4194026812346641	0.44071609239543652
0.46610000000000007	2.4311199297929402	0.44631791537556925
0.46800000000000003	2.4428600869615011	0.45195514443783646
0.46990000000000004	2.4546232031218613	0.45762758294716976
0.47180000000000011	2.4664093274502923	0.46333503362524819
0.47370000000000007	2.4782185079298751	0.46907729865417713
0.47560000000000008	2.4900507913631063	0.47485417977666727
0.47750000000000004	2.5019062233843772	0.48066547839249546
0.47939999999999999	2.5137848484728829	0.48651099565169298
0.48130000000000006	2.5256867099653819	0.49239053254397575
0.48320000000000007	2.5376118500694851	0.49830388998497760
0.48510000000000003	2.5495603098806550	0.50425086890508597
0.48700000000000004	2.5615321293795312	0.51023127030375182
0.48890000000000011	2.5735273474701916	0.51624489536426832
0.49080000000000007	2.5855460019766805	0.52229154550026591
0.49270000000000008	2.5975881296606342	0.52837102243223832
0.49460000000000004	2.6096537662351911	0.53448312825416178
0.49650000000000000	2.6217429463787929	0.54062766549741781
0.49840000000000007	2.6338557037483734	0.54680443719105654
0.50030000000000008	2.6459920709936786	0.55301324692003528
0.50220000000000009	2.6581520797706455	0.55925389888000154
0.50409999999999999	2.6703357607550302	0.56552619792955627
0.50600000000000001	2.6825431436563640	0.57182994963996425
0.50790000000000013	2.6947742572315265	0.57816496034206244
0.50980000000000003	2.7070291292982880	0.58453103717081545
0.51170000000000004	2.7193077867490372	0.59092798810732150
0.51360000000000006	2.7316102555642692	0.59735562201854331
0.51550000000000007	2.7439365608261248	0.60381374869464199
0.51740000000000008	2.7562867267317372	0.61030217888415705
0.51930000000000009	2.7686607766066014	0.61682072432702484
0.52120000000000000	2.7810587329179026	0.62336919778549649
0.52310000000000001	2.7934806172850246	0.62994741308053459
0.52500000000000013	2.8059264505030912	0.63655518508855080
0.52690000000000003	2.8183962525404054	0.64319232981253804
0.52880000000000005	2.8308900425619896	0.64985866437453277
0.53070000000000006	2.8434078389388446	0.65655400704449574
0.53260000000000007	2.8559496592619991	0.66327817726093763
0.53450000000000009	2.8685155203538506	0.67003099564876889
0.53640000000000010	2.8811054382814745	0.67681228403626847
0.53830000000000000	2.8937194283684531	0.68362186547041304
0.54020000000000001	2.9063575052073056	0.69045956423071420
0.54210000000000014	2.9190196826715495	0.69732520584184132
0.54400000000000004	2.9317059739277664	0.70421861708477429
0.54590000000000005	2.9444163914472536	0.71113962600691316
0.54780000000000006	2.9571509470176656	0.71808806193068297
0.54970000000000008	2.9699096517549290	0.72506375546147872
0.55160000000000009	2.9826925161142683	0.73206653849393588
0.55350000000000010	2.9954995499017674	0.73909624421780418
0.55540000000000000	3.0083307622852482	0.74615270712214810
0.55730000000000002	3.0211861618057538	0.75323576299933004
0.55920000000000014	3.0340657563878901	0.76034524894740629
0.56110000000000004	3.0469695533508658	0.76748100337212477
0.56300000000000006	3.0598975594191247	0.77464286598808252
0.56490000000000007	3.0728497807325805	0.78183067781879034
0.56680000000000008	3.0858262228568947	0.78904428119626002
0.56870000000000009	3.0988268907941401	0.79628351976014455
0.57060000000000011	3.1118517889922046	0.80354823845549928
0.57250000000000001	3.1249009213550747	0.81083828353073062
0.57440000000000002	3.1379742912523478	0.81815350253425423
0.57630000000000015	3.1510719015291211	0.82549374431131750
0.57820000000000005	3.1641937545151002	0.83285885899957446
0.58010000000000006	3.1773398520342262	0.84024869802463076
0.58200000000000007	3.1905101953807646	0.84766311410355999
0.58389999999999997	3.2037047854605460	0.85510196120497250
0.58580000000000010	3.2169236226011386	0.86256509459530861
0.58770000000000011	3.2301667066936282	0.87005237079726661
0.58960000000000001	3.2434340371674284	0.87756364759240424
0.59150000000000003	3.2567256129998281	0.88509878401387854
0.59340000000000015	3.2700414327229219	0.89265764033906103
0.59530000000000005	3.2833814944328772	0.90024007808224726
0.59720000000000006	3.2967457957983592	0.90784595998699602
0.59910000000000008	3.3101343340675964	0.91547515001750535
0.60099999999999998	3.3235471060764561	0.92312751335046739
0.60290000000000010	3.3369841082563454	0.93080291636685275
0.60480000000000012	3.3504453366422111	0.93850122664281632
0.60670000000000002	3.3639307868796346	0.94622231294104076
0.60860000000000003	3.3774404542318681	0.95396604520141581
0.61050000000000015	3.3909743335876277	0.96173229453197306
0.61240000000000006	3.4045324194678614	0.96952093319956512
0.61430000000000007	3.4181147060329593	0.97733183462021878
0.61620000000000008	3.4317211870899831	0.98516487334986358
0.61809999999999998	3.4453518560982710	0.99301992507405490
0.62000000000000011	3.4590067061775902	1.0008968665989837
0.62190000000000012	3.4726857301136334	1.0087955758411262
0.62380000000000002	3.4863889203651190	1.0167159318174357
0.62570000000000003	3.5001162690689589	1.0246578146351688
0.62760000000000005	3.5138677680485175	1.0326211054826295
0.62950000000000006	3.5276434088177409	1.0406056866182760
0.63140000000000007	3.5414431825880324	1.0486114413610581
0.63330000000000009	3.5552670802745632	1.0566382540803718
0.63519999999999999	3.5691150925011632	1.0646860101858988
0.63710000000000011	3.5829872096065660	1.0727545961176046
0.63900000000000012	3.5968834216501913	1.0808438993353822
0.64090000000000003	3.6108037184169626	1.0889538083091161
0.64280000000000004	3.6247480894238229	1.0970842125090758
0.64470000000000005	3.6387165239237911	1.1052350023949653
0.64660000000000006	3.6527090109120275	1.1134060694067762
0.64850000000000008	3.6667255391311810	1.1215973059543287
0.65040000000000009	3.6807660970751619	1.1298086054073049
0.65229999999999999	3.6948306729958187	1.1380398620856982
0.65420000000000011	3.7089192549065180	1.1462909712496487
0.65610000000000013	3.7230318305875634	1.1545618290897173
0.65800000000000003	3.7371683875905277	1.1628523327171711
0.65990000000000004	3.7513289132434506	1.1711623801542670
0.66180000000000005	3.7655133946543988	1.1794918703244719
0.66370000000000007	3.7797218187173143	1.1878407030432181
0.66560000000000008	3.7939541721149408	1.1962087790079905
0.66750000000000009	3.8082104413243685	1.2045959997891955
0.66940000000000000	3.8224906126202791	1.2130022678205523
0.67130000000000012	3.8367946720800084	1.2214274863900243
0.67320000000000013	3.8511226055866290	1.2298715596301566
0.67510000000000003	3.8654743988339639	1.2383343925096422
0.67700000000000005	3.8798500373299167	1.2468158908233160
0.67890000000000006	3.8942495064004907	1.2553159611840539
0.68080000000000007	3.9086727911935903	1.2638345110131337
0.68270000000000008	3.9231198766827067	1.2723714485318536
0.68460000000000010	3.9375907476706038	1.2809266827524142
0.68650000000000000	3.9520853887935421	1.2895001234697607
0.68840000000000012	3.9666037845234783	1.2980916812521950
0.69030000000000014	3.9811459191725773	1.3067012674335809
0.69220000000000004	3.9957117768966279	1.3153287941046259
0.69410000000000005	4.0103013416979127	1.3239741741045141
0.69600000000000006	4.0249145974284790	1.3326373210125251
0.69790000000000008	4.0395515277943979	1.3413181491404096
0.69980000000000009	4.0542121163573031	1.3500165735234315
0.70170000000000010	4.0688963465390673	1.3587325099132248
0.70360000000000000	4.0836042016235892	1.3674658747691595
0.70550000000000002	4.0983356647611169	1.3762165852512016
0.70740000000000014	4.1130907189696790	1.3849845592113601
0.70930000000000004	4.1278693471396917	1.3937697151869588
0.71120000000000005	4.1426715320352896	1.4025719723922638
0.71310000000000007	4.1574972562981500	1.4113912507114446
0.71500000000000008	4.1723465024497122	1.4202274706909930
0.71690000000000009	4.1872192528940504	1.4290805535324906
0.71880000000000011	4.2021154899207529	1.4379504210853513
0.72070000000000001	4.2170351957070658	1.4468369958395906
0.72260000000000002	4.2319783523210415	1.4557402009190366
0.72450000000000014	4.2469449417234060	1.4646599600739838
0.72640000000000005	4.2619349457703111	1.4735961976742942
0.72830000000000006	4.2769483462163720	1.4825488387032462
0.73020000000000007	4.2919851247158096	1.4915178087499124
0.73210000000000008	4.3070452628262457	1.5005030340030843
0.73400000000000010	4.3221287420098067	1.5095044412445189
0.73590000000000011	4.3372355436354662	1.5185219578423184
0.73780000000000001	4.3523656489823823	1.5275555117447492
0.73970000000000002	4.3675190392412366	1.5366050314740394
0.74160000000000015	4.3826956955161167	1.5456704461195543
0.74350000000000005	4.3978955988271533	1.5547516853321790
0.74540000000000006	4.4131187301123500	1.5638486793178208
0.74730000000000008	4.4283650702302468	1.5729613588319757
0.74919999999999998	4.4436345999604452	1.5820896551729122
0.75110000000000010	4.4589273000073231	1.5912335001765914
0.75300000000000011	4.4742431510010059	1.6003928262104887
0.75490000000000002	4.4895821334989758	1.6095675661677773
0.75680000000000003	4.5049442279886245	1.6187576534619239
0.75870000000000015	4.5203294148890434	1.6279630220211174
0.76060000000000005	4.5357376745520641	1.6371836062823544
0.76250000000000007	4.5511689872653402	1.6464193411866801
0.76440000000000008	4.5666233332522852	1.6556701621729588
0.76629999999999998	4.5821006926757359	1.6649360051734283
0.76820000000000010	4.5976010456380791	1.6742168066078074
0.77010000000000012	4.6131243721838500	1.6835125033786138
0.77200000000000002	4.6286706523005376	1.6928230328654894
0.77390000000000003	4.6442398659212936	1.7021483329208915
0.77580000000000016	4.6598319929251124	1.7114883418643991
0.77770000000000006	4.6754470131395500	1.7208429984782874
0.77960000000000007	4.6910849063415450	1.7302122420024812
0.78150000000000008	4.7067456522592392	1.7395960121298433
0.78339999999999999	4.7224292305731321	1.7489942490013979
0.78530000000000011	4.7381356209177863	1.7584068932016075
0.78720000000000012	4.7538648028830517	1.7678338857539111
0.78910000000000002	4.7696167560157914	1.7772751681162358
0.79100000000000004	4.7853914598203664	1.7867306821760247
0.79290000000000016	4.8011888937609282	1.7962003702464304
0.79480000000000006	4.8170090372623324	1.8056841750616852
0.79670000000000007	4.8328518697113108	1.8151820397725829
0.79860000000000009	4.8487173704581545	1.8246939079427049
0.80049999999999999	4.8646055188171200	1.8342197235435573
0.80240000000000011	4.8805162940687108	1.8437594309510472
0.80430000000000013	4.8964496754597757	1.8533129749408090
0.80620000000000003	4.9124056422059299	1.8628803006848640
0.80810000000000004	4.9283841734916045	1.8724613537468495
0.81000000000000016	4.9443852484713995	1.8820560800785340
0.81190000000000007	4.9604088462717986	1.8916644260158539
0.81380000000000008	4.9764549459919190	1.9012863382751601
0.81570000000000009	4.9925235267043364	1.9109217639490705
0.81759999999999999	5.0086145674559583	1.9205706505028861
0.81950000000000012	5.0247280472701705	1.9302329457712413
0.82140000000000013	5.0408639451467270	1.9399085979539052
0.82330000000000003	5.0570222400632421	1.9495975556125382
0.82520000000000004	5.0732029109758754	1.9592997676668626
0.82710000000000006	5.0894059368208886	1.9690151833915188
0.82900000000000007	5.1056312965150497	1.9787437524122236
0.83090000000000008	5.1218789689563549	1.9884854247022505
0.83280000000000010	5.1381489330261685	1.9982401505798311
0.83470000000000000	5.1544411675884678	2.0080078807036861
0.83660000000000012	5.1707556514919899	2.0177885660705841
0.83850000000000013	5.1870923635704189	2.0275821580115960
0.84040000000000004	5.2034512826437105	2.0373886081892842
0.84230000000000005	5.2198323875185944	2.0472078685941111
0.84420000000000006	5.2362356569894279	2.0570398915415042
0.84609999999999996	5.2526610698389531	2.0668846296686563
0.84799999999999998	5.2691086048397455	2.0767420359317534
0.84989999999999999	5.2855782407538543	2.0866120636024701
0.85180000000000000	5.3020699563345657	2.0964946662653667
0.85370000000000013	5.3185837303268171	2.1063897978148662
0.85560000000000014	5.3351195414674502	2.1162974124520262
0.85750000000000004	5.3516773684872998	2.1262174646823460
0.85940000000000005	5.3682571901096257	2.1361499093117864
0.86130000000000007	5.3848589850535840	2.1460947014453957
0.86319999999999997	5.4014827320328038	2.1560517964833616
0.86509999999999998	5.4181284097568687	2.1660211501188180
0.86699999999999999	5.4347959969318795	2.1760027183349018
0.86890000000000001	5.4514854722614574	2.1859964574024460
0.87079999999999991	5.4681968144465625	2.1960023238767428
0.87270000000000014	5.4849300021871903	2.2060202745956627
0.87460000000000004	5.5016850141819420	2.2160502666762385
0.87650000000000006	5.5184618291292917	2.2260922575128497
0.87840000000000007	5.5352604257282554	2.2361462047744238
0.88029999999999997	5.5520807826784884	2.2462120664017977
0.88219999999999998	5.5689228786811782	2.2562898006054115
0.88410000000000000	5.5857866924395241	2.2663793658628859
0.88600000000000001	5.6026722026594546	2.2764807209166316
0.88789999999999991	5.6195793880500071	2.2865938247714053
0.88980000000000015	5.6365082273236959	2.2967186366918964
0.89170000000000005	5.6534586991975928	2.3068551162007358
0.89360000000000006	5.6704307823932183	2.3170032230757291
0.89550000000000007	5.6874244556375899	2.3271629173480504
0.89739999999999998	5.7044396976632470	2.3373341592996582
0.89929999999999999	5.7214764872091690	2.3475169094613038
0.90120000000000000	5.7385348030209755	2.3577111286102603
0.90309999999999990	5.7556146238513293	2.3679167777680683
0.90499999999999992	5.7727159284608511	2.3781338181986440
0.90689999999999993	5.7898386956182089	2.3883622114059930
0.90879999999999994	5.8069829041003818	2.3986019191320431
0.91070000000000007	5.8241485326936582	2.4088529033547901
0.91260000000000008	5.8413355601938548	2.4191151262863073
0.91449999999999998	5.8585439654063860	2.4293885503703430
0.91639999999999999	5.8757737271469104	2.4396731382805905
0.91830000000000001	5.8930248242421426	2.4499688529188943
0.92019999999999991	5.9102972355295940	2.4602756574129767
0.92209999999999992	5.9275909398584874	2.4705935151146297
0.92399999999999993	5.9449059160898141	2.4809223895979815
0.92589999999999995	5.9622421430970007	2.4912622446573272
0.92780000000000007	5.9795995997657121	2.5016130443053113
0.92970000000000008	5.9969782649950627	2.5119747527713856
0.93159999999999998	6.0143781176974507	2.5223473344997260
0.93350000000000000	6.0317991367990347	2.5327307541475044
0.93540000000000001	6.0492413012397170	2.5431249765829493
0.93729999999999991	6.0667045899742940	2.5535299668839455
0.93919999999999992	6.0841889819718586	2.5639456903358151
0.94109999999999994	6.1016944562169577	2.5743721124301380
0.94299999999999995	6.1192209917095042	2.5848091988627169
0.94490000000000007	6.1367685674648049	2.5952569155317593
0.94680000000000009	6.1543371625146328	2.6057152285366403
0.94869999999999999	6.1719267559066857	2.6161841041758249
0.95060000000000000	6.1895373267057279	2.6266635089455890
0.95250000000000001	6.2071688539932293	2.6371534095382638
0.95439999999999992	6.2248213168676036	2.6476537728403438
0.95629999999999993	6.2424946944455382	2.6581645659316884
0.95819999999999994	6.2601889658605918	2.6686857560829851
0.96009999999999995	6.2779041102650126	2.6792173107550181
0.96199999999999986	6.2956401068290244	2.6897591975966053
0.96390000000000009	6.3133969347416601	2.7003113844434634
0.96579999999999999	6.3311745732107543	2.7108738393164891
0.96770000000000000	6.3489730014629542	2.7214465304202373
0.96960000000000002	6.3667921987444265	2.7320294261416302
0.97149999999999992	6.3846321443212668	2.7426224950486229
0.97339999999999993	6.4024928174788656	2.7532257058883371
0.97529999999999994	6.4203741975227766	2.7638390275859321
0.97719999999999996	6.4382762637789739	2.7744624292432816
0.97909999999999986	6.4561989955940495	2.7850958801374790
0.98100000000000009	6.4741423723348746	2.7957393497192258
0.98290000000000000	6.4921063733894586	2.8063928076118558
0.98480000000000001	6.5100909781673213	2.8170562236100336
0.98670000000000002	6.5280961660986891	2.8277295676778040
0.98859999999999992	6.5461219166358466	2.8384128099480286
0.99049999999999994	6.5641682092526352	2.8491059207206555
0.99239999999999995	6.5822350234448050	2.8598088704614710
0.99429999999999996	6.6003223387303604	2.8705216298009373
0.99619999999999986	6.6184301346494765	2.8812441695327808
0.99810000000000010	6.6365583907648977	2.8919764606129292
1.0000000000000000	6.6547070866621940	2.9027184741581338
