5.0000000000000003E-002  0.23902106956087535  6.8992209232800184E-004
5.1899999999999995E-002  0.24813141771910008  7.6576585837384245E-004
5.3800000000000001E-002  0.25724462269316539  8.4643982717315456E-004
5.5700000000000006E-002  0.26636075452972663  9.3198855862119934E-004
5.7599999999999998E-002  0.27547988006743768  1.0224538614694648E-003
5.9499999999999997E-002  0.28460206297596735  1.1178758212334586E-003
6.1400000000000003E-002  0.29372736412198713  1.2182937200388578E-003
6.3300000000000009E-002  0.30285584187976983  1.3237468734140835E-003
6.5200000000000008E-002  0.31198755224025260  1.4342753966149913E-003
6.7099999999999993E-002  0.32112254913351246  1.5499208835656668E-003
6.9000000000000006E-002  0.33026088463495945  1.6707270190141745E-003
7.0900000000000005E-002  0.33940260916276022  1.7967401231623597E-003
7.2799999999999990E-002  0.34854777177135982  1.9280096309424379E-003
7.4700000000000003E-002  0.35769642022740589  2.0645885179999017E-003
7.6600000000000001E-002  0.36684860127705354  2.2065336677764258E-003
7.8500000000000000E-002  0.37600436080593613  2.3539061911296627E-003
8.0400000000000013E-002  0.38516374400723263  2.5067716993552131E-003
8.2300000000000012E-002  0.39432679553934619  2.6652005351553163E-003
8.4199999999999997E-002  0.40349355965609829  2.8292679650589983E-003
8.6099999999999996E-002  0.41266408042196528  2.9990543362354129E-003
8.7999999999999995E-002  0.42183840172982418  3.1746452018887035E-003
8.9899999999999994E-002  0.43101656749509648  3.3561314170251519E-003
9.1800000000000007E-002  0.44019862175028224  3.5436092081928012E-003
9.3700000000000006E-002  0.44938460874998765  3.7371802195710116E-003
9.5600000000000004E-002  0.45857457306717775  3.9369515377216087E-003
9.7500000000000017E-002  0.46776855968271164  4.1430356974700416E-003
9.9400000000000002E-002  0.47696661406770341  4.3555506707119718E-003
0.10130000000000000  0.48616878225899740  4.5746198403589251E-003
0.10320000000000000  0.49537511092891273  4.8003719609540987E-003
0.10510000000000000  0.50458564744820322  5.0329411077275187E-003
0.10700000000000000  0.51380043994438540  5.2724666154992817E-003
0.10890000000000001  0.52301953735336715  5.5190930087852799E-003
0.11080000000000001  0.53224298946853743  5.7729699245077050E-003
0.11270000000000001  0.54147084698254166  6.0342520282132646E-003
0.11460000000000002  0.55070316151038468  6.3030989249984251E-003
0.11649999999999999  0.55993998568688330  6.5796750660455580E-003
0.11840000000000001  0.56918137310373695  6.8641496516286763E-003
0.12030000000000000  0.57842737839872738  7.1566965313774877E-003
0.12220000000000000  0.58767805726400635  7.4574941024570041E-003
0.12410000000000000  0.59693346646710943  7.7667252063675718E-003
0.12600000000000000  0.60619366386866003  8.0845770248974252E-003
0.12790000000000001  0.61545870843786188  8.4112409757572393E-003
0.12980000000000003  0.62472866026527252  8.7469126084132685E-003
0.13169999999999998  0.63400356496841270  9.0887297404839591E-003
0.13360000000000000  0.64328342780849290  9.4365538618306592E-003
0.13550000000000001  0.65256827862086098  9.7920747551966184E-003
0.13739999999999999  0.66185816009248377  1.0155948667791813E-002
0.13930000000000001  0.67115312124618243  1.0528638790415800E-002
0.14120000000000002  0.68045321546834991  1.0910527388294178E-002
0.14310000000000000  0.68975849953911539  1.1301954185017620E-002
0.14500000000000002  0.69906903306093304  1.1703233734411176E-002
0.14690000000000000  0.70838487808370654  1.2114664597884489E-002
0.14879999999999999  0.71770609884036718  1.2536534705762050E-002
0.15070000000000000  0.72703276155063878  1.2969124720505380E-002
0.15260000000000001  0.73636493426922001  1.3412710261529544E-002
0.15450000000000000  0.74570268676468565  1.3867563438876381E-002
0.15640000000000001  0.75504609042010784  1.4333953945736706E-002
0.15830000000000002  0.76439521815012679  1.4812149858159724E-002
0.16020000000000001  0.77375014433009337  1.5302418233637101E-002
0.16210000000000002  0.78311094473508691  1.5805025568061872E-002
0.16400000000000001  0.79247769648638478  1.6320238150544224E-002
0.16589999999999999  0.80185047800382647  1.6848322343105064E-002
0.16780000000000000  0.81122936896352771  1.7389544804324315E-002
0.16970000000000002  0.82061445025981405  1.7944172670551897E-002
0.17160000000000000  0.83000580397055301  1.8512473704632795E-002
0.17350000000000002  0.83940351332550489  1.9094716419407402E-002
0.17540000000000003  0.84880766267740504  1.9691170181565479E-002
0.17730000000000001  0.85821833747538412  2.0302105300192923E-002
0.17920000000000003  0.86763562424020002  2.0927793102772266E-002
0.18110000000000001  0.87705961054160786  2.1568506001717946E-002
0.18300000000000000  0.88649038497694421  2.2224517552773496E-002
0.18490000000000001  0.89592803714239766  2.2896102507190961E-002
0.18680000000000002  0.90537265765072128  2.3583536858562244E-002
0.18870000000000001  0.91482433805996244  2.4287097885436742E-002
0.19060000000000002  0.92428317089320033  2.5007064190153572E-002
0.19250000000000003  0.93374924961457173  2.5743715734668021E-002
0.19439999999999999  0.94322266861506754  2.6497333873573420E-002
0.19630000000000000  0.95270352319923846  2.7268201384699778E-002
0.19820000000000002  0.96219190957269851  2.8056602497457256E-002
0.20010000000000000  0.97168792483034527  2.8862822919022698E-002
0.20200000000000001  0.98119166694536986  2.9687149858476564E-002
0.20390000000000003  0.99070323475876854  3.0529872048813286E-002
0.20580000000000001  1.0002227279695053  3.1391279766887673E-002
0.20770000000000002  1.0097502471252127  3.2271664851145181E-002
0.20960000000000004  1.0192858936134175  3.3171320717067528E-002
0.21149999999999999  1.0288297696531303  3.4090542370195744E-002
0.21340000000000001  1.0383819782869372  3.5029626416562376E-002
0.21529999999999999  1.0479426233733795  3.5988871070412112E-002
0.21720000000000000  1.0575118095797189  3.6968576158945742E-002
0.21909999999999999  1.0670896423749880  3.7969043123967927E-002
0.22100000000000003  1.0766762280231688  3.8990575020156452E-002
0.22289999999999999  1.0862716735767635  4.0033476509821718E-002
0.22479999999999997  1.0958760868703585  4.1098053853841437E-002
0.22670000000000001  1.1054895765144104  4.2184614898625732E-002
0.22860000000000000  1.1151122518890744  4.3293469058797822E-002
0.23050000000000001  1.1247442231380862  4.4424927295478721E-002
0.23240000000000000  1.1343856011626663  4.5579302089825052E-002
0.23430000000000001  1.1440364976153203  4.6756907411681911E-002
0.23619999999999999  1.1536970248936658  4.7958058683090790E-002
0.23810000000000003  1.1633672961340435  4.9183072736448910E-002
0.23999999999999999  1.1730474252050829  5.0432267767135545E-002
0.24189999999999998  1.1827375267009426  5.1705963280357717E-002
0.24380000000000002  1.1924377159344386  5.3004480032072865E-002
0.24570000000000000  1.2021481089298263  5.4328139963795888E-002
0.24760000000000001  1.2118688224153313  5.5677266131147006E-002
0.24950000000000000  1.2215999738152803  5.7052182625951235E-002
0.25140000000000001  1.2313416812418767  5.8453214491787503E-002
0.25330000000000003  1.2410940634865901  5.9880687632906458E-002
0.25519999999999998  1.2508572400110283  6.1334928716311278E-002
0.25710000000000000  1.2606313309373856  6.2816265067081392E-002
0.25900000000000001  1.2704164570383292  6.4325024556726382E-002
0.26090000000000002  1.2802127397263268  6.5861535484634651E-002
0.26279999999999998  1.2900203010424807  6.7426126452594173E-002
0.26469999999999999  1.2998392636446179  6.9019126232345338E-002
0.26660000000000000  1.3096697507948185  7.0640863626258169E-002
0.26849999999999996  1.3195118863463196  7.2291667321178171E-002
0.27040000000000003  1.3293657947358011  7.3971865735858483E-002
0.27229999999999999  1.3392316009438618  7.5681786860046341E-002
0.27420000000000000  1.3491094305175593  7.7421758090503071E-002
0.27610000000000001  1.3589994095289202  7.9192106057336342E-002
0.27799999999999997  1.3689016645645937  8.0993156445812800E-002
0.27989999999999998  1.3788163227081718  8.2825233812051632E-002
0.28179999999999999  1.3887435115218261  8.4688661393034298E-002
0.28370000000000001  1.3986833590271253  8.6583760911198404E-002
0.28559999999999997  1.4086359936849602  8.8510852374082696E-002
0.28750000000000003  1.4186015443747226  9.0470253869254086E-002
0.28939999999999999  1.4285801403726528  9.2462281354779713E-002
0.29130000000000000  1.4385719113293038  9.4487248445899855E-002
0.29320000000000002  1.4485769872461720  9.6545466198035237E-002
0.29509999999999997  1.4585954984517411  9.8637242886798981E-002
0.29699999999999999  1.4686275755763567  0.10076288378526439
0.29890000000000000  1.4786733495264974  0.10292269093916449
0.30080000000000001  1.4887329514582848  0.10511696294039331
0.30269999999999997  1.4988065127501731  0.10734599469936602
0.30460000000000004  1.5088941649748202  0.10961007721680251
0.30649999999999999  1.5189960398703966  0.11190949735546013
0.30840000000000001  1.5291122693109720  0.11424453761233039
0.31030000000000002  1.5392429852764571  0.11661547589199019
0.31219999999999998  1.5493883198216691  0.11902258528150580
0.31409999999999999  1.5595484050449238  0.12146613382768073
0.31600000000000000  1.5697233730560627  0.12394638431704481
0.31790000000000002  1.5799133559437406  0.12646359405926977
0.31979999999999997  1.5901184857424440  0.12901801467455593
0.32170000000000004  1.6003388943988834  0.13160989188557562
0.32360000000000000  1.6105747137380206  0.13423946531453174
0.32549999999999996  1.6208260754286630  0.13690696828585561
0.32740000000000002  1.6310931109488087  0.13961262763514470
0.32929999999999998  1.6413759515562059  0.14235666352575652
0.33119999999999999  1.6516747282302287  0.14513928926774708
0.33310000000000001  1.6619895716716815  0.14796071115442233
0.33500000000000002  1.6723206122430379  0.15082112829701075
0.33689999999999998  1.6826679799391422  0.15372073247300155
0.33879999999999999  1.6930318043515369  0.15665970798248266
0.34070000000000000  1.7034122146326367  0.15963823151376080
0.34259999999999996  1.7138093394601874  0.16265647201874961
0.34450000000000003  1.7242233070017992  0.16571459059832724
0.34639999999999999  1.7346542448796805  0.16881274039800748
0.34830000000000000  1.7451022801355214  0.17195106651409836
0.35020000000000001  1.7555675391957535  0.17512970591057014
0.35210000000000002  1.7660501478370592  0.17834878734685022
0.35399999999999998  1.7765502311523460  0.18160843131654472
0.35589999999999999  1.7870679135170580  0.18490874999731588
0.35780000000000001  1.7976033185560552  0.18824984721186941
0.35969999999999996  1.8081565691167143  0.19163181840159749
0.36160000000000003  1.8187277872131344  0.19505475060365815
0.36349999999999999  1.8293170940313557  0.19851872245478946
0.36540000000000000  1.8399246098736866  0.20202380419027000
0.36730000000000002  1.8505504541346787  0.20557005766153499
0.36920000000000003  1.8611947452719106  0.20915753636302889
0.37109999999999999  1.8718576007774854  0.21278628546957548
0.37300000000000000  1.8825391371501372  0.21645634188379945
0.37490000000000001  1.8932394698684685  0.22016773429372752
0.37679999999999997  1.9039587133647138  0.22392048323999386
0.37870000000000004  1.9146969809996577  0.22771460119248857
0.38059999999999999  1.9254543850383106  0.23155009263605245
0.38250000000000001  1.9362310366329367  0.23542695416710704
0.38440000000000002  1.9470270457744316  0.23934517458738797
0.38629999999999998  1.9578425213118422  0.24330473502870273
0.38819999999999999  1.9686775709037492  0.24730560906163479
0.39010000000000000  1.9795323010059611  0.25134776282338889
0.39200000000000002  1.9904068168532321  0.25543115515002518
0.39389999999999997  2.0013012224418598  0.25955573771487583
0.39580000000000004  2.0122156205134125  0.26372145517292772
0.39770000000000000  2.0231501125392666  0.26792824531049814
0.39959999999999996  2.0341047987064544  0.27217603919995093
0.40150000000000002  2.0450797779041956  0.27646476135889253
0.40339999999999998  2.0560751477176531  0.28079432991603404
0.40529999999999999  2.0670910043918189  0.28516465676733815
0.40720000000000001  2.0781274428605623  0.28957564776310968
0.40910000000000002  2.0891845567096308  0.29402720286905093
0.41099999999999998  2.1002624381757502  0.29851921634456641
0.41290000000000004  2.1113611781393105  0.30305157692004175
0.41480000000000000  2.1224808661180732  0.30762416797554437
0.41669999999999996  2.1336215902617210  0.31223686772073056
0.41860000000000003  2.1447834373473071  0.31688954937551111
0.42049999999999998  2.1559664927825160  0.32158208135467203
0.42240000000000005  2.1671708405747756  0.32631432743428962
0.42430000000000007  2.1783965633739899  0.33108614695581440
0.42620000000000002  2.1896437424401163  0.33589739499011750
0.42809999999999998  2.2009124576513837  0.34074792252115949
0.43000000000000005  2.2122027875048476  0.34563757662420064
0.43190000000000006  2.2235148091179737  0.35056620064261218
0.43380000000000002  2.2348485982306454  0.35553363436293056
0.43570000000000003  2.2462042292082036  0.36053971418794373
0.43759999999999999  2.2575817750515439  0.36558427331195792
0.43950000000000006  2.2689813073737790  0.37066714187156069
0.44140000000000007  2.2804028964487113  0.37578814713945974
0.44330000000000003  2.2918466111859699  0.38094711366842049
0.44519999999999998  2.3033125191449932  0.38614386345663682
0.44710000000000000  2.3148006865419037  0.39137821610512147
0.44900000000000007  2.3263111782567667  0.39664998897179593
0.45090000000000002  2.3378440578414255  0.40195899732244122
0.45280000000000004  2.3493993875277459  0.40730505447809406
0.45469999999999999  2.3609772282363988  0.41268797195909002
0.45660000000000006  2.3725776395861313  0.41810755962548607
0.45850000000000007  2.3842006799092315  0.42356362581905482
0.46040000000000003  2.3958464062372791  0.42905597747526308
0.46229999999999999  2.4075148743494936  0.43458442028553629
0.46420000000000000  2.4192061387572528  0.44014875880039289
0.46610000000000007  2.4309202527219109  0.44574879655720867
0.46800000000000003  2.4426572682664212  0.45138433619854695
0.46990000000000004  2.4544172361868530  0.45705517958645542
0.47180000000000011  2.4662002060645225  0.46276112791324486
0.47370000000000007  2.4780062262781031  0.46850198180842129
0.47560000000000008  2.4898353440161354  0.47427754144187600
0.47750000000000004  2.5016876052897112  0.48008760662351874
0.47939999999999999  2.5135630549451990  0.48593197689905948
0.48130000000000006  2.5254617366773524  0.49181045164231019
0.48320000000000007  2.5373836930424929  0.49772283014395952
0.48510000000000003  2.5493289654754663  0.50366891170291106
0.48700000000000004  2.5612975942875851  0.50964849568250670
0.48890000000000011  2.5732896187042833  0.51566138162811181
0.49080000000000007  2.5853050768620629  0.52170736931538386
0.49270000000000008  2.5973440058264425  0.52778625882867569
0.49460000000000004  2.6094064416056777  0.53389785062965522
0.49650000000000000  2.6214924191646931  0.54004194562276686
0.49840000000000007  2.6336019724387230  0.54621834521738055
0.50030000000000008  2.6457351343472735  0.55242685138731173
0.50220000000000009  2.6578919368079106  0.55866726672706402
0.50409999999999999  2.6700724107501488  0.56493939450557584
0.50600000000000001  2.6822765861292570  0.57124303871693083
0.50790000000000013  2.6945044919400858  0.57757800412856541
0.50980000000000003  2.7067561562308131  0.58394409632674193
0.51170000000000004  2.7190316061167641  0.59034112175968001
0.51360000000000006  2.7313308677940369  0.59676888777797377
0.51550000000000007  2.7436539665531643  0.60322720267290653
0.51740000000000008  2.7560009267926540  0.60971587571228014
0.51930000000000009  2.7683717720324830  0.61623471717409395
0.52120000000000000  2.7807665249276030  0.62278353837811595
0.52310000000000001  2.7931852072781935  0.62936215172275534
0.52500000000000013  2.8056278400546613  0.63597037068224149
0.52690000000000003  2.8180944433937314  0.64260800987859545
0.52880000000000005  2.8305850366220353  0.64927488507341491
0.53070000000000006  2.8430996382674127  0.65597081319852002
0.53260000000000007  2.8556382660706952  0.66269561237549190
0.53450000000000009  2.8682009369992278  0.66944910193463136
0.53640000000000010  2.8807876672588182  0.67623110243172380
0.53830000000000000  2.8933984723068082  0.68304143566359277
0.54020000000000001  2.9060333668639058  0.68987992468207948
0.54210000000000014  2.9186923649267063  0.69674639380660053
0.54400000000000004  2.9313754797796792  0.70364066863544283
0.54590000000000005  2.9440827240072465  0.71056257605584328
0.54780000000000006  2.9568141095054425  0.71751194425261888
0.54970000000000008  2.9695696474936568  0.72448860271582094
0.55160000000000009  2.9823493485264740  0.73149238224737945
0.55350000000000010  2.9951532225043191  0.73852311496621581
0.55540000000000000  3.0079812786858726  0.74558063431314781
0.55730000000000002  3.0208335256980470  0.75266477505380636
0.55920000000000014  3.0337099715478133  0.75977537328163236
0.56110000000000004  3.0466106236326413  0.76691226641930865
0.56300000000000006  3.0595354887513269  0.77407529321968815
0.56490000000000007  3.0724845731144921  0.78126429376585393
0.56680000000000008  3.0854578823551559  0.78847910947042388
0.56870000000000009  3.0984554215387718  0.79571958307421753
0.57060000000000011  3.1114771951736713  0.80298555864421195
0.57250000000000001  3.1245232072205060  0.81027688157060440
0.57440000000000002  3.1375934611029570  0.81759339856404334
0.57630000000000015  3.1506879597165809  0.82493495765130487
0.57820000000000005  3.1638067054387942  0.83230140817116272
0.58010000000000006  3.1769497001383558  0.83969260076949315
0.58200000000000007  3.1901169451506672  0.84710838740216865
0.58389999999999997  3.2033084414222808  0.85454862129588161
0.58580000000000010  3.2165241893168481  0.86201315699277692
0.58770000000000011  3.2297641887590620  0.86950185030920013
0.58960000000000001  3.2430284392104753  0.87701455833826425
0.59150000000000003  3.2563169396767795  0.88455113944167196
0.59340000000000015  3.2696296887174898  0.89211145324276753
0.59530000000000005  3.2829666844535854  0.89969536061836086
0.59720000000000006  3.2963279245757477  0.90730272369083298
0.59910000000000008  3.3097134063524547  0.91493340581910476
0.60099999999999998  3.3231231266381696  0.92258727159093479
0.60290000000000010  3.3365570818809203  0.93026418681342693
0.60480000000000012  3.3500152681301167  0.93796401850430333
0.60670000000000002  3.3634976810433304  0.94568663488218996
0.60860000000000003  3.3770043158956025  0.95343190535821043
0.61050000000000015  3.3905351675844808  0.96119970052536408
0.61240000000000006  3.4040902306388454  0.96898989214973141
0.61430000000000007  3.4176694992248113  0.97680235315998609
0.61620000000000008  3.4312729671540052  0.98463695763830772
0.61809999999999998  3.4449006278890906  0.99249358080967109
0.62000000000000011  3.4585524745512428  1.0003720990323501
0.62190000000000012  3.4722284999262207  1.0082723897871555
0.62380000000000002  3.4859286964717939  1.0161943316682658
0.62570000000000003  3.4996530563230945  1.0241378043719769
0.62760000000000005  3.5134015712997066  1.0321026886870577
0.62950000000000006  3.5271742329104963  1.0400888664838899
0.63140000000000007  3.5409710323614840  1.0480962207048765
0.63330000000000009  3.5547919605608786  1.0561246353537004
0.63519999999999999  3.5686370081246146  1.0641739954848635
0.63710000000000011  3.5825061653826125  1.0722441871935475
0.63900000000000012  3.5963994223839277  1.0803350976051704
0.64090000000000003  3.6103167689034912  1.0884466148653049
0.64280000000000004  3.6242581944459373  1.0965786281292116
0.64470000000000005  3.6382236882522463  1.1047310275513413
0.64660000000000006  3.6522132393040359  1.1129037042754837
0.64850000000000008  3.6662268363297890  1.1210965504243866
0.65040000000000009  3.6802644678086645  1.1293094590894937
0.65229999999999999  3.6943261219771064  1.1375423243211396
0.65420000000000011  3.7084117868318747  1.1457950411179885
0.65610000000000013  3.7225214501369868  1.1540675054178280
0.65800000000000003  3.7366550994259375  1.1623596140863059
0.65990000000000004  3.7508127220089058  1.1706712649085438
0.66180000000000005  3.7649943049754144  1.1790023565781063
0.66370000000000007  3.7791998351999725  1.1873527886879709
0.66560000000000008  3.7934292993461334  1.1957224617205386
0.66750000000000009  3.8076826838701177  1.2041112770376849
0.66940000000000000  3.8219599750264948  1.2125191368719717
0.67130000000000012  3.8362611588710469  1.2209459443164610
0.67320000000000013  3.8505862212656878  1.2293916033155901
0.67510000000000003  3.8649351478819485  1.2378560186558132
0.67700000000000005  3.8793079242058015  1.2463390959566494
0.67890000000000006  3.8937045355403184  1.2548407416607625
0.68080000000000007  3.9081249670106790  1.2633608630257434
0.68270000000000008  3.9225692035668676  1.2718993681146142
0.68460000000000010  3.9370372299883014  1.2804561657868401
0.68650000000000000  3.9515290308868267  1.2890311656898412
0.68840000000000012  3.9660445907106676  1.2976242782501974
0.69030000000000014  3.9805838937474110  1.3062354146645117
0.69220000000000004  3.9951469241281985  1.3148644868916624
0.69410000000000005  4.0097336658303737  1.3235114076435459
0.69600000000000006  4.0243441026813818  1.3321760903772457
0.69790000000000008  4.0389782183613434  1.3408584492863442
0.69980000000000009  4.0536359964070670  1.3495583992930624
0.70170000000000010  4.0683174202142016  1.3582758560395585
0.70360000000000000  4.0830224730414955  1.3670107358806687
0.70550000000000002  4.0977511380130345  1.3757629558756834
0.70740000000000014  4.1125033981210857  1.3845324337797689
0.70930000000000004  4.1272792362294162  1.3933190880373407
0.71120000000000005  4.1420786350766932  1.4021228377739039
0.71310000000000007  4.1569015772777069  1.4109436027879434
0.71500000000000008  4.1717480453274263  1.4197813035441200
0.71690000000000009  4.1866180216039481  1.4286358611658525
0.71880000000000011  4.2015114883701346  1.4375071974276976
0.72070000000000001  4.2164284277766582  1.4463952347478024
0.72260000000000002  4.2313688218646508  1.4552998961814749
0.72450000000000014  4.2463326525686327  1.4642211054138585
0.72640000000000005  4.2613199017178331  1.4731587867523130
0.72830000000000006  4.2763305510403651  1.4821128651208100
0.73020000000000007  4.2913645821636583  1.4910832660517557
0.73210000000000008  4.3064219766184131  1.5000699156801243
0.73400000000000010  4.3215027158401451  1.5090727407365823
0.73590000000000011  4.3366067811713691  1.5180916685407406
0.73780000000000001  4.3517341538643652  1.5271266269949886
0.73970000000000002  4.3668848150832353  1.5361775445779784
0.74160000000000015  4.3820587459052573  1.5452443503379172
0.74350000000000005  4.3972559273241867  1.5543269738869399
0.74540000000000006  4.4124763402516409  1.5634253453946356
0.74730000000000008  4.4277199655191133  1.5725393955818219
0.74919999999999998  4.4429867838803130  1.5816690557148347
0.75110000000000010  4.4582767760130508  1.5908142575994562
0.75300000000000011  4.4735899225206648  1.5999749335748348
0.75490000000000002  4.4889262039349127  1.6091510165082137
0.75680000000000003  4.5042856007170275  1.6183424397887556
0.75870000000000015  4.5196680932596696  1.6275491373220021
0.76060000000000005  4.5350736618888741  1.6367710435244953
0.76250000000000007  4.5505022868657843  1.6460080933180239
0.76440000000000008  4.5659539483888008  1.6552602221244577
0.76629999999999998  4.5814286265942803  1.6645273658602224
0.76820000000000010  4.5969263015592086  1.6738094609310383
0.77010000000000012  4.6124469533022765  1.6831064442266996
0.77200000000000002  4.6279905617859098  1.6924182531160183
0.77390000000000003  4.6435571069174317  1.7017448254416416
0.77580000000000016  4.6591465685508471  1.7110860995149293
0.77770000000000006  4.6747589264882237  1.7204420141112582
0.77960000000000007  4.6903941604815005  1.7298125084648575
0.78150000000000008  4.7060522502341167  1.7391975222644436
0.78339999999999999  4.7217331754015142  1.7485969956478207
0.78530000000000011  4.7374369155934213  1.7580108691975018
0.78720000000000012  4.7531634503752400  1.7674390839361869
0.78910000000000002  4.7689127592690186  1.7768815813220593
0.79100000000000004  4.7846848217551265  1.7863383032441666
0.79290000000000016  4.8004796172731075  1.7958091920179358
0.79480000000000006  4.8162971252239855  1.8052941903811961
0.79670000000000007  4.8321373249703061  1.8147932414891244
0.79860000000000009  4.8480001958384689  1.8243062889106525
0.80049999999999999  4.8638857171189374  1.8338332766236349
0.80240000000000011  4.8797938680686128  1.8433741490111246
0.80430000000000013  4.8957246279111120  1.8529288508569883
0.80620000000000003  4.9116779758381606  1.8624973273417509
0.80810000000000004  4.9276538910112997  1.8720795240390748
0.81000000000000016  4.9436523525620402  1.8816753869109653
0.81190000000000007  4.9596733395939019  1.8912848623046599
0.81380000000000008  4.9757168311830151  1.9009078969482842
0.81570000000000009  4.9917828063791552  1.9105444379470216
0.81759999999999999  5.0078712442071494  1.9201944327796636
0.81950000000000012  5.0239821236674826  1.9298578292945183
0.82140000000000013  5.0401154237379764  1.9395345757060596
0.82330000000000003  5.0562711233737154  1.9492246205909569
0.82520000000000004  5.0724492015092757  1.9589279128847883
0.82710000000000006  5.0886496370587162  1.9686444018782876
0.82900000000000007  5.1048724089170054  1.9783740372139669
0.83090000000000008  5.1211174959612613  1.9881167688828574
0.83280000000000010  5.1373848770504837  1.9978725472204650
0.83470000000000000  5.1536745310277636  2.0076413229040582
0.83660000000000012  5.1699864367207651  2.0174230469492676
0.83850000000000013  5.1863205729420727  2.0272176707063592
0.84040000000000004  5.2026769184905337  2.0370251458573509
0.84230000000000005  5.2190554521522659  2.0468454244128775
0.84420000000000006  5.2354561527010750  2.0566784587088400
0.84609999999999996  5.2518789988991870  2.0665242014032241
0.84799999999999998  5.2683239694986019  2.0763826054732970
0.84989999999999999  5.2847910432416940  2.0862536242125111
0.85180000000000000  5.3012801988615008  2.0961372112272114
0.85370000000000013  5.3177914150826693  2.1060333204338146
0.85560000000000014  5.3343246706227934  2.1159419060561180
0.85750000000000004  5.3508799441924983  2.1258629226221246
0.85940000000000005  5.3674572144962296  2.1357963249611922
0.86130000000000007  5.3840564602331282  2.1457420682013084
0.86319999999999997  5.4006776600980286  2.1557001077665974
0.86509999999999998  5.4173207927812745  2.1656703993737927
0.86699999999999999  5.4339858369699945  2.1756528990301578
0.86890000000000001  5.4506727713490513  2.1856475630307690
0.87079999999999991  5.4673815746007923  2.1956543479555117
0.87270000000000014  5.4841122254065580  2.2056732106667116
0.87460000000000004  5.5008647024463411  2.2157041083063698
0.87650000000000006  5.5176389844008344  2.2257469982939604
0.87840000000000007  5.5344350499506136  2.2358018383235265
0.88029999999999997  5.5512528777773165  2.2458685863612766
0.88219999999999998  5.5680924465642399  2.2559472006431318
0.88410000000000000  5.5849537349970433  2.2660376396724997
0.88600000000000001  5.6018367217638545  2.2761398622173861
0.88789999999999991  5.6187413855561008  2.2862538273084909
0.88980000000000015  5.6356677050693351  2.2963794942366498
0.89170000000000005  5.6526156590031205  2.3065168225504071
0.89360000000000006  5.6695852260621411  2.3166657720540629
0.89550000000000007  5.6865763849560853  2.3268263028047849
0.89739999999999998  5.7035891144011304  2.3369983751111953
0.89929999999999999  5.7206233931191441  2.3471819495303268
0.90120000000000000  5.7376791998392322  2.3573769868660541
0.90309999999999990  5.7547565132978278  2.3675834481665414
0.90499999999999992  5.7718553122391612  2.3778012947224010
0.90689999999999993  5.7889755754154910  2.3880304880642349
0.90879999999999994  5.8061172815880475  2.3982709899609524
0.91070000000000007  5.8232804095267658  2.4085227624170309
0.91260000000000008  5.8404649380118165  2.4187857676714906
0.91449999999999998  5.8576708458331623  2.4290599681951193
0.91639999999999999  5.8748981117905759  2.4393453266882936
0.91830000000000001  5.8921467146953468  2.4496418060798253
0.92019999999999991  5.9094166333698697  2.4599493695243848
0.92209999999999992  5.9267078466477505  2.4702679804005903
0.92399999999999993  5.9440203333752217  2.4805976023095773
0.92589999999999995  5.9613540724104004  2.4909381990723869
0.92780000000000007  5.9787090426245380  2.5012897347288985
0.92970000000000008  5.9960852229014723  2.5116521735351611
0.93159999999999998  6.0134825921393569  2.5220254799624304
0.93350000000000000  6.0309011292494201  2.5324096186945688
0.93540000000000001  6.0483408131576697  2.5428045546268687
0.93729999999999991  6.0658016228040141  2.5532102528637450
0.93919999999999992  6.0832835371440410  2.5636266787177839
0.94109999999999994  6.1007865351476509  2.5740537977069056
0.94299999999999995  6.1183105958008657  2.5844915755537148
0.94490000000000007  6.1358556981055816  2.5949399781833082
0.94680000000000009  6.1534218210793252  2.6053989717214736
0.94869999999999999  6.1710089437564895  2.6158685224934448
0.95060000000000000  6.1886170451879572  2.6263485970218685
0.95250000000000001  6.2062461044421662  2.6368391620257365
0.95439999999999992  6.2238961006041036  2.6473401844180033
0.95629999999999993  6.2415670127769101  2.6578516313046685
0.95819999999999994  6.2592588200815991  2.6683734699830897
0.96009999999999995  6.2769715016570240  2.6789056679400418
0.96199999999999986  6.2947050366606723  2.6894481928507159
0.96390000000000009  6.3124594042686804  2.7000010125768332
0.96579999999999999  6.3302345836762965  2.7105640951655054
0.96770000000000000  6.3480305540974733  2.7211374088471718
0.96960000000000002  6.3658472947662403  2.7317209220348402
0.97149999999999992  6.3836847849358094  2.7423146033221060
0.97339999999999993  6.4015430038793193  2.7529184214818723
0.97529999999999994  6.4194219308906639  2.7635323454652632
0.97719999999999996  6.4373215452831474  2.7741563443994504
0.97909999999999986  6.4552418263915117  2.7847903875871465
0.98100000000000009  6.4731827535708675  2.7954344445046533
0.98290000000000000  6.4911443061974143  2.8060884848005716
0.98480000000000001  6.5091264636688315  2.8167524782948057
0.98670000000000002  6.5271292054039360  2.8274263949767340
0.98859999999999992  6.5451525108431969  2.8381102050041207
0.99049999999999994  6.5631963594492753  2.8488038787021033
0.99239999999999995  6.5812607307063997  2.8595073865612735
0.99429999999999996  6.5993456041213605  2.8702206992369650
0.99619999999999986  6.6174509592233033  2.8809437875476815
0.99810000000000010  6.6355767755639619  2.8916766224740003
1.0000000000000000  6.6537230327176502  2.9024191751571089
