5.0000000000000003E-002  0.23931750511932631  9.6297076249057844E-004
5.1899999999999995E-002  0.24844984639087553  1.0576924965007590E-003
5.3800000000000001E-002  0.25758574346403479  1.1576626697631194E-003
5.5700000000000006E-002  0.26672525597319813  1.2629007963856668E-003
5.7599999999999998E-002  0.27586844013226952  1.3734231262276988E-003
5.9499999999999997E-002  0.28501534905674403  1.4892436420323595E-003
6.1400000000000003E-002  0.29416603274765546  1.6103750049902275E-003
6.3300000000000009E-002  0.30332053858858393  1.7368293829817382E-003
6.5200000000000008E-002  0.31247891141728701  1.8686192254457311E-003
6.7099999999999993E-002  0.32164119384628503  2.0057579534352712E-003
6.9000000000000006E-002  0.33080742647037731  2.1482605858202017E-003
7.0900000000000005E-002  0.33997764806325997  2.2961443011953932E-003
7.2799999999999990E-002  0.34915189587121548  2.4494289385289009E-003
7.4700000000000003E-002  0.35833020569116736  2.6081374462633270E-003
7.6600000000000001E-002  0.36751261213984254  2.7722962767623856E-003
7.8500000000000000E-002  0.37669914881479188  2.9419357352415071E-003
8.0400000000000013E-002  0.38588984846634955  3.1170902851039204E-003
8.2300000000000012E-002  0.39508474315908987  3.2977988131899592E-003
8.4199999999999997E-002  0.40428386442285985  3.4841048586928391E-003
8.6099999999999996E-002  0.41348724337898879  3.6760568086452142E-003
8.7999999999999995E-002  0.42269491095196182  3.8737080631045880E-003
8.9899999999999994E-002  0.43190689787973502  4.0771171726047958E-003
9.1800000000000007E-002  0.44112323490837752  4.2863479507360275E-003
9.3700000000000006E-002  0.45034395288418788  4.5014695640939930E-003
9.5600000000000004E-002  0.45956908285672021  4.7225566018443124E-003
9.7500000000000017E-002  0.46879865617528299  4.9496891270062330E-003
9.9400000000000002E-002  0.47803270457811120  5.1829527113146185E-003
0.10130000000000000  0.48727126027645190  5.4224384555051595E-003
0.10320000000000000  0.49651435603078481  5.6682429964900593E-003
0.10510000000000000  0.50576202522336922  5.9204685030543160E-003
0.10700000000000000  0.51501430192370379  6.1792226612609226E-003
0.10890000000000001  0.52427122095019318  6.4446186509965562E-003
0.11080000000000001  0.53353281792684426  6.7167751145887737E-003
0.11270000000000001  0.54279912933480612  6.9958161185983327E-003
0.11460000000000002  0.55207019256020318  7.2818711097498105E-003
0.11649999999999999  0.56134602095633224  7.5708810476350424E-003
0.11840000000000001  0.57062656992031513  7.8628912228081785E-003
0.12030000000000000  0.57991183204616126  8.1599067699173085E-003
0.12220000000000000  0.58920181792381476  8.4626567137866746E-003
0.12410000000000000  0.59849654693567766  8.7716254878721055E-003
0.12600000000000000  0.60779604440712587  9.0871945095604579E-003
0.12790000000000001  0.61710034020574100  9.4096911904616720E-003
0.12980000000000003  0.62640946792064223  9.7394112390425287E-003
0.13169999999999998  0.63572346432962668  1.0076630483359559E-002
0.13360000000000000  0.64504236902823742  1.0421611795133569E-002
0.13550000000000001  0.65436622415819523  1.0774609442094688E-002
0.13739999999999999  0.66369507420141982  1.1135871972069571E-002
0.13930000000000001  0.67302896581828442  1.1505644203979730E-002
0.14120000000000002  0.68236794771772402  1.1884168647807777E-002
0.14310000000000000  0.69171207055113937  1.2271686544438380E-002
0.14500000000000002  0.70106138682337205  1.2668438643953575E-002
0.14690000000000000  0.71041595081766873  1.3074665798964540E-002
0.14879999999999999  0.71977581853109285  1.3490609423926429E-002
0.15070000000000000  0.72914104761853848  1.3916511855581643E-002
0.15260000000000001  0.73851169734352617  1.4352616638908113E-002
0.15450000000000000  0.74788782853482327  1.4799168756406461E-002
0.15640000000000001  0.75726950354756872  1.5256414813484378E-002
0.15830000000000002  0.76665678622826805  1.5724603189503070E-002
0.16020000000000001  0.77604974188347231  1.6203984161766546E-002
0.16210000000000002  0.78544843725095193  1.6694810007857105E-002
0.16400000000000001  0.79485294047343868  1.7197335090539681E-002
0.16589999999999999  0.80426332107425647  1.7711815928681793E-002
0.16780000000000000  0.81367964993533770  1.8238511256592965E-002
0.16970000000000002  0.82310199927637795  1.8777682073897916E-002
0.17160000000000000  0.83253044263557341  1.9329591687650721E-002
0.17350000000000002  0.84196505485176443  1.9894505747860683E-002
0.17540000000000003  0.85140591204766125  2.0472692277504950E-002
0.17730000000000001  0.86085309161387880  2.1064421697940299E-002
0.17920000000000003  0.87030667219435476  2.1669966850226319E-002
0.18110000000000001  0.87976673366338687  2.2289603013101431E-002
0.18300000000000000  0.88923335714739304  2.2923607917587449E-002
0.18490000000000001  0.89870662496025000  2.3572261759402399E-002
0.18680000000000002  0.90818662062587607  2.4235847208351806E-002
0.18870000000000001  0.91767342885840641  2.4914649415690736E-002
0.19060000000000002  0.92716713555129882  2.5608956019243678E-002
0.19250000000000003  0.93666782776701263  2.6319057146427752E-002
0.19439999999999999  0.94617559372704885  2.7045245415237954E-002
0.19630000000000000  0.95569052280252431  2.7787815933172047E-002
0.19820000000000002  0.96521270550487859  2.8547066294101336E-002
0.20010000000000000  0.97474223347712585  2.9323296572990869E-002
0.20200000000000001  0.98427919948519493  3.0116809318473287E-002
0.20390000000000003  0.99382369740962184  3.0927909543103170E-002
0.20580000000000001  1.0033758222374676  3.1756904711227968E-002
0.20770000000000002  1.0129356700542944  3.2604104724344010E-002
0.20960000000000004  1.0225033380364086  3.3469821903764435E-002
0.21149999999999999  1.0320789244432038  3.4354370970511840E-002
0.21340000000000001  1.0416625286095036  3.5258069022178352E-002
0.21529999999999999  1.0512542509380502  3.6181235506689023E-002
0.21720000000000000  1.0608541928919977  3.7124192192676750E-002
0.21909999999999999  1.0704624569873273  3.8087263136388466E-002
0.22100000000000003  1.0800791467853035  3.9070774644841322E-002
0.22289999999999999  1.0897043668848256  4.0075055235083694E-002
0.22479999999999997  1.0993382229146496  4.1100435589351572E-002
0.22670000000000001  1.1089808215255881  4.2147248505939872E-002
0.22860000000000000  1.1186322703823206  4.3215828845516238E-002
0.23050000000000001  1.1282926781552796  4.4306513472799243E-002
0.23240000000000000  1.1379621545121090  4.5419641193282838E-002
0.23430000000000001  1.1476408101089257  4.6555552684929606E-002
0.23619999999999999  1.1573287565812980  4.7714590424522266E-002
0.23810000000000003  1.1670261065348999  4.8897098608632970E-002
0.23999999999999999  1.1767329735358079  5.0103423068925040E-002
0.24189999999999998  1.1864494721003700  5.1333911181693732E-002
0.24380000000000002  1.1961757176847450  5.2588911771453618E-002
0.24570000000000000  1.2059118266738567  5.3868775008472598E-002
0.24760000000000001  1.2156579163700423  5.5173852300103396E-002
0.24950000000000000  1.2254141049810572  5.6504496175790592E-002
0.25140000000000001  1.2351805116075756  5.7861060165705323E-002
0.25330000000000003  1.2449572562301678  5.9243898672886805E-002
0.25519999999999998  1.2547444596955817  6.0653366838833926E-002
0.25710000000000000  1.2645422437025700  6.2089820402576310E-002
0.25900000000000001  1.2743507307868787  6.3553615553094425E-002
0.26090000000000002  1.2841700443057009  6.5045108775203295E-002
0.26279999999999998  1.2940003084213647  6.6564656688877941E-002
0.26469999999999999  1.3038416480843522  6.8112615882073360E-002
0.26660000000000000  1.3136941890154963  6.9689342737130691E-002
0.26849999999999996  1.3235580576875676  7.1295193250903985E-002
0.27040000000000003  1.3334333813058701  7.2930522848653145E-002
0.27229999999999999  1.3433202877882851  7.4595686191999300E-002
0.27420000000000000  1.3532189057442883  7.6291036980991767E-002
0.27610000000000001  1.3631293644533231  7.8016927750605175E-002
0.27799999999999997  1.3730517938422488  7.9773709661872472E-002
0.27989999999999998  1.3829863244676628  8.1561732288277414E-002
0.28179999999999999  1.3929330874686785  8.3381343395612165E-002
0.28370000000000001  1.4028922145767571  8.5232888720911601E-002
0.28559999999999997  1.4128638380663707  8.7116711743763259E-002
0.28750000000000003  1.4228480907341843  8.9033153455687380E-002
0.28939999999999999  1.4328451058713769  9.0982552125880661E-002
0.29130000000000000  1.4428550172353842  9.2965243064108513E-002
0.29320000000000002  1.4528779590206391  9.4981558381181927E-002
0.29509999999999997  1.4629140658284474  9.7031826747544278E-002
0.29699999999999999  1.4729634726362915  9.9116373150504783E-002
0.29890000000000000  1.4830263147660883  0.10123551865050576
0.30080000000000001  1.4931027278519953  0.10338958013715101
0.30269999999999997  1.5031928478072445  0.10557887008541129
0.30460000000000004  1.5132968107903439  0.10780369631261973
0.30649999999999999  1.5234147531706141  0.11006436173688856
0.30840000000000001  1.5335468114930726  0.11236116413748916
0.31030000000000002  1.5436931224427550  0.11469439591771820
0.31219999999999998  1.5538538228083811  0.11706434387108353
0.31409999999999999  1.5640290494455367  0.11947128895108844
0.31600000000000000  1.5742189392393588  0.12191550604552190
0.31790000000000002  1.5844236290667446  0.12439726375558587
0.31979999999999997  1.5946432557581958  0.12691682418065511
0.32170000000000004  1.6048779560592252  0.12947444270906269
0.32360000000000000  1.6151278665915738  0.13207036781564654
0.32549999999999996  1.6253931238140480  0.13470484086641735
0.32740000000000002  1.6356738639832109  0.13737809593101460
0.32929999999999998  1.6459702231139028  0.14009035960339281
0.33119999999999999  1.6562823369396615  0.14284185083119910
0.33310000000000001  1.6666103408782160  0.14563278075526320
0.33500000000000002  1.6769543699708525  0.14846335255391216
0.33689999999999998  1.6873145588751506  0.15133376130688078
0.33879999999999999  1.6976910418034437  0.15424419385983712
0.34070000000000000  1.7080839524893274  0.15719482870443330
0.34259999999999996  1.7184934241485310  0.16018583586832569
0.34450000000000003  1.7289195894401290  0.16321737681638745
0.34639999999999999  1.7393625804281330  0.16628960436326212
0.34830000000000000  1.7498225285435474  0.16940266259757197
0.35020000000000001  1.7602995645467159  0.17255668681775649
0.35210000000000002  1.7707938184903145  0.17575180347971059
0.35399999999999998  1.7813054196827893  0.17898813015627485
0.35589999999999999  1.7918344966524340  0.18226577550858980
0.35780000000000001  1.8023811771121385  0.18558483926924887
0.35969999999999996  1.8129455879247716  0.18894541223721398
0.36160000000000003  1.8235278550748344  0.19234757628591800
0.36349999999999999  1.8341281036127040  0.19579140437515316
0.36540000000000000  1.8447464576574546  0.19927696059003175
0.36730000000000002  1.8553830403415712  0.20280430017507878
0.36920000000000003  1.8660379737863280  0.20637346958732000
0.37109999999999999  1.8767113790722985  0.20998450655830156
0.37300000000000000  1.8874033762107441  0.21363744016649525
0.37490000000000001  1.8981140841159794  0.21733229091965725
0.37679999999999997  1.9088436205787036  0.22106907084679961
0.37870000000000004  1.9195921022403930  0.22484778359942548
0.38059999999999999  1.9303596445687563  0.22866842456161982
0.38250000000000001  1.9411463618341820  0.23253098096859828
0.38440000000000002  1.9519523670930228  0.23643543203530454
0.38629999999999998  1.9627777721424671  0.24038174908195284
0.38819999999999999  1.9736226875377469  0.24436989568866152
0.39010000000000000  1.9844872225468129  0.24839982783406953
0.39200000000000002  1.9953714851392015  0.25247149405181291
0.39389999999999997  2.0062755819690943  0.25658483559030221
0.39580000000000004  2.0171996183595788  0.26073978657778701
0.39770000000000000  2.0281436982879923  0.26493627419212074
0.39959999999999996  2.0391079243723005  0.26917421883485981
0.40150000000000002  2.0500923978586720  0.27345353430915670
0.40339999999999998  2.0610972186163141  0.27777412800378948
0.40529999999999999  2.0721224851009992  0.28213590106568259
0.40720000000000001  2.0831682943872467  0.28653874860482315
0.40910000000000002  2.0942347421309528  0.29098255987002636
0.41099999999999998  2.1053219225699729  0.29546721844254559
0.41290000000000004  2.1164299285179959  0.29999260242739800
0.41480000000000000  2.1275588513594443  0.30455858464550173
0.41669999999999996  2.1387087810452567  0.30916503282620106
0.41860000000000003  2.1498798060897788  0.31381180979975504
0.42049999999999998  2.1610720135684440  0.31849877368954260
0.42240000000000005  2.1722854891217693  0.32322577810647857
0.42430000000000007  2.1835203169324151  0.32799267232701690
0.42620000000000002  2.1947765797613776  0.33279930150206438
0.42809999999999998  2.2060543589238444  0.33764550683062616
0.43000000000000005  2.2173537342979284  0.34253112574912364
0.43190000000000006  2.2286747843276102  0.34745599211499290
0.43380000000000002  2.2400175860262781  0.35241993638787095
0.43570000000000003  2.2513822149810001  0.35742278580815384
0.43759999999999999  2.2627687453576022  0.36246436457289860
0.43950000000000006  2.2741772499116109  0.36754449401226197
0.44140000000000007  2.2856077999723330  0.37266299274409176
0.44330000000000003  2.2970604654849249  0.37781967686412909
0.44519999999999998  2.3085353149933350  0.38301436009250595
0.44710000000000000  2.3200324156546306  0.38824685393746639
0.44900000000000007  2.3315518332480285  0.39351696785133644
0.45090000000000002  2.3430936321836331  0.39882450938253006
0.45280000000000004  2.3546578755123608  0.40416928432390897
0.45469999999999999  2.3662446249358728  0.40955109685716928
0.45660000000000006  2.3778539408170434  0.41496974969336548
0.45850000000000007  2.3894858821965395  0.42042504421449239
0.46040000000000003  2.4011405067807652  0.42591678058500149
0.46229999999999999  2.4128178709899144  0.43144475791297449
0.46420000000000000  2.4245180299445774  0.43700877435205565
0.46610000000000007  2.4362410374846681  0.44260862722782857
0.46800000000000003  2.4479869461819250  0.44824411315418222
0.46990000000000004  2.4597558073527521  0.45391502814593543
0.47180000000000011  2.4715476710712929  0.45962116772726491
0.47370000000000007  2.4833625861826532  0.46536232703632474
0.47560000000000008  2.4952006003163643  0.47113830092592490
0.47750000000000004  2.5070617599001612  0.47694888406049246
0.47939999999999999  2.5189461101736108  0.48279387100903681
0.48130000000000006  2.5308536952021989  0.48867305633458358
0.48320000000000007  2.5427845578913537  0.49458623467977864
0.48510000000000003  2.5547387400041193  0.50053320085514208
0.48700000000000004  2.5667162821609693  0.50651374989235232
0.48890000000000011  2.5787172238767355  0.51252767715813097
0.49080000000000007  2.5907416035594730  0.51857477839938504
0.49270000000000008  2.6027894585287146  0.52465484981827271
0.49460000000000004  2.6148608250302656  0.53076768813741793
0.49650000000000000  2.6269557382505409  0.53691309066181081
0.49840000000000007  2.6390742323312826  0.54309085533767654
0.50030000000000008  2.6512163403838396  0.54930078080837308
0.50220000000000009  2.6633820945038784  0.55554266646737660
0.50409999999999999  2.6755715257858799  0.56181631250843456
0.50600000000000001  2.6877846643373795  0.56812151997284666
0.50790000000000013  2.7000215392935338  0.57445809079431187
0.50980000000000003  2.7122821788315794  0.58082582784110570
0.51170000000000004  2.7245666101848132  0.58722453495559823
0.51360000000000006  2.7368748596571972  0.59365401699167297
0.51550000000000007  2.7492069526371505  0.60011407984946763
0.51740000000000008  2.7615629136118378  0.60660453050818564
0.51930000000000009  2.7739427661810745  0.61312517705650071
0.52120000000000000  2.7863465330711961  0.61967582872099070
0.52310000000000001  2.7987742361457086  0.62625629589986243
0.52500000000000013  2.8112258964313286  0.63286639015743062
0.52690000000000003  2.8237015341130669  0.63950592429241571
0.52880000000000005  2.8362011685600366  0.64617471232774104
0.53070000000000006  2.8487248183353926  0.65287256953741291
0.53260000000000007  2.8612725012098208  0.65959931246398940
0.53450000000000009  2.8738442341745527  0.66635475893434537
0.53640000000000010  2.8864400334540306  0.67313872807402175
0.53830000000000000  2.8990599145189697  0.67995104032006548
0.54020000000000001  2.9117038920991059  0.68679151743250577
0.54210000000000014  2.9243719801952706  0.69365998250433303
0.54400000000000004  2.9370641920920391  0.70055625997056259
0.54590000000000005  2.9497805403701176  0.70748017561587628
0.54780000000000006  2.9625210369179742  0.71443155658083846
0.54970000000000008  2.9752856929441385  0.72141023136760052
0.55160000000000009  2.9880745189888325  0.72841602984410425
0.55350000000000010  3.0008875249355880  0.73544878324736507
0.55540000000000000  3.0137247200228758  0.74250832418601653
0.55730000000000002  3.0265861128551692  0.74959448664167594
0.55920000000000014  3.0394717114144050  0.75670710596954993
0.56110000000000004  3.0523815230707618  0.76384601889840587
0.56300000000000006  3.0653155545937398  0.77101106352947768
0.56490000000000007  3.0782738121628141  0.77820207933489216
0.56680000000000008  3.0912563013778160  0.78541890715515805
0.56870000000000009  3.1042630272696958  0.79266138919639795
0.57060000000000011  3.1172939943105935  0.79992936902642564
0.57250000000000001  3.1303492064239875  0.80722269157083659
0.57440000000000002  3.1434286669945601  0.81454120310797062
0.57630000000000015  3.1565323788782291  0.82188475126385296
0.57820000000000005  3.1696603444116662  0.82925318500640399
0.58010000000000006  3.1828125654219424  0.83664635463919235
0.58200000000000007  3.1959890432024856  0.84406411180347940
0.58389999999999997  3.2091897786559271  0.85150630943643391
0.58580000000000010  3.2224147721022547  0.85897280181632096
0.58770000000000011  3.2356640234221437  0.86646344451950663
0.58960000000000001  3.2489375320324303  0.87397809442137220
0.59150000000000003  3.2622352968937283  0.88151660968755219
0.59340000000000015  3.2755573165201892  0.88907884976604501
0.59530000000000005  3.2889035889870990  0.89666467537770767
0.59720000000000006  3.3022741119393011  0.90427394850729592
0.59910000000000008  3.3156688825996796  0.91190653239463371
0.60099999999999998  3.3290878977766289  0.91956229152437041
0.60290000000000010  3.3425311538722324  0.92724109161690038
0.60480000000000012  3.3559986468900362  0.93494279961817883
0.60670000000000002  3.3694903724420695  0.94266728368972719
0.60860000000000003  3.3830063257573149  0.95041441319886866
0.61050000000000015  3.3965465016878746  0.95818405870791212
0.61240000000000006  3.4101108947175534  0.96597609196443368
0.61430000000000007  3.4236994989676268  0.97379038589028699
0.61620000000000008  3.4373123082047528  0.98162681457149603
0.61809999999999998  3.4509493158472639  0.98948525324748393
0.62000000000000011  3.4646105149721560  0.99736557830031425
0.62190000000000012  3.4782958983219854  1.0052676672443714
0.62380000000000002  3.4920054583107465  1.0131913987153807
0.62570000000000003  3.5057391870307133  1.0211366524596228
0.62760000000000005  3.5194970762588000  1.0291033093233788
0.62950000000000006  3.5332791174623672  1.0370912512419999
0.63140000000000007  3.5470853018056769  1.0451003612291849
0.63330000000000009  3.5609156201556562  1.0531305233663038
0.63519999999999999  3.5747700630878989  1.0611816227915172
0.63710000000000011  3.5886486208920014  1.0692535456889427
0.63900000000000012  3.6025512835777938  1.0773461792782002
0.64090000000000003  3.6164780408809905  1.0854594118037937
0.64280000000000004  3.6304288822676289  1.0935931325239108
0.64470000000000005  3.6444037969408174  1.1017472317005366
0.64660000000000006  3.6584027738449971  1.1099216005884960
0.64850000000000008  3.6724258016715510  1.1181161314249535
0.65040000000000009  3.6864728688633339  1.1263307174188790
0.65229999999999999  3.7005439636212398  1.1345652527412187
0.65420000000000011  3.7146390739069308  1.1428196325138649
0.65610000000000013  3.7287581874492797  1.1510937527997518
0.65800000000000003  3.7429012917486522  1.1593875105926434
0.65990000000000004  3.7570683740810771  1.1677008038068668
0.66180000000000005  3.7712594215037289  1.1760335312674814
0.66370000000000007  3.7854744208583151  1.1843855927000855
0.66560000000000008  3.7997133587769159  1.1927568887212030
0.66750000000000009  3.8139762216845332  1.2011473208279546
0.66940000000000000  3.8282629958052410  1.2095567913890679
0.67130000000000012  3.8425736671646504  1.2179852036344334
0.67320000000000013  3.8569082215953436  1.2264324616462527
0.67510000000000003  3.8712666447400688  1.2348984703490138
0.67700000000000005  3.8856489220561192  1.2433831355004972
0.67890000000000006  3.9000550388190178  1.2518863636822157
0.68080000000000007  3.9144849801263457  1.2604080622903107
0.68270000000000008  3.9289387309016393  1.2689481395263393
0.68460000000000010  3.9434162758981994  1.2775065043886384
0.68650000000000000  3.9579175997021379  1.2860830666627570
0.68840000000000012  3.9724426867363900  1.2946777369131020
0.69030000000000014  3.9869915212642426  1.3032904264739054
0.69220000000000004  4.0015640873926674  1.3119210474410046
0.69410000000000005  4.0161603690751688  1.3205695126625101
0.69600000000000006  4.0307803501163386  1.3292357357312430
0.69790000000000008  4.0454240141738245  1.3379196309756574
0.69980000000000009  4.0600913447620393  1.3466211134518964
0.70170000000000010  4.0747823252553426  1.3553400989354720
0.70360000000000000  4.0894969388912017  1.3640765039133016
0.70550000000000002  4.1042351687730605  1.3728302455757253
0.70740000000000014  4.1189969978729559  1.3816012418082186
0.70930000000000004  4.1337824090352076  1.3903894111841280
0.71120000000000005  4.1485913849786513  1.3991946729564928
0.71310000000000007  4.1634239082997011  1.4080169470507897
0.71500000000000008  4.1782799614747690  1.4168561540569133
0.71690000000000009  4.1931595268639859  1.4257122152223534
0.71880000000000011  4.2080625867127104  1.4345850524444230
0.72070000000000001  4.2229891231543357  1.4434745882628217
0.72260000000000002  4.2379391182135882  1.4523807458530054
0.72450000000000014  4.2529125538083701  1.4613034490185242
0.72640000000000005  4.2679094117522896  1.4702426221843881
0.72830000000000006  4.2829296737574492  1.4791981903900946
0.73020000000000007  4.2979733214364959  1.4881700792826311
0.73210000000000008  4.3130403363054146  1.4971582151099054
0.73400000000000010  4.3281306997850892  1.5061625247139945
0.73590000000000011  4.3432443932041007  1.5151829355244986
0.73780000000000001  4.3583813978011934  1.5242193755522975
0.73970000000000002  4.3735416947266081  1.5332717733827739
0.74160000000000015  4.3887252650451849  1.5423400581698987
0.74350000000000005  4.4039320897378360  1.5514241596295504
0.74540000000000006  4.4191621497035838  1.5605240080336296
0.74730000000000008  4.4344154257623005  1.5696395342040084
0.74919999999999998  4.4496918986558844  1.5787706695062453
0.75110000000000010  4.4649915490506684  1.5879173458439362
0.75300000000000011  4.4803143575390703  1.5970794956525283
0.75490000000000002  4.4956603046418664  1.6062570518939390
0.75680000000000003  4.5110293708098235  1.6154499480505493
0.75870000000000015  4.5264215364253815  1.6246581181196826
0.76060000000000005  4.5418367818048706  1.6338814966080106
0.76250000000000007  4.5572750871997867  1.6431200185260590
0.76440000000000008  4.5727364327985773  1.6523736193827412
0.76629999999999998  4.5882207987291634  1.6616422351803357
0.76820000000000010  4.6037281650591311  1.6709258024085305
0.77010000000000012  4.6192585117990257  1.6802242580400220
0.77200000000000002  4.6348118189026071  1.6895375395248315
0.77390000000000003  4.6503880662690484  1.6988655847852432
0.77580000000000016  4.6659872337444988  1.7082083322111152
0.77770000000000006  4.6816093011234470  1.7175657206546073
0.77960000000000007  4.6972542481504238  1.7269376894256057
0.78150000000000008  4.7129220545215356  1.7363241782866978
0.78339999999999999  4.7286126998848985  1.7457251274482086
0.78530000000000011  4.7443261638439624  1.7551404775642154
0.78720000000000012  4.7600624259572264  1.7645701697271527
0.78910000000000002  4.7758214657404299  1.7740141454636709
0.79100000000000004  4.7916032626675662  1.7834723467300073
0.79290000000000016  4.8074077961724653  1.7929447159074789
0.79480000000000006  4.8232350456501605  1.8024311957983827
0.79670000000000007  4.8390849904574820  1.8119317296210986
0.79860000000000009  4.8549576099153589  1.8214462610064335
0.80049999999999999  4.8708528833090394  1.8309747339928397
0.80240000000000011  4.8867707898902051  1.8405170930227637
0.80430000000000013  4.9027113088775707  1.8500732829382056
0.80620000000000003  4.9186744194579965  1.8596432489764940
0.80810000000000004  4.9346601007882596  1.8692269367668410
0.81000000000000016  4.9506683319956277  1.8788242923259628
0.81190000000000007  4.9666990921789402  1.8884352620540659
0.81380000000000008  4.9827523604103447  1.8980597927314435
0.81570000000000009  4.9988281157353329  1.9076978315141855
0.81759999999999999  5.0149263371750150  1.9173493259309335
0.81950000000000012  5.0310470037261066  1.9270142238785495
0.82140000000000013  5.0471900943621533  1.9366924736189144
0.82330000000000003  5.0633555880354741  1.9463840237753225
0.82520000000000004  5.0795434636767549  1.9560888233285474
0.82710000000000006  5.0957537001967985  1.9658068216136237
0.82900000000000007  5.1119862764875910  1.9755379683163916
0.83090000000000008  5.1282411714226939  1.9852822134697521
0.83280000000000010  5.1445183638586958  1.9950395074507066
0.83470000000000000  5.1608178326354883  2.0048098009765347
0.83660000000000012  5.1771395565779219  2.0145930451018583
0.83850000000000013  5.1934835144960028  2.0243891912152967
0.84040000000000004  5.2098496851862075  2.0341981910360838
0.84230000000000005  5.2262380474317975  2.0440199966109525
0.84420000000000006  5.2426485800042757  2.0538545603111449
0.84609999999999996  5.2590812616641021  2.0637018348293181
0.84799999999999998  5.2755360711604986  2.0735617731759630
0.84989999999999999  5.2920129872336972  2.0834343286770962
0.85180000000000000  5.3085119886146739  2.0933194549707759
0.85370000000000013  5.3250330540266715  2.1032171060045957
0.85560000000000014  5.3415761621849587  2.1131272360320716
0.85750000000000004  5.3581412917982085  2.1230497996103916
0.85940000000000005  5.3747284215695093  2.1329847515974234
0.86130000000000007  5.3913375301961803  2.1429320471486739
0.86319999999999997  5.4079685963712398  2.1528916417148056
0.86509999999999998  5.4246215987835438  2.1628634910386362
0.86699999999999999  5.4412965161192579  2.1728475511528704
0.86890000000000001  5.4579933270610121  2.1828437783766241
0.87079999999999991  5.4747120102904550  2.1928521293137253
0.87270000000000014  5.4914525444870854  2.2028725608492947
0.87460000000000004  5.5082149083302534  2.2129050301478612
0.87650000000000006  5.5249990804988327  2.2229494946501682
0.87840000000000007  5.5418050396727541  2.2330059120713326
0.88029999999999997  5.5586327645323275  2.2430742403976067
0.88219999999999998  5.5754822337597174  2.2531544378844091
0.88410000000000000  5.5923534260397005  2.2632464630540090
0.88600000000000001  5.6092463200595741  2.2733502746927914
0.88789999999999991  5.6261608945097317  2.2834658318488210
0.88980000000000015  5.6430971280846549  2.2935930938299052
0.89170000000000005  5.6600549994833820  2.3037320202011085
0.89360000000000006  5.6770344874095997  2.3138825707822126
0.89550000000000007  5.6940355705723844  2.3240447056457714
0.89739999999999998  5.7110582276868458  2.3342183851147627
0.89929999999999999  5.7281024374747034  2.3444035697605115
0.90120000000000000  5.7451681786640449  2.3546002204001315
0.90309999999999990  5.7622554299906428  2.3648082980947658
0.90499999999999992  5.7793641701981686  2.3750277641473905
0.90689999999999993  5.7964943780384237  2.3852585801004689
0.90879999999999994  5.8136460322719197  2.3955007077341630
0.91070000000000007  5.8308191116685189  2.4057541090641270
0.91260000000000008  5.8480135950073198  2.4160187463393332
0.91449999999999998  5.8652294610777700  2.4262945820404136
0.91639999999999999  5.8824666886796830  2.4365815788773717
0.91830000000000001  5.8997252566237215  2.4468796997878193
0.92019999999999991  5.9170051437315516  2.4571889079347580
0.92209999999999992  5.9343063288368114  2.4675091667050078
0.92399999999999993  5.9516287907851408  2.4778404397071259
0.92589999999999995  5.9689725084343834  2.4881826907694236
0.92780000000000007  5.9863374606552116  2.4985358839382510
0.92970000000000008  6.0037236263316558  2.5088999834763124
0.93159999999999998  6.0211309843609842  2.5192749538604291
0.93350000000000000  6.0385595136544223  2.5296607597801191
0.93540000000000001  6.0560091931375348  2.5400573661357031
0.93729999999999991  6.0734800017501076  2.5504647380364451
0.93919999999999992  6.0909719184472442  2.5608828407990543
0.94109999999999994  6.1084849221988495  2.5713116399457130
0.94299999999999995  6.1260189919904526  2.5817511012024648
0.94490000000000007  6.1435741068236966  2.5922011904976747
0.94680000000000009  6.1611502457161915  2.6026618739602712
0.94869999999999999  6.1787473877016854  2.6131331179178461
0.95060000000000000  6.1963655118311562  2.6236148888955202
0.95250000000000001  6.2140045971725595  2.6341071536141039
0.95439999999999992  6.2316646228108734  2.6446098789882475
0.95629999999999993  6.2493455678489331  2.6551230321253034
0.95819999999999994  6.2670474114074501  2.6656465803235019
0.96009999999999995  6.2847701326251117  2.6761804910705389
0.96199999999999986  6.3025137106593272  2.6867247320419785
0.96390000000000009  6.3202781246860518  2.6972792710997986
0.96579999999999999  6.3380633538999103  2.7078440762907166
0.96770000000000000  6.3558693775153170  2.7184191158451956
0.96960000000000002  6.3736961747654117  2.7290043581752825
0.97149999999999992  6.3915437249036646  2.7395997718738641
0.97339999999999993  6.4094120072030121  2.7502053257127197
0.97529999999999994  6.4273010009566729  2.7608209886413033
0.97719999999999996  6.4452106854782825  2.7714467297854712
0.97909999999999986  6.4631410401020437  2.7820825184459199
0.98100000000000009  6.4810920441830699  2.7927283240969034
0.98290000000000000  6.4990636770971761  2.8033841163846849
0.98480000000000001  6.5170559182418248  2.8140498651266088
0.98670000000000002  6.5350687470354956  2.8247255403092462
0.98859999999999992  6.5531021429187346  2.8354111120876220
0.99049999999999994  6.5711560853535813  2.8461065507834351
0.99239999999999995  6.5892305538244891  2.8568118268841785
0.99429999999999996  6.6073255278375891  2.8675269110414723
0.99619999999999986  6.6254409869219435  2.8782517740701605
0.99810000000000010  6.6435769106289344  2.8889863869467955
1.0000000000000000  6.6617332785327230  2.8997307208085994
