5.0000000000000003E-002  0.23908101300714177  7.2905221899259728E-004
5.1899999999999995E-002  0.24819514821853172  8.0605531258290950E-004
5.3800000000000001E-002  0.25731217990574057  8.8774169429547186E-004
5.5700000000000006E-002  0.26643217166790245  9.7414909773296311E-004
5.7599999999999998E-002  0.27555518367382603  1.0653136228491182E-003
5.9499999999999997E-002  0.28468127348495759  1.1612707019163370E-003
6.1400000000000003E-002  0.29381049600215886  1.2620560252681462E-003
6.3300000000000009E-002  0.30294290385049505  1.3677063465299649E-003
6.5200000000000008E-002  0.31207854768704751  1.4782602064163668E-003
6.7099999999999993E-002  0.32121747630113551  1.5937585864659290E-003
6.9000000000000006E-002  0.33035973693569132  1.7142454751253688E-003
7.0900000000000005E-002  0.33950537546408399  1.8397683695417341E-003
7.2799999999999990E-002  0.34865443667803925  1.9703787091756102E-003
7.4700000000000003E-002  0.35780696437048720  2.1061322530453713E-003
7.6600000000000001E-002  0.36696300159527023  2.2470893978848512E-003
7.8500000000000000E-002  0.37612259082419697  2.3933154472517825E-003
8.0400000000000013E-002  0.38528577411099779  2.5448808339176266E-003
8.2300000000000012E-002  0.39445259324438098  2.7018612998662454E-003
8.4199999999999997E-002  0.40362308989073764  2.8643380380689331E-003
8.6099999999999996E-002  0.41279730570729900  3.0323977992719130E-003
8.7999999999999995E-002  0.42197528254311850  3.2061329675589592E-003
8.9899999999999994E-002  0.43115706243753360  3.3856416079504578E-003
9.1800000000000007E-002  0.44034268779985941  3.5710274885397656E-003
9.3700000000000006E-002  0.44953220148779621  3.7624000803274005E-003
9.5600000000000004E-002  0.45872564689519624  3.9598745371001729E-003
9.7500000000000017E-002  0.46792306803306577  4.1635716577756903E-003
9.9400000000000002E-002  0.47712450960318553  4.3736178332542197E-003
0.10130000000000000  0.48633001706453111  4.5901449798280035E-003
0.10320000000000000  0.49553963669378659  4.8132904608610382E-003
0.10510000000000000  0.50475341564000087  5.0431969985463756E-003
0.10700000000000000  0.51397140197271318  5.2800125770326245E-003
0.10890000000000001  0.52319364472599672  5.5238903383820733E-003
0.11080000000000001  0.53242019393711515  5.7749884727419558E-003
0.11270000000000001  0.54165110068077282  6.0334701035313224E-003
0.11460000000000002  0.55088641709800623  6.2995031690077129E-003
0.11649999999999999  0.56012619640672801  6.5732603009373922E-003
0.11840000000000001  0.56937049298738840  6.8549187011757128E-003
0.12030000000000000  0.57861936230699451  7.1446600172211652E-003
0.12220000000000000  0.58787286099722225  7.4426702169483605E-003
0.12410000000000000  0.59713104685149332  7.7491394635534547E-003
0.12600000000000000  0.60639397883520652  8.0642619910197087E-003
0.12790000000000001  0.61566171709350870  8.3882316214245033E-003
0.12980000000000003  0.62493429967206482  8.7174058828151258E-003
0.13169999999999998  0.63421173169521794  9.0528920489604970E-003
0.13360000000000000  0.64349404553104783  9.3960150129509534E-003
0.13550000000000001  0.65278128480222086  9.7473929326606298E-003
0.13739999999999999  0.66207349921497405  1.0107476119987186E-002
0.13930000000000001  0.67137074275987907  1.0476641065062818E-002
0.14120000000000002  0.68067307279346467  1.0855224425805722E-002
0.14310000000000000  0.68998054948452470  1.1243538839450796E-002
0.14500000000000002  0.69929323544475086  1.1641881419356197E-002
0.14690000000000000  0.70861119546480456  1.2050538777211826E-002
0.14879999999999999  0.71793449631611572  1.2469790200631339E-002
0.15070000000000000  0.72726320659576127  1.2899909769023063E-002
0.15260000000000001  0.73659739660153800  1.3341167820015808E-002
0.15450000000000000  0.74593713822893437  1.3793831999094588E-002
0.15640000000000001  0.75528250488404913  1.4258168031104083E-002
0.15830000000000002  0.76463357140889443  1.4734440300497193E-002
0.16020000000000001  0.77399041401643065  1.5222912296458687E-002
0.16210000000000002  0.78335311023377441  1.5723846960585777E-002
0.16400000000000001  0.79272173885072483  1.6237506962982751E-002
0.16589999999999999  0.80209637987463711  1.6764154924895084E-002
0.16780000000000000  0.81147711448885795  1.7304053601256340E-002
0.16970000000000002  0.82086402501549149  1.7857466032366223E-002
0.17160000000000000  0.83025719488109995  1.8424655672009932E-002
0.17350000000000002  0.83965670858526797  1.9005886497345557E-002
0.17540000000000003  0.84906265167176076  1.9601423104435352E-002
0.17730000000000001  0.85847511070186511  2.0211530792718133E-002
0.17920000000000003  0.86789417322968365  2.0836475640705114E-002
0.18110000000000001  0.87731992776995693  2.1476524574711157E-002
0.18300000000000000  0.88675246381400308  2.2131945432105622E-002
0.18490000000000001  0.89619187175466841  2.2803007020277769E-002
0.18680000000000002  0.90563824290477191  2.3489979171916399E-002
0.18870000000000001  0.91509166947099130  2.4193132797502580E-002
0.19060000000000002  0.92455224453805240  2.4912739935356962E-002
0.19250000000000003  0.93402006205408306  2.5649073799667608E-002
0.19439999999999999  0.94349521681700621  2.6402408826713540E-002
0.19630000000000000  0.95297780446188385  2.7173020719441436E-002
0.19820000000000002  0.96246792144922266  2.7961186490480461E-002
0.20010000000000000  0.97196566505408077  2.8767184503657593E-002
0.20200000000000001  0.98147113335602654  2.9591294513922207E-002
0.20390000000000003  0.99098442522983576  3.0433797705645006E-002
0.20580000000000001  1.0005056403368240  3.1294976729199918E-002
0.20770000000000002  1.0100348791169595  3.2175115735661820E-002
0.20960000000000004  1.0195722427814340  3.3074500409440780E-002
0.21149999999999999  1.0291178333059117  3.3993417998719258E-002
0.21340000000000001  1.0386717534241872  3.4932157343449358E-002
0.21529999999999999  1.0482341066223699  3.5891008900650126E-002
0.21720000000000000  1.0578049971334580  3.6870264766891273E-002
0.21909999999999999  1.0673845299323277  3.7870218697547579E-002
0.22100000000000003  1.0769728107309919  3.8891166122738706E-002
0.22289999999999999  1.0865699459741556  3.9933404159544932E-002
0.22479999999999997  1.0961760428350893  4.0997231620366038E-002
0.22670000000000001  1.1057912092115749  4.2082949017038282E-002
0.22860000000000000  1.1154155537220898  4.3190858560523585E-002
0.23050000000000001  1.1250491857020855  4.4321264155863800E-002
0.23240000000000000  1.1346922152002850  4.5474471392128853E-002
0.23430000000000001  1.1443447529750472  4.6650787527128562E-002
0.23619999999999999  1.1540069104906772  4.7850521466597386E-002
0.23810000000000003  1.1636787999136637  4.9073983737616886E-002
0.23999999999999999  1.1733605341088214  5.0321486456025910E-002
0.24189999999999998  1.1830522266352419  5.1593343287591305E-002
0.24380000000000002  1.1927539917420575  5.2889869402732187E-002
0.24570000000000000  1.2024659443639629  5.4211381424536839E-002
0.24760000000000001  1.2121882001164261  5.5558197369947375E-002
0.24950000000000000  1.2219208752906123  5.6930636583876655E-002
0.25140000000000001  1.2316640868478526  5.8329019666127739E-002
0.25330000000000003  1.2414179524137661  5.9753668390926870E-002
0.25519999999999998  1.2511825902718841  6.1204905619026480E-002
0.25710000000000000  1.2609581193568347  6.2683055202168797E-002
0.25900000000000001  1.2707446592469229  6.4188441879907479E-002
0.26090000000000002  1.2805423301561278  6.5721391168698753E-002
0.26279999999999998  1.2903512529256476  6.7282229243217681E-002
0.26469999999999999  1.3001715490145591  6.8871282809891951E-002
0.26660000000000000  1.3100033404900220  7.0488878972706892E-002
0.26849999999999996  1.3198467500166375  7.2135345091251968E-002
0.27040000000000003  1.3297019008451401  7.3811008631165922E-002
0.27229999999999999  1.3395689168003022  7.5516197007006639E-002
0.27420000000000000  1.3494479222742120  7.7251237418103608E-002
0.27610000000000001  1.3593390421876426  7.9016456675246441E-002
0.27799999999999997  1.3692424020132699  8.0812181024165541E-002
0.27989999999999998  1.3791581277349279  8.2638735958274367E-002
0.28179999999999999  1.3890863458377105  8.4496446026859712E-002
0.28370000000000001  1.3990271832908268  8.6385634636472711E-002
0.28559999999999997  1.4089807675295656  8.8306623846403157E-002
0.28750000000000003  1.4189472264363701  9.0259734158525839E-002
0.28939999999999999  1.4289266883209828  9.2245284301825881E-002
0.29130000000000000  1.4389192818996170  9.4263591012099954E-002
0.29320000000000002  1.4489251362732953  9.6314968807294121E-002
0.29509999999999997  1.4589443809052511  9.8399729758743393E-002
0.29699999999999999  1.4689771455973866  0.10051818325904149
0.29890000000000000  1.4790235604659430  0.10267063578691020
0.30080000000000001  1.4890837559160823  0.10485739066962972
0.30269999999999997  1.4991578626157605  0.10707874784358735
0.30460000000000004  1.5092460114686570  0.10933500361348385
0.30649999999999999  1.5193483335863645  0.11162645041090123
0.30840000000000001  1.5294649602596067  0.11395337655268933
0.31030000000000002  1.5395960229288814  0.11631606599983614
0.31219999999999998  1.5497416531541022  0.11871479811753587
0.31409999999999999  1.5599019825837290  0.12114984743694553
0.31600000000000000  1.5700771429230793  0.12362148341936191
0.31790000000000002  1.5802672659020256  0.12612997022342703
0.31979999999999997  1.5904724832420727  0.12867556647598399
0.32170000000000004  1.6006929266228698  0.13125852504722971
0.32360000000000000  1.6109287276481916  0.13387909283080038
0.32549999999999996  1.6211800178114155  0.13653751052934912
0.32740000000000002  1.6314469284606052  0.13923401244625913
0.32929999999999998  1.6417295907631855  0.14196882628408147
0.33119999999999999  1.6520281356758104  0.14474217295120001
0.33310000000000001  1.6623426938857369  0.14755426637125912
0.33500000000000002  1.6726733958095710  0.15040531331115886
0.33689999999999998  1.6830203715330829  0.15329551320745233
0.33879999999999999  1.6933837507808751  0.15622505800728514
0.34070000000000000  1.7037636628800363  0.15919413201794957
0.34259999999999996  1.7141602367234055  0.16220291176647678
0.34450000000000003  1.7245736007332284  0.16525156586969569
0.34639999999999999  1.7350038828248728  0.16834025491503066
0.34830000000000000  1.7454512103706183  0.17146913135231154
0.35020000000000001  1.7559157101637848  0.17463833939686682
0.35210000000000002  1.7663975083830157  0.17784801494407562
0.35399999999999998  1.7768967305570837  0.18109828549555801
0.35589999999999999  1.7874135015299051  0.18438927009707110
0.35780000000000001  1.7979479454260863  0.18772107928826842
0.35969999999999996  1.8085001856169851  0.19109381506427014
0.36160000000000003  1.8190703446928052  0.19450757085062589
0.36349999999999999  1.8296585444068760  0.19796243148230944
0.36540000000000000  1.8402649056789153  0.20145847321025198
0.36730000000000002  1.8508895485393952  0.20499576370338843
0.36920000000000003  1.8615325921046741  0.20857436207022856
0.37109999999999999  1.8721941545470984  0.21219431889006421
0.37300000000000000  1.8828743530659422  0.21585567625518823
0.37490000000000001  1.8935733038589488  0.21955846782384381
0.37679999999999997  1.9042911220948382  0.22330271888361117
0.37870000000000004  1.9150279218867738  0.22708844642493081
0.38059999999999999  1.9257838162667236  0.23091565922440352
0.38250000000000001  1.9365589171607103  0.23478435793751246
0.38440000000000002  1.9473533353710184  0.23869453520247719
0.38629999999999998  1.9581671805288050  0.24264617574182498
0.38819999999999999  1.9690005611112051  0.24663925649463900
0.39010000000000000  1.9798535843934613  0.25067374673334258
0.39200000000000002  1.9907263564364599  0.25474960819974518
0.39389999999999997  2.0016189820681056  0.25886679524546841
0.39580000000000004  2.0125315648658071  0.26302525497872731
0.39770000000000000  2.0234642071399835  0.26722492741699438
0.39959999999999996  2.0344170099187115  0.27146574564509857
0.40150000000000002  2.0453900729333072  0.27574763597826701
0.40339999999999998  2.0563834946116115  0.28007051813248013
0.40529999999999999  2.0673973720381920  0.28443430538386677
0.40720000000000001  2.0784318009867175  0.28883890476273449
0.40910000000000002  2.0894868758791731  0.29328421721835840
0.41099999999999998  2.1005626897847285  0.29777013780312683
0.41290000000000004  2.1116593344117418  0.30229655585543685
0.41480000000000000  2.1227769001005763  0.30686335518426722
0.41669999999999996  2.1339154758174503  0.31147041425511207
0.41860000000000003  2.1450751491493527  0.31611760637683795
0.42049999999999998  2.1562560062997123  0.32080479988903737
0.42240000000000005  2.1674581320908808  0.32553185835269444
0.42430000000000007  2.1786816099375588  0.33029864072431425
0.42620000000000002  2.1899265218837383  0.33510500156353007
0.42809999999999998  2.2011929485748354  0.33995079120437532
0.43000000000000005  2.2124809692650342  0.34483585594381155
0.43190000000000006  2.2237906618184184  0.34976003822498092
0.43380000000000002  2.2351221027107315  0.35472317681870202
0.43570000000000003  2.2464753670318158  0.35972510700295673
0.43759999999999999  2.2578505284890857  0.36476566074008965
0.43950000000000006  2.2692476594170783  0.36984466685546841
0.44140000000000007  2.2806668307583058  0.37496195119352455
0.44330000000000003  2.2921081121062614  0.38011733681216803
0.44519999999999998  2.3035715716849610  0.38531064413140087
0.44710000000000000  2.3150572763623187  0.39054169110106995
0.44900000000000007  2.3265652916575847  0.39581029336053247
0.45090000000000002  2.3380956817488099  0.40111626439489906
0.45280000000000004  2.3496485094811317  0.40645941568786731
0.45469999999999999  2.3612238363755038  0.41183955687075458
0.45660000000000006  2.3728217226378994  0.41725649586796593
0.45850000000000007  2.3844422271688344  0.42271003903846810
0.46040000000000003  2.3960854075785698  0.42819999131831099
0.46229999999999999  2.4077513201766152  0.43372615633526429
0.46420000000000000  2.4194400200152661  0.43928833656860045
0.46610000000000007  2.4311515608778436  0.44488633345455153
0.46800000000000003  2.4428859952963764  0.45051994751376628
0.46990000000000004  2.4546433745632199  0.45618897846943196
0.47180000000000011  2.4664237487432423  0.46189322536155747
0.47370000000000007  2.4782271666860205  0.46763248665726492
0.47560000000000008  2.4900536760385514  0.47340656035723827
0.47750000000000004  2.5019033232579000  0.47921524409831601
0.47939999999999999  2.5137761536243568  0.48505833525223907
0.48130000000000006  2.5256722112543910  0.49093563102065668
0.48320000000000007  2.5375915391141119  0.49684692852637580
0.48510000000000003  2.5495341790363519  0.50279202490739305
0.48700000000000004  2.5615001717190946  0.50877071737464719
0.48890000000000011  2.5734895567627527  0.51478280333285908
0.49080000000000007  2.5855023726675879  0.52082808042975859
0.49270000000000008  2.5975386568519983  0.52690634663699243
0.49460000000000004  2.6095984456661250  0.53301740032011447
0.49650000000000000  2.6216817744061212  0.53916104030568057
0.49840000000000007  2.6337886773281478  0.54533706594503495
0.50030000000000008  2.6459191876619994  0.55154527717490431
0.50220000000000009  2.6580733376259507  0.55778547457527905
0.50409999999999999  2.6702511584400144  0.56405745942387364
0.50600000000000001  2.6824526803403761  0.57036103374812441
0.50790000000000013  2.6946779325934385  0.57669600037429725
0.50980000000000003  2.7069269435095569  0.58306216297376956
0.51170000000000004  2.7191997404572512  0.58945932610685403
0.51360000000000006  2.7314963498769420  0.59588729526400908
0.51550000000000007  2.7438167972948455  0.60234587690468566
0.51740000000000008  2.7561611073367169  0.60883487849362528
0.51930000000000009  2.7685293037415497  0.61535410853502703
0.52120000000000000  2.7809214093752117  0.62190337660448125
0.52310000000000001  2.7933374462406211  0.62848249338611650
0.52500000000000013  2.8057774355044889  0.63509127067020421
0.52690000000000003  2.8182413974910068  0.64172952142486217
0.52880000000000005  2.8307293517078063  0.64839705978868190
0.53070000000000006  2.8432413168559330  0.65509370110062914
0.53260000000000007  2.8557773108434450  0.66181926192039331
0.53450000000000009  2.8683373507974386  0.66857356004681978
0.53640000000000010  2.8809214530773724  0.67535641453481066
0.53830000000000000  2.8935296332876939  0.68216764571083188
0.54020000000000001  2.9061619062902020  0.68900707518668880
0.54210000000000014  2.9188182862164478  0.69587452587195064
0.54400000000000004  2.9314987864800295  0.70276982198510973
0.54590000000000005  2.9442034197888454  0.70969278906328603
0.54780000000000006  2.9569321981570784  0.71664325397090745
0.54970000000000008  2.9696851329166223  0.72362104490685220
0.55160000000000009  2.9824622347293577  0.73062599141073870
0.55350000000000010  2.9952635135984895  0.73765792436816113
0.55540000000000000  3.0080889788799352  0.74471667601468894
0.55730000000000002  3.0209386392934752  0.75180207993896808
0.55920000000000014  3.0338125029344338  0.75891397108507164
0.56110000000000004  3.0467105772837986  0.76605218575350920
0.56300000000000006  3.0596328692198886  0.77321656160201613
0.56490000000000007  3.0725793850285430  0.78040693764507607
0.56680000000000008  3.0855501304139081  0.78762315425283136
0.56870000000000009  3.0985451105088910  0.79486505314940703
0.57060000000000011  3.1115643298849673  0.80213247741027316
0.57250000000000001  3.1246077925629678  0.80942527145932863
0.57440000000000002  3.1376755020224438  0.81674328106499294
0.57630000000000015  3.1507674612119012  0.82408635333621483
0.57820000000000005  3.1638836725582555  0.83145433671740732
0.58010000000000006  3.1770241379763347  0.83884708098326044
0.58200000000000007  3.1901888588439076  0.84626443724103251
0.58389999999999997  3.2033778361494938  0.85370625789198562
0.58580000000000010  3.2165910702924481  0.86117239667356138
0.58770000000000011  3.2298285612325714  0.86866270861980222
0.58960000000000001  3.2430903084626848  0.87617705006192736
0.59150000000000003  3.2563763110178887  0.88371527862075050
0.59340000000000015  3.2696865674837912  0.89127725319861395
0.59530000000000005  3.2830210760054377  0.89886283397128641
0.59720000000000006  3.2963798342956081  0.90647188237941900
0.59910000000000008  3.3097628396420307  0.91410426111913012
0.60099999999999998  3.3231700889164868  0.92175983413383122
0.60290000000000010  3.3366015785819045  0.92943846660430574
0.60480000000000012  3.3500573047008699  0.93714002493985360
0.60670000000000002  3.3635372629428728  0.94486437676820045
0.60860000000000003  3.3770414485910805  0.95261139092562253
0.61050000000000015  3.3905698565510458  0.96038093744773567
0.61240000000000006  3.4041224813570348  0.96817288755876485
0.61430000000000007  3.4176993171796544  0.97598711366180924
0.61620000000000008  3.4313003578323666  0.98382348932826214
0.61809999999999998  3.4449255967786647  0.99168188928780177
0.62000000000000011  3.4585750271394362  0.99956218941799524
0.62190000000000012  3.4722486416982616  1.0074642667332958
0.62380000000000002  3.4859464329091150  1.0153879993751478
0.62570000000000003  3.4996683929025219  1.0233332666012727
0.62760000000000005  3.5134145134914507  1.0312999487744818
0.62950000000000006  3.5271847861779553  1.0392879273529596
0.63140000000000007  3.5409792021595710  1.0472970848790231
0.63330000000000009  3.5547977523343710  1.0553273049686671
0.63519999999999999  3.5686404273077676  1.0633784723008650
0.63710000000000011  3.5825072173978767  1.0714504726068397
0.63900000000000012  3.5963981126411970  1.0795431926596182
0.64090000000000003  3.6103131027987461  1.0876565202634050
0.64280000000000004  3.6242521773602769  1.0957903442427146
0.64470000000000005  3.6382153255516099  1.1039445544322466
0.64660000000000006  3.6522025363376955  1.1121190416659004
0.64850000000000008  3.6662137984301579  1.1203136977669510
0.65040000000000009  3.6802491002903031  1.1285284155367790
0.65229999999999999  3.6943084301356439  1.1367630887453204
0.65420000000000011  3.7083917759440559  1.1450176121200915
0.65610000000000013  3.7224991254587967  1.1532918813363477
0.65800000000000003  3.7366304661936245  1.1615857930068183
0.65990000000000004  3.7507857854369981  1.1698992446712853
0.66180000000000005  3.7649650702570434  1.1782321347870173
0.66370000000000007  3.7791683075057683  1.1865843627182140
0.66560000000000008  3.7933954838234172  1.1949558287264754
0.66750000000000009  3.8076465856437354  1.2033464339609583
0.66940000000000000  3.8219215991971422  1.2117560804484111
0.67130000000000012  3.8362205105151408  1.2201846710833981
0.67320000000000013  3.8505433054351847  1.2286321096191555
0.67510000000000003  3.8648899696037429  1.2370983006576057
0.67700000000000005  3.8792604884812700  1.2455831496402046
0.67890000000000006  3.8936548473456165  1.2540865628385984
0.68080000000000007  3.9080730312951064  1.2626084473448480
0.68270000000000008  3.9225150252540018  1.2711487110630102
0.68460000000000010  3.9369808139751665  1.2797072626998338
0.68650000000000000  3.9514703820430226  1.2882840117550149
0.68840000000000012  3.9659837138789915  1.2968788685137063
0.69030000000000014  3.9805207937434108  1.3054917440362839
0.69220000000000004  3.9950816057396050  1.3141225501505336
0.69410000000000005  4.0096661338172339  1.3227711994427855
0.69600000000000006  4.0242743617756567  1.3314376052491701
0.69790000000000008  4.0389062732668526  1.3401216816474428
0.69980000000000009  4.0535618517993388  1.3488233434484764
0.70170000000000010  4.0682410807406679  1.3575425061881317
0.70360000000000000  4.0829439433207027  1.3662790861189984
0.70550000000000002  4.0976704226348453  1.3750330002023112
0.70740000000000014  4.1124205016468025  1.3838041661000253
0.70930000000000004  4.1271941631912998  1.3925925021666079
0.71120000000000005  4.1419913899778500  1.4013979274421120
0.71310000000000007  4.1568121645927736  1.4102203616435098
0.71500000000000008  4.1716564695017722  1.4190597251573684
0.71690000000000009  4.1865242870535964  1.4279159390326095
0.71880000000000011  4.2014155994820834  1.4367889249729329
0.72070000000000001  4.2163303889089407  1.4456786053293411
0.72260000000000002  4.2312686373460249  1.4545849030928117
0.72450000000000014  4.2462303266982229  1.4635077418873808
0.72640000000000005  4.2612154387663015  1.4724470459630898
0.72830000000000006  4.2762239552486507  1.4814027401888221
0.73020000000000007  4.2912558577435753  1.4903747500451809
0.73210000000000008  4.3063111277527319  1.4993630016182957
0.73400000000000010  4.3213897466826312  1.5083674215926619
0.73590000000000011  4.3364916958465907  1.5173879372442154
0.73780000000000001  4.3516169564678693  1.5264244764344579
0.73970000000000002  4.3667655096812705  1.5354769676035325
0.74160000000000015  4.3819373365355672  1.5445453397638971
0.74350000000000005  4.3971324179953744  1.5536295224940231
0.74540000000000006  4.4123507349435895  1.5627294459321024
0.74730000000000008  4.4275922681828828  1.5718450407699158
0.74919999999999998  4.4428569984384598  1.5809762382468899
0.75110000000000010  4.4581449063593857  1.5901229701440003
0.75300000000000011  4.4734559725205054  1.5992851687775442
0.75490000000000002  4.4887901774252521  1.6084627669939351
0.75680000000000003  4.5041475015063428  1.6176556981632682
0.75870000000000015  4.5195279251285321  1.6268638961742554
0.76060000000000005  4.5349314285895099  1.6360872954278887
0.76250000000000007  4.5503579921227004  1.6453258308324314
0.76440000000000008  4.5658075958981241  1.6545794377978653
0.76629999999999998  4.5812802200246541  1.6638480522302010
0.76820000000000010  4.5967758445514724  1.6731316105264045
0.77010000000000012  4.6122944494699585  1.6824300495691882
0.77200000000000002  4.6278360147149096  1.6917433067214964
0.77390000000000003  4.6434005201662378  1.7010713198215017
0.77580000000000016  4.6589879456508507  1.7104140271777899
0.77770000000000006  4.6745982709440002  1.7197713675640278
0.77960000000000007  4.6902314757706360  1.7291432802142319
0.78150000000000008  4.7058875398068061  1.7385297048175314
0.78339999999999999  4.7215664426818647  1.7479305815141650
0.78530000000000011  4.7372681639789862  1.7573458508897764
0.78720000000000012  4.7529926832371610  1.7667754539715799
0.78910000000000002  4.7687399799520689  1.7762193322228834
0.79100000000000004  4.7845100335779112  1.7856774275393374
0.79290000000000016  4.8003028235287513  1.7951496822440185
0.79480000000000006  4.8161183291790701  1.8046360390828764
0.79670000000000007  4.8319565298662202  1.8141364412207286
0.79860000000000009  4.8478174048909821  1.8236508322367506
0.80049999999999999  4.8637009335185750  1.8331791561200037
0.80240000000000011  4.8796070949803818  1.8427213572654468
0.80430000000000013  4.8955358684752133  1.8522773804698847
0.80620000000000003  4.9114872331699058  1.8618471709275932
0.80810000000000004  4.9274611682006810  1.8714306742261246
0.81000000000000016  4.9434576526752787  1.8810278363431940
0.81190000000000007  4.9594766656720664  1.8906386036413858
0.81380000000000008  4.9755181862431002  1.9002629228654637
0.81570000000000009  4.9915821934139908  1.9099007411377875
0.81759999999999999  5.0076686661855225  1.9195520059548397
0.81950000000000012  5.0237775835344172  1.9292166651832592
0.82140000000000013  5.0399089244146680  1.9388946670565115
0.82330000000000003  5.0560626677576872  1.9485859601705728
0.82520000000000004  5.0722387924750665  1.9582904934812910
0.82710000000000006  5.0884372774573903  1.9680082162998491
0.82900000000000007  5.1046581015766446  1.9777390782898014
0.83090000000000008  5.1209012436865704  1.9874830294633981
0.83280000000000010  5.1371666826240361  1.9972400201785057
0.83470000000000000  5.1534543972093605  2.0070100011346463
0.83660000000000012  5.1697643662473300  2.0167929233699726
0.83850000000000013  5.1860965685285683  2.0265887382581780
0.84040000000000004  5.2024509828298644  2.0363973975049015
0.84230000000000005  5.2188275879151353  2.0462188531445906
0.84420000000000006  5.2352263625362845  2.0560530575374196
0.84609999999999996  5.2516472854340766  2.0658999633660464
0.84799999999999998  5.2680903353390409  2.0757595236327497
0.84989999999999999  5.2845554909719024  2.0856316916560189
0.85180000000000000  5.3010427310442365  2.0955164210676238
0.85370000000000013  5.3175520342602987  2.1054136658101239
0.85560000000000014  5.3340833793161915  2.1153233801330016
0.85750000000000004  5.3506367449020491  2.1252455185907624
0.85940000000000005  5.3672121097015815  2.1351800360392237
0.86130000000000007  5.3838094523935744  2.1451268876332161
0.86319999999999997  5.4004287516523837  2.1550860288235389
0.86509999999999998  5.4170699861481841  2.1650574153543216
0.86699999999999999  5.4337331345482482  2.1750410032600214
0.86890000000000001  5.4504181755174477  2.1850367488632800
0.87079999999999991  5.4671250877183342  2.1950446087715649
0.87270000000000014  5.4838538498126104  2.2050645398750626
0.87460000000000004  5.5006044404613474  2.2150964993438689
0.87650000000000006  5.5173768383253119  2.2251404446253704
0.87840000000000007  5.5341710220661735  2.2351963334418499
0.88029999999999997  5.5509869703465737  2.2452641237878947
0.88219999999999998  5.5678246618310947  2.2553437739279443
0.88410000000000000  5.5846840751865070  2.2654352423937998
0.88600000000000001  5.6015651890822040  2.2755384879820744
0.88789999999999991  5.6184679821917678  2.2856534697523943
0.88980000000000015  5.6353924331918384  2.2957801470241228
0.89170000000000005  5.6523385207640908  2.3059184793747884
0.89360000000000006  5.6693062235953002  2.3160684266375711
0.89550000000000007  5.6862955203769845  2.3262299488985345
0.89739999999999998  5.7033063898076666  2.3364030064952832
0.89929999999999999  5.7203388105920032  2.3465875600141266
0.90120000000000000  5.7373927614412326  2.3567835702877198
0.90309999999999990  5.7544682210746014  2.3669909983934971
0.90499999999999992  5.7715651682191069  2.3772098056510904
0.90689999999999993  5.7886835816100062  2.3874399536203241
0.90879999999999994  5.8058234399913884  2.3976814040990182
0.91070000000000007  5.8229847221169742  2.4079341191212285
0.91260000000000008  5.8401674067496883  2.4181980609547171
0.91449999999999998  5.8573714726627699  2.4284731920993270
0.91639999999999999  5.8745968986403883  2.4387594752849817
0.91830000000000001  5.8918436634770250  2.4490568734692775
0.92019999999999991  5.9091117459789091  2.4593653498359629
0.92209999999999992  5.9264011249639807  2.4696848677929375
0.92399999999999993  5.9437117792622018  2.4800153909700198
0.92589999999999995  5.9610436877160788  2.4903568832175478
0.92780000000000007  5.9783968291811238  2.5007093086041170
0.92970000000000008  5.9957711825259610  2.5110726314148741
0.93159999999999998  6.0131667266329716  2.5214468161497758
0.93350000000000000  6.0305834403982965  2.5318318275215352
0.93540000000000001  6.0480213027328089  2.5422276304542915
0.93729999999999991  6.0654802925613511  2.5526341900810898
0.93919999999999992  6.0829603888243504  2.5630514717429760
0.94109999999999994  6.1004615704773251  2.5734794409867630
0.94299999999999995  6.1179838164915052  2.5839180635634236
0.94490000000000007  6.1355271058539760  2.5943673054264451
0.94680000000000009  6.1530914175679916  2.6048271327300156
0.94869999999999999  6.1706767306536081  2.6152975118276540
0.95060000000000000  6.1882830241475943  2.6257784092703309
0.95250000000000001  6.2059102771041674  2.6362697918050704
0.95439999999999992  6.2235584685943381  2.6467716263729071
0.95629999999999993  6.2412275777073845  2.6572838801078702
0.95819999999999994  6.2589175835501738  2.6678065203348988
0.96009999999999995  6.2766284652485993  2.6783395145690485
0.96199999999999986  6.2943602019462235  2.6888828305129864
0.96390000000000009  6.3121127728058291  2.6994364360561067
0.96579999999999999  6.3298861570091063  2.7100002992728665
0.96770000000000000  6.3476803337570633  2.7205743884213591
0.96960000000000002  6.3654952822703637  2.7311586719417713
0.97149999999999992  6.3833309817892969  2.7417531184549837
0.97339999999999993  6.4011874115743916  2.7523576967611638
0.97529999999999994  6.4190645509061470  2.7629723758382174
0.97719999999999996  6.4369623790856947  2.7735971248404874
0.97909999999999986  6.4548808754348732  2.7842319130973650
0.98100000000000009  6.4728200192963561  2.7948767101118919
0.98290000000000000  6.4907797900339528  2.8055314855593290
0.98480000000000001  6.5087601670330200  2.8161962092859976
0.98670000000000002  6.5267611297000663  2.8268708513076759
0.98859999999999992  6.5447826574639594  2.8375553818087083
0.99049999999999994  6.5628247297744604  2.8482497711398609
0.99239999999999995  6.5808873261047802  2.8589539898183007
0.99429999999999996  6.5989704259494246  2.8696680085250192
0.99619999999999986  6.6170740088256927  2.8803917981043576
0.99810000000000010  6.6351980542738813  2.8911253295626897
1.0000000000000000  6.6533425418569676  2.9018685740669072
