5.0000000000000003E-002	0.23921200871463702	8.2981547336738698E-004
5.1899999999999995E-002	0.24833503957876960	9.1152145991354170E-004
5.3800000000000001E-002	0.25746113573477020	9.9771766545547302E-004
5.5700000000000006E-002	0.26659034753462313	1.0884176449541465E-003
5.7599999999999998E-002	0.27572272204683057	1.1836341336571980E-003
5.9499999999999997E-002	0.28485830381056793	1.2833800399774989E-003
6.1400000000000003E-002	0.29399713484611201	1.3876693768422649E-003
6.3300000000000009E-002	0.30313925503638806	1.4965180765098367E-003
6.5200000000000008E-002	0.31228470244078282	1.6099447182890438E-003
6.7099999999999993E-002	0.32143351342263415	1.7279711801265053E-003
6.9000000000000006E-002	0.33058572297252348	1.8506232035151911E-003
7.0900000000000005E-002	0.33974136491571688	1.9779308900997844E-003
7.2799999999999990E-002	0.34890047210808511	2.1099291312700807E-003
7.4700000000000003E-002	0.35806307672179855	2.2466579751186538E-003
7.6600000000000001E-002	0.36722921031957018	2.3881629404163634E-003
7.8500000000000000E-002	0.37639890411118071	2.5344952766317634E-003
8.0400000000000013E-002	0.38557218910287278	2.6857121789485077E-003
8.2300000000000012E-002	0.39474909625514659	2.8418769610251368E-003
8.4199999999999997E-002	0.40392965662867025	3.0030591897050036E-003
8.6099999999999996E-002	0.41311390151973298	3.1693347857269091E-003
8.7999999999999995E-002	0.42230186256663055	3.3407860935574028E-003
8.9899999999999994E-002	0.43149357194208748	3.5175019239456120E-003
9.1800000000000007E-002	0.44068906234723132	3.6995775722047553E-003
9.3700000000000006E-002	0.44988836718305886	3.8871148146084767E-003
9.5600000000000004E-002	0.45909152062248054	4.0802218857878833E-003
9.7500000000000017E-002	0.46829855769224560	4.2790134393027703E-003
9.9400000000000002E-002	0.47750951434767319	4.4836104933959923E-003
0.10130000000000000	0.48672442754069101	4.6941403640990038E-003
0.10320000000000000	0.49594333528109619	4.9107365870667517E-003
0.10510000000000000	0.50516627669172898	5.1335388299746472E-003
0.10700000000000000	0.51439329205853246	5.3626927968581685E-003
0.10890000000000001	0.52362442287500044	5.5983501255134800E-003
0.11080000000000001	0.53285971188124226	5.8406682793558269E-003
0.11270000000000001	0.54209920309865034	6.0898104344771073E-003
0.11460000000000002	0.55134294186161703	6.3459453631535415E-003
0.11649999999999999	0.56059097484336851	6.6092473143498634E-003
0.11840000000000001	0.56984335006296805	6.8798958922026031E-003
0.12030000000000000	0.57910011696659636	7.1580759326768792E-003
0.12220000000000000	0.58836132635292693	7.4439773799874331E-003
0.12410000000000000	0.59762701615973435	7.7349606063321797E-003
0.12600000000000000	0.60689717847275315	8.0304189422036078E-003
0.12790000000000001	0.61617183086697580	8.3322322408126391E-003
0.12980000000000003	0.62545100638698425	8.6410988217465907E-003
0.13169999999999998	0.63473474550474729	8.9575038061468389E-003
0.13360000000000000	0.64402309381622247	9.2818447872502104E-003
0.13550000000000001	0.65331610092070913	9.6144738903266840E-003
0.13739999999999999	0.66261381976218392	9.9557166079442434E-003
0.13930000000000001	0.67191630619682674	1.0305881685332492E-002
0.14120000000000002	0.68122361868803449	1.0665266867033148E-002
0.14310000000000000	0.69053581807888920	1.1034162486097381E-002
0.14500000000000002	0.69985296741600300	1.1412853827668521E-002
0.14690000000000000	0.70917513180759761	1.1801622749971626E-002
0.14879999999999999	0.71850237830745711	1.2200748832027378E-002
0.15070000000000000	0.72783477581672140	1.2610510207100117E-002
0.15260000000000001	0.73717239500005183	1.3031184180738191E-002
0.15450000000000000	0.74651530821240297	1.3463047696758747E-002
0.15640000000000001	0.75586358943488352	1.3906377693685202E-002
0.15830000000000002	0.76521731421673278	1.4361451380481472E-002
0.16020000000000001	0.77457655962398209	1.4828546452104430E-002
0.16210000000000002	0.78394140419246172	1.5307941259372992E-002
0.16400000000000001	0.79331192788412819	1.5799914943657147E-002
0.16589999999999999	0.80268821204794993	1.6304747544720298E-002
0.16780000000000000	0.81207033938283968	1.6822720087114079E-002
0.16970000000000002	0.82145839390369058	1.7354114650017478E-002
0.17160000000000000	0.83085246090903508	1.7899214423920722E-002
0.17350000000000002	0.84025262695149205	1.8458303756759019E-002
0.17540000000000003	0.84965897980925309	1.9031668191742259E-002
0.17730000000000001	0.85907160845968233	1.9619594498319685E-002
0.17920000000000003	0.86849060305388326	2.0222370697872912E-002
0.18110000000000001	0.87791605488426849	2.0840286085015151E-002
0.18300000000000000	0.88734805639723646	2.1473631244914051E-002
0.18490000000000001	0.89678670111859471	2.2122698068384340E-002
0.18680000000000002	0.90623208366829788	2.2787779763819068E-002
0.18870000000000001	0.91568429973214616	2.3469170867349412E-002
0.19060000000000002	0.92514344604313636	2.4167167251132916E-002
0.19250000000000003	0.93460962036353712	2.4882066129988337E-002
0.19439999999999999	0.94408292146787043	2.5614166066582272E-002
0.19630000000000000	0.95356344912651070	2.6363766975171760E-002
0.19820000000000002	0.96305130408995931	2.7131170123984458E-002
0.20010000000000000	0.97254658807385896	2.7916678136191836E-002
0.20200000000000001	0.98204940374432781	2.8720594989477505E-002
0.20390000000000003	0.99155985470413399	2.9543226014040046E-002
0.20580000000000001	1.0010780454791475	3.0384877889057742E-002
0.20770000000000002	1.0106040815053532	3.1245858637377392E-002
0.20960000000000004	1.0201380691162105	3.2126477618327334E-002
0.21149999999999999	1.0296801155305504	3.3027045518569748E-002
0.21340000000000001	1.0392303288405553	3.3947874340672091E-002
0.21529999999999999	1.0487888180003908	3.4889277389394277E-002
0.21720000000000000	1.0583556928147844	3.5851569255354869E-002
0.21909999999999999	1.0679310639280730	3.6835065795975265E-002
0.22100000000000003	1.0775150428133409	3.7840084113437825E-002
0.22289999999999999	1.0871077417617887	3.8866942529513969E-002
0.22479999999999997	1.0967092738721864	3.9915960557004942E-002
0.22670000000000001	1.1063197530405036	4.0987458867594320E-002
0.22860000000000000	1.1159392939494583	4.2081759255932265E-002
0.23050000000000001	1.1255680120583094	4.3199184599717166E-002
0.23240000000000000	1.1352060235924122	4.4340058815583352E-002
0.23430000000000001	1.1448534455329165	4.5504706810606317E-002
0.23619999999999999	1.1545103956062785	4.6693454429202481E-002
0.23810000000000003	1.1641769922737355	4.7906628395301125E-002
0.23999999999999999	1.1738533547205723	4.9144556249528799E-002
0.24189999999999998	1.1835396028452225	5.0407566281338294E-002
0.24380000000000002	1.1932358572482156	5.1695987455832398E-002
0.24570000000000000	1.2029422392207998	5.3010149335235957E-002
0.24760000000000001	1.2126588707333197	5.4350381994798969E-002
0.24950000000000000	1.2223858744232752	5.5717015933109008E-002
0.25140000000000001	1.2321233735830590	5.7110381976616886E-002
0.25330000000000003	1.2418714921472893	5.8530811178421752E-002
0.25519999999999998	1.2516303546797518	5.9978634711113629E-002
0.25710000000000000	1.2614000863598944	6.1454183753763193E-002
0.25900000000000001	1.2711808129688946	6.2957789372952905E-002
0.26090000000000002	1.2809726608751981	6.4489782397879059E-002
0.26279999999999998	1.2907757570195608	6.6050493289549053E-002
0.26469999999999999	1.3005902288995432	6.7640252004116136E-002
0.26660000000000000	1.3104162045534957	6.9259387850409818E-002
0.26849999999999996	1.3202538125438616	7.0908229341784992E-002
0.27040000000000003	1.3301031819399742	7.2587104042346140E-002
0.27229999999999999	1.3399644423001733	7.4296338407758844E-002
0.27420000000000000	1.3498377236591934	7.6036257621132600E-002
0.27610000000000001	1.3597231564852355	7.7807185421932365E-002
0.27799999999999997	1.3696208716962197	7.9609443933797430E-002
0.27989999999999998	1.3795310006149966	8.1443353483932598E-002
0.28179999999999999	1.3894536749543143	8.3309232419994078E-002
0.28370000000000001	1.3993890267949955	8.5207396922582349E-002
0.28559999999999997	1.4093371885633796	8.7138160813890336E-002
0.28750000000000003	1.4192982930080498	8.9101835362921336E-002
0.28939999999999999	1.4292724731760511	9.1098729087699712E-002
0.29130000000000000	1.4392598623881299	9.3129147554696826E-002
0.29320000000000002	1.4492605942134593	9.5193393175957333E-002
0.29509999999999997	1.4592748024438158	9.7291765004418523E-002
0.29699999999999999	1.4693026210668749	9.9424558527702434E-002
0.29890000000000000	1.4793441842389121	0.10159206546092682
0.30080000000000001	1.4893996262569351	0.10379457353902109
0.30269999999999997	1.4994690815301774	0.10603236630894121
0.30460000000000004	1.5095526845509841	0.10830572292232406
0.30649999999999999	1.5196505698651299	0.11061491792913294
0.30840000000000001	1.5297628720415979	0.11296022107265018
0.31030000000000002	1.5398897256418491	0.11534189708650838
0.31219999999999998	1.5500312651885952	0.11776020549412962
0.31409999999999999	1.5601876251340614	0.12021540041114762
0.31600000000000000	1.5703589398279563	0.12270773035134340
0.31790000000000002	1.5805453434849142	0.12523743803653778
0.31979999999999997	1.5907469701516430	0.12780476021100984
0.32170000000000004	1.6009639536738067	0.13040992746090008
0.32360000000000000	1.6111964276625408	0.13305316403904838
0.32549999999999996	1.6214445254608032	0.13573468769580421
0.32740000000000002	1.6317083801154044	0.13845470951722902
0.32929999999999998	1.6419881243189476	0.14121343376498574
0.33119999999999999	1.6522838904126749	0.14401105773382372
0.33310000000000001	1.6625958103270806	0.14684777160624801
0.33500000000000002	1.6729240155541847	0.14972375832044094
0.33689999999999998	1.6832686371136023	0.15263919344548618
0.33879999999999999	1.6936298055183334	0.15559424506525357
0.34070000000000000	1.7040076507409030	0.15858907367119776
0.34259999999999996	1.7144023021796315	0.16162383206440556
0.34450000000000003	1.7248138886252149	0.16469866526709315
0.34639999999999999	1.7352425382274570	0.16781371044368223
0.34830000000000000	1.7456883784624213	0.17096909683177555
0.35020000000000001	1.7561515360999247	0.17416494568297156
0.35210000000000002	1.7666321371713849	0.17740137021381416
0.35399999999999998	1.7771303069382214	0.18067847556676764
0.35589999999999999	1.7876461698606474	0.18399635878140103
0.35780000000000001	1.7981798495732271	0.18735510877729034
0.35969999999999996	1.8087314688295422	0.19075480633888592
0.36160000000000003	1.8193011495118165	0.19419552412704397
0.36349999999999999	1.8298890125754548	0.19767732668364493
0.36540000000000000	1.8404951780277869	0.20120027045461550
0.36730000000000002	1.8511197649006437	0.20476440382087568
0.36920000000000003	1.8617628912237720	0.20836976713883418
0.37109999999999999	1.8724246739990724	0.21201639279016032
0.37300000000000000	1.8831052291755497	0.21570430524064810
0.37490000000000001	1.8938046716251635	0.21943352110787895
0.37679999999999997	1.9045231151194848	0.22320404923742193
0.37870000000000004	1.9152606723072798	0.22701589078729043
0.38059999999999999	1.9260174546929367	0.23086903932031211
0.38250000000000001	1.9367935726216594	0.23476348090610355
0.38440000000000002	1.9475891352354615	0.23869919421985678
0.38629999999999998	1.9584042504926638	0.24267615066962389
0.38819999999999999	1.9692390251232723	0.24669431450774384
0.39010000000000000	1.9800935646191302	0.25075364295997682
0.39200000000000002	1.9909679732181085	0.25485408635798862
0.39389999999999997	2.0018623538891220	0.25899558827717295
0.39580000000000004	2.0127768083181934	0.26317808567945639
0.39770000000000000	2.0237114368954718	0.26740150906060511
0.39959999999999996	2.0346663387032042	0.27166578260174840
0.40150000000000002	2.0456416115113476	0.27597082432743469
0.40339999999999998	2.0566373517393886	0.28031654625236574
0.40529999999999999	2.0676536544915862	0.28470285456157468
0.40720000000000001	2.0786906135174865	0.28912964976157479
0.40910000000000002	2.0897483212129169	0.29359682685011257
0.41099999999999998	2.1008268686135780	0.29810427548423435
0.41290000000000004	2.1119263453896480	0.30265188014999800
0.41480000000000000	2.1230468398411158	0.30723952033311586
0.41669999999999996	2.1341884388941024	0.31186707069047009
0.41860000000000003	2.1453512280980163	0.31653440122198068
0.42049999999999998	2.1565352916295755	0.32124137744583087
0.42240000000000005	2.1677407122660104	0.32598786055685047
0.42430000000000007	2.1789675714252357	0.33077370761901970
0.42620000000000002	2.1902159491376132	0.33559877172113617
0.42809999999999998	2.2014859240545626	0.34046290215024710
0.43000000000000005	2.2127775734505000	0.34536594455989056
0.43190000000000006	2.2240909732253384	0.35030774113674296
0.43380000000000002	2.2354261979078229	0.35528813076559851
0.43570000000000003	2.2467833206593455	0.36030694919234463
0.43759999999999999	2.2581624132848752	0.36536402918885985
0.43950000000000006	2.2695635462116397	0.37045920069460914
0.44140000000000007	2.2809867885366280	0.37559229099911634
0.44330000000000003	2.2924322080035600	0.38076312487684810
0.44519999999999998	2.3038998710175509	0.38597152474270352
0.44710000000000000	2.3153898426525403	0.39121731079954253
0.44900000000000007	2.3269021866590762	0.39650030118293994
0.45090000000000002	2.3384369654727903	0.40182031210266250
0.45280000000000004	2.3499942402231624	0.40717715798095444
0.45469999999999999	2.3615740707426904	0.41257065158758255
0.45660000000000006	2.3731765155767337	0.41800060417156037
0.45850000000000007	2.3848016319991543	0.42346682559432069
0.46040000000000003	2.3964494759985793	0.42896912443407786
0.46229999999999999	2.4081201023270022	0.43450730813903554
0.46420000000000000	2.4198135644843735	0.44008118312331795
0.46610000000000007	2.4315299147370095	0.44569055488691905
0.46800000000000003	2.4432692041290283	0.45133522812666960
0.46990000000000004	2.4550314824942809	0.45701500684346003
0.47180000000000011	2.4668167984684986	0.46272969444609552
0.47370000000000007	2.4786251995015145	0.46847909385167974
0.47560000000000008	2.4904567318698105	0.47426300758237072
0.47750000000000004	2.5023114406893505	0.48008123785890927
0.47939999999999999	2.5141893699281890	0.48593358669056619
0.48130000000000006	2.5260905624196828	0.49181985596180378
0.48320000000000007	2.5380150598755264	0.49773984751562844
0.48510000000000003	2.5499629029032045	0.50369336323990399
0.48700000000000004	2.5619341310022046	0.50968020511846135
0.48890000000000011	2.5739287826039758	0.51570017534433787
0.49080000000000007	2.5859468950670972	0.52175307636315538
0.49270000000000008	2.5979885046957403	0.52783871094776424
0.49460000000000004	2.6100536467530762	0.53395688226256610
0.49650000000000000	2.6221423554750829	0.54010739392527496
0.49840000000000007	2.6342546640839584	0.54629005006537223
0.50030000000000008	2.6463906048022254	0.55250465538039417
0.50220000000000009	2.6585502088659827	0.55875101518888948
0.50409999999999999	2.6707335065388431	0.56502893548112687
0.50600000000000001	2.6829405271254032	0.57133822296704262
0.50790000000000013	2.6951712989850307	0.57767868512175613
0.50980000000000003	2.7074258495451966	0.58405013022858143
0.51170000000000004	2.7197042053152165	0.59045236741975116
0.51360000000000006	2.7320063918997555	0.59688520671483003
0.51550000000000007	2.7443324340119717	0.60334845905681633
0.51740000000000008	2.7566823554871589	0.60984193634628003
0.51930000000000009	2.7690561792958381	0.61636545147321153
0.52120000000000000	2.7814539275569485	0.62291881834695839
0.52310000000000001	2.7938756215490193	0.62950185193208685
0.52500000000000013	2.8063212817310297	0.63611436824267598
0.52690000000000003	2.8187909277440051	0.64275618441524351
0.52880000000000005	2.8312845784305276	0.64942711869811742
0.53070000000000006	2.8438022518466313	0.65612699048093270
0.53260000000000007	2.8563439652738136	0.66285562031400036
0.53450000000000009	2.8689097352314645	0.66961282992568205
0.53640000000000010	2.8814995774895653	0.67639844223889900
0.53830000000000000	2.8941135070808168	0.68321228138590162
0.54020000000000001	2.9067515383124669	0.69005417272162872
0.54210000000000014	2.9194136847788275	0.69692394283579207
0.54400000000000004	2.9320999593725201	0.70382141956376720
0.54590000000000005	2.9448103742967970	0.71074643199624732
0.54780000000000006	2.9575449410767822	0.71769881048777262
0.54970000000000008	2.9703036705709751	0.72467838666389395
0.55160000000000009	2.9830865729826730	0.73168499342774640
0.55350000000000010	2.9958936578710644	0.73871846496520921
0.55540000000000000	3.0087249341626054	0.74577863674938294
0.55730000000000002	3.0215804101611701	0.75286534554379525
0.55920000000000014	3.0344600935599662	0.75997842940530402
0.56110000000000004	3.0473639914510029	0.76711772768551667
0.56300000000000006	3.0602921103365159	0.77428308103192944
0.56490000000000007	3.0732444561387982	0.78147433138804001
0.56680000000000008	3.0862210342104293	0.78869132199285041
0.56870000000000009	3.0992218493448171	0.79593389737968356
0.57060000000000011	3.1122469057855380	0.80320190337437680
0.57250000000000001	3.1252962072365573	0.81049518709276214
0.57440000000000002	3.1383697568717208	0.81781359693778988
0.57630000000000015	3.1514675573442723	0.82515698259584203
0.57820000000000005	3.1645896107962437	0.83252519503274980
0.58010000000000006	3.1777359188678429	0.83991808648931454
0.58200000000000007	3.1909064826745683	0.84733551048564126
0.58389999999999997	3.2041013029436400	0.85477732177759924
0.58580000000000010	3.2173203798311798	0.86224337640875348
0.58770000000000011	3.2305637130596834	0.86973353166573752
0.58960000000000001	3.2438313018934890	0.87724764608069272
0.59150000000000003	3.2571231451475100	0.88478557942506431
0.59340000000000015	3.2704392411955641	0.89234719270205987
0.59530000000000005	3.2837795879789118	0.89993234813951528
0.59720000000000006	3.2971441830139283	0.90754090918191377
0.59910000000000008	3.3105330234002066	0.91517274048259989
0.60099999999999998	3.3239461058281909	0.92282770789545476
0.60290000000000010	3.3373834265868476	0.93050567846648702
0.60480000000000012	3.3508449815712131	0.93820652042539787
0.60670000000000002	3.3643307662901827	0.94593010317652737
0.60860000000000003	3.3778407758732349	0.95367629729030867
0.61050000000000015	3.3913750050781708	0.96144497449399058
0.61240000000000006	3.4049334482973448	0.96923600766216300
0.61430000000000007	3.4185160995660220	0.97704927080805881
0.61620000000000008	3.4321229525673385	0.98488463907335189
0.61809999999999998	3.4457540006408811	0.99274198871944375
0.62000000000000011	3.4594092367880358	1.0006211971170533
0.62190000000000012	3.4730886536789507	1.0085221427371558
0.62380000000000002	3.4867922436589907	1.0164447051409595
0.62570000000000003	3.5005199987547782	1.0243887649700554
0.62760000000000005	3.5142719106803297	1.0323542039366964
0.62950000000000006	3.5280479708437897	1.0403409048139702
0.63140000000000007	3.5418481703520870	1.0483487514256054
0.63330000000000009	3.5556725000182459	1.0563776286363686
0.63519999999999999	3.5695209503664342	1.0644274223421664
0.63710000000000011	3.5833935116371842	1.0724980194596547
0.63900000000000012	3.5972901737939962	1.0805893079168292
0.64090000000000003	3.6112109265282699	1.0887011766428796
0.64280000000000004	3.6251557592639481	1.0968335155580231
0.64470000000000005	3.6391246611647308	1.1049862155643189
0.64660000000000006	3.6531176211367549	1.1131591685349704
0.64850000000000008	3.6671346278361168	1.1213522673049774
0.65040000000000009	3.6811756696721902	1.1295654056614250
0.65229999999999999	3.6952407348133014	1.1377984783333579
0.65420000000000011	3.7093298111913806	1.1460513809822999
0.65610000000000013	3.7234428865068185	1.1543240101925825
0.65800000000000003	3.7375799482328675	1.1626162634615658
0.65990000000000004	3.7517409836208504	1.1709280391904993
0.66180000000000005	3.7659259797035349	1.1792592366742549
0.66370000000000007	3.7801349233009680	1.1876097560926966
0.66560000000000008	3.7943678010241686	1.1959794985009760
0.66750000000000009	3.8086245992786942	1.2043683658198925
0.66940000000000000	3.8229053042700292	1.2127762608270896
0.67130000000000012	3.8372099020071873	1.2212030871477773
0.67320000000000013	3.8515383783067865	1.2296487492455443
0.67510000000000003	3.8658907187970679	1.2381131524133149
0.67700000000000005	3.8802669089216377	1.2465962027643971
0.67890000000000006	3.8946669339433306	1.2550978072236394
0.68080000000000007	3.9090907789484559	1.2636178735185870
0.68270000000000008	3.9235384288500530	1.2721563101707691
0.68460000000000010	3.9380098683914095	1.2807130264870445
0.68650000000000000	3.9525050821501901	1.2892879325510909
0.68840000000000012	3.9670240545416240	1.2978809392147512
0.69030000000000014	3.9815667698217156	1.3064919580897987
0.69220000000000004	3.9961332120912942	1.3151209015396379
0.69410000000000005	4.0107233652981664	1.3237676826706082
0.69600000000000006	4.0253372132423291	1.3324322153247521
0.69790000000000008	4.0399747395769925	1.3411144140706504
0.69980000000000009	4.0546359278134174	1.3498141941963491
0.70170000000000010	4.0693207613231452	1.3585314717008139
0.70360000000000000	4.0840292233412798	1.3672661632865291
0.70550000000000002	4.0987612969695792	1.3760181863515106
0.70740000000000014	4.1135169651791816	1.3847874589817664
0.70930000000000004	4.1282962108136534	1.3935738999436462
0.71120000000000005	4.1430990165919770	1.4023774286765611
0.71310000000000007	4.1579253651107981	1.4111979652852693
0.71500000000000008	4.1727752388478070	1.4200354305328540
0.71690000000000009	4.1876486201640679	1.4288897458332348
0.71880000000000011	4.2025454913067977	1.4377608332442713
0.72070000000000001	4.2174658344117155	1.4466486154606095
0.72260000000000002	4.2324096315059165	1.4555530158064707
0.72450000000000014	4.2473768645102767	1.4644739582291395
0.72640000000000005	4.2623675152417020	1.4734113672918221
0.72830000000000006	4.2773815654160430	1.4823651681671481
0.73020000000000007	4.2924189966496868	1.4913352866302216
0.73210000000000008	4.3074797904628968	1.5003216490524343
0.73400000000000010	4.3225639282809123	1.5093241823944921
0.73590000000000011	4.3376713914374978	1.5183428142005420
0.73780000000000001	4.3528021611761281	1.5273774725912930
0.73970000000000002	4.3679562186524876	1.5364280862581108
0.74160000000000015	4.3831335449368618	1.5454945844566803
0.74350000000000005	4.3983341210160241	1.5545768970010359
0.74540000000000006	4.4135579277949102	1.5636749542570647
0.74730000000000008	4.4288049460995120	1.5727886871373893
0.74919999999999998	4.4440751566784060	1.5819180270946991
0.75110000000000010	4.4593685402039158	1.5910629061160699
0.75300000000000011	4.4746850772756970	1.6002232567177610
0.75490000000000002	4.4900247484213240	1.6093990119389383
0.75680000000000003	4.5053875340984906	1.6185901053361897
0.75870000000000015	4.5207734146968397	1.6277964709782471
0.76060000000000005	4.5361823705400521	1.6370180434404071
0.76250000000000007	4.5516143818869494	1.6462547577989468
0.76440000000000008	4.5670694289338254	1.6555065496260757
0.76629999999999998	4.5825474918161611	1.6647733549846488
0.76820000000000010	4.5980485506094055	1.6740551104226828
0.77010000000000012	4.6135725853316796	1.6833517529686206
0.77200000000000002	4.6291195759449435	1.6926632201259328
0.77390000000000003	4.6446895023566697	1.7019894498686219
0.77580000000000016	4.6602823444208843	1.7113303806355336
0.77770000000000006	4.6758980819406171	1.7206859513262138
0.77960000000000007	4.6915366946683381	1.7300561012956857
0.78150000000000008	4.7071981623084644	1.7394407703497718
0.78339999999999999	4.7228824645181469	1.7488398987406344
0.78530000000000011	4.7385895809089140	1.7582534271618280
0.78720000000000012	4.7543194910477444	1.7676812967438769
0.78910000000000002	4.7700721744591466	1.7771234490499193
0.79100000000000004	4.7858476106256518	1.7865798260708881
0.79290000000000016	4.8016457789900029	1.7960503702216200
0.79480000000000006	4.8174666589552668	1.8055350243358548
0.79670000000000007	4.8333102298877506	1.8150337316627447
0.79860000000000009	4.8491764711168406	1.8245464358619621
0.80049999999999999	4.8650653619365265	1.8340730809997809
0.80240000000000011	4.8809768816075332	1.8436136115451269
0.80430000000000013	4.8969110093570487	1.8531679723650782
0.80620000000000003	4.9128677243812238	1.8627361087213894
0.80810000000000004	4.9288470058451654	1.8723179662659002
0.81000000000000016	4.9448488328855182	1.8819134910374267
0.81190000000000007	4.9608731846097776	1.8915226294568770
0.81380000000000008	4.9769200400988645	1.9011453283243664
0.81570000000000009	4.9929893784074206	1.9107815348149906
0.81759999999999999	5.0090811785651228	1.9204311964750953
0.81950000000000012	5.0251954195776261	1.9300942612186460
0.82140000000000013	5.0413320804278072	1.9397706773238887
0.82330000000000003	5.0574911400761202	1.9494603934290573
0.82520000000000004	5.0736725774626814	1.9591633585298562
0.82710000000000006	5.0898763715069197	1.9688795219748956
0.82900000000000007	5.1061025011099259	1.9786088334632352
0.83090000000000008	5.1223509451536353	1.9883512430398962
0.83280000000000010	5.1386216825037030	1.9981067010935971
0.83470000000000000	5.1549146920090507	2.0078751583527530
0.83660000000000012	5.1712299525028484	2.0176565658822647
0.83850000000000013	5.1875674428042471	2.0274508750805404
0.84040000000000004	5.2039271417181254	2.0372580376759717
0.84230000000000005	5.2203090280370503	2.0470780057241944
0.84420000000000006	5.2367130805408646	2.0569107316043946
0.84609999999999996	5.2531392779983799	2.0667561680166631
0.84799999999999998	5.2695875991680294	2.0766142679788566
0.84989999999999999	5.2860580227985352	2.0864849848236826
0.85180000000000000	5.3025505276294682	2.0963682721953840
0.85370000000000013	5.3190650923925276	2.1062640840471478
0.85560000000000014	5.3356016958115760	2.1161723746379884
0.85750000000000004	5.3521603166039045	2.1260930985300295
0.85940000000000005	5.3687409334812362	2.1360262105859009
0.86130000000000007	5.3853435251491932	2.1459716659652499
0.86319999999999997	5.4019680703091453	2.1559294201224786
0.86509999999999998	5.4186145476586294	2.1658994288041735
0.86699999999999999	5.4352829358919266	2.1758816480461500
0.86890000000000001	5.4519732137004704	2.1858760341706978
0.87079999999999991	5.4686853597736178	2.1958825437840135
0.87270000000000014	5.4854193527998723	2.2059011337739376
0.87460000000000004	5.5021751714662290	2.2159317613067535
0.87650000000000006	5.5189527944601702	2.2259743838253496
0.87840000000000007	5.5357522004694761	2.2360289590462847
0.88029999999999997	5.5525733681829790	2.2460954449573718
0.88219999999999998	5.5694162762910784	2.2561737998153166
0.88410000000000000	5.5862809034862257	2.2662639821431090
0.88600000000000001	5.6031672284639589	2.2763659507280116
0.88789999999999991	5.6200752299227839	2.2864796646188328
0.88980000000000015	5.6370048865652613	2.2966050831237217
0.89170000000000005	5.6539561770980757	2.3067421658078611
0.89360000000000006	5.6709290802330639	2.3168908724913391
0.89550000000000007	5.6879235746872663	2.3270511632466020
0.89739999999999998	5.7049396391835971	2.3372229983964328
0.89929999999999999	5.7219772524514871	2.3474063385117896
0.90120000000000000	5.7390363932270745	2.3576011444094283
0.90309999999999990	5.7561170402537334	2.3678073771498434
0.90499999999999992	5.7732191722829285	2.3780249980353503
0.90689999999999993	5.7903427680739963	2.3882539686075677
0.90879999999999994	5.8074878063952582	2.3984942506458098
0.91070000000000007	5.8246542660241731	2.4087458061647271
0.91260000000000008	5.8418421257475801	2.4190085974122928
0.91449999999999998	5.8590513643621671	2.4292825868678025
0.91639999999999999	5.8762819606754846	2.4395677372401394
0.91830000000000001	5.8935338935055803	2.4498640114655670
0.92019999999999991	5.9108071416817545	2.4601713727057692
0.92209999999999992	5.9281016840449139	2.4704897843460203
0.92399999999999993	5.9454174994481415	2.4808192099934252
0.92589999999999995	5.9627545667566606	2.4911596134747769
0.92780000000000007	5.9801128648484214	2.5015109588348055
0.92970000000000008	5.9974923726145946	2.5118732103343815
0.93159999999999998	6.0148930689600268	2.5222463324489048
0.93350000000000000	6.0323149328028363	2.5326302898659243
0.93540000000000001	6.0497579430759760	2.5430250474841563
0.93729999999999991	6.0672220787264948	2.5534305704110469
0.93919999999999992	6.0847073187162559	2.5638468239613816
0.94109999999999994	6.1022136420224609	2.5742737736554737
0.94299999999999995	6.1197410276381152	2.5847113852178132
0.94490000000000007	6.1372894545710119	2.5951596245743840
0.94680000000000009	6.1548589018463584	2.6056184578524779
0.94869999999999999	6.1724493485046104	2.6160878513776531
0.95060000000000000	6.1900607736040403	2.6265677716732996
0.95250000000000001	6.2076931562189754	2.6370581854579771
0.95439999999999992	6.2253464754416354	2.6475590596445846
0.95629999999999993	6.2430207103815363	2.6580703613384218
0.95819999999999994	6.2607158401661867	2.6685920578358178
0.96009999999999995	6.2784318439411315	2.6791241166224227
0.96199999999999986	6.2961687008705205	2.6896665053719735
0.96390000000000009	6.3139263901367864	2.7002191919442704
0.96579999999999999	6.3317048909417188	2.7107821443843707
0.96770000000000000	6.3495041825058429	2.7213553309205021
0.96960000000000002	6.3673242440693238	2.7319387199629444
0.97149999999999992	6.3851650548919006	2.7425322801024747
0.97339999999999993	6.4030265942531939	2.7531359801090760
0.97529999999999994	6.4209088414531470	2.7637497889303146
0.97719999999999996	6.4388117758116410	2.7743736756900961
0.97909999999999986	6.4567353766694904	2.7850076096872463
0.98100000000000009	6.4746796233880213	2.7956515603940089
0.98290000000000000	6.4926444953497731	2.8063054974550075
0.98480000000000001	6.5106299719584042	2.8169693906855997
0.98670000000000002	6.5286360326389090	2.8276432100706401
0.98859999999999992	6.5466626568380368	2.8383269257632384
0.99049999999999994	6.5647098240242521	2.8490205080834303
0.99239999999999995	6.5827775136879705	2.8597239275167636
0.99429999999999996	6.6008657053418851	2.8704371547132506
0.99619999999999986	6.6189743785211430	2.8811601604859747
0.99810000000000010	6.6371035127834075	2.8918929158098257
1.0000000000000000	6.6552530877088616	2.9026353918202585
