   5.0000000000000003E-002  0.23902107177376603        6.9313972133416162E-004  -0.0000000000000000     
   5.1899999999999995E-002  0.24813155119795030        7.6946352654495864E-004  -0.0000000000000000     
   5.3800000000000001E-002  0.25724490561980817        8.5065070709578600E-004  -0.0000000000000000     
   5.5700000000000006E-002  0.26636120559482063        9.3674467299662695E-004  -0.0000000000000000     
   5.7599999999999998E-002  0.27548051839602311        1.0277857941478408E-003  -0.0000000000000000     
   5.9499999999999997E-002  0.28460290804304728        1.1238124362491506E-003  -0.0000000000000000     
   6.1400000000000003E-002  0.29372843567179518        1.2248618894597880E-003  -0.0000000000000000     
   6.3300000000000009E-002  0.30285715984370515        1.3309712157630437E-003  -0.0000000000000000     
   6.5200000000000008E-002  0.31198913665451361        1.4421780278456801E-003  -0.0000000000000000     
   6.7099999999999993E-002  0.32112442005530478        1.5585211810847893E-003  -0.0000000000000000     
   6.9000000000000006E-002  0.33026306206155687        1.6800414002949321E-003  -0.0000000000000000     
   7.0900000000000005E-002  0.33940511295065195        1.8067818394966336E-003  -0.0000000000000000     
   7.2799999999999990E-002  0.34855062155604544        1.9387885773571919E-003  -0.0000000000000000     
   7.4700000000000003E-002  0.35769963534489768        2.0761110596704399E-003  -0.0000000000000000     
   7.6600000000000001E-002  0.36685220068728985        2.2188024835274409E-003  -0.0000000000000000     
   7.8500000000000000E-002  0.37600836301862911        2.3669201342173905E-003  -0.0000000000000000     
   8.0400000000000013E-002  0.38516816700919060        2.5205256758987654E-003  -0.0000000000000000     
   8.2300000000000012E-002  0.39433165672479831        2.6796854001847727E-003  -0.0000000000000000     
   8.4199999999999997E-002  0.40349887575951937        2.8444704362620052E-003  -0.0000000000000000     
   8.6099999999999996E-002  0.41266986745382145        3.0149569252722981E-003  -0.0000000000000000     
   8.7999999999999995E-002  0.42184467491506566        3.1912261632450149E-003  -0.0000000000000000     
   8.9899999999999994E-002  0.43102334121439689        3.3733647140903439E-003  -0.0000000000000000     
   9.1800000000000007E-002  0.44020590948541832        3.5614644963722496E-003  -0.0000000000000000     
   9.3700000000000006E-002  0.44939242303130850        3.7556228460583793E-003  -0.0000000000000000     
   9.5600000000000004E-002  0.45858292542558060        3.9559425577053199E-003  -0.0000000000000000     
   9.7500000000000017E-002  0.46777746060376668        4.1625319062031140E-003  -0.0000000000000000     
   9.9400000000000002E-002  0.47697607295027655        4.3755046512058918E-003  -0.0000000000000000     
  0.10130000000000000       0.48617880737681679        4.5949800261470336E-003  -0.0000000000000000     
  0.10320000000000000       0.49538570939527532        4.8210827135026788E-003  -0.0000000000000000     
  0.10510000000000000       0.50459682518516036        5.0539428079838331E-003  -0.0000000000000000     
  0.10700000000000000       0.51381220165415231        5.2936957690568921E-003  -0.0000000000000000     
  0.10890000000000001       0.52303188649447496        5.5404823642716877E-003  -0.0000000000000000     
  0.11080000000000001       0.53225592823470003        5.7944486044574769E-003  -0.0000000000000000     
  0.11270000000000001       0.54148437628470936        6.0557456720442852E-003  -0.0000000000000000     
  0.11460000000000002       0.55071728096290296        6.3245298435097028E-003  -0.0000000000000000     
  0.11649999999999999       0.55995469359663574        6.6009624068600406E-003  -0.0000000000000000     
  0.11840000000000001       0.56919666646260303        6.8852095750145713E-003  -0.0000000000000000     
  0.12030000000000000       0.57844325287941489        7.1774423959087754E-003  -0.0000000000000000     
  0.12220000000000000       0.58769450721897265        7.4778366599166143E-003  -0.0000000000000000     
  0.12410000000000000       0.59695048493067393        7.7865728053292654E-003  -0.0000000000000000     
  0.12600000000000000       0.60621124256226600        8.1038358224245436E-003  -0.0000000000000000     
  0.12790000000000001       0.61547683777824291        8.4298151565877829E-003  -0.0000000000000000     
  0.12980000000000003       0.62474732937563915        8.7647046110749163E-003  -0.0000000000000000     
  0.13169999999999998       0.63402275695040267        9.1051097741835525E-003  -0.0000000000000000     
  0.13360000000000000       0.64330312441399484        9.4517101320736371E-003  -0.0000000000000000     
  0.13550000000000001       0.65258846217807409        9.8059594013973402E-003  -0.0000000000000000     
  0.13739999999999999       0.66187881227716105        1.0168486506286750E-002  -0.0000000000000000     
  0.13930000000000001       0.67117422287248962        1.0539744956263497E-002  -0.0000000000000000     
  0.14120000000000002       0.68047474642160122        1.0920112586721611E-002  -0.0000000000000000     
  0.14310000000000000       0.68978043875852335        1.1309926987621250E-002  -0.0000000000000000     
  0.14500000000000002       0.69909135854546967        1.1709501837354329E-002  -0.0000000000000000     
  0.14690000000000000       0.70840756691080053        1.2119135631067895E-002  -0.0000000000000000     
  0.14879999999999999       0.71772912719301063        1.2539116819913845E-002  -0.0000000000000000     
  0.15070000000000000       0.72705610475007043        1.2969727052825326E-002  -0.0000000000000000     
  0.15260000000000001       0.73638856681153408        1.3411243329790910E-002  -0.0000000000000000     
  0.15450000000000000       0.74572658236084000        1.3863939490318573E-002  -0.0000000000000000     
  0.15640000000000001       0.75507022203859209        1.4328087275817521E-002  -0.0000000000000000     
  0.15830000000000002       0.76441955806168860        1.4803957107717425E-002  -0.0000000000000000     
  0.16020000000000001       0.77377466415458229        1.5291818669849669E-002  -0.0000000000000000     
  0.16210000000000002       0.78313561548936350        1.5791941352453612E-002  -0.0000000000000000     
  0.16400000000000001       0.79250248863414252        1.6304594595927417E-002  -0.0000000000000000     
  0.16589999999999999       0.80187536150644367        1.6830048160813814E-002  -0.0000000000000000     
  0.16780000000000000       0.81125431333181541        1.7368572342391593E-002  -0.0000000000000000     
  0.16970000000000002       0.82063942460685624        1.7920438143152664E-002  -0.0000000000000000     
  0.17160000000000000       0.83003077706510042        1.8485917413012126E-002  -0.0000000000000000     
  0.17350000000000002       0.83942845364615870        1.9065282964270239E-002  -0.0000000000000000     
  0.17540000000000003       0.84883253846715490        1.9658808666861927E-002  -0.0000000000000000     
  0.17730000000000001       0.85824311679670717        2.0266769527996220E-002  -0.0000000000000000     
  0.17920000000000003       0.86766027503036103        2.0889441759247961E-002  -0.0000000000000000     
  0.18110000000000001       0.87708410066791365        2.1527102833651283E-002  -0.0000000000000000     
  0.18300000000000000       0.88651468229234698        2.2180031534654233E-002  -0.0000000000000000     
  0.18490000000000001       0.89595210955013405        2.2848507998391863E-002  -0.0000000000000000     
  0.18680000000000002       0.90539647312329297        2.3532813750511767E-002  -0.0000000000000000     
  0.18870000000000001       0.91484786474826341        2.4233231738148130E-002  -0.0000000000000000     
  0.19060000000000002       0.92430637714545760        2.4950046358391070E-002  -0.0000000000000000     
  0.19250000000000003       0.93377210403945532        2.5683543482999997E-002  -0.0000000000000000     
  0.19439999999999999       0.94324514013552729        2.6434010480298052E-002  -0.0000000000000000     
  0.19630000000000000       0.95272558110560934        2.7201736234399247E-002  -0.0000000000000000     
  0.19820000000000002       0.96221352357515533        2.7987011161903060E-002  -0.0000000000000000     
  0.20010000000000000       0.97170906511058475        2.8790127226289597E-002  -0.0000000000000000     
  0.20200000000000001       0.98121230420735783        2.9611377950055234E-002  -0.0000000000000000     
  0.20390000000000003       0.99072334027854336        3.0451058424596063E-002  -0.0000000000000000     
  0.20580000000000001        1.0002422736440233        3.1309465317859241E-002  -0.0000000000000000     
  0.20770000000000002        1.0097692055200360        3.2186896879686525E-002  -0.0000000000000000     
  0.20960000000000004        1.0193042380091861        3.3083652944766596E-002  -0.0000000000000000     
  0.21149999999999999        1.0288474740908242        3.4000034933111600E-002  -0.0000000000000000     
  0.21340000000000001        1.0383990176118230        3.4936345847892153E-002  -0.0000000000000000     
  0.21529999999999999        1.0479589732775649        3.5892890270525078E-002  -0.0000000000000000     
  0.21720000000000000        1.0575274466432405        3.6869974352799907E-002  -0.0000000000000000     
  0.21909999999999999        1.0671045441053790        3.7867905805937734E-002  -0.0000000000000000     
  0.22100000000000003        1.0766903728935520        3.8886993886328040E-002  -0.0000000000000000     
  0.22289999999999999        1.0862850410621983        3.9927549377804551E-002  -0.0000000000000000     
  0.22479999999999997        1.0958886574825981        4.0989884570221735E-002  -0.0000000000000000     
  0.22670000000000001        1.1055013318349476        4.2074313234185860E-002  -0.0000000000000000     
  0.22860000000000000        1.1151231746003591        4.3181150591653727E-002  -0.0000000000000000     
  0.23050000000000001        1.1247542970530184        4.4310713282296410E-002  -0.0000000000000000     
  0.23240000000000000        1.1343948112521753        4.5463319325341256E-002  -0.0000000000000000     
  0.23430000000000001        1.1440448300341297        4.6639288076734328E-002  -0.0000000000000000     
  0.23619999999999999        1.1537044670041166        4.7838940181450323E-002  -0.0000000000000000     
  0.23810000000000003        1.1633738365280177        4.9062597520684252E-002  -0.0000000000000000     
  0.23999999999999999        1.1730530537238639        5.0310583153839954E-002  -0.0000000000000000     
  0.24189999999999998        1.1827422344532572        5.1583221255081378E-002  -0.0000000000000000     
  0.24380000000000002        1.1924414953123548        5.2880837044286817E-002  -0.0000000000000000     
  0.24570000000000000        1.2021509536227386        5.4203756712296991E-002  -0.0000000000000000     
  0.24760000000000001        1.2118707274218337        5.5552307340272923E-002  -0.0000000000000000     
  0.24950000000000000        1.2216009354530981        5.6926816813073280E-002  -0.0000000000000000     
  0.25140000000000001        1.2313416971557178        5.8327613726520129E-002  -0.0000000000000000     
  0.25330000000000003        1.2410931326539529        5.9755027288476210E-002  -0.0000000000000000     
  0.25519999999999998        1.2508553627460353        6.1209387213645695E-002  -0.0000000000000000     
  0.25710000000000000        1.2606285088925169        6.2691023612079913E-002  -0.0000000000000000     
  0.25900000000000001        1.2704126932042135        6.4200266871289866E-002  -0.0000000000000000     
  0.26090000000000002        1.2802080384295531        6.5737447532010870E-002  -0.0000000000000000     
  0.26279999999999998        1.2900146679413234        6.7302896157589914E-002  -0.0000000000000000     
  0.26469999999999999        1.2998327057229317        6.8896943197053639E-002  -0.0000000000000000     
  0.26660000000000000        1.3096622763539727        7.0519918841869436E-002  -0.0000000000000000     
  0.26849999999999996        1.3195035050014103        7.2172152876867984E-002  -0.0000000000000000     
  0.27040000000000003        1.3293565173787452        7.3853974523378538E-002  -0.0000000000000000     
  0.27229999999999999        1.3392214397675799        7.5565712279710345E-002  -0.0000000000000000     
  0.27420000000000000        1.3490983989751921        7.7307693752542775E-002  -0.0000000000000000     
  0.27610000000000001        1.3589875223228935        7.9080245484237782E-002  -0.0000000000000000     
  0.27799999999999997        1.3688889376277997        8.0883692774519428E-002  -0.0000000000000000     
  0.27989999999999998        1.3788027731833725        8.2718359496803298E-002  -0.0000000000000000     
  0.28179999999999999        1.3887291577395131        8.4584567909698205E-002  -0.0000000000000000     
  0.28370000000000001        1.3986682204818150        8.6482638463792436E-002  -0.0000000000000000     
  0.28559999999999997        1.4086200910100424        8.8412889604110881E-002  -0.0000000000000000     
  0.28750000000000003        1.4185848993158643        9.0375637568515910E-002  -0.0000000000000000     
  0.28939999999999999        1.4285627757597850        9.2371196182488832E-002  -0.0000000000000000     
  0.29130000000000000        1.4385538510473610        9.4399876650615958E-002  -0.0000000000000000     
  0.29320000000000002        1.4485582562047394        9.6461987345194539E-002  -0.0000000000000000     
  0.29509999999999997        1.4585761225532741        9.8557833592424732E-002  -0.0000000000000000     
  0.29699999999999999        1.4686075816835145       0.10068771745653447       -0.0000000000000000     
  0.29890000000000000        1.4786527654284070       0.10285193752242278       -0.0000000000000000     
  0.30080000000000001        1.4887118058358781       0.10505078867722593       -0.0000000000000000     
  0.30269999999999997        1.4987848351406334       0.10728456189129476       -0.0000000000000000     
  0.30460000000000004        1.5088719857353168       0.10955354399916048       -0.0000000000000000     
  0.30649999999999999        1.5189733901410334       0.11185801748094372       -0.0000000000000000     
  0.30840000000000001        1.5290891809771980       0.11419826024476848       -0.0000000000000000     
  0.31030000000000002        1.5392194909308521       0.11657454541069089       -0.0000000000000000     
  0.31219999999999998        1.5493644527253223       0.11898714109673005       -0.0000000000000000     
  0.31409999999999999        1.5595241990884505       0.12143631020752399       -0.0000000000000000     
  0.31600000000000000        1.5696988627201929       0.12392231022612414       -0.0000000000000000     
  0.31790000000000002        1.5798885762598640       0.12644539300950866       -0.0000000000000000     
  0.31979999999999997        1.5900934722528468       0.12900580458835509       -0.0000000000000000     
  0.32170000000000004        1.6003136831170299       0.13160378497158035       -0.0000000000000000     
  0.32360000000000000        1.6105493411087772       0.13423956795616879       -0.0000000000000000     
  0.32549999999999996        1.6208005782886583       0.13691338094281924       -0.0000000000000000     
  0.32740000000000002        1.6310675264927395       0.13962544475886851       -0.0000000000000000     
  0.32929999999999998        1.6413503172739599       0.14237597348300352       -0.0000000000000000     
  0.33119999999999999        1.6516490819038177       0.14516517428733125       -0.0000000000000000     
  0.33310000000000001        1.6619639513123217       0.14799324727680646       -0.0000000000000000     
  0.33500000000000002        1.6722950560591545       0.15086038534203139       -0.0000000000000000     
  0.33689999999999998        1.6826425262988838       0.15376677401942898       -0.0000000000000000     
  0.33879999999999999        1.6930064917454410       0.15671259136022572       -0.0000000000000000     
  0.34070000000000000        1.7033870816371997       0.15969800780857493       -0.0000000000000000     
  0.34259999999999996        1.7137844247021201       0.16272318608921796       -0.0000000000000000     
  0.34450000000000003        1.7241986491229040       0.16578828110478955       -0.0000000000000000     
  0.34639999999999999        1.7346298825025435       0.16889343984317065       -0.0000000000000000     
  0.34830000000000000        1.7450782518300578       0.17203880129492036       -0.0000000000000000     
  0.35020000000000001        1.7555438834465582       0.17522449638112289       -0.0000000000000000     
  0.35210000000000002        1.7660269030117175       0.17845064789165280       -0.0000000000000000     
  0.35399999999999998        1.7765274354706448       0.18171737043404318       -0.0000000000000000     
  0.35589999999999999        1.7870456050212158       0.18502477039294390       -0.0000000000000000     
  0.35780000000000001        1.7975815350880711       0.18837294590186349       -0.0000000000000000     
  0.35969999999999996        1.8081353482655580       0.19176198681747772       -0.0000000000000000     
  0.36160000000000003        1.8187071663261434       0.19519197472096600       -0.0000000000000000     
  0.36349999999999999        1.8292971101629427       0.19866298291317927       -0.0000000000000000     
  0.36540000000000000        1.8399052997671397       0.20217507642876106       -0.0000000000000000     
  0.36730000000000002        1.8505318541987723       0.20572831205876274       -0.0000000000000000     
  0.36920000000000003        1.8611768915585689       0.20932273838338553       -0.0000000000000000     
  0.37109999999999999        1.8718405289605251       0.21295839581473247       -0.0000000000000000     
  0.37300000000000000        1.8825228825052300       0.21663531664911273       -0.0000000000000000     
  0.37490000000000001        1.8932240672540432       0.22035352512889508       -0.0000000000000000     
  0.37679999999999997        1.9039441972041629       0.22411303751347170       -0.0000000000000000     
  0.37870000000000004        1.9146833852645393       0.22791386215905246       -0.0000000000000000     
  0.38059999999999999        1.9254417432327156       0.23175599960705720       -0.0000000000000000     
  0.38250000000000001        1.9362193817784952       0.23563944268267975       -0.0000000000000000     
  0.38440000000000002        1.9470164103979535       0.23956417659080939       -0.0000000000000000     
  0.38629999999999998        1.9578329374319272       0.24353017904111243       -0.0000000000000000     
  0.38819999999999999        1.9686690700195837       0.24753742035778453       -0.0000000000000000     
  0.39010000000000000        1.9795249140870601       0.25158586360757679       -0.0000000000000000     
  0.39200000000000002        1.9904005743300439       0.25567546473159691       -0.0000000000000000     
  0.39389999999999997        2.0012961541975511       0.25980617268315470       -0.0000000000000000     
  0.39580000000000004        2.0122117558763786       0.26397792957089883       -0.0000000000000000     
  0.39770000000000000        2.0231474802767639       0.26819067080706255       -0.0000000000000000     
  0.39959999999999996        2.0341034270190024       0.27244432526026713       -0.0000000000000000     
  0.40150000000000002        2.0450796944209921       0.27673881541252493       -0.0000000000000000     
  0.40339999999999998        2.0560763794923473       0.28107405752239034       -0.0000000000000000     
  0.40529999999999999        2.0670935779008710       0.28544996177902671       -0.0000000000000000     
  0.40720000000000001        2.0781313839997155       0.28986643248506749       -0.0000000000000000     
  0.40910000000000002        2.0891898907929991       0.29432336821502714       -0.0000000000000000     
  0.41099999999999998        2.1002691899351689       0.29882066198996027       -0.0000000000000000     
  0.41290000000000004        2.1113693717244040       0.30335820145086528       -0.0000000000000000     
  0.41480000000000000        2.1224905250969477       0.30793586903346981       -0.0000000000000000     
  0.41669999999999996        2.1336327376223401       0.31255354214401071       -0.0000000000000000     
  0.41860000000000003        2.1447960954996095       0.31721109333565173       -0.0000000000000000     
  0.42049999999999998        2.1559806835604181       0.32190839048848824       -0.0000000000000000     
  0.42240000000000005        2.1671865852407102       0.32664529697244926       -0.0000000000000000     
  0.42430000000000007        2.1784138826210917       0.33142167184533566       -0.0000000000000000     
  0.42620000000000002        2.1896626563969863       0.33623737001331228       -0.0000000000000000     
  0.42809999999999998        2.2009329858865567       0.34109224240956992       -0.0000000000000000     
  0.43000000000000005        2.2122249490319370       0.34598613616797463       -0.0000000000000000     
  0.43190000000000006        2.2235386224010241       0.35091889479506194       -0.0000000000000000     
  0.43380000000000002        2.2348740811900827       0.35589035834046578       -0.0000000000000000     
  0.43570000000000003        2.2462313992268621       0.36090036356531263       -0.0000000000000000     
  0.43759999999999999        2.2576106489810401       0.36594874411263900       -0.0000000000000000     
  0.43950000000000006        2.2690119015420431       0.37103533065434524       -0.0000000000000000     
  0.44140000000000007        2.2804352266662433       0.37615995107924483       -0.0000000000000000     
  0.44330000000000003        2.2918806927533666       0.38132243063333304       -0.0000000000000000     
  0.44519999999999998        2.3033483668606261       0.38652259208059736       -0.0000000000000000     
  0.44710000000000000        2.3148383147095930       0.39176025585594615       -0.0000000000000000     
  0.44900000000000007        2.3263506006937416       0.39703524021516740       -0.0000000000000000     
  0.45090000000000002        2.3378852878863570       0.40234736138158167       -0.0000000000000000     
  0.45280000000000004        2.3494424380489942       0.40769643368949826       -0.0000000000000000     
  0.45469999999999999        2.3610221116404055       0.41308226972422390       -0.0000000000000000     
  0.45660000000000006        2.3726243678258196       0.41850468045869665       -0.0000000000000000     
  0.45850000000000007        2.3842492644924715       0.42396347539150803       -0.0000000000000000     
  0.46040000000000003        2.3958968582357589       0.42945846265593740       -0.0000000000000000     
  0.46229999999999999        2.4075672044070706       0.43498944917778781       -0.0000000000000000     
  0.46420000000000000        2.4192603570988442       0.44055624077574684       -0.0000000000000000     
  0.46610000000000007        2.4309763691621238       0.44615864228575680       -0.0000000000000000     
  0.46800000000000003        2.4427152922182138       0.45179645767603993       -0.0000000000000000     
  0.46990000000000004        2.4544771766703408       0.45746949015865906       -0.0000000000000000     
  0.47180000000000011        2.4662620717157391       0.46317754229723324       -0.0000000000000000     
  0.47370000000000007        2.4780700253576287       0.46892041611109925       -0.0000000000000000     
  0.47560000000000008        2.4899010844177054       0.47469791317591264       -0.0000000000000000     
  0.47750000000000004        2.5017552945488366       0.48050983472066328       -0.0000000000000000     
  0.47939999999999999        2.5136327002477286       0.48635598172110950       -0.0000000000000000     
  0.48130000000000006        2.5255333448679829       0.49223615498982670       -0.0000000000000000     
  0.48320000000000007        2.5374572706330856       0.49815015526264472       -0.0000000000000000     
  0.48510000000000003        2.5494045186536138       0.50409778328801436       -0.0000000000000000     
  0.48700000000000004        2.5613751289242961       0.51007883988145264       -0.0000000000000000     
  0.48890000000000011        2.5733691403627574       0.51609312604090096       -0.0000000000000000     
  0.49080000000000007        2.5853865908055016       0.52214044299350870       -0.0000000000000000     
  0.49270000000000008        2.5974275170259253       0.52822059227225526       -0.0000000000000000     
  0.49460000000000004        2.6094919547482016       0.53433337578324525       -0.0000000000000000     
  0.49650000000000000        2.6215799386606853       0.54047859586938884       -0.0000000000000000     
  0.49840000000000007        2.6336915024298020       0.54665605537147066       -0.0000000000000000     
  0.50030000000000008        2.6458266787136937       0.55286555768626733       -0.0000000000000000     
  0.50220000000000009        2.6579854991760326       0.55910690682170883       -0.0000000000000000     
  0.50409999999999999        2.6701679944995935       0.56537990744934075       -0.0000000000000000     
  0.50600000000000001        2.6823741944001238       0.57168436495424702       -0.0000000000000000     
  0.50790000000000013        2.6946041276398645       0.57802008548210015       -0.0000000000000000     
  0.50980000000000003        2.7068578220414019       0.58438687598404437       -0.0000000000000000     
  0.51170000000000004        2.7191353045011319       0.59078454425868021       -0.0000000000000000     
  0.51360000000000006        2.7314366010028213       0.59721289899207741       -0.0000000000000000     
  0.51550000000000007        2.7437617366311691       0.60367174979516214       -0.0000000000000000     
  0.51740000000000008        2.7561107355853136       0.61016090723919303       -0.0000000000000000     
  0.51930000000000009        2.7684836211919559       0.61668018288869042       -0.0000000000000000     
  0.52120000000000000        2.7808804159189418       0.62322938933266747       -0.0000000000000000     
  0.52310000000000001        2.7933011413855473       0.62980834022100629       -0.0000000000000000     
  0.52500000000000013        2.8057458183863035       0.63641685026118899       -0.0000000000000000     
  0.52690000000000003        2.8182144668886400       0.64305473529006441       -0.0000000000000000     
  0.52880000000000005        2.8307071060549847       0.64972181226536863       -0.0000000000000000     
  0.53070000000000006        2.8432237542546428       0.65641789929588201       -0.0000000000000000     
  0.53260000000000007        2.8557644290752235       0.66314281566100874       -0.0000000000000000     
  0.53450000000000009        2.8683291473358508       0.66989638182953648       -0.0000000000000000     
  0.53640000000000010        2.8809179250994394       0.67667841947618423       -0.0000000000000000     
  0.53830000000000000        2.8935307776851769       0.68348875149713872       -0.0000000000000000     
  0.54020000000000001        2.9061677196805262       0.69032720202384756       -0.0000000000000000     
  0.54210000000000014        2.9188287649534317       0.69719359643565326       -0.0000000000000000     
  0.54400000000000004        2.9315139266645849       0.70408776137121876       -0.0000000000000000     
  0.54590000000000005        2.9442232172786675       0.71100952473809997       -0.0000000000000000     
  0.54780000000000006        2.9569566485766172       0.71795871572213754       -0.0000000000000000     
  0.54970000000000008        2.9697142316670551       0.72493516479472353       -0.0000000000000000     
  0.55160000000000009        2.9824959769974639       0.73193870371949932       -0.0000000000000000     
  0.55350000000000010        2.9953018943657650       0.73896916555787084       -0.0000000000000000     
  0.55540000000000000        3.0081319929315726       0.74602638467377724       -0.0000000000000000     
  0.55730000000000002        3.0209862812268082       0.75311019673690960       -0.0000000000000000     
  0.55920000000000014        3.0338647671670107       0.76022043872575273       -0.0000000000000000     
  0.56110000000000004        3.0467674580619013       0.76735694892927042       -0.0000000000000000     
  0.56300000000000006        3.0596943606258886       0.77451956694791568       -0.0000000000000000     
  0.56490000000000007        3.0726454809887969       0.78170813369406045       -0.0000000000000000     
  0.56680000000000008        3.0856208247059835       0.78892249139135040       -0.0000000000000000     
  0.56870000000000009        3.0986203967685571       0.79616248357361807       -0.0000000000000000     
  0.57060000000000011        3.1116442016135086       0.80342795508299147       -0.0000000000000000     
  0.57250000000000001        3.1246922431334210       0.81071875206754807       -0.0000000000000000     
  0.57440000000000002        3.1377645246864305       0.81803472197821714       -0.0000000000000000     
  0.57630000000000015        3.1508610491057123       0.82537571356512807       -0.0000000000000000     
  0.57820000000000005        3.1639818187089852       0.83274157687355377       -0.0000000000000000     
  0.58010000000000006        3.1771268353080560       0.84013216323939799       -0.0000000000000000     
  0.58200000000000007        3.1902961001845491       0.84754732529246701       -0.0000000000000000     
  0.58389999999999997        3.2034896142316871       0.85498691691636297       -0.0000000000000000     
  0.58580000000000010        3.2167073777644850       0.86245079329546115       -0.0000000000000000     
  0.58770000000000011        3.2299493906606989       0.86993881087263880       -0.0000000000000000     
  0.58960000000000001        3.2432156523366218       0.87745082735169710       -0.0000000000000000     
  0.59150000000000003        3.2565061617559374       0.88498670169071303       -0.0000000000000000     
  0.59340000000000015        3.2698209174375470       0.89254629409431130       -0.0000000000000000     
  0.59530000000000005        3.2831599174644026       0.90012946600645682       -0.0000000000000000     
  0.59720000000000006        3.2965231594903401       0.90773608010186912       -0.0000000000000000     
  0.59910000000000008        3.3099106407504162       0.91536600027888415       -0.0000000000000000     
  0.60099999999999998        3.3233223580663145       0.92301909165031315       -0.0000000000000000     
  0.60290000000000010        3.3367583078553547       0.93069522053502607       -0.0000000000000000     
  0.60480000000000012        3.3502184861381505       0.93839425444948832       -0.0000000000000000     
  0.60670000000000002        3.3637028885457751       0.94611606209849908       -0.0000000000000000     
  0.60860000000000003        3.3772115103272951       0.95386051336628097       -0.0000000000000000     
  0.61050000000000015        3.3907443463570193       0.96162747930708770       -0.0000000000000000     
  0.61240000000000006        3.4043013911410624       0.96941683213569574       -0.0000000000000000     
  0.61430000000000007        3.4178826388254171       0.97722844521818075       -0.0000000000000000     
  0.61620000000000008        3.4314880832021908       0.98506219306221110       -0.0000000000000000     
  0.61809999999999998        3.4451177177161370       0.99291795130687333       -0.0000000000000000     
  0.62000000000000011        3.4587715354723225        1.0007955967138322       -0.0000000000000000     
  0.62190000000000012        3.4724495292413105        1.0086950071563907       -0.0000000000000000     
  0.62380000000000002        3.4861516914669384        1.0166160616102948       -0.0000000000000000     
  0.62570000000000003        3.4998780142718759        1.0245586401434059       -0.0000000000000000     
  0.62760000000000005        3.5136284894633829        1.0325226239055265       -0.0000000000000000     
  0.62950000000000006        3.5274031085411677        1.0405078951188891       -0.0000000000000000     
  0.63140000000000007        3.5412018627018256        1.0485143370675536       -0.0000000000000000     
  0.63330000000000009        3.5550247428449433        1.0565418340873416       -0.0000000000000000     
  0.63519999999999999        3.5688717395797460        1.0645902715559861       -0.0000000000000000     
  0.63710000000000011        3.5827428432298478        1.0726595358826996       -0.0000000000000000     
  0.63900000000000012        3.5966380438396888        1.0807495144983841       -0.0000000000000000     
  0.64090000000000003        3.6105573311792432        1.0888600958450991       -0.0000000000000000     
  0.64280000000000004        3.6245006947502412        1.0969911693663226       -0.0000000000000000     
  0.64470000000000005        3.6384681237908683        1.1051426254967920       -0.0000000000000000     
  0.64660000000000006        3.6524596072816089        1.1133143556524014       -0.0000000000000000     
  0.64850000000000008        3.6664751339492829        1.1215062522200139       -0.0000000000000000     
  0.65040000000000009        3.6805146922741421        1.1297182085481332       -0.0000000000000000     
  0.65229999999999999        3.6945782704919026        1.1379501189358971       -0.0000000000000000     
  0.65420000000000011        3.7086658566021273        1.1462018786246018       -0.0000000000000000     
  0.65610000000000013        3.7227774383695045        1.1544733837863075       -0.0000000000000000     
  0.65800000000000003        3.7369130033311708        1.1627645315152031       -0.0000000000000000     
  0.65990000000000004        3.7510725388002615        1.1710752198175824       -0.0000000000000000     
  0.66180000000000005        3.7652560318702299        1.1794053476017474       -0.0000000000000000     
  0.66370000000000007        3.7794634694204028        1.1877548146691463       -0.0000000000000000     
  0.66560000000000008        3.7936948381186766        1.1961235217040618       -0.0000000000000000     
  0.66750000000000009        3.8079501244276837        1.2045113702647332       -0.0000000000000000     
  0.66940000000000000        3.8222293146075215        1.2129182627736292       -0.0000000000000000     
  0.67130000000000012        3.8365323947211509        1.2213441025083227       -0.0000000000000000     
  0.67320000000000013        3.8508593506373057        1.2297887935919216       -0.0000000000000000     
  0.67510000000000003        3.8652101680350355        1.2382522409841366       -0.0000000000000000     
  0.67700000000000005        3.8795848324083391        1.2467343504722710       -0.0000000000000000     
  0.67890000000000006        3.8939833290688246        1.2552350286618337       -0.0000000000000000     
  0.68080000000000007        3.9084056431501222        1.2637541829679566       -0.0000000000000000     
  0.68270000000000008        3.9228517596116412        1.2722917216060443       -0.0000000000000000     
  0.68460000000000010        3.9373216632424675        1.2808475535839090       -0.0000000000000000     
  0.68650000000000000        3.9518153386638875        1.2894215886916900       -0.0000000000000000     
  0.68840000000000012        3.9663327703349012        1.2980137374946763       -0.0000000000000000     
  0.69030000000000014        3.9808739425531314        1.3066239113236044       -0.0000000000000000     
  0.69220000000000004        3.9954388394612357        1.3152520222672897       -0.0000000000000000     
  0.69410000000000005        4.0100274450473634        1.3238979831631510       -0.0000000000000000     
  0.69600000000000006        4.0246397431500727        1.3325617075894232       -0.0000000000000000     
  0.69790000000000008        4.0392757174615026        1.3412431098574351       -0.0000000000000000     
  0.69980000000000009        4.0539353515301704        1.3499421050027645       -0.0000000000000000     
  0.70170000000000010        4.0686186287645132        1.3586586087776829       -0.0000000000000000     
  0.70360000000000000        4.0833255324348965        1.3673925376427636       -0.0000000000000000     
  0.70550000000000002        4.0980560456780557        1.3761438087595630       -0.0000000000000000     
  0.70740000000000014        4.1128101514996125        1.3849123399828724       -0.0000000000000000     
  0.70930000000000004        4.1275878327759870        1.3936980498521514       -0.0000000000000000     
  0.71120000000000005        4.1423890722588679        1.4025008575851419       -0.0000000000000000     
  0.71310000000000007        4.1572138525767839        1.4113206830696672       -0.0000000000000000     
  0.71500000000000008        4.1720621562380771        1.4201574468561544       -0.0000000000000000     
  0.71690000000000009        4.1869339656342914        1.4290110701507130       -0.0000000000000000     
  0.71880000000000011        4.2018292630421010        1.4378814748076882       -0.0000000000000000     
  0.72070000000000001        4.2167480306263823        1.4467685833224644       -0.0000000000000000     
  0.72260000000000002        4.2316902504422602        1.4556723188243863       -0.0000000000000000     
  0.72450000000000014        4.2466559044382732        1.4645926050698588       -0.0000000000000000     
  0.72640000000000005        4.2616449744581368        1.4735293664352460       -0.0000000000000000     
  0.72830000000000006        4.2766574422441792        1.4824825279104665       -0.0000000000000000     
  0.73020000000000007        4.2916932894381841        1.4914520150915254       -0.0000000000000000     
  0.73210000000000008        4.3067524975857365        1.5004377541748188       -0.0000000000000000     
  0.73400000000000010        4.3218350481367453        1.5094396719496146       -0.0000000000000000     
  0.73590000000000011        4.3369409224485249        1.5184576957920719       -0.0000000000000000     
  0.73780000000000001        4.3520701017882955        1.5274917536588435       -0.0000000000000000     
  0.73970000000000002        4.3672225673346219        1.5365417740804790       -0.0000000000000000     
  0.74160000000000015        4.3823983001799363        1.5456076861552062       -0.0000000000000000     
  0.74350000000000005        4.3975972813329056        1.5546894195430423       -0.0000000000000000     
  0.74540000000000006        4.4128194917198487        1.5637869044591481       -0.0000000000000000     
  0.74730000000000008        4.4280649121878577        1.5729000716686379       -0.0000000000000000     
  0.74919999999999998        4.4433335235051779        1.5820288524794317       -0.0000000000000000     
  0.75110000000000010        4.4586253063649712        1.5911731787375742       -0.0000000000000000     
  0.75300000000000011        4.4739402413855514        1.6003329828205290       -0.0000000000000000     
  0.75490000000000002        4.4892783091138666        1.6095081976320842       -0.0000000000000000     
  0.75680000000000003        4.5046394900261157        1.6186987565962236       -0.0000000000000000     
  0.75870000000000015        4.5200237645301380        1.6279045936517329       -0.0000000000000000     
  0.76060000000000005        4.5354311129672062        1.6371256432468053       -0.0000000000000000     
  0.76250000000000007        4.5508615156138541        1.6463618403333549       -0.0000000000000000     
  0.76440000000000008        4.5663149526831788        1.6556131203617199       -0.0000000000000000     
  0.76629999999999998        4.5817914043267614        1.6648794192753205       -0.0000000000000000     
  0.76820000000000010        4.5972908506367576        1.6741606735056580       -0.0000000000000000     
  0.77010000000000012        4.6128132716471644        1.6834568199667066       -0.0000000000000000     
  0.77200000000000002        4.6283586473351397        1.6927677960501804       -0.0000000000000000     
  0.77390000000000003        4.6439269576232833        1.7020935396203709       -0.0000000000000000     
  0.77580000000000016        4.6595181823805953        1.7114339890089909       -0.0000000000000000     
  0.77770000000000006        4.6751323014240880        1.7207890830104140       -0.0000000000000000     
  0.77960000000000007        4.6907692945212069        1.7301587608771085       -0.0000000000000000     
  0.78150000000000008        4.7064291413894148        1.7395429623140168       -0.0000000000000000     
  0.78339999999999999        4.7221118216998521        1.7489416274749485       -0.0000000000000000     
  0.78530000000000011        4.7378173150769358        1.7583546969568442       -0.0000000000000000     
  0.78720000000000012        4.7535456011007122        1.7677821117958163       -0.0000000000000000     
  0.78910000000000002        4.7692966593081838        1.7772238134624592       -0.0000000000000000     
  0.79100000000000004        4.7850704691944141        1.7866797438572268       -0.0000000000000000     
  0.79290000000000016        4.8008670102140290        1.7961498453062350       -0.0000000000000000     
  0.79480000000000006        4.8166862617821913        1.8056340605564329       -0.0000000000000000     
  0.79670000000000007        4.8325282032763708        1.8151323327719129       -0.0000000000000000     
  0.79860000000000009        4.8483928140372461        1.8246446055290735       -0.0000000000000000     
  0.80049999999999999        4.8642800733703035        1.8341708228128710       -0.0000000000000000     
  0.80240000000000011        4.8801899605464722        1.8437109290121756       -0.0000000000000000     
  0.80430000000000013        4.8961224548040727        1.8532648689162128       -0.0000000000000000     
  0.80620000000000003        4.9120775353491553        1.8628325877099485       -0.0000000000000000     
  0.80810000000000004        4.9280551813571822        1.8724140309704846       -0.0000000000000000     
  0.81000000000000016        4.9440553719743772        1.8820091446629941       -0.0000000000000000     
  0.81190000000000007        4.9600780863180800        1.8916178751367843       -0.0000000000000000     
  0.81380000000000008        4.9761233034788175        1.9012401691216139       -0.0000000000000000     
  0.81570000000000009        4.9921910025201379        1.9108759737234589       -0.0000000000000000     
  0.81759999999999999        5.0082811624809933        1.9205252364212961       -0.0000000000000000     
  0.81950000000000012        5.0243937623758930        1.9301879050631290       -0.0000000000000000     
  0.82140000000000013        5.0405287811961079        1.9398639278621810       -0.0000000000000000     
  0.82330000000000003        5.0566861979109214        1.9495532533936955       -0.0000000000000000     
  0.82520000000000004        5.0728659914684062        1.9592558305910086       -0.0000000000000000     
  0.82710000000000006        5.0890681407965017        1.9689716087421938       -0.0000000000000000     
  0.82900000000000007        5.1052926248036430        1.9787005374864877       -0.0000000000000000     
  0.83090000000000008        5.1215394223800264        1.9884425668108314       -0.0000000000000000     
  0.83280000000000010        5.1378085123987622        1.9981976470468210       -0.0000000000000000     
  0.83470000000000000        5.1540998737159498        2.0079657288667674       -0.0000000000000000     
  0.83660000000000012        5.1704134851724106        2.0177467632810404       -0.0000000000000000     
  0.83850000000000013        5.1867493255941017        2.0275407016342690       -0.0000000000000000     
  0.84040000000000004        5.2031073737932161        2.0373474956023938       -0.0000000000000000     
  0.84230000000000005        5.2194876085684454        2.0471670971893325       -0.0000000000000000     
  0.84420000000000006        5.2358900087071163        2.0569994587242606       -0.0000000000000000     
  0.84609999999999996        5.2523145529840711        2.0668445328576639       -0.0000000000000000     
  0.84799999999999998        5.2687612201643699        2.0767022725591469       -0.0000000000000000     
  0.84989999999999999        5.2852299890028238        2.0865726311139596       -0.0000000000000000     
  0.85180000000000000        5.3017208382452354        2.0964555621200165       -0.0000000000000000     
  0.85370000000000013        5.3182337466290086        2.1063510194849524       -0.0000000000000000     
  0.85560000000000014        5.3347686928843361        2.1162589574235215       -0.0000000000000000     
  0.85750000000000004        5.3513256557340618        2.1261793304541881       -0.0000000000000000     
  0.85940000000000005        5.3679046138952344        2.1361120933966018       -0.0000000000000000     
  0.86130000000000007        5.3845055460792386        2.1460572013688006       -0.0000000000000000     
  0.86319999999999997        5.4011284309929932        2.1560146097843491       -0.0000000000000000     
  0.86509999999999998        5.4177732473390741        2.1659842743495283       -0.0000000000000000     
  0.86699999999999999        5.4344399738167430        2.1759661510607291       -0.0000000000000000     
  0.86890000000000001        5.4511285891229413        2.1859601962019979       -0.0000000000000000     
  0.87079999999999991        5.4678390719516914        2.1959663663416098       -0.0000000000000000     
  0.87270000000000014        5.4845714009961926        2.2059846183304557       -0.0000000000000000     
  0.87460000000000004        5.5013255549487772        2.2160149092988934       -0.0000000000000000     
  0.87650000000000006        5.5181015125011399        2.2260571966541125       -0.0000000000000000     
  0.87840000000000007        5.5348992523455420        2.2361114380778844       -0.0000000000000000     
  0.88029999999999997        5.5517187531753569        2.2461775915240483       -0.0000000000000000     
  0.88219999999999998        5.5685599936853736        2.2562556152160034       -0.0000000000000000     
  0.88410000000000000        5.5854229525723662        2.2663454676441108       -0.0000000000000000     
  0.88600000000000001        5.6023076085361216        2.2764471075636203       -0.0000000000000000     
  0.88789999999999991        5.6192139402789731        2.2865604939919142       -0.0000000000000000     
  0.88980000000000015        5.6361419265079196        2.2966855862066660       -0.0000000000000000     
  0.89170000000000005        5.6530915459333997        2.3068223437428133       -0.0000000000000000     
  0.89360000000000006        5.6700627772710179        2.3169707263910180       -0.0000000000000000     
  0.89550000000000007        5.6870555992416527        2.3271306941948433       -0.0000000000000000     
  0.89739999999999998        5.7040699905718411        2.3373022074487544       -0.0000000000000000     
  0.89929999999999999        5.7211059299948204        2.3474852266961195       -0.0000000000000000     
  0.90120000000000000        5.7381633962502079        2.3576797127265063       -0.0000000000000000     
  0.90309999999999990        5.7552423680847440        2.3678856265737549       -0.0000000000000000     
  0.90499999999999992        5.7723428242534558        2.3781029295142093       -0.0000000000000000     
  0.90689999999999993        5.7894647435189430        2.3883315830639473       -0.0000000000000000     
  0.90879999999999994        5.8066081046529874        2.3985715489773476       -0.0000000000000000     
  0.91070000000000007        5.8237728864360809        2.4088227892445104       -0.0000000000000000     
  0.91260000000000008        5.8409590676581322        2.4190852660893216       -0.0000000000000000     
  0.91449999999999998        5.8581666271191954        2.4293589419677426       -0.0000000000000000     
  0.91639999999999999        5.8753955436297813        2.4396437795656229       -0.0000000000000000     
  0.91830000000000001        5.8926457960107346        2.4499397417965265       -0.0000000000000000     
  0.92019999999999991        5.9099173630943840        2.4602467918001039       -0.0000000000000000     
  0.92209999999999992        5.9272102237245115        2.4705648929399926       -0.0000000000000000     
  0.92399999999999993        5.9445243567568005        2.4808940088020330       -0.0000000000000000     
  0.92589999999999995        5.9618597410594187        2.4912341031922423       -0.0000000000000000     
  0.92780000000000007        5.9792163555130617        2.5015851401350875       -0.0000000000000000     
  0.92970000000000008        5.9965941790113790        2.5119470838714086       -0.0000000000000000     
  0.93159999999999998        6.0139931904619237        2.5223198988570670       -0.0000000000000000     
  0.93350000000000000        6.0314133687853282        2.5327035497605350       -0.0000000000000000     
  0.93540000000000001        6.0488546929168692        2.5430980014616202       -0.0000000000000000     
  0.93729999999999991        6.0663171418062358        2.5535032190495448       -0.0000000000000000     
  0.93919999999999992        6.0838006944175484        2.5639191678209419       -0.0000000000000000     
  0.94109999999999994        6.1013053297307041        2.5743458132787964       -0.0000000000000000     
  0.94299999999999995        6.1188310267402919        2.5847831211298140       -0.0000000000000000     
  0.94490000000000007        6.1363777644573183        2.5952310572836286       -0.0000000000000000     
  0.94680000000000009        6.1539455219083328        2.6056895878505091       -0.0000000000000000     
  0.94869999999999999        6.1715342781364582        2.6161586791399567       -0.0000000000000000     
  0.95060000000000000        6.1891440122019805        2.6266382976594178       -0.0000000000000000     
  0.95250000000000001        6.2067747031814813        2.6371284101119166       -0.0000000000000000     
  0.95439999999999992        6.2244263301688907        2.6476289833949438       -0.0000000000000000     
  0.95629999999999993        6.2420988722759514        2.6581399845989533       -0.0000000000000000     
  0.95819999999999994        6.2597923086322940        2.6686613810056414       -0.0000000000000000     
  0.96009999999999995        6.2775066183852513        2.6791931400862468       -0.0000000000000000     
  0.96199999999999986        6.2952417807007510        2.6897352295003154       -0.0000000000000000     
  0.96390000000000009        6.3129977747632076        2.7002876170940402       -0.0000000000000000     
  0.96579999999999999        6.3307745797764783        2.7108502708990101       -0.0000000000000000     
  0.96770000000000000        6.3485721749624862        2.7214231591300195       -0.0000000000000000     
  0.96960000000000002        6.3663905395635814        2.7320062501846647       -0.0000000000000000     
  0.97149999999999992        6.3842296528410243        2.7425995126409060       -0.0000000000000000     
  0.97339999999999993        6.4020894940761615        2.7532029152562321       -0.0000000000000000     
  0.97529999999999994        6.4199700425706210        2.7638164269661627       -0.0000000000000000     
  0.97719999999999996        6.4378712776460185        2.7744400168825893       -0.0000000000000000     
  0.97909999999999986        6.4557931786445240        2.7850736542925913       -0.0000000000000000     
  0.98100000000000009        6.4737357249294449        2.7957173086572102       -0.0000000000000000     
  0.98290000000000000        6.4916988958845812        2.8063709496096378       -0.0000000000000000     
  0.98480000000000001        6.5096826709152937        2.8170345469543534       -0.0000000000000000     
  0.98670000000000002        6.5276870294481206        2.8277080706654969       -0.0000000000000000     
  0.98859999999999992        6.5457119509310226        2.8383914908854941       -0.0000000000000000     
  0.99049999999999994        6.5637574148343170        2.8490847779243054       -0.0000000000000000     
  0.99239999999999995        6.5818234006494105        2.8597879022571115       -0.0000000000000000     
  0.99429999999999996        6.5999098878908642        2.8705008345242597       -0.0000000000000000     
  0.99619999999999986        6.6180168560949078        2.8812235455290192       -0.0000000000000000     
  0.99810000000000010        6.6361442848207588        2.8919560062368896       -0.0000000000000000     
   1.0000000000000000        6.6542921536495889        2.9026981877738125       -0.0000000000000000     
