   5.0000000000000003E-002  0.23916101700758394        7.9340529943189980E-004  -0.0000000000000000     
   5.1899999999999995E-002  0.24828069928284358        8.7367022188713378E-004  -0.0000000000000000     
   5.3800000000000001E-002  0.25740339578575361        9.5852144228275409E-004  -0.0000000000000000     
   5.5700000000000006E-002  0.26652916221492573        1.0479799935530784E-003  -0.0000000000000000     
   5.7599999999999998E-002  0.27565805084530176        1.1420655056522332E-003  -0.0000000000000000     
   5.9499999999999997E-002  0.28479011130530918        1.2407971981264827E-003  -0.0000000000000000     
   6.1400000000000003E-002  0.29392539056773054        1.3441948234820100E-003  -0.0000000000000000     
   6.3300000000000009E-002  0.30306393333005699        1.4522794921574939E-003  -0.0000000000000000     
   6.5200000000000008E-002  0.31220578232772167        1.5650744141542335E-003  -0.0000000000000000     
   6.7099999999999993E-002  0.32135097845243898        1.6826055678737808E-003  -0.0000000000000000     
   6.9000000000000006E-002  0.33049956107598671        1.8049022823077669E-003  -0.0000000000000000     
   7.0900000000000005E-002  0.33965156825513254        1.9319977529103794E-003  -0.0000000000000000     
   7.2799999999999990E-002  0.34880703692665815        2.0639294914121813E-003  -0.0000000000000000     
   7.4700000000000003E-002  0.35796600319572491        2.2007397132646810E-003  -0.0000000000000000     
   7.6600000000000001E-002  0.36712850240471728        2.3424756729975888E-003  -0.0000000000000000     
   7.8500000000000000E-002  0.37629456939430106        2.4891899451982965E-003  -0.0000000000000000     
   8.0400000000000013E-002  0.38546423865333956        2.6409406606973068E-003  -0.0000000000000000     
   8.2300000000000012E-002  0.39463754447797122        2.7977917001976048E-003  -0.0000000000000000     
   8.4199999999999997E-002  0.40381452111972926        2.9598128495043822E-003  -0.0000000000000000     
   8.6099999999999996E-002  0.41299520292212277        3.1270799200673652E-003  -0.0000000000000000     
   8.7999999999999995E-002  0.42217962443082963        3.2996748384516894E-003  -0.0000000000000000     
   8.9899999999999994E-002  0.43136782058976869        3.4776857074066054E-003  -0.0000000000000000     
   9.1800000000000007E-002  0.44055982673376609        3.6612068423029368E-003  -0.0000000000000000     
   9.3700000000000006E-002  0.44975567876689948        3.8503387848245600E-003  -0.0000000000000000     
   9.5600000000000004E-002  0.45895541323567479        4.0451882968213001E-003  -0.0000000000000000     
   9.7500000000000017E-002  0.46815906741478303        4.2458683367068480E-003  -0.0000000000000000     
   9.9400000000000002E-002  0.47736667938471083        4.4524980201778126E-003  -0.0000000000000000     
  0.10130000000000000       0.48657828810309789        4.6652025674869119E-003  -0.0000000000000000     
  0.10320000000000000       0.49579393346914913        4.8841132387905401E-003  -0.0000000000000000     
  0.10510000000000000       0.50501365638214468        5.1093672592828262E-003  -0.0000000000000000     
  0.10700000000000000       0.51423749879489755        5.3411077354918882E-003  -0.0000000000000000     
  0.10890000000000001       0.52346550376037015        5.5794835641024354E-003  -0.0000000000000000     
  0.11080000000000001       0.53269771547515798        5.8246493344748752E-003  -0.0000000000000000     
  0.11270000000000001       0.54193417931729715        6.0767652257544677E-003  -0.0000000000000000     
  0.11460000000000002       0.55117494188012317        6.3359968999289829E-003  -0.0000000000000000     
  0.11649999999999999       0.56042005098608783        6.6025153912863677E-003  -0.0000000000000000     
  0.11840000000000001       0.56966955577315836        6.8764969931008621E-003  -0.0000000000000000     
  0.12030000000000000       0.57892350662798775        7.1581231427212018E-003  -0.0000000000000000     
  0.12220000000000000       0.58818195526375849        7.4475803049730144E-003  -0.0000000000000000     
  0.12410000000000000       0.59744495472187364        7.7450598549215046E-003  -0.0000000000000000     
  0.12600000000000000       0.60671254632592142        8.0480570916468090E-003  -0.0000000000000000     
  0.12790000000000001       0.61598472597236187        8.3558030748950227E-003  -0.0000000000000000     
  0.12980000000000003       0.62526151347144698        8.6702004862428839E-003  -0.0000000000000000     
  0.13169999999999998       0.63454294401427203        8.9919487029843162E-003  -0.0000000000000000     
  0.13360000000000000       0.64382906004198270        9.3215315178755108E-003  -0.0000000000000000     
  0.13550000000000001       0.65311990896903394        9.6593448905139476E-003  -0.0000000000000000     
  0.13739999999999999       0.66241554208312536        1.0005739305586379E-002  -0.0000000000000000     
  0.13930000000000001       0.67171601390103963        1.0361038655627075E-002  -0.0000000000000000     
  0.14120000000000002       0.68102138174784566        1.0725550123898265E-002  -0.0000000000000000     
  0.14310000000000000       0.69033170546025302        1.1099569919412704E-002  -0.0000000000000000     
  0.14500000000000002       0.69964704716649995        1.1483386854593911E-002  -0.0000000000000000     
  0.14690000000000000       0.70896747111566472        1.1877284699927715E-002  -0.0000000000000000     
  0.14879999999999999       0.71829304354155687        1.2281543798400209E-002  -0.0000000000000000     
  0.15070000000000000       0.72762383255027341        1.2696442208782101E-002  -0.0000000000000000     
  0.15260000000000001       0.73695990802652733        1.3122256536464167E-002  -0.0000000000000000     
  0.15450000000000000       0.74630134155284944        1.3559262550189469E-002  -0.0000000000000000     
  0.15640000000000001       0.75564820634011864        1.4007735647749580E-002  -0.0000000000000000     
  0.15830000000000002       0.76500057716570324        1.4467951213085911E-002  -0.0000000000000000     
  0.16020000000000001       0.77435853031882118        1.4940184893217811E-002  -0.0000000000000000     
  0.16210000000000002       0.78372214355138137        1.5424712815595140E-002  -0.0000000000000000     
  0.16400000000000001       0.79309149603326934        1.5921811759956578E-002  -0.0000000000000000     
  0.16589999999999999       0.80246666831135327        1.6431759295708958E-002  -0.0000000000000000     
  0.16780000000000000       0.81184774227230561        1.6954833892162475E-002  -0.0000000000000000     
  0.16970000000000002       0.82123480110748703        1.7491315007909593E-002  -0.0000000000000000     
  0.17160000000000000       0.83062792928103546        1.8041483163572979E-002  -0.0000000000000000     
  0.17350000000000002       0.84002721249959045        1.8605620001481159E-002  -0.0000000000000000     
  0.17540000000000003       0.84943273768429750        1.9184008334882378E-002  -0.0000000000000000     
  0.17730000000000001       0.85884459294429427        1.9776932188776714E-002  -0.0000000000000000     
  0.17920000000000003       0.86826286755163851        2.0384676833957706E-002  -0.0000000000000000     
  0.18110000000000001       0.87768765190911258        2.1007528815693465E-002  -0.0000000000000000     
  0.18300000000000000       0.88711903756327215        2.1645775977650501E-002  -0.0000000000000000     
  0.18490000000000001       0.89655711713043584        2.2299707482626819E-002  -0.0000000000000000     
  0.18680000000000002       0.90600198431180312        2.2969613829708645E-002  -0.0000000000000000     
  0.18870000000000001       0.91545373386564111        2.3655786869079282E-002  -0.0000000000000000     
  0.19060000000000002       0.92491246158911866        2.4358519814538331E-002  -0.0000000000000000     
  0.19250000000000003       0.93437826430104298        2.5078107254009878E-002  -0.0000000000000000     
  0.19439999999999999       0.94385123982527575        2.5814845158289652E-002  -0.0000000000000000     
  0.19630000000000000       0.95333148697494430        2.6569030888076221E-002  -0.0000000000000000     
  0.19820000000000002       0.96281910553735794        2.7340963199433788E-002  -0.0000000000000000     
  0.20010000000000000       0.97231419625944737        2.8130942247603031E-002  -0.0000000000000000     
  0.20200000000000001       0.98181686083388753        2.8939269589253573E-002  -0.0000000000000000     
  0.20390000000000003       0.99132720188568846        2.9766248183033406E-002  -0.0000000000000000     
  0.20580000000000001        1.0008453229593448        3.0612182388383823E-002  -0.0000000000000000     
  0.20770000000000002        1.0103713285063700        3.1477377962490151E-002  -0.0000000000000000     
  0.20960000000000004        1.0199053238733338        3.2362142055249996E-002  -0.0000000000000000     
  0.21149999999999999        1.0294474152902084        3.3266783202132867E-002  -0.0000000000000000     
  0.21340000000000001        1.0389977098590943        3.4191611314695190E-002  -0.0000000000000000     
  0.21529999999999999        1.0485563155432820        3.5136937668707784E-002  -0.0000000000000000     
  0.21720000000000000        1.0581233411565136        3.6103074889575607E-002  -0.0000000000000000     
  0.21909999999999999        1.0676988963525331        3.7090336934958709E-002  -0.0000000000000000     
  0.22100000000000003        1.0772830916148388        3.8099039074363079E-002  -0.0000000000000000     
  0.22289999999999999        1.0868760382465805        3.9129497865434418E-002  -0.0000000000000000     
  0.22479999999999997        1.0964778483605542        4.0182031126917726E-002  -0.0000000000000000     
  0.22670000000000001        1.1060886348693808        4.1256957907874661E-002  -0.0000000000000000     
  0.22860000000000000        1.1157085114756589        4.2354598453089781E-002  -0.0000000000000000     
  0.23050000000000001        1.1253375926621867        4.3475274164432746E-002  -0.0000000000000000     
  0.23240000000000000        1.1349759936821078        4.4619307557927458E-002  -0.0000000000000000     
  0.23430000000000001        1.1446238305490903        4.5787022216381063E-002  -0.0000000000000000     
  0.23619999999999999        1.1542812200274146        4.6978742737389299E-002  -0.0000000000000000     
  0.23810000000000003        1.1639482796218485        4.8194794676475833E-002  -0.0000000000000000     
  0.23999999999999999        1.1736251275674590        4.9435504485243864E-002  -0.0000000000000000     
  0.24189999999999998        1.1833118828192426        5.0701199444353445E-002  -0.0000000000000000     
  0.24380000000000002        1.1930086650414484        5.1992207591193641E-002  -0.0000000000000000     
  0.24570000000000000        1.2027155945967476        5.3308857642053877E-002  -0.0000000000000000     
  0.24760000000000001        1.2124327925350249        5.4651478908720547E-002  -0.0000000000000000     
  0.24950000000000000        1.2221603805819374        5.6020401209381357E-002  -0.0000000000000000     
  0.25140000000000001        1.2318984811270279        5.7415954773679369E-002  -0.0000000000000000     
  0.25330000000000003        1.2416472172115214        5.8838470141932039E-002  -0.0000000000000000     
  0.25519999999999998        1.2514067125156980        6.0288278058369234E-002  -0.0000000000000000     
  0.25710000000000000        1.2611770913457596        6.1765709358378676E-002  -0.0000000000000000     
  0.25900000000000001        1.2709584786203254        6.3271094849754544E-002  -0.0000000000000000     
  0.26090000000000002        1.2807509998563673        6.4804765187927368E-002  -0.0000000000000000     
  0.26279999999999998        1.2905547811546105        6.6367050745167674E-002  -0.0000000000000000     
  0.26469999999999999        1.3003699491844154        6.7958281473870688E-002  -0.0000000000000000     
  0.26660000000000000        1.3101966311680682        6.9578786763916989E-002  -0.0000000000000000     
  0.26849999999999996        1.3200349548645056        7.1228895294266251E-002  -0.0000000000000000     
  0.27040000000000003        1.3298850485523683        7.2908934878812226E-002  -0.0000000000000000     
  0.27229999999999999        1.3397470410185317        7.4619232307106598E-002  -0.0000000000000000     
  0.27420000000000000        1.3496210615155284        7.6360113177845301E-002  -0.0000000000000000     
  0.27610000000000001        1.3595072397795978        7.8131901730798800E-002  -0.0000000000000000     
  0.27799999999999997        1.3694057059863038        7.9934920670037699E-002  -0.0000000000000000     
  0.27989999999999998        1.3793165907366451        8.1769490984452159E-002  -0.0000000000000000     
  0.28179999999999999        1.3892400250360537        8.3635931763137591E-002  -0.0000000000000000     
  0.28370000000000001        1.3991761402728971        8.5534560006768248E-002  -0.0000000000000000     
  0.28559999999999997        1.4091250681960255        8.7465690435018784E-002  -0.0000000000000000     
  0.28750000000000003        1.4190869408919315        8.9429635290458484E-002  -0.0000000000000000     
  0.28939999999999999        1.4290618907608432        9.1426704139204340E-002  -0.0000000000000000     
  0.29130000000000000        1.4390500504924246        9.3457203668781921E-002  -0.0000000000000000     
  0.29320000000000002        1.4490515530405617        9.5521437483599356E-002  -0.0000000000000000     
  0.29509999999999997        1.4590665315976903        9.7619705898355350E-002  -0.0000000000000000     
  0.29699999999999999        1.4690951195681980        9.9752305729938956E-002  -0.0000000000000000     
  0.29890000000000000        1.4791374505412787       0.10191953008817359       -0.0000000000000000     
  0.30080000000000001        1.4891936582631791       0.10412166816599494       -0.0000000000000000     
  0.30269999999999997        1.4992638766087232       0.10635900502934152       -0.0000000000000000     
  0.30460000000000004        1.5093482395523126       0.10863182140753240       -0.0000000000000000     
  0.30649999999999999        1.5194468811383002       0.11094039348435124       -0.0000000000000000     
  0.30840000000000001        1.5295599354507554       0.11328499269054898       -0.0000000000000000     
  0.31030000000000002        1.5396875365828053       0.11566588549818314       -0.0000000000000000     
  0.31219999999999998        1.5498298186053396       0.11808333321734066       -0.0000000000000000     
  0.31409999999999999        1.5599869155353472       0.12053759179572837       -0.0000000000000000     
  0.31600000000000000        1.5701589613037787       0.12302891162175775       -0.0000000000000000     
  0.31790000000000002        1.5803460897229569       0.12555753733146627       -0.0000000000000000     
  0.31979999999999997        1.5905484344536847       0.12812370761994132       -0.0000000000000000     
  0.32170000000000004        1.6007661289719963       0.13072765505763997       -0.0000000000000000     
  0.32360000000000000        1.6109993065356192       0.13336960591216462       -0.0000000000000000     
  0.32549999999999996        1.6212481001501953       0.13604977997593301       -0.0000000000000000     
  0.32740000000000002        1.6315126425411111       0.13876839040118646       -0.0000000000000000     
  0.32929999999999998        1.6417930660954743       0.14152564353673980       -0.0000000000000000     
  0.33119999999999999        1.6520895028645781       0.14432173878230045       -0.0000000000000000     
  0.33310000000000001        1.6624020845044838       0.14715686843987130       -0.0000000000000000     
  0.33500000000000002        1.6727309422479824       0.15003121757852619       -0.0000000000000000     
  0.33689999999999998        1.6830762068706286       0.15294496390652504       -0.0000000000000000     
  0.33879999999999999        1.6934380086561798       0.15589827765199257       -0.0000000000000000     
  0.34070000000000000        1.7038164773624942       0.15889132145262844       -0.0000000000000000     
  0.34259999999999996        1.7142117421877026       0.16192425025472768       -0.0000000000000000     
  0.34450000000000003        1.7246239317363419       0.16499721122158839       -0.0000000000000000     
  0.34639999999999999        1.7350531739859956       0.16811034365172589       -0.0000000000000000     
  0.34830000000000000        1.7454995962540483       0.17126377890687478       -0.0000000000000000     
  0.35020000000000001        1.7559633251649560       0.17445764035004169       -0.0000000000000000     
  0.35210000000000002        1.7664444866177849       0.17769204329369334       -0.0000000000000000     
  0.35399999999999998        1.7769432057543124       0.18096709495808513       -0.0000000000000000     
  0.35589999999999999        1.7874596069274975       0.18428289443988760       -0.0000000000000000     
  0.35780000000000001        1.7979938136767062       0.18763953269260747       -0.0000000000000000     
  0.35969999999999996        1.8085459486721749       0.19103709250916853       -0.0000000000000000     
  0.36160000000000003        1.8191161337240862       0.19447564853107760       -0.0000000000000000     
  0.36349999999999999        1.8297044897269816       0.19795526725099580       -0.0000000000000000     
  0.36540000000000000        1.8403111366380767       0.20147600703371635       -0.0000000000000000     
  0.36730000000000002        1.8509361934494748       0.20503791814517014       -0.0000000000000000     
  0.36920000000000003        1.8615797781613117       0.20864104279117965       -0.0000000000000000     
  0.37109999999999999        1.8722420077555835       0.21228541516555741       -0.0000000000000000     
  0.37300000000000000        1.8829229981708209       0.21597106150743078       -0.0000000000000000     
  0.37490000000000001        1.8936228642774926       0.21969800016748639       -0.0000000000000000     
  0.37679999999999997        1.9043417198544275       0.22346624168290566       -0.0000000000000000     
  0.37870000000000004        1.9150796775659911       0.22727578886064290       -0.0000000000000000     
  0.38059999999999999        1.9258368489401632       0.23112663686875543       -0.0000000000000000     
  0.38250000000000001        1.9366133443534250       0.23501877333748339       -0.0000000000000000     
  0.38440000000000002        1.9474092729864128       0.23895217845728556       -0.0000000000000000     
  0.38629999999999998        1.9582247428430020       0.24292682510534291       -0.0000000000000000     
  0.38819999999999999        1.9690598607054817       0.24694267895655159       -0.0000000000000000     
  0.39010000000000000        1.9799147321242949       0.25099969861216481       -0.0000000000000000     
  0.39200000000000002        1.9907894614019279       0.25509783573197087       -0.0000000000000000     
  0.39389999999999997        2.0016841515775678       0.25923703517190755       -0.0000000000000000     
  0.39580000000000004        2.0125989044129295       0.26341723512673920       -0.0000000000000000     
  0.39770000000000000        2.0235338203789204       0.26763836727739404       -0.0000000000000000     
  0.39959999999999996        2.0344889986433095       0.27190035694253512       -0.0000000000000000     
  0.40150000000000002        2.0454645370660427       0.27620312323683127       -0.0000000000000000     
  0.40339999999999998        2.0564605321608336       0.28054657921794734       -0.0000000000000000     
  0.40529999999999999        2.0674770791300019       0.28493063206711089       -0.0000000000000000     
  0.40720000000000001        2.0785142718248601       0.28935518324066706       -0.0000000000000000     
  0.40910000000000002        2.0895722027462984       0.29382012864030344       -0.0000000000000000     
  0.41099999999999998        2.1006509630382917       0.29832535878180483       -0.0000000000000000     
  0.41290000000000004        2.1117506424820429       0.30287075896532101       -0.0000000000000000     
  0.41480000000000000        2.1228713294912640       0.30745620944676144       -0.0000000000000000     
  0.41669999999999996        2.1340131111081000       0.31208158561000948       -0.0000000000000000     
  0.41860000000000003        2.1451760730002158       0.31674675813969771       -0.0000000000000000     
  0.42049999999999998        2.1563602994644810       0.32145159319720112       -0.0000000000000000     
  0.42240000000000005        2.1675658733999343       0.32619595257997980       -0.0000000000000000     
  0.42430000000000007        2.1787928763479396       0.33097969391496862       -0.0000000000000000     
  0.42620000000000002        2.1900413884635159       0.33580267081524606       -0.0000000000000000     
  0.42809999999999998        2.2013114885239409       0.34066473305446199       -0.0000000000000000     
  0.43000000000000005        2.2126032539304616       0.34556572673606584       -0.0000000000000000     
  0.43190000000000006        2.2239167607104946       0.35050549446102280       -0.0000000000000000     
  0.43380000000000002        2.2352520835209755       0.35548387549384686       -0.0000000000000000     
  0.43570000000000003        2.2466092956519450       0.36050070592662420       -0.0000000000000000     
  0.43759999999999999        2.2579884690373233       0.36555581884501248       -0.0000000000000000     
  0.43950000000000006        2.2693896742334783       0.37064904447091446       -0.0000000000000000     
  0.44140000000000007        2.2808129804664645       0.37578021034598913       -0.0000000000000000     
  0.44330000000000003        2.2922584556091024       0.38094914146774367       -0.0000000000000000     
  0.44519999999999998        2.3037261661953181       0.38615566044589955       -0.0000000000000000     
  0.44710000000000000        2.3152161774275020       0.39139958765124733       -0.0000000000000000     
  0.44900000000000007        2.3267285531842905       0.39668074136127474       -0.0000000000000000     
  0.45090000000000002        2.3382633560287966       0.40199893790278640       -0.0000000000000000     
  0.45280000000000004        2.3498206472173435       0.40735399179123483       -0.0000000000000000     
  0.45469999999999999        2.3614004867085860       0.41274571586677827       -0.0000000000000000     
  0.45660000000000006        2.3730029331731695       0.41817392142704057       -0.0000000000000000     
  0.45850000000000007        2.3846280440093719       0.42363841836128441       -0.0000000000000000     
  0.46040000000000003        2.3962758753293083       0.42913901525572512       -0.0000000000000000     
  0.46229999999999999        2.4079464820073420       0.43467551954777905       -0.0000000000000000     
  0.46420000000000000        2.4196399176648469       0.44024773762282171       -0.0000000000000000     
  0.46610000000000007        2.4313562346882129       0.44585547493519018       -0.0000000000000000     
  0.46800000000000003        2.4430954842405779       0.45149853611988672       -0.0000000000000000     
  0.46990000000000004        2.4548577162734966       0.45717672510086232       -0.0000000000000000     
  0.47180000000000011        2.4666429795391038       0.46288984519561061       -0.0000000000000000     
  0.47370000000000007        2.4784513216022845       0.46863769921633303       -0.0000000000000000     
  0.47560000000000008        2.4902827888532779       0.47442008956767395       -0.0000000000000000     
  0.47750000000000004        2.5021374265202594       0.48023681834081067       -0.0000000000000000     
  0.47939999999999999        2.5140152786822014       0.48608768740435909       -0.0000000000000000     
  0.48130000000000006        2.5259163882817885       0.49197249849159330       -0.0000000000000000     
  0.48320000000000007        2.5378407971387085       0.49789105328463434       -0.0000000000000000     
  0.48510000000000003        2.5497885459667482       0.50384315350130549       -0.0000000000000000     
  0.48700000000000004        2.5617596743702413       0.50982860094703786       -0.0000000000000000     
  0.48890000000000011        2.5737542208841342       0.51584719762866516       -0.0000000000000000     
  0.49080000000000007        2.5857722229686844       0.52189874579842488       -0.0000000000000000     
  0.49270000000000008        2.5978137170283624       0.52798304802914808       -0.0000000000000000     
  0.49460000000000004        2.6098787384249769       0.53409990727916923       -0.0000000000000000     
  0.49650000000000000        2.6219673214915518       0.54024912695455940       -0.0000000000000000     
  0.49840000000000007        2.6340794995459746       0.54643051096830775       -0.0000000000000000     
  0.50030000000000008        2.6462153049047465       0.55264386379682429       -0.0000000000000000     
  0.50220000000000009        2.6583747688962656       0.55888899053343954       -0.0000000000000000     
  0.50409999999999999        2.6705579218750466       0.56516569693971752       -0.0000000000000000     
  0.50600000000000001        2.6827647932349437       0.57147378949361394       -0.0000000000000000     
  0.50790000000000013        2.6949954114231889       0.57781307543559224       -0.0000000000000000     
  0.50980000000000003        2.7072498039533226       0.58418336281175853       -0.0000000000000000     
  0.51170000000000004        2.7195279974194713       0.59058446051529256       -0.0000000000000000     
  0.51360000000000006        2.7318300175092780       0.59701617832483933       -0.0000000000000000     
  0.51550000000000007        2.7441558890177009       0.60347832694133896       -0.0000000000000000     
  0.51740000000000008        2.7565056358600453       0.60997071802201885       -0.0000000000000000     
  0.51930000000000009        2.7688792810855349       0.61649316421297362       -0.0000000000000000     
  0.52120000000000000        2.7812768468903113       0.62304547917908648       -0.0000000000000000     
  0.52310000000000001        2.7936983546284471       0.62962747764017268       -0.0000000000000000     
  0.52500000000000013        2.8061438248336086       0.63623897536595297       -0.0000000000000000     
  0.52690000000000003        2.8186132772193044       0.64287978924841394       -0.0000000000000000     
  0.52880000000000005        2.8311067306997613       0.64954973729198229       -0.0000000000000000     
  0.53070000000000006        2.8436242034009469       0.65624863864327088       -0.0000000000000000     
  0.53260000000000007        2.8561657126730888       0.66297631361016474       -0.0000000000000000     
  0.53450000000000009        2.8687312751029381       0.66973258367983479       -0.0000000000000000     
  0.53640000000000010        2.8813209065265135       0.67651727153527008       -0.0000000000000000     
  0.53830000000000000        2.8939346220410695       0.68333020107003195       -0.0000000000000000     
  0.54020000000000001        2.9065724360175036       0.69017119740197119       -0.0000000000000000     
  0.54210000000000014        2.9192343621117960       0.69704008688528407       -0.0000000000000000     
  0.54400000000000004        2.9319204132778340       0.70393669712182194       -0.0000000000000000     
  0.54590000000000005        2.9446306017782766       0.71086085697047752       -0.0000000000000000     
  0.54780000000000006        2.9573649391967023       0.71781239655599072       -0.0000000000000000     
  0.54970000000000008        2.9701234364487270       0.72479114727627247       -0.0000000000000000     
  0.55160000000000009        2.9829061037936175       0.73179694180898225       -0.0000000000000000     
  0.55350000000000010        2.9957129508456388       0.73882961411685877       -0.0000000000000000     
  0.55540000000000000        3.0085439865846220       0.74588899945203624       -0.0000000000000000     
  0.55730000000000002        3.0213992193675030       0.75297493435974527       -0.0000000000000000     
  0.55920000000000014        3.0342786569385649       0.76008725668070798       -0.0000000000000000     
  0.56110000000000004        3.0471823064403742       0.76722580555310815       -0.0000000000000000     
  0.56300000000000006        3.0601101744244930       0.77439042141354686       -0.0000000000000000     
  0.56490000000000007        3.0730622668615712       0.78158094599724426       -0.0000000000000000     
  0.56680000000000008        3.0860385891515074       0.78879722233750671       -0.0000000000000000     
  0.56870000000000009        3.0990391461337943       0.79603909476468027       -0.0000000000000000     
  0.57060000000000011        3.1120639420975693       0.80330640890433880       -0.0000000000000000     
  0.57250000000000001        3.1251129807910778       0.81059901167478521       -0.0000000000000000     
  0.57440000000000002        3.1381862654314476       0.81791675128408858       -0.0000000000000000     
  0.57630000000000015        3.1512837987144495       0.82525947722656712       -0.0000000000000000     
  0.57820000000000005        3.1644055828236493       0.83262704027876033       -0.0000000000000000     
  0.58010000000000006        3.1775516194400431       0.84001929249493845       -0.0000000000000000     
  0.58200000000000007        3.1907219097185568       0.84743608721118746       -0.0000000000000000     
  0.58389999999999997        3.2039164544255456       0.85487727900264177       -0.0000000000000000     
  0.58580000000000010        3.2171352537557465       0.86234272373483711       -0.0000000000000000     
  0.58770000000000011        3.2303783074686305       0.86983227851860812       -0.0000000000000000     
  0.58960000000000001        3.2436456148646595       0.87734580171331089       -0.0000000000000000     
  0.59150000000000003        3.2569371747944431       0.88488315292050945       -0.0000000000000000     
  0.59340000000000015        3.2702529856671352       0.89244419297614519       -0.0000000000000000     
  0.59530000000000005        3.2835930454579438       0.90002878394348629       -0.0000000000000000     
  0.59720000000000006        3.2969573517170474       0.90763678910526702       -0.0000000000000000     
  0.59910000000000008        3.3103459015758849       0.91526807295537327       -0.0000000000000000     
  0.60099999999999998        3.3237586917575697       0.92292250119139640       -0.0000000000000000     
  0.60290000000000010        3.3371957185822305       0.93059994070538488       -0.0000000000000000     
  0.60480000000000012        3.3506569779754991       0.93830025957565577       -0.0000000000000000     
  0.60670000000000002        3.3641424654765570       0.94602332705817060       -0.0000000000000000     
  0.60860000000000003        3.3776521762432132       0.95376901357678123       -0.0000000000000000     
  0.61050000000000015        3.3911861050627889       0.96153719071538968       -0.0000000000000000     
  0.61240000000000006        3.4047442463557931       0.96932773120766191       -0.0000000000000000     
  0.61430000000000007        3.4183265941842542       0.97714050892788284       -0.0000000000000000     
  0.61620000000000008        3.4319331422586861       0.98497539888179242       -0.0000000000000000     
  0.61809999999999998        3.4455638839450300       0.99283227719690748       -0.0000000000000000     
  0.62000000000000011        3.4592188122700307        1.0007110211128516       -0.0000000000000000     
  0.62190000000000012        3.4728979199290717        1.0086115089713150       -0.0000000000000000     
  0.62380000000000002        3.4866011992920662        1.0165336202070985       -0.0000000000000000     
  0.62570000000000003        3.5003286424099262        1.0244772353373990       -0.0000000000000000     
  0.62760000000000005        3.5140802410201073        1.0324422359523449       -0.0000000000000000     
  0.62950000000000006        3.5278559865537056        1.0404285047051554       -0.0000000000000000     
  0.63140000000000007        3.5416558701404597        1.0484359253020039       -0.0000000000000000     
  0.63330000000000009        3.5554798826151459        1.0564643824921784       -0.0000000000000000     
  0.63519999999999999        3.5693280145233954        1.0645137620580740       -0.0000000000000000     
  0.63710000000000011        3.5832002561275451        1.0725839508054711       -0.0000000000000000     
  0.63900000000000012        3.5970965974110567        1.0806748365530239       -0.0000000000000000     
  0.64090000000000003        3.6110170280857132        1.0887863081227480       -0.0000000000000000     
  0.64280000000000004        3.6249615375958699        1.0969182553301944       -0.0000000000000000     
  0.64470000000000005        3.6389301151234341        1.1050705689737372       -0.0000000000000000     
  0.64660000000000006        3.6529227495945360        1.1132431408257548       -0.0000000000000000     
  0.64850000000000008        3.6669394296832603        1.1214358636220316       -0.0000000000000000     
  0.65040000000000009        3.6809801438172798        1.1296486310521572       -0.0000000000000000     
  0.65229999999999999        3.6950448801828082        1.1378813377498163       -0.0000000000000000     
  0.65420000000000011        3.7091336267289652        1.1461338792827471       -0.0000000000000000     
  0.65610000000000013        3.7232463711730044        1.1544061521433171       -0.0000000000000000     
  0.65800000000000003        3.7373831010051548        1.1626980537389502       -0.0000000000000000     
  0.65990000000000004        3.7515438034928597        1.1710094823822566       -0.0000000000000000     
  0.66180000000000005        3.7657284656850369        1.1793403372816640       -0.0000000000000000     
  0.66370000000000007        3.7799370744171208        1.1876905185317976       -0.0000000000000000     
  0.66560000000000008        3.7941696163154908        1.1960599271044521       -0.0000000000000000     
  0.66750000000000009        3.8084260778006005        1.2044484648386367       -0.0000000000000000     
  0.66940000000000000        3.8227064450927948        1.2128560344318611       -0.0000000000000000     
  0.67130000000000012        3.8370107042152468        1.2212825394306062       -0.0000000000000000     
  0.67320000000000013        3.8513388409985407        1.2297278842212871       -0.0000000000000000     
  0.67510000000000003        3.8656908410848470        1.2381919740212852       -0.0000000000000000     
  0.67700000000000005        3.8800666899310357        1.2466747148696078       -0.0000000000000000     
  0.67890000000000006        3.8944663728133881        1.2551760136185268       -0.0000000000000000     
  0.68080000000000007        3.9088898748306726        1.2636957779240048       -0.0000000000000000     
  0.68270000000000008        3.9233371809090078        1.2722339162379677       -0.0000000000000000     
  0.68460000000000010        3.9378082758038921        1.2807903377984928       -0.0000000000000000     
  0.68650000000000000        3.9523031441049628        1.2893649526220559       -0.0000000000000000     
  0.68840000000000012        3.9668217702393025        1.2979576714945493       -0.0000000000000000     
  0.69030000000000014        3.9813641384748268        1.3065684059632543       -0.0000000000000000     
  0.69220000000000004        3.9959302329233255        1.3151970683279577       -0.0000000000000000     
  0.69410000000000005        4.0105200375441514        1.3238435716330754       -0.0000000000000000     
  0.69600000000000006        4.0251335361477292        1.3325078296594743       -0.0000000000000000     
  0.69790000000000008        4.0397707123985116        1.3411897569163318       -0.0000000000000000     
  0.69980000000000009        4.0544315498178820        1.3498892686328197       -0.0000000000000000     
  0.70170000000000010        4.0691160317876198        1.3586062807505279       -0.0000000000000000     
  0.70360000000000000        4.0838241415529959        1.3673407099157144       -0.0000000000000000     
  0.70550000000000002        4.0985558622255835        1.3760924734711577       -0.0000000000000000     
  0.70740000000000014        4.1133111767862021        1.3848614894487403       -0.0000000000000000     
  0.70930000000000004        4.1280900680877020        1.3936476765617010       -0.0000000000000000     
  0.71120000000000005        4.1428925188583019        1.4024509541973420       -0.0000000000000000     
  0.71310000000000007        4.1577185117040383        1.4112712424095195       -0.0000000000000000     
  0.71500000000000008        4.1725680291111233        1.4201084619111675       -0.0000000000000000     
  0.71690000000000009        4.1874410534495556        1.4289625340673051       -0.0000000000000000     
  0.71880000000000011        4.2023375669749194        1.4378333808876336       -0.0000000000000000     
  0.72070000000000001        4.2172575518314046        1.4467209250195139       -0.0000000000000000     
  0.72260000000000002        4.2322009900543280        1.4556250897410790       -0.0000000000000000     
  0.72450000000000014        4.2471678635724199        1.4645457989542296       -0.0000000000000000     
  0.72640000000000005        4.2621581542106659        1.4734829771776292       -0.0000000000000000     
  0.72830000000000006        4.2771718436923516        1.4824365495403835       -0.0000000000000000     
  0.73020000000000007        4.2922089136416712        1.4914064417748758       -0.0000000000000000     
  0.73210000000000008        4.3072693455861772        1.5003925802105076       -0.0000000000000000     
  0.73400000000000010        4.3223531209586046        1.5093948917671081       -0.0000000000000000     
  0.73590000000000011        4.3374602210994340        1.5184133039482084       -0.0000000000000000     
  0.73780000000000001        4.3525906272593717        1.5274477448351524       -0.0000000000000000     
  0.73970000000000002        4.3677443206009929        1.5364981430805869       -0.0000000000000000     
  0.74160000000000015        4.3829212822010586        1.5455644279020464       -0.0000000000000000     
  0.74350000000000005        4.3981214930531758        1.5546465290764853       -0.0000000000000000     
  0.74540000000000006        4.4133449340687498        1.5637443769332191       -0.0000000000000000     
  0.74730000000000008        4.4285915860799072        1.5728579023488942       -0.0000000000000000     
  0.74919999999999998        4.4438614298413235        1.5819870367411026       -0.0000000000000000     
  0.75110000000000010        4.4591544460318557        1.5911317120625965       -0.0000000000000000     
  0.75300000000000011        4.4744706152569567        1.6002918607957992       -0.0000000000000000     
  0.75490000000000002        4.4898099180496622        1.6094674159463844       -0.0000000000000000     
  0.75680000000000003        4.5051723348737616        1.6186583110388415       -0.0000000000000000     
  0.75870000000000015        4.5205578461246292        1.6278644801099333       -0.0000000000000000     
  0.76060000000000005        4.5359664321311639        1.6370858577035439       -0.0000000000000000     
  0.76250000000000007        4.5513980731580697        1.6463223788654531       -0.0000000000000000     
  0.76440000000000008        4.5668527494065305        1.6555739791376809       -0.0000000000000000     
  0.76629999999999998        4.5823304410172661        1.6648405945535343       -0.0000000000000000     
  0.76820000000000010        4.5978311280710962        1.6741221616321902       -0.0000000000000000     
  0.77010000000000012        4.6133547905910968        1.6834186173735830       -0.0000000000000000     
  0.77200000000000002        4.6289014085441629        1.6927298992536359       -0.0000000000000000     
  0.77390000000000003        4.6444709618423738        1.7020559452186115       -0.0000000000000000     
  0.77580000000000016        4.6600634303446320        1.7113966936807687       -0.0000000000000000     
  0.77770000000000006        4.6756787938586735        1.7207520835134624       -0.0000000000000000     
  0.77960000000000007        4.6913170321416118        1.7301220540457434       -0.0000000000000000     
  0.78150000000000008        4.7069781249022551        1.7395065450583465       -0.0000000000000000     
  0.78339999999999999        4.7226620518023417        1.7489054967785271       -0.0000000000000000     
  0.78530000000000011        4.7383687924573987        1.7583188498754969       -0.0000000000000000     
  0.78720000000000012        4.7540983264388803        1.7677465454558450       -0.0000000000000000     
  0.78910000000000002        4.7698506332755066        1.7771885250594270       -0.0000000000000000     
  0.79100000000000004        4.7856256924535945        1.7866447306539632       -0.0000000000000000     
  0.79290000000000016        4.8014234834200717        1.7961151046319064       -0.0000000000000000     
  0.79480000000000006        4.8172439855824489        1.8055995898050543       -0.0000000000000000     
  0.79670000000000007        4.8330871783102118        1.8150981294004722       -0.0000000000000000     
  0.79860000000000009        4.8489530409365917        1.8246106670566862       -0.0000000000000000     
  0.80049999999999999        4.8648415527599038        1.8341371468192220       -0.0000000000000000     
  0.80240000000000011        4.8807526930439176        1.8436775131362604       -0.0000000000000000     
  0.80430000000000013        4.8966864410198943        1.8532317108550249       -0.0000000000000000     
  0.80620000000000003        4.9126427758872095        1.8627996852173085       -0.0000000000000000     
  0.80810000000000004        4.9286216768147533        1.8723813818556851       -0.0000000000000000     
  0.81000000000000016        4.9446231229421489        1.8819767467897672       -0.0000000000000000     
  0.81190000000000007        4.9606470933806515        1.8915857264221603       -0.0000000000000000     
  0.81380000000000008        4.9766935672141051        1.9012082675342976       -0.0000000000000000     
  0.81570000000000009        4.9927625235007653        1.9108443172835208       -0.0000000000000000     
  0.81759999999999999        5.0088539412733866        1.9204938231985236       -0.0000000000000000     
  0.81950000000000012        5.0249677995406357        1.9301567331759089       -0.0000000000000000     
  0.82140000000000013        5.0411040772886322        1.9398329954769888       -0.0000000000000000     
  0.82330000000000003        5.0572627534808543        1.9495225587233969       -0.0000000000000000     
  0.82520000000000004        5.0734438070601371        1.9592253718941914       -0.0000000000000000     
  0.82710000000000006        5.0896472169491691        1.9689413843222952       -0.0000000000000000     
  0.82900000000000007        5.1058729620515217        1.9786705456906415       -0.0000000000000000     
  0.83090000000000008        5.1221210212523705        1.9884128060290589       -0.0000000000000000     
  0.83280000000000010        5.1383913734197941        1.9981681157109163       -0.0000000000000000     
  0.83470000000000000        5.1546839974056811        2.0079364254498571       -0.0000000000000000     
  0.83660000000000012        5.1709988720458426        2.0177176862960149       -0.0000000000000000     
  0.83850000000000013        5.1873359761618856        2.0275118496334130       -0.0000000000000000     
  0.84040000000000004        5.2036952885614909        2.0373188671764115       -0.0000000000000000     
  0.84230000000000005        5.2200767880394281        2.0471386909666802       -0.0000000000000000     
  0.84420000000000006        5.2364804533787144        2.0569712733701562       -0.0000000000000000     
  0.84609999999999996        5.2529062633499866        2.0668165670731367       -0.0000000000000000     
  0.84799999999999998        5.2693541967144588        2.0766745250807257       -0.0000000000000000     
  0.84989999999999999        5.2858242322231366        2.0865451007125486       -0.0000000000000000     
  0.85180000000000000        5.3023163486178797        2.0964282476002531       -0.0000000000000000     
  0.85370000000000013        5.3188305246325234        2.1063239196845354       -0.0000000000000000     
  0.85560000000000014        5.3353667389936605        2.1162320712125231       -0.0000000000000000     
  0.85750000000000004        5.3519249704207903        2.1261526567343361       -0.0000000000000000     
  0.85940000000000005        5.3685051976270115        2.1360856311003795       -0.0000000000000000     
  0.86130000000000007        5.3851073993210408        2.1460309494592824       -0.0000000000000000     
  0.86319999999999997        5.4017315542061128        2.1559885672540009       -0.0000000000000000     
  0.86509999999999998        5.4183776409817304        2.1659584402199470       -0.0000000000000000     
  0.86699999999999999        5.4350456383442447        2.1759405243820291       -0.0000000000000000     
  0.86890000000000001        5.4517355249870842        2.1859347760517078       -0.0000000000000000     
  0.87079999999999991        5.4684472796017616        2.1959411518248158       -0.0000000000000000     
  0.87270000000000014        5.4851808808784943        2.2059596085786701       -0.0000000000000000     
  0.87460000000000004        5.5019363075064849        2.2159901034696414       -0.0000000000000000     
  0.87650000000000006        5.5187135381751062        2.2260325939305012       -0.0000000000000000     
  0.87840000000000007        5.5355125515738690        2.2360870376680060       -0.0000000000000000     
  0.88029999999999997        5.5523333263933372        2.2461533926602444       -0.0000000000000000     
  0.88219999999999998        5.5691758413259640        2.2562316171546088       -0.0000000000000000     
  0.88410000000000000        5.5860400750658528        2.2663216696647388       -0.0000000000000000     
  0.88600000000000001        5.6029260063104429        2.2764235089688434       -0.0000000000000000     
  0.88789999999999991        5.6198336137597984        2.2865370941066594       -0.0000000000000000     
  0.88980000000000015        5.6367628761181301        2.2966623843774827       -0.0000000000000000     
  0.89170000000000005        5.6537137720941466        2.3067993393381294       -0.0000000000000000     
  0.89360000000000006        5.6706862804011999        2.3169479188000190       -0.0000000000000000     
  0.89550000000000007        5.6876803797577153        2.3271080828271269       -0.0000000000000000     
  0.89739999999999998        5.7046960488884952        2.3372797917341974       -0.0000000000000000     
  0.89929999999999999        5.7217332665243230        2.3474630060840251       -0.0000000000000000     
  0.90120000000000000        5.7387920114030830        2.3576576866855148       -0.0000000000000000     
  0.90309999999999990        5.7558722622696887        2.3678637945914454       -0.0000000000000000     
  0.90499999999999992        5.7729739978770258        2.3780812910963727       -0.0000000000000000     
  0.90689999999999993        5.7900971969858448        2.3883101377344520       -0.0000000000000000     
  0.90879999999999994        5.8072418383661892        2.3985502962776386       -0.0000000000000000     
  0.91070000000000007        5.8244079007967455        2.4088017287332715       -0.0000000000000000     
  0.91260000000000008        5.8415953630656130        2.4190643973421215       -0.0000000000000000     
  0.91449999999999998        5.8588042039714070        2.4293382645767294       -0.0000000000000000     
  0.91639999999999999        5.8760344023227358        2.4396232931389998       -0.0000000000000000     
  0.91830000000000001        5.8932859369389625        2.4499194459583151       -0.0000000000000000     
  0.92019999999999991        5.9105587866508866        2.4602266861898441       -0.0000000000000000     
  0.92209999999999992        5.9278529303007206        2.4705449772122696       -0.0000000000000000     
  0.92399999999999993        5.9451683467426921        2.4808742826262935       -0.0000000000000000     
  0.92589999999999995        5.9625050148434413        2.4912145662523448       -0.0000000000000000     
  0.92780000000000007        5.9798629134823003        2.5015657921290728       -0.0000000000000000     
  0.92970000000000008        5.9972420215515614        2.5119279245112138       -0.0000000000000000     
  0.93159999999999998        6.0146423179572972        2.5223009278681134       -0.0000000000000000     
  0.93350000000000000        6.0320637816189242        2.5326847668815109       -0.0000000000000000     
  0.93540000000000001        6.0495063914705280        2.5430794064442908       -0.0000000000000000     
  0.93729999999999991        6.0669701264600633        2.5534848116580937       -0.0000000000000000     
  0.93919999999999992        6.0844549655511466        2.5639009478323191       -0.0000000000000000     
  0.94109999999999994        6.1019608877220550        2.5743277804818612       -0.0000000000000000     
  0.94299999999999995        6.1194878719663253        2.5847652753254127       -0.0000000000000000     
  0.94490000000000007        6.1370358972934724        2.5952133982840069       -0.0000000000000000     
  0.94680000000000009        6.1546049427295300        2.6056721154795266       -0.0000000000000000     
  0.94869999999999999        6.1721949873163044        2.6161413932325672       -0.0000000000000000     
  0.95060000000000000        6.1898060101127452        2.6266211980612426       -0.0000000000000000     
  0.95250000000000001        6.2074379901945811        2.6371114966792870       -0.0000000000000000     
  0.95439999999999992        6.2250909066548932        2.6476122559946651       -0.0000000000000000     
  0.95629999999999993        6.2427647386044516        2.6581234431079901       -0.0000000000000000     
  0.95819999999999994        6.2604594651717003        2.6686450253108318       -0.0000000000000000     
  0.96009999999999995        6.2781750655030253        2.6791769700841019       -0.0000000000000000     
  0.96199999999999986        6.2959115187637771        2.6897192450970597       -0.0000000000000000     
  0.96390000000000009        6.3136688041373095        2.7002718182050551       -0.0000000000000000     
  0.96579999999999999        6.3314469008261840        2.7108346574486069       -0.0000000000000000     
  0.96770000000000000        6.3492457880521149        2.7214077310516749       -0.0000000000000000     
  0.96960000000000002        6.3670654450562445        2.7319910074203215       -0.0000000000000000     
  0.97149999999999992        6.3849058510990302        2.7425844551410630       -0.0000000000000000     
  0.97339999999999993        6.4027669854614242        2.7531880429798754       -0.0000000000000000     
  0.97529999999999994        6.4206488274437188        2.7638017398800914       -0.0000000000000000     
  0.97719999999999996        6.4385513563671655        2.7744255149617700       -0.0000000000000000     
  0.97909999999999986        6.4564745515733115        2.7850593375197730       -0.0000000000000000     
  0.98100000000000009        6.4744183924241829        2.7957031770224217       -0.0000000000000000     
  0.98290000000000000        6.4923828583035572        2.8063570031106946       -0.0000000000000000     
  0.98480000000000001        6.5103679286155627        2.8170207855960139       -0.0000000000000000     
  0.98670000000000002        6.5283735827861795        2.8276944944596676       -0.0000000000000000     
  0.98859999999999992        6.5463998002630390        2.8383780998511821       -0.0000000000000000     
  0.99049999999999994        6.5644465605153801        2.8490715720869657       -0.0000000000000000     
  0.99239999999999995        6.5825138430346186        2.8597748816491992       -0.0000000000000000     
  0.99429999999999996        6.6006016273339565        2.8704879991843026       -0.0000000000000000     
  0.99619999999999986        6.6187098929497532        2.8812108955021665       -0.0000000000000000     
  0.99810000000000010        6.6368386194397271        2.8919435415740420       -0.0000000000000000     
   1.0000000000000000        6.6549877863856404        2.9026859085324457       -0.0000000000000000     
