5.0000000000000003E-002	0.23902163258128015	6.9163933677636924E-004
5.1899999999999995E-002	0.24813207216400293	7.6775048446692392E-004
5.3800000000000001E-002	0.25724537898193756	8.4871844646429418E-004
5.5700000000000006E-002	0.26636162352571890	9.3458884602179806E-004
5.7599999999999998E-002	0.27548087322639236	1.0254044963269547E-003
5.9499999999999997E-002	0.28460319233613518	1.1212064255044158E-003
6.1400000000000003E-002	0.29372864229812490	1.2220347944082415E-003
6.3300000000000009E-002	0.30285728205258677	1.3279297316810875E-003
6.5200000000000008E-002	0.31198916814618177	1.4389320989145269E-003
6.7099999999999993E-002	0.32112435505240006	1.5550841685867162E-003
6.9000000000000006E-002	0.33026289537931619	1.6764302357014950E-003
7.0900000000000005E-002	0.33940484006171157	1.8030171618304096E-003
7.2799999999999990E-002	0.34855023865891305	1.9348948544674663E-003
7.4700000000000003E-002	0.35769913942594955	2.0721166929075557E-003
7.6600000000000001E-002	0.36685158958276282	2.2147398956148491E-003
7.8500000000000000E-002	0.37600763547246840	2.3628258400774471E-003
8.0400000000000013E-002	0.38516732272889265	2.5164403364048111E-003
8.2300000000000012E-002	0.39433069643459989	2.6756538587426036E-003
8.4199999999999997E-002	0.40349780124999746	2.8405417383772463E-003
8.6099999999999996E-002	0.41266868162874154	3.0111843211630875E-003
8.7999999999999995E-002	0.42184338183465514	3.1876670936589941E-003
8.9899999999999994E-002	0.43102194613600092	3.3700807796269100E-003
9.1800000000000007E-002	0.44020441890005424	3.5585214105660757E-003
9.3700000000000006E-002	0.44939084469737089	3.7530903725260271E-003
9.5600000000000004E-002	0.45858126839793423	3.9538944316816682E-003
9.7500000000000017E-002	0.46777573526126731	4.1610457409763926E-003
9.9400000000000002E-002	0.47697429101811917	4.3746618297266409E-003
0.10130000000000000	0.48617698194599873	4.5948655783383295E-003
0.10320000000000000	0.49538385493879683	4.8217851797071314E-003
0.10510000000000000	0.50459495756969919	5.0555540889989630E-003
0.10700000000000000	0.51381033814963917	5.2963109633647571E-003
0.10890000000000001	0.52303004577917778	5.5441995928352432E-003
0.11080000000000001	0.53225413039695313	5.7993688236396322E-003
0.11270000000000001	0.54148264282189251	6.0619724753497610E-003
0.11460000000000002	0.55071563477634800	6.3321692525125216E-003
0.11649999999999999	0.55995315898352327	6.6101226519033303E-003
0.11840000000000001	0.56919526910458895	6.8960008663503276E-003
0.12030000000000000	0.57844201982802657	7.1899766857832000E-003
0.12220000000000000	0.58769346687781954	7.4922273961942386E-003
0.12410000000000000	0.59694966703468388	7.8029346772825600E-003
0.12600000000000000	0.60621067815390728	8.1222844992358684E-003
0.12790000000000001	0.61547655918083877	8.4504670192580515E-003
0.12980000000000003	0.62474737016365089	8.7876764782493181E-003
0.13169999999999998	0.63402315176738500	9.1304968930966245E-003
0.13360000000000000	0.64330390885903177	9.4796194207021241E-003
0.13550000000000001	0.65258967284991909	9.8364966501082347E-003
0.13739999999999999	0.66188048673915656	1.0201756811497037E-002
0.13930000000000001	0.67117639961268627	1.0575852176186892E-002
0.14120000000000002	0.68047746480753069	1.0959158927365866E-002
0.14310000000000000	0.68978373898885070	1.1352012645693972E-002
0.14500000000000002	0.69909528159895717	1.1754724670920511E-002
0.14690000000000000	0.70841215449302763	1.2167590845856308E-002
0.14879999999999999	0.71773442168149792	1.2590896665476841E-002
0.15070000000000000	0.72706214913703082	1.3024920526006730E-002
0.15260000000000001	0.73639540464571029	1.3469935884134766E-002
0.15450000000000000	0.74573425768772905	1.3926212751061104E-002
0.15640000000000001	0.75507877933911105	1.4394018760192509E-002
0.15830000000000002	0.76442904219021424	1.4873619950949126E-002
0.16020000000000001	0.77378512027547242	1.5365281356949917E-002
0.16210000000000002	0.78314708901301300	1.5869267456321241E-002
0.16400000000000001	0.79251502515206795	1.6385842522171103E-002
0.16589999999999999	0.80188900672550345	1.6915270899735407E-002
0.16780000000000000	0.81126911300827387	1.7457817228743840E-002
0.16970000000000002	0.82065542447983286	1.8013746623997486E-002
0.17160000000000000	0.83004802278954282	1.8583324824333607E-002
0.17350000000000002	0.83944699072595863	1.9166818316779709E-002
0.17540000000000003	0.84885241218794261	1.9764494441491105E-002
0.17730000000000001	0.85826437215862439	2.0376621481574875E-002
0.17920000000000003	0.86768295668103368	2.1003468740778464E-002
0.18110000000000001	0.87710825283588811	2.1645306611748787E-002
0.18300000000000000	0.88654034872050069	2.2302406636450590E-002
0.18490000000000001	0.89597933342062963	2.2975041560482676E-002
0.18680000000000002	0.90542529702847385	2.3663485382037244E-002
0.18870000000000001	0.91487833057185119	2.4368013396956514E-002
0.19060000000000002	0.92433852603435840	2.5088902239935967E-002
0.19250000000000003	0.93380597633191220	2.5826429922850325E-002
0.19439999999999999	0.94328077529888821	2.6580875870324001E-002
0.19630000000000000	0.95276301767535998	2.7352520952979402E-002
0.19820000000000002	0.96225279909499639	2.8141647518403722E-002
0.20010000000000000	0.97175021607386936	2.8948539420069429E-002
0.20200000000000001	0.98125536599980112	2.9773482044184316E-002
0.20390000000000003	0.99076834712242201	3.0616762334500423E-002
0.20580000000000001	1.0002892585438659	3.1478668815015168E-002
0.20770000000000002	1.0098182002099239	3.2359491610508967E-002
0.20960000000000004	1.0193552729017905	3.3259522464822111E-002
0.21149999999999999	1.0289005782281828	3.4179054756652415E-002
0.21340000000000001	1.0384542186179231	3.5118383512841342E-002
0.21529999999999999	1.0480162973128830	3.6077805418850410E-002
0.21720000000000000	1.0575869183612945	3.7057618826327618E-002
0.21909999999999999	1.0671661866112689	3.8058123757498549E-002
0.22100000000000003	1.0767542077046148	3.9079621906194323E-002
0.22289999999999999	1.0863510880708842	4.0122416635282210E-002
0.22479999999999997	1.0959569349215561	4.1186812970308323E-002
0.22670000000000001	1.1055718562443049	4.2273117589031121E-002
0.22860000000000000	1.1151959607974791	4.3381638806720690E-002
0.23050000000000001	1.1248293581044713	4.4512686556910992E-002
0.23240000000000000	1.1344721584482382	4.5666572367384514E-002
0.23430000000000001	1.1441244728656290	4.6843609331201394E-002
0.23619999999999999	1.1537864131418283	4.8044112072483706E-002
0.23810000000000003	1.1634580918044912	4.9268396706780578E-002
0.23999999999999999	1.1731396221178780	5.0516780795776338E-002
0.24189999999999998	1.1828311180767135	5.1789583296144193E-002
0.24380000000000002	1.1925326943998042	5.3087124502370409E-002
0.24570000000000000	1.2022444665234195	5.4409725983308774E-002
0.24760000000000001	1.2119665505943713	5.5757710512392235E-002
0.24950000000000000	1.2216990634627030	5.7131401991223900E-002
0.25140000000000001	1.2314421226740153	5.8531125366534729E-002
0.25330000000000003	1.2411958464613460	5.9957206540272694E-002
0.25519999999999998	1.2509603537366301	6.1409972272822869E-002
0.25710000000000000	1.2607357640816514	6.2889750079174328E-002
0.25900000000000001	1.2705221977384140	6.4396868118062667E-002
0.26090000000000002	1.2803197755990350	6.5931655073977705E-002
0.26279999999999998	1.2901286191949952	6.7494440032059067E-002
0.26469999999999999	1.2999488506857622	6.9085552345861487E-002
0.26660000000000000	1.3097805928467756	7.0705321498054946E-002
0.26849999999999996	1.3196239690567713	7.2354076954061500E-002
0.27040000000000003	1.3294791032843452	7.4032148008775708E-002
0.27229999999999999	1.3393461200799155	7.5739863626780132E-002
0.27420000000000000	1.3492251445363876	7.7477552274137371E-002
0.27610000000000001	1.3591163023104103	7.9245541747097137E-002
0.27799999999999997	1.3690197195812146	8.1044158991082929E-002
0.27989999999999998	1.3789355230395055	8.2873729915196231E-002
0.28179999999999999	1.3888638398694149	8.4734579200600832E-002
0.28370000000000001	1.3988047977296760	8.6627030103306149E-002
0.28559999999999997	1.4087585247337755	8.8551404251691959E-002
0.28750000000000003	1.4187251494294910	9.0508021439157121E-002
0.28939999999999999	1.4287048007773315	9.2497199412120507E-002
0.29130000000000000	1.4386976081283691	9.4519253654014812E-002
0.29320000000000002	1.4487037012010289	9.6574497165358389E-002
0.29509999999999997	1.4587232100571814	9.8663240240704692E-002
0.29699999999999999	1.4687562650773776	0.10078579024266332
0.29890000000000000	1.4788029969350682	0.10294245137361829
0.30080000000000001	1.4888635365702745	0.10513352444559436
0.30269999999999997	1.4989380151623257	0.10735930664888943
0.30460000000000004	1.5090265641018210	0.10962009131989132
0.30649999999999999	1.5191293149618545	0.11191616770870044
0.30840000000000001	1.5292463994685512	0.11424782074718097
0.31030000000000002	1.5393779494707882	0.11661533081795339
0.31219999999999998	1.5495240969093469	0.11901897352489230
0.31409999999999999	1.5596849737853755	0.12145901946583226
0.31600000000000000	1.5698607121281951	0.12393573400798792
0.31790000000000002	1.5800514439626387	0.12644937706669371
0.31979999999999997	1.5902573012757790	0.12900020288810460
0.32170000000000004	1.6004784159831527	0.13158845983640577
0.32360000000000000	1.6107149198945792	0.13421439018608855
0.32549999999999996	1.6209669446795818	0.13687822991994253
0.32740000000000002	1.6312346218323734	0.13958020853322908
0.32929999999999998	1.6415180826423277	0.14232054884558232
0.33119999999999999	1.6518174581350578	0.14509946681522848
0.33310000000000001	1.6621328790725984	0.14791717137106525
0.33500000000000002	1.6724644758929292	0.15077386424269223
0.33689999999999998	1.6828123786802360	0.15366973980436069
0.33879999999999999	1.6931767171291146	0.15660498492700309
0.34070000000000000	1.7035576205081531	0.15957977883961819
0.34259999999999996	1.7139552176241397	0.16259429300058323
0.34450000000000003	1.7243696367860717	0.16564869097909743
0.34639999999999999	1.7348010057694978	0.16874312834705268
0.34830000000000000	1.7452494517809944	0.17187775258157331
0.35020000000000001	1.7557151014229238	0.17505270297848050
0.35210000000000002	1.7661980806585387	0.17826811057678871
0.35399999999999998	1.7766985147774426	0.18152409809439507
0.35589999999999999	1.7872165283614718	0.18482077987507456
0.35780000000000001	1.7977522452510903	0.18815826184679418
0.35969999999999996	1.8083057885181375	0.19153664149297936
0.36160000000000003	1.8188772804089750	0.19495600782714664
0.36349999999999999	1.8294668423501768	0.19841644139499964
0.36540000000000000	1.8400745948916171	0.20191801427129263
0.36730000000000002	1.8507006576822882	0.20546079007604781
0.36920000000000003	1.8613451494405562	0.20904482399995969
0.37109999999999999	1.8720081879250612	0.21267016284055604
0.37300000000000000	1.8826898899066120	0.21633684504877926
0.37490000000000001	1.8933903711406592	0.22004490078576916
0.37679999999999997	1.9041097463407981	0.22379435198955597
0.37870000000000004	1.9148481291532005	0.22758521245140942
0.38059999999999999	1.9256056321318238	0.23141748790137198
0.38250000000000001	1.9363823667146709	0.23529117610277989
0.38440000000000002	1.9471784432064332	0.23920626695717312
0.38629999999999998	1.9579939707340057	0.24316274260746606
0.38819999999999999	1.9688290572613671	0.24716057756936244
0.39010000000000000	1.9796838095447689	0.25119973884884933
0.39200000000000002	1.9905583331204388	0.25528018607746927
0.39389999999999997	2.0014527322870368	0.25940187165194090
0.39580000000000004	2.0123671100887104	0.26356474087952458
0.39770000000000000	2.0233015682995652	0.26776873212911761
0.39959999999999996	2.0342562074090087	0.27201377698734586
0.40150000000000002	2.0452311266080465	0.27629980041925406
0.40339999999999998	2.0562264237828862	0.28062672093590185
0.40529999999999999	2.0672421954778342	0.28499445075183849
0.40720000000000001	2.0782785369251027	0.28940289597452462
0.40910000000000002	2.0893355420068960	0.29385195676678089
0.41099999999999998	2.1004133032544039	0.29834152752722959
0.41290000000000004	2.1115119118402079	0.30287149706941130
0.41480000000000000	2.1226314575718246	0.30744174880253650
0.41669999999999996	2.1337720288859723	0.31205216091337196
0.41860000000000003	2.1449337128440442	0.31670260654905513
0.42049999999999998	2.1561165951281867	0.32139295400015655
0.42240000000000005	2.1673207600439204	0.32612306688690673
0.42430000000000007	2.1785462904955111	0.33089280432987817
0.42620000000000002	2.1897932680208445	0.33570202115176634
0.42809999999999998	2.2010617727655162	0.34055056804522116
0.43000000000000005	2.2123518834903386	0.34543829175670776
0.43190000000000006	2.2236636775725143	0.35036503526539770
0.43380000000000002	2.2349972310077408	0.35533063796018932
0.43570000000000003	2.2463526184131211	0.36033493581486870
0.43759999999999999	2.2577299130304747	0.36537776156096574
0.43950000000000006	2.2691291867362198	0.37045894486195258
0.44140000000000007	2.2805505100232777	0.37557831246591522
0.44330000000000003	2.2919939520426880	0.38073568839448946
0.44519999999999998	2.3034595805842550	0.38593089408841225
0.44710000000000000	2.3149474620900903	0.39116374857093106
0.44900000000000007	2.3264576616618546	0.39643406860370983
0.45090000000000002	2.3379902430684387	0.40174166883925500
0.45280000000000004	2.3495452687543557	0.40708636197005915
0.45469999999999999	2.3611227998484154	0.41246795887408677
0.45660000000000006	2.3727228961730908	0.41788626875676876
0.45850000000000007	2.3843456162599352	0.42334109929436992
0.46040000000000003	2.3959910173352461	0.42883225674719500
0.46229999999999999	2.4076591553686972	0.43435954612352312
0.46420000000000000	2.4193500850576126	0.43992277128370016
0.46610000000000007	2.4310638598450347	0.44552173506920867
0.46800000000000003	2.4428005319310944	0.45115623942210559
0.46990000000000004	2.4545601522848450	0.45682608550052761
0.47180000000000011	2.4663427706563605	0.46253107379038128
0.47370000000000007	2.4781484355887446	0.46827100421330103
0.47560000000000008	2.4899771944308928	0.47404567623082317
0.47750000000000004	2.5018290933500889	0.47985488894485634
0.47939999999999999	2.5137041773448514	0.48569844119426586
0.48130000000000006	2.5256024902581005	0.49157613164809533
0.48320000000000007	2.5375240747902645	0.49748775889487562
0.48510000000000003	2.5494689725164474	0.50343312153482256
0.48700000000000004	2.5614372238844303	0.50941201823659366
0.48890000000000011	2.5734288682523792	0.51542424785563923
0.49080000000000007	2.5854439438857533	0.52146960948279086
0.49270000000000008	2.5974824879753298	0.52754790252338446
0.49460000000000004	2.6095445366511067	0.53365892676627735
0.49650000000000000	2.6216301249962619	0.53980248244973006
0.49840000000000007	2.6337392870608274	0.54597837032409324
0.50030000000000008	2.6458720558757123	0.55218639171148687
0.50220000000000009	2.6580284634665361	0.55842634856258377
0.50409999999999999	2.6702085408676943	0.56469804351053499
0.50600000000000001	2.6824123181361434	0.57100127992203431
0.50790000000000013	2.6946398243653076	0.57733586194571818
0.50980000000000003	2.7068910876989034	0.58370159455790616
0.51170000000000004	2.7191661353448073	0.59009828360587258
0.51360000000000006	2.7314649935888182	0.59652573584853652
0.51550000000000007	2.7437876878081982	0.60298375899475154
0.51740000000000008	2.7561342424856003	0.60947216173944463
0.51930000000000009	2.7685046812223284	0.61599075379729618
0.52120000000000000	2.7808990267520177	0.62253934593439597
0.52310000000000001	2.7933173009508008	0.62911775000516035
0.52500000000000013	2.8057595248632414	0.63572577894981941
0.52690000000000003	2.8182257186967115	0.64236324686577906
0.52880000000000005	2.8307159018468502	0.64902996900033305
0.53070000000000006	2.8432300929078562	0.65572576178036635
0.53260000000000007	2.8557683096849620	0.66245044283271148
0.53450000000000009	2.8683305692072709	0.66920383100245706
0.53640000000000010	2.8809168877405615	0.67598574636996711
0.53830000000000000	2.8935272807997623	0.68279601026645631
0.54020000000000001	2.9061617631614638	0.68963444528764040
0.54210000000000014	2.9188203488759541	0.69650087530652138
0.54400000000000004	2.9315030512794440	0.70339512548440231
0.54590000000000005	2.9442098830064247	0.71031702228100169
0.54780000000000006	2.9569408560009420	0.71726639346285936
0.54970000000000008	2.9696959815288375	0.72424306811110717
0.55160000000000009	2.9824752701891630	0.73124687662775334
0.55350000000000010	2.9952787319255560	0.73827765074096074
0.55540000000000000	3.0081063760378126	0.74533522350954351
0.55730000000000002	3.0209582111927848	0.75241942932606809
0.55920000000000014	3.0338342454355707	0.75953010391947018
0.56110000000000004	3.0467344862004855	0.76666708435654340
0.56300000000000006	3.0596589403216203	0.77383020904264488
0.56490000000000007	3.0726076140435050	0.78101931772166622
0.56680000000000008	3.0855805130317679	0.78823425147522308
0.56870000000000009	3.0985776423831983	0.79547485272107099
0.57060000000000011	3.1115990066357679	0.80274096521098126
0.57250000000000001	3.1246446097794389	0.81003243402802871
0.57440000000000002	3.1377144552649781	0.81734910558289553
0.57630000000000015	3.1508085460145439	0.82469082761021151
0.57820000000000005	3.1639268844308557	0.83205744916378288
0.58010000000000006	3.1770694724067892	0.83944882061178339
0.58200000000000007	3.1902363113006937	0.84686479363932710
0.58389999999999997	3.2034274020815894	0.85430522120952090
0.58580000000000010	3.2166427451339681	0.86176995760746733
0.58770000000000011	3.2298823404029293	0.86925885839933514
0.58960000000000001	3.2431461873689420	0.87677178043436321
0.59150000000000003	3.2564342850564114	0.88430858183689010
0.59340000000000015	3.2697466320420143	0.89186912199915258
0.59530000000000005	3.2830832264633836	0.89945326157289063
0.59720000000000006	3.2964440660268721	0.90706086246118012
0.59910000000000008	3.3098291480166293	0.91469178781032601
0.60099999999999998	3.3232384693008905	0.92234590200020306
0.60290000000000010	3.3366720263408847	0.93002307063591594
0.60480000000000012	3.3501298151993968	0.93772316053900084
0.60670000000000002	3.3636118315463173	0.94544603973713370
0.60860000000000003	3.3771180706674246	0.95319157745523519
0.61050000000000015	3.3906485274713378	0.96095964410560875
0.61240000000000006	3.4042031964972055	0.96875011127867305
0.61430000000000007	3.4177820719208354	0.97656285173214696
0.61620000000000008	3.4313851475628709	0.98439773938211728
0.61809999999999998	3.4450124168941687	0.99225464929190632
0.62000000000000011	3.4586638730441326	1.0001334576628496
0.62190000000000012	3.4723395088059275	1.0080340418233134
0.62380000000000002	3.4860393166438635	1.0159562802189055
0.62570000000000003	3.4997632886999659	1.0239000524020283
0.62760000000000005	3.5135114167992376	1.0318652390213567
0.62950000000000006	3.5272836924566238	1.0398517218115486
0.63140000000000007	3.5410801068827049	1.0478593835826420
0.63330000000000009	3.5549006509906156	1.0558881082101379
0.63519999999999999	3.5687453154003363	1.0639377806239256
0.63710000000000011	3.5826140904455266	1.0720082867982463
0.63900000000000012	3.5965069661791365	1.0800995137411582
0.64090000000000003	3.6104239323786858	1.0882113494841277
0.64280000000000004	3.6243649785518888	1.0963436830716358
0.64470000000000005	3.6383300939419483	1.1044964045509000
0.64660000000000006	3.6523192675326590	1.1126694049613330
0.64850000000000008	3.6663324880540462	1.1208625763245741
0.65040000000000009	3.6803697439873462	1.1290758116339816
0.65229999999999999	3.6944310235692908	1.1373090048444636
0.65420000000000011	3.7085163147984783	1.1455620508627817
0.65610000000000013	3.7226256054387457	1.1538348455365142
0.65800000000000003	3.7367588830244363	1.1621272856449494
0.65990000000000004	3.7509161348655460	1.1704392688886016
0.66180000000000005	3.7650973480518504	1.1787706938796596
0.66370000000000007	3.7793025094573460	1.1871214601318225
0.66560000000000008	3.7935316057447537	1.1954914680505493
0.66750000000000009	3.8077846233698134	1.2038806189235907
0.66940000000000000	3.8220615485860803	1.2122888149113442
0.67130000000000012	3.8363623674481184	1.2207159590369596
0.67320000000000013	3.8506870658164605	1.2291619551772899
0.67510000000000003	3.8650356293613135	1.2376267080532992
0.67700000000000005	3.8794080435666909	1.2461101232208609
0.67890000000000006	3.8938042937337229	1.2546121070613234
0.68080000000000007	3.9082243649856352	1.2631325667726814
0.68270000000000008	3.9226682422703378	1.2716714103602955
0.68460000000000010	3.9371359103648169	1.2802285466279972
0.68650000000000000	3.9516273538782554	1.2888038851689951
0.68840000000000012	3.9661425572567168	1.2973973363579214
0.69030000000000014	3.9806815047849367	1.3060088113407811
0.69220000000000004	3.9952441805908094	1.3146382220273716
0.69410000000000005	4.0098305686492628	1.3232854810826291
0.69600000000000006	4.0244406527841150	1.3319505019176605
0.69790000000000008	4.0390744166729284	1.3406331986820927
0.69980000000000009	4.0537318438485865	1.3493334862551858
0.70170000000000010	4.0684129177038457	1.3580512802380940
0.70360000000000000	4.0831176214937379	1.3667864969456716
0.70550000000000002	4.0978459383388639	1.3755390533984979
0.70740000000000014	4.1125978512276351	1.3843088673147546
0.70930000000000004	4.1273733430205315	1.3930958571029555
0.71120000000000005	4.1421723964521782	1.4018999418537847
0.71310000000000007	4.1569949941335045	1.4107210413323741
0.71500000000000008	4.1718411185555357	1.4195590759710670
0.71690000000000009	4.1867107520926066	1.4284139668622924
0.71880000000000011	4.2016038770030413	1.4372856357501542
0.72070000000000001	4.2165204754339651	1.4461740050243586
0.72260000000000002	4.2314605294220069	1.4550789977120115
0.72450000000000014	4.2464240208974404	1.4640005374713023
0.72640000000000005	4.2614109316856297	1.4729385485841133
0.72830000000000006	4.2764212435099500	1.4818929559489986
0.73020000000000007	4.2914549379936515	1.4908636850746773
0.73210000000000008	4.3065119966630983	1.4998506620729402
0.73400000000000010	4.3215924009494993	1.5088538136523186
0.73590000000000011	4.3366961321907880	1.5178730671110598
0.73780000000000001	4.3518231716349485	1.5269083503310656
0.73970000000000002	4.3669735004409524	1.5359595917710205
0.74160000000000015	4.3821470996822507	1.5450267204604988
0.74350000000000005	4.3973439503479330	1.5541096659935185
0.74540000000000006	4.4125640333445295	1.5632083585219492
0.74730000000000008	4.4278073294995455	1.5723227287501935
0.74919999999999998	4.4430738195619091	1.5814527079285281
0.75110000000000010	4.4583634842045603	1.5905982278472490
0.75300000000000011	4.4736763040265890	1.5997592208311209
0.75490000000000002	4.4890122595548121	1.6089356197331091
0.75680000000000003	4.5043713312457605	1.6181273579290409
0.75870000000000015	4.5197534994874271	1.6273343693116507
0.76060000000000005	4.5351587446014099	1.6365565882853434
0.76250000000000007	4.5505870468440737	1.6457939497601879
0.76440000000000008	4.5660383864090317	1.6550463891470253
0.76629999999999998	4.5815127434278233	1.6643138423515345
0.76820000000000010	4.5970100979730208	1.6735962457695435
0.77010000000000012	4.6125304300584702	1.6828935362812301
0.77200000000000002	4.6280737196418471	1.6922056512463546
0.77390000000000003	4.6436399466257274	1.7015325284988794
0.77580000000000016	4.6592290908597489	1.7108741063422701
0.77770000000000006	4.6748411321410215	1.7202303235440497
0.77960000000000007	4.6904760502168763	1.7296011193312342
0.78150000000000008	4.7061338247858382	1.7389864333856278
0.78339999999999999	4.7218144354989127	1.7483862058386503
0.78530000000000011	4.7375178619613516	1.7578003772669293
0.78720000000000012	4.7532440837335805	1.7672288886873722
0.78910000000000002	4.7689930803329004	1.7766716815527301
0.79100000000000004	4.7847648312353517	1.7861286977473967
0.79290000000000016	4.8005593158758577	1.7955998795821526
0.79480000000000006	4.8163765136506251	1.8050851697904953
0.79670000000000007	4.8322164039176769	1.8145845115237793
0.79860000000000009	4.8480789659987105	1.8240978483472423
0.80049999999999999	4.8639641791799466	1.8336251242355868
0.80240000000000011	4.8798720227134584	1.8431662835688241
0.80430000000000013	4.8958024758183232	1.8527212711280268
0.80620000000000003	4.9117555176819199	1.8622900320915052
0.80810000000000004	4.9277311274608735	1.8718725120304247
0.81000000000000016	4.9437292842827967	1.8814686569053307
0.81190000000000007	4.9597499672463314	1.8910784130615041
0.81380000000000008	4.9757931554230357	1.9007017272257021
0.81570000000000009	4.9918588278586125	1.9103385465021152
0.81759999999999999	5.0079469635731204	1.9199888183684501
0.81950000000000012	5.0240575415628603	1.9296524906723904
0.82140000000000013	5.0401905408010803	1.9393295116278937
0.82330000000000003	5.0563459402388240	1.9490198298113657
0.82520000000000004	5.0725237188060408	1.9587233941583777
0.82710000000000006	5.0887238554124856	1.9684401539596157
0.82900000000000007	5.1049463289492323	1.9781700588582496
0.83090000000000008	5.1211911182882126	1.9879130588452001
0.83280000000000010	5.1374582022849316	1.9976691042571035
0.83470000000000000	5.1537475597781519	2.0074381457720367
0.83660000000000012	5.1700591695908873	2.0172201344063869
0.83850000000000013	5.1863930105318961	2.0270150215117511
0.84040000000000004	5.2027490613958012	2.0368227587714554
0.84230000000000005	5.2191273009645496	2.0466432981975755
0.84420000000000006	5.2355277080076910	2.0564765921275527
0.84609999999999996	5.2519502612835325	2.0663225932212472
0.84799999999999998	5.2683949395400980	2.0761812544578171
0.84989999999999999	5.2848617215152238	2.0860525291325005
0.85180000000000000	5.3013505859380388	2.0959363708538028
0.85370000000000013	5.3178615115294985	2.1058327335406104
0.85560000000000014	5.3343944770029070	2.1157415714188517
0.85750000000000004	5.3509494610650759	2.1256628390191707
0.85940000000000005	5.3675264424162821	2.1355964911733598
0.86130000000000007	5.3841253997522962	2.1455424830124317
0.86319999999999997	5.4007463117632515	2.1555007699627233
0.86509999999999998	5.4173891571361130	2.1654713077442964
0.86699999999999999	5.4340539145541387	2.1754540523672632
0.86890000000000001	5.4507405626982717	2.1854489601297846
0.87079999999999991	5.4674490802469329	2.1954559876147299
0.87270000000000014	5.4841794458777153	2.2054750916877608
0.87460000000000004	5.5009316382670779	2.2155062294942476
0.87650000000000006	5.5177056360919536	2.2255493584570862
0.87840000000000007	5.5345014180289347	2.2356044362736438
0.88029999999999997	5.5513189627559782	2.2456714209135664
0.88219999999999998	5.5681582489530452	2.2557502706166486
0.88410000000000000	5.5850192553019138	2.2658409438897316
0.88600000000000001	5.6019019604869404	2.2759433995045200
0.88789999999999991	5.6188063431964217	2.2860575964956609
0.88980000000000015	5.6357323821219936	2.2961834941577117
0.89170000000000005	5.6526800559596593	2.3063210520430992
0.89360000000000006	5.6696493434106223	2.3164702299599687
0.89550000000000007	5.6866402231812252	2.3266309879697107
0.89739999999999998	5.7036526739839797	2.3368032863847703
0.89929999999999999	5.7206866745373919	2.3469870857663224
0.90120000000000000	5.7377422035672039	2.3571823469223943
0.90309999999999990	5.7548192398062401	2.3673890309052426
0.90499999999999992	5.7719177619954909	2.3776070990097069
0.90689999999999993	5.7890377488838505	2.3878365127706438
0.90879999999999994	5.8061791792291713	2.3980772339610885
0.91070000000000007	5.8233420317982025	2.4083292245900561
0.91260000000000008	5.8405262853677273	2.4185924469008047
0.91449999999999998	5.8577319187241059	2.4288668633682451
0.91639999999999999	5.8749589106642786	2.4391524366973845
0.91830000000000001	5.8922072399965133	2.4494491298215348
0.92019999999999991	5.9094768855392354	2.4597569058994297
0.92209999999999992	5.9267678261237737	2.4700757283145780
0.92399999999999993	5.9440800405923468	2.4804055606721493
0.92589999999999995	5.9614135078006401	2.4907463667981200
0.92780000000000007	5.9787682066162970	2.5010981107365273
0.92970000000000008	5.9961441159205853	2.5114607567482596
0.93159999999999998	6.0135412146078835	2.5218342693087878
0.93350000000000000	6.0309594815871241	2.5322186131068678
0.93540000000000001	6.0483988957807355	2.5426137530421506
0.93729999999999991	6.0658594361259937	2.5530196542237706
0.93919999999999992	6.0833410815750364	2.5634362819686554
0.94109999999999994	6.1008438110952916	2.5738636017996437
0.94299999999999995	6.1183676036697294	2.5843015794438520
0.94490000000000007	6.1359124382971446	2.5947501808309319
0.94680000000000009	6.1534782939921611	2.6052093720913017
0.94869999999999999	6.1710651497865658	2.6156791195549332
0.95060000000000000	6.1886729847283641	2.6261593897491471
0.95250000000000001	6.2063017778826897	2.6366501493972767
0.95439999999999992	6.2239515083323056	2.6471513654172929
0.95629999999999993	6.2416221551772066	2.6576630049196295
0.95819999999999994	6.2593136975355970	2.6681850352062533
0.96009999999999995	6.2770261145439425	2.6787174237688167
0.96199999999999986	6.2947593853566994	2.6892601382869747
0.96390000000000009	6.3125134891473555	2.6998131466271658
0.96579999999999999	6.3302884051084227	2.7103764168410573
0.96770000000000000	6.3480841124512795	2.7209499171637921
0.96960000000000002	6.3659005904071755	2.7315336160130372
0.97149999999999992	6.3837378182268267	2.7421274819870223
0.97339999999999993	6.4015957751808337	2.7527314838633070
0.97529999999999994	6.4194744405600819	2.7633455905974547
0.97719999999999996	6.4373737936757829	2.7739697713215135
0.97909999999999986	6.4552938138599725	2.7846039953427373
0.98100000000000009	6.4732344804649866	2.7952482321418364
0.98290000000000000	6.4911957728648026	2.8059024513722450
0.98480000000000001	6.5091776704543820	2.8165666228582880
0.98670000000000002	6.5271801526502404	2.8272407165940328
0.98859999999999992	6.5452031988903050	2.8379247027418519
0.99049999999999994	6.5632467886347561	2.8486185516312794
0.99239999999999995	6.5813109013655353	2.8593222337576210
0.99429999999999996	6.5993955165867684	2.8700357197805921
0.99619999999999986	6.6175006138254160	2.8807589805233431
0.99810000000000010	6.6356261726307419	2.8914919869709212
1.0000000000000000	6.6537721725748922	2.9022347102691186
