   5.0000000000000003E-002  0.23909530805923163        7.4165044126548829E-004  -0.0000000000000000     
   5.1899999999999995E-002  0.24821047860789416        8.1936450642386275E-004  -0.0000000000000000     
   5.3800000000000001E-002  0.25732857140152687        9.0174631177733489E-004  -0.0000000000000000     
   5.5700000000000006E-002  0.26644964849682928        9.8882906858939728E-004  -0.0000000000000000     
   5.7599999999999998E-002  0.27557376847862014        1.0806442606857100E-003  -0.0000000000000000     
   5.9499999999999997E-002  0.28470098726645948        1.1772226216294477E-003  -0.0000000000000000     
   6.1400000000000003E-002  0.29383135807762761        1.2785950722636313E-003  -0.0000000000000000     
   6.3300000000000009E-002  0.30296493180952122        1.3847935379410067E-003  -0.0000000000000000     
   6.5200000000000008E-002  0.31210175734714585        1.4958516847114330E-003  -0.0000000000000000     
   6.7099999999999993E-002  0.32124188167043782        1.6118055856483217E-003  -0.0000000000000000     
   6.9000000000000006E-002  0.33038535017506332        1.7326942997822887E-003  -0.0000000000000000     
   7.0900000000000005E-002  0.33953220685361474        1.8585603868728673E-003  -0.0000000000000000     
   7.2799999999999990E-002  0.34868249458532741        1.9894503542262367E-003  -0.0000000000000000     
   7.4700000000000003E-002  0.35783625522187895        2.1254150470482844E-003  -0.0000000000000000     
   7.6600000000000001E-002  0.36699352985038153        2.2665099798839642E-003  -0.0000000000000000     
   7.8500000000000000E-002  0.37615435895218879        2.4127956190076877E-003  -0.0000000000000000     
   8.0400000000000013E-002  0.38531878257110558        2.5643376179359462E-003  -0.0000000000000000     
   8.2300000000000012E-002  0.39448684046913307        2.7212070107236002E-003  -0.0000000000000000     
   8.4199999999999997E-002  0.40365857227121715        2.8834803664942827E-003  -0.0000000000000000     
   8.6099999999999996E-002  0.41283401758184746        3.0512399093666704E-003  -0.0000000000000000     
   8.7999999999999995E-002  0.42201321618966997        3.2245736066310437E-003  -0.0000000000000000     
   8.9899999999999994E-002  0.43119620806844716        3.4035752288596741E-003  -0.0000000000000000     
   9.1800000000000007E-002  0.44038303356005681        3.5883443843635690E-003  -0.0000000000000000     
   9.3700000000000006E-002  0.44957373345535162        3.7789865310436598E-003  -0.0000000000000000     
   9.5600000000000004E-002  0.45876834908574265        3.9756129681257548E-003  -0.0000000000000000     
   9.7500000000000017E-002  0.46796692240678439        4.1783408098787734E-003  -0.0000000000000000     
   9.9400000000000002E-002  0.47716949607477915        4.3872929437124338E-003  -0.0000000000000000     
  0.10130000000000000       0.48637611351633564        4.6025979743765603E-003  -0.0000000000000000     
  0.10320000000000000       0.49558681899204099        4.8243901561431128E-003  -0.0000000000000000     
  0.10510000000000000       0.50480165765305784        5.0528093146039506E-003  -0.0000000000000000     
  0.10700000000000000       0.51402067559412723        5.2880007595461822E-003  -0.0000000000000000     
  0.10890000000000001       0.52324391989836161        5.5301151901916926E-003  -0.0000000000000000     
  0.11080000000000001       0.53247143867975444        5.7793085941626327E-003  -0.0000000000000000     
  0.11270000000000001       0.54170328112010468        6.0357421411786618E-003  -0.0000000000000000     
  0.11460000000000002       0.55093949750100202        6.2995820724788343E-003  -0.0000000000000000     
  0.11649999999999999       0.56018013921656817        6.5709995869777339E-003  -0.0000000000000000     
  0.11840000000000001       0.56942525886101469        6.8501707248630108E-003  -0.0000000000000000     
  0.12030000000000000       0.57867491015695172        7.1372762495312929E-003  -0.0000000000000000     
  0.12220000000000000       0.58792914803472085        7.4325015283462532E-003  -0.0000000000000000     
  0.12410000000000000       0.59718802863243159        7.7360364129194972E-003  -0.0000000000000000     
  0.12600000000000000       0.60645160930818032        8.0480751194668531E-003  -0.0000000000000000     
  0.12790000000000001       0.61571994715530998        8.3680730199804446E-003  -0.0000000000000000     
  0.12980000000000003       0.62499306007200428        8.6926509392483940E-003  -0.0000000000000000     
  0.13169999999999998       0.63427095956351576        9.0239637947460150E-003  -0.0000000000000000     
  0.13360000000000000       0.64355368099468002        9.3629380004335364E-003  -0.0000000000000000     
  0.13550000000000001       0.65284126859636116        9.7101208405038480E-003  -0.0000000000000000     
  0.13739999999999999       0.66213377203946422        1.0065935152120738E-002  -0.0000000000000000     
  0.13930000000000001       0.67143124501519647        1.0430744455194615E-002  -0.0000000000000000     
  0.14120000000000002       0.68073374446192525        1.0804878999458404E-002  -0.0000000000000000     
  0.14310000000000000       0.69004133008110358        1.1188648558620045E-002  -0.0000000000000000     
  0.14500000000000002       0.69935406400705680        1.1582349548634362E-002  -0.0000000000000000     
  0.14690000000000000       0.70867201056677542        1.1986269338023674E-002  -0.0000000000000000     
  0.14879999999999999       0.71799523609669968        1.2400689023286580E-002  -0.0000000000000000     
  0.15070000000000000       0.72732380879863545        1.2825885301313861E-002  -0.0000000000000000     
  0.15260000000000001       0.73665779862248404        1.3262131779842274E-002  -0.0000000000000000     
  0.15450000000000000       0.74599727716862629        1.3709699921965931E-002  -0.0000000000000000     
  0.15640000000000001       0.75534231760547066        1.4168859743854203E-002  -0.0000000000000000     
  0.15830000000000002       0.76469299459762174        1.4639880340794269E-002  -0.0000000000000000     
  0.16020000000000001       0.77404938424420666        1.5123030291045827E-002  -0.0000000000000000     
  0.16210000000000002       0.78341156402332823        1.5618577970738462E-002  -0.0000000000000000     
  0.16400000000000001       0.79277961274280584        1.6126791803070299E-002  -0.0000000000000000     
  0.16589999999999999       0.80215361049598410        1.6647940458058494E-002  -0.0000000000000000     
  0.16780000000000000       0.81153363862122052        1.7182293014960826E-002  -0.0000000000000000     
  0.16970000000000002       0.82091977966518381        1.7730119095686857E-002  -0.0000000000000000     
  0.17160000000000000       0.83031211734921806        1.8291688976164133E-002  -0.0000000000000000     
  0.17350000000000002       0.83971073653785888        1.8867273680149468E-002  -0.0000000000000000     
  0.17540000000000003       0.84911572321037976        1.9457145059506145E-002  -0.0000000000000000     
  0.17730000000000001       0.85852716443380173        2.0061575863733562E-002  -0.0000000000000000     
  0.17920000000000003       0.86794514833797698        2.0680839800889052E-002  -0.0000000000000000     
  0.18110000000000001       0.87736976408345546        2.1315211591869051E-002  -0.0000000000000000     
  0.18300000000000000       0.88680110187557637        2.1964967018942603E-002  -0.0000000000000000     
  0.18490000000000001       0.89623925289042150        2.2630382970330803E-002  -0.0000000000000000     
  0.18680000000000002       0.90568430929146515        2.3311737480782954E-002  -0.0000000000000000     
  0.18870000000000001       0.91513636420277356        2.4009309769409293E-002  -0.0000000000000000     
  0.19060000000000002       0.92459551169218357        2.4723380274930533E-002  -0.0000000000000000     
  0.19250000000000003       0.93406184675559267        2.5454230688824266E-002  -0.0000000000000000     
  0.19439999999999999       0.94353546530201338        2.6202143986556573E-002  -0.0000000000000000     
  0.19630000000000000       0.95301646413966068        2.6967404457049936E-002  -0.0000000000000000     
  0.19820000000000002       0.96250494096283501        2.7750297730546193E-002  -0.0000000000000000     
  0.20010000000000000       0.97200099433952047        2.8551110804831248E-002  -0.0000000000000000     
  0.20200000000000001       0.98150472369966790        2.9370132069854237E-002  -0.0000000000000000     
  0.20390000000000003       0.99101622932428768        3.0207651330658565E-002  -0.0000000000000000     
  0.20580000000000001        1.0005356123350084        3.1063959828569764E-002  -0.0000000000000000     
  0.20770000000000002        1.0100629746842911        3.1939350260456370E-002  -0.0000000000000000     
  0.20960000000000004        1.0195984191461265        3.2834116796020836E-002  -0.0000000000000000     
  0.21149999999999999        1.0291420493072962        3.3748555092851004E-002  -0.0000000000000000     
  0.21340000000000001        1.0386939695589530        3.4682962309113913E-002  -0.0000000000000000     
  0.21529999999999999        1.0482542850886913        3.5637637113670628E-002  -0.0000000000000000     
  0.21720000000000000        1.0578231018729849        3.6612879693405563E-002  -0.0000000000000000     
  0.21909999999999999        1.0674005266698825        3.7608991757544147E-002  -0.0000000000000000     
  0.22100000000000003        1.0769866670119992        3.8626276538731373E-002  -0.0000000000000000     
  0.22289999999999999        1.0865816311997987        3.9665038790637409E-002  -0.0000000000000000     
  0.22479999999999997        1.0961855282949957        4.0725584781865054E-002  -0.0000000000000000     
  0.22670000000000001        1.1057984681141682        4.1808222285874490E-002  -0.0000000000000000     
  0.22860000000000000        1.1154205612224144        4.2913260566716342E-002  -0.0000000000000000     
  0.23050000000000001        1.1250519189272075        4.4041010360355709E-002  -0.0000000000000000     
  0.23240000000000000        1.1346926532721091        4.5191783851273190E-002  -0.0000000000000000     
  0.23430000000000001        1.1443428770306519        4.6365894644166163E-002  -0.0000000000000000     
  0.23619999999999999        1.1540027037000531        4.7563657730530215E-002  -0.0000000000000000     
  0.23810000000000003        1.1636722474948693        4.8785389449814656E-002  -0.0000000000000000     
  0.23999999999999999        1.1733516233405319        5.0031407445058032E-002  -0.0000000000000000     
  0.24189999999999998        1.1830409468667313        5.1302030612678615E-002  -0.0000000000000000     
  0.24380000000000002        1.1927403344005185        5.2597579046318718E-002  -0.0000000000000000     
  0.24570000000000000        1.2024499029592735        5.3918373974495219E-002  -0.0000000000000000     
  0.24760000000000001        1.2121697702432415        5.5264737691944975E-002  -0.0000000000000000     
  0.24950000000000000        1.2219000546278691        5.6636993484449692E-002  -0.0000000000000000     
  0.25140000000000001        1.2316408751557144        5.8035465547069114E-002  -0.0000000000000000     
  0.25330000000000003        1.2413923515279532        5.9460478895583785E-002  -0.0000000000000000     
  0.25519999999999998        1.2511546040954826        6.0912359271162231E-002  -0.0000000000000000     
  0.25710000000000000        1.2609277538494983        6.2391433038042780E-002  -0.0000000000000000     
  0.25900000000000001        1.2707119224116235        6.3898027074254835E-002  -0.0000000000000000     
  0.26090000000000002        1.2805072320234610        6.5432468655328924E-002  -0.0000000000000000     
  0.26279999999999998        1.2903138055355612        6.6995085330964183E-002  -0.0000000000000000     
  0.26469999999999999        1.3001317663958396        6.8586204794669370E-002  -0.0000000000000000     
  0.26660000000000000        1.3099612386373218        7.0206154746437169E-002  -0.0000000000000000     
  0.26849999999999996        1.3198023468652051        7.1855262748461102E-002  -0.0000000000000000     
  0.27040000000000003        1.3296552162433188        7.3533856074052828E-002  -0.0000000000000000     
  0.27229999999999999        1.3395199724797977        7.5242261549809064E-002  -0.0000000000000000     
  0.27420000000000000        1.3493967418180379        7.6980805391606649E-002  -0.0000000000000000     
  0.27610000000000001        1.3592856509967657        7.8749813032271299E-002  -0.0000000000000000     
  0.27799999999999997        1.3691868272700876        8.0549608946871409E-002  -0.0000000000000000     
  0.27989999999999998        1.3791003983655112        8.2380516468187878E-002  -0.0000000000000000     
  0.28179999999999999        1.3890264924720084        8.4242857598410034E-002  -0.0000000000000000     
  0.28370000000000001        1.3989652382212150        8.6136952814994630E-002  -0.0000000000000000     
  0.28559999999999997        1.4089167646674665        8.8063120871414990E-002  -0.0000000000000000     
  0.28750000000000003        1.4188812012674150        9.0021678593112803E-002  -0.0000000000000000     
  0.28939999999999999        1.4288586778584922        9.2012940669049664E-002  -0.0000000000000000     
  0.29130000000000000        1.4388493246368124        9.4037219439256317E-002  -0.0000000000000000     
  0.29320000000000002        1.4488532721339413        9.6094824678699661E-002  -0.0000000000000000     
  0.29509999999999997        1.4588706511931744        9.8186063378139093E-002  -0.0000000000000000     
  0.29699999999999999        1.4689015929448841       0.10031123952212033       -0.0000000000000000     
  0.29890000000000000        1.4789462287808854       0.10247065386489145       -0.0000000000000000     
  0.30080000000000001        1.4890046903282463       0.10466460370452202       -0.0000000000000000     
  0.30269999999999997        1.4990771094222040       0.10689338265595209       -0.0000000000000000     
  0.30460000000000004        1.5091636180783841       0.10915728042324378       -0.0000000000000000     
  0.30649999999999999        1.5192643484642936       0.11145658257190995       -0.0000000000000000     
  0.30840000000000001        1.5293794328699566       0.11379157030159959       -0.0000000000000000     
  0.31030000000000002        1.5395090036781296       0.11616252021989255       -0.0000000000000000     
  0.31219999999999998        1.5496531933336040       0.11856970411771212       -0.0000000000000000     
  0.31409999999999999        1.5598121343120583       0.12101338874691277       -0.0000000000000000     
  0.31600000000000000        1.5699859590882577       0.12349383560074970       -0.0000000000000000     
  0.31790000000000002        1.5801748001036393       0.12601130069762428       -0.0000000000000000     
  0.31979999999999997        1.5903787897335564       0.12856603436889061       -0.0000000000000000     
  0.32170000000000004        1.6005980602538636       0.13115828105115623       -0.0000000000000000     
  0.32360000000000000        1.6108327438071859       0.13378827908368515       -0.0000000000000000     
  0.32549999999999996        1.6210829723687650       0.13645626051147308       -0.0000000000000000     
  0.32740000000000002        1.6313488777119804       0.13916245089452534       -0.0000000000000000     
  0.32929999999999998        1.6416305913792515       0.14190706912485676       -0.0000000000000000     
  0.33119999999999999        1.6519282446236325       0.14469032724562211       -0.0000000000000000     
  0.33310000000000001        1.6622419684095768       0.14751243028824731       -0.0000000000000000     
  0.33500000000000002        1.6725718933529528       0.15037357610737909       -0.0000000000000000     
  0.33689999999999998        1.6829181496919090       0.15327395522950801       -0.0000000000000000     
  0.33879999999999999        1.6932808672515582       0.15621375070980037       -0.0000000000000000     
  0.34070000000000000        1.7036601754083118       0.15919313799804136       -0.0000000000000000     
  0.34259999999999996        1.7140562030544726       0.16221228481443434       -0.0000000000000000     
  0.34450000000000003        1.7244690785630592       0.16527135103534069       -0.0000000000000000     
  0.34639999999999999        1.7348989297526143       0.16837048858937531       -0.0000000000000000     
  0.34830000000000000        1.7453458838524323       0.17150984136396671       -0.0000000000000000     
  0.35020000000000001        1.7558100674678430       0.17468954512265555       -0.0000000000000000     
  0.35210000000000002        1.7662916065460599       0.17790972743330244       -0.0000000000000000     
  0.35399999999999998        1.7767906263421920       0.18117050760725589       -0.0000000000000000     
  0.35589999999999999        1.7873072513858790       0.18447199664966085       -0.0000000000000000     
  0.35780000000000001        1.7978416054482507       0.18781429722089141       -0.0000000000000000     
  0.35969999999999996        1.8083938115154126       0.19119750361068935       -0.0000000000000000     
  0.36160000000000003        1.8189639917322136       0.19462170171546578       -0.0000000000000000     
  0.36349999999999999        1.8295522674085904       0.19808696904293494       -0.0000000000000000     
  0.36540000000000000        1.8401587589633126       0.20159337471118879       -0.0000000000000000     
  0.36730000000000002        1.8507835859004858       0.20514097946691648       -0.0000000000000000     
  0.36920000000000003        1.8614268667804259       0.20872983571270867       -0.0000000000000000     
  0.37109999999999999        1.8720887191912383       0.21235998754471311       -0.0000000000000000     
  0.37300000000000000        1.8827692597213086       0.21603147080064988       -0.0000000000000000     
  0.37490000000000001        1.8934686039324344       0.21974431311773068       -0.0000000000000000     
  0.37679999999999997        1.9041868663340182       0.22349853400028763       -0.0000000000000000     
  0.37870000000000004        1.9149241603579701       0.22729414489683511       -0.0000000000000000     
  0.38059999999999999        1.9256805983346781       0.23113114928612338       -0.0000000000000000     
  0.38250000000000001        1.9364562914761907       0.23500954277418551       -0.0000000000000000     
  0.38440000000000002        1.9472513498274113       0.23892931318826016       -0.0000000000000000     
  0.38629999999999998        1.9580658822863668       0.24289044070210455       -0.0000000000000000     
  0.38819999999999999        1.9688999965554135       0.24689289794489061       -0.0000000000000000     
  0.39010000000000000        1.9797537991290453       0.25093665012935962       -0.0000000000000000     
  0.39200000000000002        1.9906273952759799       0.25502165518435632       -0.0000000000000000     
  0.39389999999999997        2.0015208890216836       0.25914786389345501       -0.0000000000000000     
  0.39580000000000004        2.0124343831323825       0.26331522003963931       -0.0000000000000000     
  0.39770000000000000        2.0233679790997803       0.26752366055513549       -0.0000000000000000     
  0.39959999999999996        2.0343217771268614       0.27177311567633522       -0.0000000000000000     
  0.40150000000000002        2.0452958761148738       0.27606350910319155       -0.0000000000000000     
  0.40339999999999998        2.0562903736570637       0.28039475816522663       -0.0000000000000000     
  0.40529999999999999        2.0673053660024272       0.28476677397761441       -0.0000000000000000     
  0.40720000000000001        2.0783409480854389       0.28917946162868763       -0.0000000000000000     
  0.40910000000000002        2.0893972134889385       0.29363272034083054       -0.0000000000000000     
  0.41099999999999998        2.1004742544432666       0.29812644364895596       -0.0000000000000000     
  0.41290000000000004        2.1115721618192018       0.30266051957768325       -0.0000000000000000     
  0.41480000000000000        2.1226910251217870       0.30723483082018677       -0.0000000000000000     
  0.41669999999999996        2.1338309324849236       0.31184925491796317       -0.0000000000000000     
  0.41860000000000003        2.1449919706671605       0.31650366444155897       -0.0000000000000000     
  0.42049999999999998        2.1561742250481442       0.32119792717152013       -0.0000000000000000     
  0.42240000000000005        2.1673777796314155       0.32593190628241847       -0.0000000000000000     
  0.42430000000000007        2.1786027170203242       0.33070546051146754       -0.0000000000000000     
  0.42620000000000002        2.1898491184527189       0.33551844435786476       -0.0000000000000000     
  0.42809999999999998        2.2011170637757607       0.34037070824858512       -0.0000000000000000     
  0.43000000000000005        2.2124066314532138       0.34526209871996488       -0.0000000000000000     
  0.43190000000000006        2.2237178985672945       0.35019245859440101       -0.0000000000000000     
  0.43380000000000002        2.2350509408206092       0.35516162715507360       -0.0000000000000000     
  0.43570000000000003        2.2464058325393985       0.36016944031899784       -0.0000000000000000     
  0.43759999999999999        2.2577826466771329       0.36521573080767844       -0.0000000000000000     
  0.43950000000000006        2.2691814548243721       0.37030032831910459       -0.0000000000000000     
  0.44140000000000007        2.2806023271909344       0.37542305967837519       -0.0000000000000000     
  0.44330000000000003        2.2920453326475920       0.38058374902439768       -0.0000000000000000     
  0.44519999999999998        2.3035105387069796       0.38578221795355583       -0.0000000000000000     
  0.44710000000000000        2.3149980115370936       0.39101828568092339       -0.0000000000000000     
  0.44900000000000007        2.3265078159687098       0.39629176919428172       -0.0000000000000000     
  0.45090000000000002        2.3380400155031631       0.40160248340457927       -0.0000000000000000     
  0.45280000000000004        2.3495946723208609       0.40695024129318907       -0.0000000000000000     
  0.45469999999999999        2.3611718472900631       0.41233485405553638       -0.0000000000000000     
  0.45660000000000006        2.3727715999761676       0.41775613124126837       -0.0000000000000000     
  0.45850000000000007        2.3843939886573930       0.42321388089592987       -0.0000000000000000     
  0.46040000000000003        2.3960390703101893       0.42870790967239536       -0.0000000000000000     
  0.46229999999999999        2.4077069006584524       0.43423802299326425       -0.0000000000000000     
  0.46420000000000000        2.4193975341572012       0.43980402515326228       -0.0000000000000000     
  0.46610000000000007        2.4311110240111229       0.44540571944688562       -0.0000000000000000     
  0.46800000000000003        2.4428474221858649       0.45104290828623655       -0.0000000000000000     
  0.46990000000000004        2.4546067794197985       0.45671539331515765       -0.0000000000000000     
  0.47180000000000011        2.4663891452360955       0.46242297551956246       -0.0000000000000000     
  0.47370000000000007        2.4781945679550956       0.46816545533411480       -0.0000000000000000     
  0.47560000000000008        2.4900230947065327       0.47394263274503279       -0.0000000000000000     
  0.47750000000000004        2.5018747714425422       0.47975430738941693       -0.0000000000000000     
  0.47939999999999999        2.5137496429503399       0.48560027865068067       -0.0000000000000000     
  0.48130000000000006        2.5256477528654218       0.49148034575064481       -0.0000000000000000     
  0.48320000000000007        2.5375691436846060       0.49739430783777155       -0.0000000000000000     
  0.48510000000000003        2.5495138567833466       0.50334196407849263       -0.0000000000000000     
  0.48700000000000004        2.5614819324132196       0.50932311371266092       -0.0000000000000000     
  0.48890000000000011        2.5734734097402683       0.51533755617143662       -0.0000000000000000     
  0.49080000000000007        2.5854883268415323       0.52138509112471276       -0.0000000000000000     
  0.49270000000000008        2.5975267207229917       0.52746551855955059       -0.0000000000000000     
  0.49460000000000004        2.6095886273337241       0.53357863884841039       -0.0000000000000000     
  0.49650000000000000        2.6216740815793629       0.53972425281422109       -0.0000000000000000     
  0.49840000000000007        2.6337831173361059       0.54590216179239859       -0.0000000000000000     
  0.50030000000000008        2.6459157674646554       0.55211216769000515       -0.0000000000000000     
  0.50220000000000009        2.6580720638239379       0.55835407304180962       -0.0000000000000000     
  0.50409999999999999        2.6702520372849694       0.56462768106357353       -0.0000000000000000     
  0.50600000000000001        2.6824557177449524       0.57093279570277211       -0.0000000000000000     
  0.50790000000000013        2.6946831341408028       0.57726922168631700       -0.0000000000000000     
  0.50980000000000003        2.7069343144631612       0.58363676456595237       -0.0000000000000000     
  0.51170000000000004        2.7192092857700132       0.59003523076100306       -0.0000000000000000     
  0.51360000000000006        2.7315080742005504       0.59646442759865836       -0.0000000000000000     
  0.51550000000000007        2.7438307049886612       0.60292416335202104       -0.0000000000000000     
  0.51740000000000008        2.7561772024766404       0.60941424727570748       -0.0000000000000000     
  0.51930000000000009        2.7685475901286360       0.61593448963935304       -0.0000000000000000     
  0.52120000000000000        2.7809418905440513       0.62248470175890003       -0.0000000000000000     
  0.52310000000000001        2.7933601254680678       0.62906469603339088       -0.0000000000000000     
  0.52500000000000013        2.8058023158164573       0.63567428594169106       -0.0000000000000000     
  0.52690000000000003        2.8182684816714687       0.64231328611456362       -0.0000000000000000     
  0.52880000000000005        2.8307586423061104       0.64898151232617907       -0.0000000000000000     
  0.53070000000000006        2.8432728161947063       0.65567878152446180       -0.0000000000000000     
  0.53260000000000007        2.8558110210254810       0.66240491185066341       -0.0000000000000000     
  0.53450000000000009        2.8683732737128538       0.66915972265781087       -0.0000000000000000     
  0.53640000000000010        2.8809595904110092       0.67594303452783544       -0.0000000000000000     
  0.53830000000000000        2.8935699865255300       0.68275466928639528       -0.0000000000000000     
  0.54020000000000001        2.9062044767261077       0.68959445001710240       -0.0000000000000000     
  0.54210000000000014        2.9188630749587920       0.69646220107373991       -0.0000000000000000     
  0.54400000000000004        2.9315457944578802       0.70335774809150986       -0.0000000000000000     
  0.54590000000000005        2.9442526477581081       0.71028091799687176       -0.0000000000000000     
  0.54780000000000006        2.9569836467065049       0.71723153901620240       -0.0000000000000000     
  0.54970000000000008        2.9697388024737923       0.72420944068321436       -0.0000000000000000     
  0.55160000000000009        2.9825181255661732       0.73121445384537376       -0.0000000000000000     
  0.55350000000000010        2.9953216258367030       0.73824641066919117       -0.0000000000000000     
  0.55540000000000000        3.0081493124967027       0.74530514464463049       -0.0000000000000000     
  0.55730000000000002        3.0210011941263679       0.75239049058827989       -0.0000000000000000     
  0.55920000000000014        3.0338772786866679       0.75950228464603298       -0.0000000000000000     
  0.56110000000000004        3.0467775735292064       0.76664036429443105       -0.0000000000000000     
  0.56300000000000006        3.0597020854076735       0.77380456834157307       -0.0000000000000000     
  0.56490000000000007        3.0726508204880680       0.78099473692709642       -0.0000000000000000     
  0.56680000000000008        3.0856237843590311       0.78821071152118571       -0.0000000000000000     
  0.56870000000000009        3.0986209820424593       0.79545233492346767       -0.0000000000000000     
  0.57060000000000011        3.1116424180032261       0.80271945126048605       -0.0000000000000000     
  0.57250000000000001        3.1246880961596006       0.81001190598331541       -0.0000000000000000     
  0.57440000000000002        3.1377580198926833       0.81732954586391382       -0.0000000000000000     
  0.57630000000000015        3.1508521920564552       0.82467221899136667       -0.0000000000000000     
  0.57820000000000005        3.1639706149870368       0.83203977476740942       -0.0000000000000000     
  0.58010000000000006        3.1771132905123891       0.83943206390153469       -0.0000000000000000     
  0.58200000000000007        3.1902802199277951       0.84684893841391795       -0.0000000000000000     
  0.58389999999999997        3.2034714041394383       0.85429025159546934       -0.0000000000000000     
  0.58580000000000010        3.2166868434717895       0.86175585805371269       -0.0000000000000000     
  0.58770000000000011        3.2299265378107962       0.86924561367058195       -0.0000000000000000     
  0.58960000000000001        3.2431904865795160       0.87675937560490247       -0.0000000000000000     
  0.59150000000000003        3.2564786887458053       0.88429700228463082       -0.0000000000000000     
  0.59340000000000015        3.2697911428311901       0.89185835339947261       -0.0000000000000000     
  0.59530000000000005        3.2831278469198963       0.89944328989279809       -0.0000000000000000     
  0.59720000000000006        3.2964887986660547       0.90705167395372466       -0.0000000000000000     
  0.59910000000000008        3.3098739953016598       0.91468336900817038       -0.0000000000000000     
  0.60099999999999998        3.3232834336459813       0.92233823971083906       -0.0000000000000000     
  0.60290000000000010        3.3367171101113446       0.93001615193576526       -0.0000000000000000     
  0.60480000000000012        3.3501750207121073       0.93771697276755761       -0.0000000000000000     
  0.60670000000000002        3.3636571610720849       0.94544057049197971       -0.0000000000000000     
  0.60860000000000003        3.3771635264317044       0.95318681458701093       -0.0000000000000000     
  0.61050000000000015        3.3906941116550571       0.96095557571236967       -0.0000000000000000     
  0.61240000000000006        3.4042489112377874       0.96874672570081388       -0.0000000000000000     
  0.61430000000000007        3.4178279193138787       0.97656013754781212       -0.0000000000000000     
  0.61620000000000008        3.4314311296614699       0.98439568540149702       -0.0000000000000000     
  0.61809999999999998        3.4450585357122971       0.99225324455341313       -0.0000000000000000     
  0.62000000000000011        3.4587101305555104        1.0001326914275199       -0.0000000000000000     
  0.62190000000000012        3.4723859069460370        1.0080339035706360       -0.0000000000000000     
  0.62380000000000002        3.4860858573105902        1.0159567596420749       -0.0000000000000000     
  0.62570000000000003        3.4998099737540049        1.0239011394033619       -0.0000000000000000     
  0.62760000000000005        3.5135582480656251        1.0318669237081231       -0.0000000000000000     
  0.62950000000000006        3.5273306717255015        1.0398539944916179       -0.0000000000000000     
  0.63140000000000007        3.5411272359098040        1.0478622347601569       -0.0000000000000000     
  0.63330000000000009        3.5549479314977837        1.0558915285812303       -0.0000000000000000     
  0.63519999999999999        3.5687927490771583        1.0639417610730977       -0.0000000000000000     
  0.63710000000000011        3.5826616789495840        1.0720128183939861       -0.0000000000000000     
  0.63900000000000012        3.5965547111364855        1.0801045877320925       -0.0000000000000000     
  0.64090000000000003        3.6104718353852228        1.0882169572954241       -0.0000000000000000     
  0.64280000000000004        3.6244130411732023        1.0963498163009706       -0.0000000000000000     
  0.64470000000000005        3.6383783177149738        1.1045030549650101       -0.0000000000000000     
  0.64660000000000006        3.6523676539653995        1.1126765644921490       -0.0000000000000000     
  0.64850000000000008        3.6663810386271085        1.1208702370660673       -0.0000000000000000     
  0.65040000000000009        3.6804184601536960        1.1290839658384000       -0.0000000000000000     
  0.65229999999999999        3.6944799067557934        1.1373176449192415       -0.0000000000000000     
  0.65420000000000011        3.7085653664054989        1.1455711693667545       -0.0000000000000000     
  0.65610000000000013        3.7226748268413870        1.1538444351772170       -0.0000000000000000     
  0.65800000000000003        3.7368082755732006        1.1621373392752152       -0.0000000000000000     
  0.65990000000000004        3.7509656998866641        1.1704497795035325       -0.0000000000000000     
  0.66180000000000005        3.7651470868474410        1.1787816546132368       -0.0000000000000000     
  0.66370000000000007        3.7793524233065954        1.1871328642544392       -0.0000000000000000     
  0.66560000000000008        3.7935816959041433        1.1955033089658655       -0.0000000000000000     
  0.66750000000000009        3.8078348910736954        1.2038928901656416       -0.0000000000000000     
  0.66940000000000000        3.8221119950469062        1.2123015101417534       -0.0000000000000000     
  0.67130000000000012        3.8364129938574605        1.2207290720424613       -0.0000000000000000     
  0.67320000000000013        3.8507378733448374        1.2291754798666674       -0.0000000000000000     
  0.67510000000000003        3.8650866191592055        1.2376406384551695       -0.0000000000000000     
  0.67700000000000005        3.8794592167644688        1.2461244534807092       -0.0000000000000000     
  0.67890000000000006        3.8938556514428839        1.2546268314395288       -0.0000000000000000     
  0.68080000000000007        3.9082759082981169        1.2631476796414627       -0.0000000000000000     
  0.68270000000000008        3.9227199722598005        1.2716869062018183       -0.0000000000000000     
  0.68460000000000010        3.9371878280867758        1.2802444200317651       -0.0000000000000000     
  0.68650000000000000        3.9516794603706455        1.2888201308298612       -0.0000000000000000     
  0.68840000000000012        3.9661948535396170        1.2974139490732868       -0.0000000000000000     
  0.69030000000000014        3.9807339918616833        1.3060257860089846       -0.0000000000000000     
  0.69220000000000004        3.9952968594482283        1.3146555536453439       -0.0000000000000000     
  0.69410000000000005        4.0098834402577488        1.3233031647436946       -0.0000000000000000     
  0.69600000000000006        4.0244937180985918        1.3319685328097766       -0.0000000000000000     
  0.69790000000000008        4.0391276766319173        1.3406515720853451       -0.0000000000000000     
  0.69980000000000009        4.0537852993758019        1.3493521975402736       -0.0000000000000000     
  0.70170000000000010        4.0684665697084172        1.3580703248644559       -0.0000000000000000     
  0.70360000000000000        4.0831714708696021        1.3668058704591750       -0.0000000000000000     
  0.70550000000000002        4.0978999859659098        1.3755587514300236       -0.0000000000000000     
  0.70740000000000014        4.1126520979721439        1.3843288855784097       -0.0000000000000000     
  0.70930000000000004        4.1274277897346199        1.3931161913939523       -0.0000000000000000     
  0.71120000000000005        4.1422270439743034        1.4019205880468713       -0.0000000000000000     
  0.71310000000000007        4.1570498432895864        1.4107419953805023       -0.0000000000000000     
  0.71500000000000008        4.1718961701588020        1.4195803339036006       -0.0000000000000000     
  0.71690000000000009        4.1867660069429462        1.4284355247828691       -0.0000000000000000     
  0.71880000000000011        4.2016593358886158        1.4373074898358875       -0.0000000000000000     
  0.72070000000000001        4.2165761391302823        1.4461961515237800       -0.0000000000000000     
  0.72260000000000002        4.2315163986935351        1.4551014329439937       -0.0000000000000000     
  0.72450000000000014        4.2464800964966880        1.4640232578233101       -0.0000000000000000     
  0.72640000000000005        4.2614672143536874        1.4729615505107021       -0.0000000000000000     
  0.72830000000000006        4.2764777339768836        1.4819162359707907       -0.0000000000000000     
  0.73020000000000007        4.2915116369788553        1.4908872397766406       -0.0000000000000000     
  0.73210000000000008        4.3065689048750810        1.4998744881031547       -0.0000000000000000     
  0.73400000000000010        4.3216495190861606        1.5088779077205758       -0.0000000000000000     
  0.73590000000000011        4.3367534609400984        1.5178974259878852       -0.0000000000000000     
  0.73780000000000001        4.3518807116749159        1.5269329708462080       -0.0000000000000000     
  0.73970000000000002        4.3670312524400163        1.5359844708125063       -0.0000000000000000     
  0.74160000000000015        4.3822050642986650        1.5450518549730030       -0.0000000000000000     
  0.74350000000000005        4.3974021282304827        1.5541350529772788       -0.0000000000000000     
  0.74540000000000006        4.4126224251334341        1.5632339950320837       -0.0000000000000000     
  0.74730000000000008        4.4278659358255448        1.5723486118952072       -0.0000000000000000     
  0.74919999999999998        4.4431326410467156        1.5814788348691080       -0.0000000000000000     
  0.75110000000000010        4.4584225214617534        1.5906245957957026       -0.0000000000000000     
  0.75300000000000011        4.4737355576607118        1.5997858270495851       -0.0000000000000000     
  0.75490000000000002        4.4890717301622871        1.6089624615332623       -0.0000000000000000     
  0.75680000000000003        4.5044310194146790        1.6181544326705761       -0.0000000000000000     
  0.75870000000000015        4.5198134057982191        1.6273616744017552       -0.0000000000000000     
  0.76060000000000005        4.5352188696262754        1.6365841211772210       -0.0000000000000000     
  0.76250000000000007        4.5506473911474528        1.6458217079525290       -0.0000000000000000     
  0.76440000000000008        4.5660989505480236        1.6550743701829218       -0.0000000000000000     
  0.76629999999999998        4.5815735279521013        1.6643420438176557       -0.0000000000000000     
  0.76820000000000010        4.5970711034249474        1.6736246652952784       -0.0000000000000000     
  0.77010000000000012        4.6125916569732546        1.6829221715377027       -0.0000000000000000     
  0.77200000000000002        4.6281351685476935        1.6922344999456636       -0.0000000000000000     
  0.77390000000000003        4.6437016180440569        1.7015615883933473       -0.0000000000000000     
  0.77580000000000016        4.6592909853048434        1.7109033752233707       -0.0000000000000000     
  0.77770000000000006        4.6749032501212433        1.7202597992420974       -0.0000000000000000     
  0.77960000000000007        4.6905383922336945        1.7296307997142881       -0.0000000000000000     
  0.78150000000000008        4.7061963913344478        1.7390163163586874       -0.0000000000000000     
  0.78339999999999999        4.7218772270682132        1.7484162893431405       -0.0000000000000000     
  0.78530000000000011        4.7375808790340042        1.7578306592797117       -0.0000000000000000     
  0.78720000000000012        4.7533073267865653        1.7672593672204078       -0.0000000000000000     
  0.78910000000000002        4.7690565498372983        1.7767023546522864       -0.0000000000000000     
  0.79100000000000004        4.7848285276559626        1.7861595634928595       -0.0000000000000000     
  0.79290000000000016        4.8006232396724666        1.7956309360862286       -0.0000000000000000     
  0.79480000000000006        4.8164406652770113        1.8051164151979282       -0.0000000000000000     
  0.79670000000000007        4.8322807838222221        1.8146159440109155       -0.0000000000000000     
  0.79860000000000009        4.8481435746245687        1.8241294661215193       -0.0000000000000000     
  0.80049999999999999        4.8640290169648397        1.8336569255347350       -0.0000000000000000     
  0.80240000000000011        4.8799370900900358        1.8431982666604321       -0.0000000000000000     
  0.80430000000000013        4.8958677732142180        1.8527534343089556       -0.0000000000000000     
  0.80620000000000003        4.9118210455196536        1.8623223736871992       -0.0000000000000000     
  0.80810000000000004        4.9277968861582480        1.8719050303944953       -0.0000000000000000     
  0.81000000000000016        4.9437952742523921        1.8815013504188003       -0.0000000000000000     
  0.81190000000000007        4.9598161888963839        1.8911112801326346       -0.0000000000000000     
  0.81380000000000008        4.9758596091571086        1.9007347662891561       -0.0000000000000000     
  0.81570000000000009        4.9919255140756089        1.9103717560186160       -0.0000000000000000     
  0.81759999999999999        5.0080138826675169        1.9200221968241868       -0.0000000000000000     
  0.81950000000000012        5.0241246939250290        1.9296860365787820       -0.0000000000000000     
  0.82140000000000013        5.0402579268163183        1.9393632235204765       -0.0000000000000000     
  0.82330000000000003        5.0564135602890907        1.9490537062503424       -0.0000000000000000     
  0.82520000000000004        5.0725915732683449        1.9587574337269669       -0.0000000000000000     
  0.82710000000000006        5.0887919446603460        1.9684743552646997       -0.0000000000000000     
  0.82900000000000007        5.1050146533516516        1.9782044205291069       -0.0000000000000000     
  0.83090000000000008        5.1212596782107767        1.9879475795338044       -0.0000000000000000     
  0.83280000000000010        5.1375269980889380        1.9977037826370363       -0.0000000000000000     
  0.83470000000000000        5.1538165918211520        2.0074729805384246       -0.0000000000000000     
  0.83660000000000012        5.1701284382268966        2.0172551242755534       -0.0000000000000000     
  0.83850000000000013        5.1864625161108400        2.0270501652204667       -0.0000000000000000     
  0.84040000000000004        5.2028188042644254        2.0368580550770981       -0.0000000000000000     
  0.84230000000000005        5.2191972814655800        2.0466787458772182       -0.0000000000000000     
  0.84420000000000006        5.2355979264808781        2.0565121899780445       -0.0000000000000000     
  0.84609999999999996        5.2520207180650251        2.0663583400585810       -0.0000000000000000     
  0.84799999999999998        5.2684656349620900        2.0762171491165247       -0.0000000000000000     
  0.84989999999999999        5.2849326559074230        2.0860885704660559       -0.0000000000000000     
  0.85180000000000000        5.3014217596264945        2.0959725577336883       -0.0000000000000000     
  0.85370000000000013        5.3179329248369278        2.1058690648559892       -0.0000000000000000     
  0.85560000000000014        5.3344661302490950        2.1157780460765565       -0.0000000000000000     
  0.85750000000000004        5.3510213545664005        2.1256994559430145       -0.0000000000000000     
  0.85940000000000005        5.3675985764866772        2.1356332493044174       -0.0000000000000000     
  0.86130000000000007        5.3841977747018523        2.1455793813078370       -0.0000000000000000     
  0.86319999999999997        5.4008189278997207        2.1555378073962492       -0.0000000000000000     
  0.86509999999999998        5.4174620147641201        2.1655084833054992       -0.0000000000000000     
  0.86699999999999999        5.4341270139754485        2.1754913650614847       -0.0000000000000000     
  0.86890000000000001        5.4508139042117856        2.1854864089776114       -0.0000000000000000     
  0.87079999999999991        5.4675226641487908        2.1954935716519621       -0.0000000000000000     
  0.87270000000000014        5.4842532724615207        2.2055128099651533       -0.0000000000000000     
  0.87460000000000004        5.5010057078237677        2.2155440810770877       -0.0000000000000000     
  0.87650000000000006        5.5177799489092862        2.2255873424247499       -0.0000000000000000     
  0.87840000000000007        5.5345759743925944        2.2356425517198004       -0.0000000000000000     
  0.88029999999999997        5.5513937629489734        2.2457096669456966       -0.0000000000000000     
  0.88219999999999998        5.5682332932557994        2.2557886463557182       -0.0000000000000000     
  0.88410000000000000        5.5850945439923452        2.2658794484700451       -0.0000000000000000     
  0.88600000000000001        5.6019774938409315        2.2759820320737050       -0.0000000000000000     
  0.88789999999999991        5.6188821214868909        2.2860963562139047       -0.0000000000000000     
  0.88980000000000015        5.6358084056198301        2.2962223801980306       -0.0000000000000000     
  0.89170000000000005        5.6527563249333070        2.3063600635908266       -0.0000000000000000     
  0.89360000000000006        5.6697258581262471        2.3165093662126774       -0.0000000000000000     
  0.89550000000000007        5.6867169839027776        2.3266702481369483       -0.0000000000000000     
  0.89739999999999998        5.7037296809731020        2.3368426696878668       -0.0000000000000000     
  0.89929999999999999        5.7207639280535547        2.3470265914381949       -0.0000000000000000     
  0.90120000000000000        5.7378197038679390        2.3572219742073512       -0.0000000000000000     
  0.90309999999999990        5.7548969871467968        2.3674287790588187       -0.0000000000000000     
  0.90499999999999992        5.7719957566291020        2.3776469672983382       -0.0000000000000000     
  0.90689999999999993        5.7891159910614824        2.3878765004715299       -0.0000000000000000     
  0.90879999999999994        5.8062576691998338        2.3981173403620639       -0.0000000000000000     
  0.91070000000000007        5.8234207698091582        2.4083694489895158       -0.0000000000000000     
  0.91260000000000008        5.8406052716641348        2.4186327886072778       -0.0000000000000000     
  0.91449999999999998        5.8578111535491049        2.4289073217003301       -0.0000000000000000     
  0.91639999999999999        5.8750383942592794        2.4391930109836610       -0.0000000000000000     
  0.91830000000000001        5.8922869726005453        2.4494898194000658       -0.0000000000000000     
  0.92019999999999991        5.9095568673902550        2.4597977101182686       -0.0000000000000000     
  0.92209999999999992        5.9268480574573310        2.4701166465308644       -0.0000000000000000     
  0.92399999999999993        5.9441605216427531        2.4804465922525729       -0.0000000000000000     
  0.92589999999999995        5.9614942387997072        2.4907875111180950       -0.0000000000000000     
  0.92780000000000007        5.9788491877945091        2.5011393671806128       -0.0000000000000000     
  0.92970000000000008        5.9962253475066900        2.5115021247098217       -0.0000000000000000     
  0.93159999999999998        6.0136226968291489        2.5218757481899119       -0.0000000000000000     
  0.93350000000000000        6.0310412146685026        2.5322602023178140       -0.0000000000000000     
  0.93540000000000001        6.0484808799461032        2.5426554520018660       -0.0000000000000000     
  0.93729999999999991        6.0659416715973018        2.5530614623593060       -0.0000000000000000     
  0.93919999999999992        6.0834235685730267        2.5634781987152500       -0.0000000000000000     
  0.94109999999999994        6.1009265498388539        2.5739056266003892       -0.0000000000000000     
  0.94299999999999995        6.1184505943760996        2.5843437117496211       -0.0000000000000000     
  0.94490000000000007        6.1359956811820400        2.5947924201003247       -0.0000000000000000     
  0.94680000000000009        6.1535617892702321        2.6052517177906811       -0.0000000000000000     
  0.94869999999999999        6.1711488976702791        2.6157215711577289       -0.0000000000000000     
  0.95060000000000000        6.1887569854292126        2.6262019467363897       -0.0000000000000000     
  0.95250000000000001        6.2063860316107169        2.6366928112572792       -0.0000000000000000     
  0.95439999999999992        6.2240360152957361        2.6471941316450969       -0.0000000000000000     
  0.95629999999999993        6.2417069155832641        2.6577058750175739       -0.0000000000000000     
  0.95819999999999994        6.2593987115900154        2.6682280086834500       -0.0000000000000000     
  0.96009999999999995        6.2771113824508067        2.6787605001409718       -0.0000000000000000     
  0.96199999999999986        6.2948449073191286        2.6893033170766576       -0.0000000000000000     
  0.96390000000000009        6.3125992653669405        2.6998564273633447       -0.0000000000000000     
  0.96579999999999999        6.3303744357853899        2.7104197990591716       -0.0000000000000000     
  0.96770000000000000        6.3481703977847657        2.7209934004056420       -0.0000000000000000     
  0.96960000000000002        6.3659871305948155        2.7315771998265808       -0.0000000000000000     
  0.97149999999999992        6.3838246134651531        2.7421711659263908       -0.0000000000000000     
  0.97339999999999993        6.4016828256649339        2.7527752674885955       -0.0000000000000000     
  0.97529999999999994        6.4195617464839305        2.7633894734747138       -0.0000000000000000     
  0.97719999999999996        6.4374613552321156        2.7740137530226643       -0.0000000000000000     
  0.97909999999999986        6.4553816312404102        2.7846480754454701       -0.0000000000000000     
  0.98100000000000009        6.4733225538600863        2.7952924102295529       -0.0000000000000000     
  0.98290000000000000        6.4912841024636299        2.8059467270337852       -0.0000000000000000     
  0.98480000000000001        6.5092662564449704        2.8166109956880017       -0.0000000000000000     
  0.98670000000000002        6.5272689952195009        2.8272851861916752       -0.0000000000000000     
  0.98859999999999992        6.5452922982241617        2.8379692687125364       -0.0000000000000000     
  0.99049999999999994        6.5633361449177254        2.8486632135853069       -0.0000000000000000     
  0.99239999999999995        6.5814005147813841        2.8593669913105062       -0.0000000000000000     
  0.99429999999999996        6.5994853873180412        2.8700805725528604       -0.0000000000000000     
  0.99619999999999986        6.6175907420534950        2.8808039281405105       -0.0000000000000000     
  0.99810000000000010        6.6357165585361368        2.8915370290634685       -0.0000000000000000     
   1.0000000000000000        6.6538628163367495        2.9022798464721924       -0.0000000000000000     
