5.0000000000000003E-002	0.23899836260308377	6.7949567887778928E-004
5.1899999999999995E-002	0.24810745669984224	7.5563348185975503E-004
5.3800000000000001E-002	0.25721942070344772	8.3672266721669653E-004
5.5700000000000006E-002	0.26633432839950594	9.2281115178968818E-004
5.7599999999999998E-002	0.27545225035493653	1.0139433607551918E-003
5.9499999999999997E-002	0.28457325378687520	1.1101612632375994E-003
6.1400000000000003E-002	0.29369740293353269	1.2115053010960694E-003
6.3300000000000009E-002	0.30282475935980557	1.3180152399633318E-003
6.5200000000000008E-002	0.31195538205604734	1.4297309554818700E-003
6.7099999999999993E-002	0.32108932776045351	1.5466931334759519E-003
6.9000000000000006E-002	0.33022665114338789	1.6689439078402034E-003
7.0900000000000005E-002	0.33936740510158381	1.7965274300798723E-003
7.2799999999999990E-002	0.34851164085536823	1.9294903830473283E-003
7.4700000000000003E-002	0.35765940821888159	2.0678824333811604E-003
7.6600000000000001E-002	0.36681075577278455	2.2117566334836983E-003
7.8500000000000000E-002	0.37596573104533410	2.3611697741643886E-003
8.0400000000000013E-002	0.38512438068171762	2.5161826919702758E-003
8.2300000000000012E-002	0.39428675060691093	2.6768605348938177E-003
8.4199999999999997E-002	0.40345288615779318	2.8432729895927892E-003
8.6099999999999996E-002	0.41262283230434205	3.0154944731554953E-003
8.7999999999999995E-002	0.42179663366905262	3.1936042932342156E-003
8.9899999999999994E-002	0.43097433472783642	3.3776867781234636E-003
9.1800000000000007E-002	0.44015597990978222	3.5678313804460566E-003
9.3700000000000006E-002	0.44934161370689885	3.7641327564988353E-003
9.5600000000000004E-002	0.45853128077645872	3.9666908236253391E-003
9.7500000000000017E-002	0.46772502603623972	4.1756107978821429E-003
9.9400000000000002E-002	0.47692289475287986	4.3910032138860427E-003
0.10130000000000000	0.48612493262366308	4.6129839287940401E-003
0.10320000000000000	0.49533118585207847	4.8416741120322019E-003
0.10510000000000000	0.50454170121760478	5.0772002225932568E-003
0.10700000000000000	0.51375652613956313	5.3196939749706098E-003
0.10890000000000001	0.52297570873667476	5.5692922955404775E-003
0.11080000000000001	0.53219929788043163	5.8261372702591799E-003
0.11270000000000001	0.54142734324502939	6.0903760849682145E-003
0.11460000000000002	0.55065989533534465	6.3621609593790462E-003
0.11649999999999999	0.55989700559228905	6.6416490755430418E-003
0.11840000000000001	0.56913872633445017	6.9290025017628249E-003
0.12030000000000000	0.57838511085436173	7.2243881127636413E-003
0.12220000000000000	0.58763621343258665	7.5279775067463922E-003
0.12410000000000000	0.59689208936477711	7.8399469199924091E-003
0.12600000000000000	0.60615279498533248	8.1604771396517478E-003
0.12790000000000001	0.61541838768839296	8.4897534151908722E-003
0.12980000000000003	0.62468892594647174	8.8279653690254162E-003
0.13169999999999998	0.63396446219624014	9.1733776275795299E-003
0.13360000000000000	0.64324500343799884	9.5240729682857760E-003
0.13550000000000001	0.65253057123576752	9.8821738546995466E-003
0.13739999999999999	0.66182120444745451	1.0248429642610812E-002
0.13930000000000001	0.67111694911777398	1.0623333949118829E-002
0.14120000000000002	0.68041785601668103	1.1007282623028688E-002
0.14310000000000000	0.68972397951030084	1.1400622289135999E-002
0.14500000000000002	0.69903537691943884	1.1803671238329753E-002
0.14690000000000000	0.70835210810927152	1.2216730132108930E-002
0.14879999999999999	0.71767423520561624	1.2640088128177197E-002
0.15070000000000000	0.72700182238729671	1.3074026665851061E-002
0.15260000000000001	0.73633493572803710	1.3518821941588216E-002
0.15450000000000000	0.74567364307145345	1.3974746599970514E-002
0.15640000000000001	0.75501801392992896	1.4442070929058916E-002
0.15830000000000002	0.76436811940103533	1.4921063729429968E-002
0.16020000000000001	0.77372403209633422	1.5411992960509926E-002
0.16210000000000002	0.78308582608083599	1.5915126230875241E-002
0.16400000000000001	0.79245357682032735	1.6430731176172293E-002
0.16589999999999999	0.80182736113456554	1.6959075754877709E-002
0.16780000000000000	0.81120725715618691	1.7500428482628692E-002
0.16970000000000002	0.82059334429347164	1.8055058620006659E-002
0.17160000000000000	0.82998570319671305	1.8623236324627077E-002
0.17350000000000002	0.83938441572807376	1.9205232775636301E-002
0.17540000000000003	0.84878956493313895	1.9801320276389242E-002
0.17730000000000001	0.85820123501564671	2.0411772340037770E-002
0.17920000000000003	0.86761951131349757	2.1036863761332594E-002
0.18110000000000001	0.87704448027653026	2.1676870677442280E-002
0.18300000000000000	0.88647622944651161	2.2332070619835383E-002
0.18490000000000001	0.89591484743744754	2.3002742558680643E-002
0.18680000000000002	0.90536042390887761	2.3689166941314392E-002
0.18870000000000001	0.91481304958466991	2.4391625725506377E-002
0.19060000000000002	0.92427281618381407	2.5110402408491887E-002
0.19250000000000003	0.93373981644086790	2.5845782052152828E-002
0.19439999999999999	0.94321414408300697	2.6598051304964371E-002
0.19630000000000000	0.95269589381663777	2.7367498420970159E-002
0.19820000000000002	0.96218516131467580	2.8154413276055140E-002
0.20010000000000000	0.97168204320452756	2.8959087381655639E-002
0.20200000000000001	0.98118663705657672	2.9781813896007897E-002
0.20390000000000003	0.99069904137322284	3.0622887633014573E-002
0.20580000000000001	1.0002193555784362	3.1482605068695518E-002
0.20770000000000002	1.0097476800076963	3.2361264345192424E-002
0.20960000000000004	1.0192841158983803	3.3259165272291301E-002
0.21149999999999999	1.0288287653804322	3.4176609326302641E-002
0.21340000000000001	1.0383817314674455	3.5113899646260861E-002
0.21529999999999999	1.0479431180479000	3.6071341027240994E-002
0.21720000000000000	1.0575130298767492	3.7049239910679571E-002
0.21909999999999999	1.0670915725671386	3.8047904371516665E-002
0.22100000000000003	1.0766788525822735	3.9067644101982990E-002
0.22289999999999999	1.0862749772275100	4.0108770391855147E-002
0.22479999999999997	1.0958800546423999	4.1171596104991708E-002
0.22670000000000001	1.1054941937928779	4.2256435651944667E-002
0.22860000000000000	1.1151175044634882	4.3363604958438495E-002
0.23050000000000001	1.1247500972494262	4.4493421429583749E-002
0.23240000000000000	1.1343920835487915	4.5646203909517132E-002
0.23430000000000001	1.1440435755544822	4.6822272636382230E-002
0.23619999999999999	1.1537046862461615	4.8021949192418124E-002
0.23810000000000003	1.1633755293819532	4.9245556448940554E-002
0.23999999999999999	1.1730562194899692	5.0493418506093277E-002
0.24189999999999998	1.1827468718596079	5.1765860627165407E-002
0.24380000000000002	1.1924476025326018	5.3063209167354491E-002
0.24570000000000000	1.2021585282937672	5.4385791496752010E-002
0.24760000000000001	1.2118797666613541	5.5733935917510330E-002
0.24950000000000000	1.2216114358771222	5.7107971575020941E-002
0.25140000000000001	1.2313536548959565	5.8508228362966291E-002
0.25330000000000003	1.2411065433751078	5.9935036822238046E-002
0.25519999999999998	1.2508702216628949	6.1388728033585242E-002
0.25710000000000000	1.2606448107869859	6.2869633503938940E-002
0.25900000000000001	1.2704304324421254	6.4378085046438049E-002
0.26090000000000002	1.2802272089773450	6.5914414654066958E-002
0.26279999999999998	1.2900352633825436	6.7478954366967769E-002
0.26469999999999999	1.2998547192745191	6.9072036133430617E-002
0.26660000000000000	1.3096857008823706	7.0693991664647599E-002
0.26849999999999996	1.3195283330384302	7.2345152283576880E-002
0.27040000000000003	1.3293827411373635	7.4025848766144473E-002
0.27229999999999999	1.3392490511573629	7.5736411179708710E-002
0.27420000000000000	1.3491273896174010	7.7477168712505137E-002
0.27610000000000001	1.3590178835656792	7.9248449499127072E-002
0.27799999999999997	1.3689206605607880	8.1050580440205383E-002
0.27989999999999998	1.3788358486522974	8.2883887016985472E-002
0.28179999999999999	1.3887635763604300	8.4748693100932734E-002
0.28370000000000001	1.3987039726550790	8.6645320758759026E-002
0.28559999999999997	1.4086571669340378	8.8574090053055665E-002
0.28750000000000003	1.4186232890004526	9.0535318839000331E-002
0.28939999999999999	1.4286024690395385	9.2529322557433652E-002
0.29130000000000000	1.4385948375944304	9.4556414024616744E-002
0.29320000000000002	1.4486005255414671	9.6616903219265499E-002
0.29509999999999997	1.4586196640645648	9.8711097067048545E-002
0.29699999999999999	1.4686523846288497	0.10083929922320689
0.29890000000000000	1.4786988189536576	0.10300180985361017
0.30080000000000001	1.4887590989847175	0.10519892541481837
0.30269999999999997	1.4988333568657437	0.10743093843361796
0.30460000000000004	1.5089217249092461	0.10969813728654816
0.30649999999999999	1.5190243355667876	0.11200080597991027
0.30840000000000001	1.5291413213985134	0.11433922393082643
0.31030000000000002	1.5392728150421850	0.11671366574989510
0.31219999999999998	1.5494189491815218	0.11912440102595094
0.31409999999999999	1.5595798565141161	0.12157169411346830
0.31600000000000000	1.5697556697187807	0.12405580392322517
0.31790000000000002	1.5799465214224324	0.12657698371668610
0.31979999999999997	1.5901525441665876	0.12913548090470900
0.32170000000000004	1.6003738703733799	0.13173153685104450
0.32360000000000000	1.6106106323113463	0.13436538668121395
0.32549999999999996	1.6208629620607968	0.13703725909722914
0.32740000000000002	1.6311309914847958	0.13974737619964808
0.32929999999999998	1.6414148521703815	0.14249595331155165
0.33119999999999999	1.6517146754297389	0.14528319881971904
0.33310000000000001	1.6620305922400362	0.14810931401350955
0.33500000000000002	1.6723627332142561	0.15097449293694631
0.33689999999999998	1.6827112285660946	0.15387892224834795
0.33879999999999999	1.6930762080741772	0.15682278108876341
0.34070000000000000	1.7034578010469239	0.15980624095968357
0.34259999999999996	1.7138561362873277	0.16282946561026906
0.34450000000000003	1.7242713420578677	0.16589261093434851
0.34639999999999999	1.7347035460458431	0.16899582487745313
0.34830000000000000	1.7451528753287886	0.17213924735408781
0.35020000000000001	1.7556194563403449	0.17532301017536711
0.35210000000000002	1.7661034148364283	0.17854723698722627
0.35399999999999998	1.7766048758618818	0.18181204321920247
0.35589999999999999	1.7871239637175507	0.18511753604396083
0.35780000000000001	1.7976608019340858	0.18846381434905696
0.35969999999999996	1.8082155132146571	0.19185096871142396
0.36160000000000003	1.8187882194430294	0.19527908139881586
0.36349999999999999	1.8293790416260689	0.19874822636529729
0.36540000000000000	1.8399880998707652	0.20225846926557223
0.36730000000000002	1.8506155133549456	0.20580986747795055
0.36920000000000003	1.8612614002988335	0.20940247013748089
0.37109999999999999	1.8719258779374794	0.21303631817908572
0.37300000000000000	1.8826090624938567	0.21671144439038481
0.37490000000000001	1.8933110691529091	0.22042787347398576
0.37679999999999997	1.9040320120364056	0.22418562211901755
0.37870000000000004	1.9147720041786844	0.22798469908149915
0.38059999999999999	1.9255311575033651	0.23182510527332903
0.38250000000000001	1.9363095828068335	0.23570683386147831
0.38440000000000002	1.9471073897121431	0.23962987036461475
0.38629999999999998	1.9579246866872859	0.24359419277878619
0.38819999999999999	1.9687615809986976	0.24759977168799660
0.39010000000000000	1.9796181786997180	0.25164657039284499
0.39200000000000002	1.9904945846131339	0.25573454504317217
0.39389999999999997	2.0013909023146992	0.25986364477662316
0.39580000000000004	2.0123072341175852	0.26403381186254687
0.39770000000000000	2.0232436810579091	0.26824498185104934
0.39959999999999996	2.0342003428812383	0.27249708372659209
0.40150000000000002	2.0451773180300497	0.27679004006578406
0.40339999999999998	2.0561747036377209	0.28112376720130872
0.40529999999999999	2.0671925954950341	0.28549817537689143
0.40720000000000001	2.0782310880770702	0.28991316893080954
0.40910000000000002	2.0892902745089121	0.29436864645522448
0.41099999999999998	2.1003702465648915	0.29886450097160328
0.41290000000000004	2.1114710946618995	0.30340062010489199
0.41480000000000000	2.1225929078536661	0.30797688625909025
0.41669999999999996	2.1337357738260350	0.31259317679383103
0.41860000000000003	2.1448997788929329	0.31724936420152067
0.42049999999999998	2.1560850079996352	0.32194531628808154
0.42240000000000005	2.1672915446942254	0.32668089633667696
0.42430000000000007	2.1785194711681939	0.33145596330637844
0.42620000000000002	2.1897688682261149	0.33627037199335452
0.42809999999999998	2.2010398152940573	0.34112397321034693
0.43000000000000005	2.2123323904204124	0.34601661396083561
0.43190000000000006	2.2236466702778195	0.35094813761180260
0.43380000000000002	2.2349827301657319	0.35591838406474252
0.43570000000000003	2.2463406440135039	0.36092718992468192
0.43759999999999999	2.2577204843908500	0.36597438867120979
0.43950000000000006	2.2691223224856256	0.37105981080603279
0.44140000000000007	2.2805462281510573	0.37618328404152279
0.44330000000000003	2.2919922698820727	0.38134463344156067
0.44519999999999998	2.3034605148294713	0.38654368158286340
0.44710000000000000	2.3149510288068331	0.39178024870841976
0.44900000000000007	2.3264638762980483	0.39705415287793094
0.45090000000000002	2.3379991204651582	0.40236521011490628
0.45280000000000004	2.3495568231568744	0.40771323455054920
0.45469999999999999	2.3611370449175597	0.41309803856424115
0.45660000000000006	2.3727398449964756	0.41851943292052035
0.45850000000000007	2.3843652813631984	0.42397722690747586
0.46040000000000003	2.3960134106941373	0.42947122844628510
0.46229999999999999	2.4076842884199188	0.43500124424918002
0.46420000000000000	2.4193779687107879	0.44056707992025501
0.46610000000000007	2.4310945044939913	0.44616854008011447
0.46800000000000003	2.4428339474657559	0.45180542848134847
0.46990000000000004	2.4545963481024677	0.45747754812003810
0.47180000000000011	2.4663817556731984	0.46318470134404049
0.47370000000000007	2.4781902182515290	0.46892668995724174
0.47560000000000008	2.4900217827281170	0.47470331532041427
0.47750000000000004	2.5018764948233705	0.48051437844847911
0.47939999999999999	2.5137543991001250	0.48635968010408570
0.48130000000000006	2.5256555389767268	0.49223902088786209
0.48320000000000007	2.5375799567401356	0.49815220132510013
0.48510000000000003	2.5495276935629563	0.50409902195512069
0.48700000000000004	2.5614987895008086	0.51007928338606967
0.48890000000000011	2.5734932835308784	0.51609278641028700
0.49080000000000007	2.5855112135477243	0.52213933205107854
0.49270000000000008	2.5975526163820035	0.52821872163989447
0.49460000000000004	2.6096175278135201	0.53433075688317655
0.49650000000000000	2.6217059825853641	0.54047523992655688
0.49840000000000007	2.6338180144173240	0.54665197341580751
0.50030000000000008	2.6459536560198664	0.55286076055506006
0.50220000000000009	2.6581129391078804	0.55910140516207751
0.50409999999999999	2.6702958944142088	0.56537371172079842
0.50600000000000001	2.6825025517035397	0.57167748543120467
0.50790000000000013	2.6947329397861508	0.57801253225656468
0.50980000000000003	2.7069870865314107	0.58437865896812546
0.51170000000000004	2.7192650188816567	0.59077567318744451
0.51360000000000006	2.7315667628655413	0.59720338342613544
0.51550000000000007	2.7438923436117428	0.60366159912356765
0.51740000000000008	2.7562417853622314	0.61015013068195822
0.51930000000000009	2.7686151114858895	0.61666878949979353
0.52120000000000000	2.7810123444916184	0.62321738800265936
0.52310000000000001	2.7934335060388542	0.62979573967979252
0.52500000000000013	2.8058786169617074	0.63640365908095720
0.52690000000000003	2.8183476972657480	0.64304096188782378
0.52880000000000005	2.8308407661517152	0.64970746490597997
0.53070000000000006	2.8433578420252283	0.65640298609447312
0.53260000000000007	2.8558989425101839	0.66312734458596534
0.53450000000000009	2.8684640844609630	0.66988036070507884
0.53640000000000010	2.8810532839751435	0.67666185598518480
0.53830000000000000	2.8936665564054667	0.68347165318361169
0.54020000000000001	2.9063039163726199	0.69030957629572987
0.54210000000000014	2.9189653777769604	0.69717545056743579
0.54400000000000004	2.9316509538107840	0.70406910250638532
0.54590000000000005	2.9443606569698937	0.71099035989198145
0.54780000000000006	2.9570944990654575	0.71793905178406436
0.54970000000000008	2.9698524912358049	0.72491500853084179
0.55160000000000009	2.9826346439575544	0.73191806177504004
0.55350000000000010	2.9954409670571160	0.73894804445974194
0.55540000000000000	3.0082714697218278	0.74600479083278159
0.55730000000000002	3.0211261605111255	0.75308813645027428
0.55920000000000014	3.0340050473672253	0.76019791817939020
0.56110000000000004	3.0469081376258207	0.76733397419994587
0.56300000000000006	3.0598354380270556	0.77449614400568934
0.56490000000000007	3.0727869547259536	0.78168426840441962
0.56680000000000008	3.0857626933023385	0.78889818951735102
0.56870000000000009	3.0987626587713795	0.79613775077804771
0.57060000000000011	3.1117868555936448	0.80340279693049377
0.57250000000000001	3.1248352876848196	0.81069317402663577
0.57440000000000002	3.1379079584256933	0.81800872942331015
0.57630000000000015	3.1510048706716804	0.82534931177858017
0.57820000000000005	3.1641260267621689	0.83271477104758240
0.58010000000000006	3.1772714285302261	0.84010495847789357
0.58200000000000007	3.1904410772784400	0.84751972661292119
0.58389999999999997	3.2036349739203729	0.85495892925195760
0.58580000000000010	3.2168531187909357	0.86242242149635850
0.58770000000000011	3.2300955117878534	0.86991005970804247
0.58960000000000001	3.2433621523468608	0.87742170151173549
0.59150000000000003	3.2566530394500082	0.88495720578779424
0.59340000000000015	3.2699681716350590	0.89251643266495673
0.59530000000000005	3.2833075470027673	0.90009924351268766
0.59720000000000006	3.2966711632253838	0.90770550093328306
0.59910000000000008	3.3100590175548823	0.91533506875375226
0.60099999999999998	3.3234711068302238	0.92298781201704105
0.60290000000000010	3.3369074274858139	0.93066359697422174
0.60480000000000012	3.3503679755584876	0.93836229107477542
0.60670000000000002	3.3638527466954913	0.94608376295821572
0.60860000000000003	3.3773617361619652	0.95382788244484862
0.61050000000000015	3.3908949388474987	0.96159452052622452
0.61240000000000006	3.4044523492739951	0.96938354935602933
0.61430000000000007	3.4180339616018749	0.97719484224017183
0.61620000000000008	3.4316397696383487	0.98502827362769574
0.61809999999999998	3.4452697668427992	0.99288371910042450
0.62000000000000011	3.4589239463339037	1.0007610553633917
0.62190000000000012	3.4726023008966549	1.0086601602349929
0.62380000000000002	3.4863048229882239	1.0165809126369778
0.62570000000000003	3.5000315047451220	1.0245231925844822
0.62760000000000005	3.5137823379877822	1.0324868811755672
0.62950000000000006	3.5275573142284888	1.0404718605816734
0.63140000000000007	3.5413564246770544	1.0484780140374494
0.63330000000000009	3.5551796602451784	1.0565052258299559
0.63519999999999999	3.5690270115545717	1.0645533812894812
0.63710000000000011	3.5828984689410777	1.0726223667787023
0.63900000000000012	3.5967940224607284	1.0807120696826327
0.64090000000000003	3.6107136618953719	1.0888223783988058
0.64280000000000004	3.6246573767581585	1.0969531823268177
0.64470000000000005	3.6386251562986360	1.1051043718585647
0.64660000000000006	3.6526169895079383	1.1132758383676149
0.64850000000000008	3.6666328651247273	1.1214674742000834
0.65040000000000009	3.6806727716386813	1.1296791726635134
0.65229999999999999	3.6947366972974693	1.1379108280180810
0.65420000000000011	3.7088246301097221	1.1461623354657517
0.65610000000000013	3.7229365578510083	1.1544335911408168
0.65800000000000003	3.7370724680685043	1.1627244921002058
0.65990000000000004	3.7512323480847596	1.1710349363133790
0.66180000000000005	3.7654161850034935	1.1793648226531794
0.66370000000000007	3.7796239657130761	1.1877140508857018
0.66560000000000008	3.7938556768912659	1.1960825216609146
0.66750000000000009	3.8081113050097586	1.2044701365032195
0.66940000000000000	3.8223908363372012	1.2128767978016883
0.67130000000000012	3.8366942569461200	1.2213024088016855
0.67320000000000013	3.8510215527138882	1.2297468735944150
0.67510000000000003	3.8653727093285335	1.2382100971083847
0.67700000000000005	3.8797477122918749	1.2466919850998532
0.67890000000000006	3.8941465469242980	1.2551924441444513
0.68080000000000007	3.9085691983676374	1.2637113816276486
0.68270000000000008	3.9230156515895862	1.2722487057360918
0.68460000000000010	3.9374858913869022	1.2808043254487789
0.68650000000000000	3.9519799023895903	1.2893781505283139
0.68840000000000012	3.9664976690632163	1.2979700915121823
0.69030000000000014	3.9810391757141566	1.3065800597045061
0.69220000000000004	3.9956044064917449	1.3152079671673271
0.69410000000000005	4.0101933453918770	1.3238537267121975
0.69600000000000006	4.0248059762605859	1.3325172518920898
0.69790000000000008	4.0394422827972587	1.3411984569931219
0.69980000000000009	4.0541022485570659	1.3498972570261183
0.70170000000000010	4.0687858569555511	1.3586135677193578
0.70360000000000000	4.0834930912701957	1.3673473055096632
0.70550000000000002	4.0982239346447438	1.3760983875354442
0.70740000000000014	4.1129783700908300	1.3848667316281185
0.70930000000000004	4.1277563804921016	1.3936522563050544
0.71120000000000005	4.1425579486064024	1.4024548807616461
0.71310000000000007	4.1573830570684773	1.4112745248639154
0.71500000000000008	4.1722316883934916	1.4201111091411156
0.71690000000000009	4.1871038249789994	1.4289645547782561
0.71880000000000011	4.2019994491077153	1.4378347836089267
0.72070000000000001	4.2169185429504896	1.4467217181082102
0.72260000000000002	4.2318610885686221	1.4556252813854467
0.72450000000000014	4.2468270679161479	1.4645453971773557
0.72640000000000005	4.2618164628432718	1.4734819898411871
0.72830000000000006	4.2768292550972662	1.4824349843475695
0.73020000000000007	4.2918654263262592	1.4914043062740245
0.73210000000000008	4.3069249580808391	1.5003898817983807
0.73400000000000010	4.3220078318168405	1.5093916376919079
0.73590000000000011	4.3371140288966865	1.5184095013128371
0.73780000000000001	4.3522435305926992	1.5274434006002482
0.73970000000000002	4.3673963180893516	1.5364932640676641
0.74160000000000015	4.3825723724837911	1.5455590207960896
0.74350000000000005	4.3977716747899906	1.5546406004289302
0.74540000000000006	4.4129942059393912	1.5637379331649921
0.74730000000000008	4.4282399467837159	1.5728509497528547
0.74919999999999998	4.4435088780966669	1.5819795814848094
0.75110000000000010	4.4588009805756545	1.5911237601909467
0.75300000000000011	4.4741162348442005	1.6002834182333590
0.75490000000000002	4.4894546214539446	1.6094584885005814
0.75680000000000003	4.5048161208856561	1.6186489044015879
0.75870000000000015	4.5202007135518114	1.6278545998603446
0.76060000000000005	4.5356083797982816	1.6370755093104787
0.76250000000000007	4.5510390999058288	1.6463115676895421
0.76440000000000008	4.5664928540922567	1.6555627104337109
0.76629999999999998	4.5819696225136282	1.6648288734726029
0.76820000000000010	4.5974693852661987	1.6741099932237464
0.77010000000000012	4.6129921223881665	1.6834060065877592
0.77200000000000002	4.6285378138608841	1.6927168509428350
0.77390000000000003	4.6441064396113907	1.7020424641402068
0.77580000000000016	4.6596979795125772	1.7113827844986882
0.77770000000000006	4.6753124133857940	1.7207377507998434
0.77960000000000007	4.6909497210016884	1.7301073022832036
0.78150000000000008	4.7066098820827644	1.7394913786418333
0.78339999999999999	4.7222928763031007	1.7488899200167651
0.78530000000000011	4.7379986832914280	1.7583028669930529
0.78720000000000012	4.7537272826317443	1.7677301605949960
0.78910000000000002	4.7694786538644838	1.7771717422812088
0.79100000000000004	4.7852527764886386	1.7866275539406851
0.79290000000000016	4.8010496299624386	1.7960975378880142
0.79480000000000006	4.8168691937044397	1.8055816368588322
0.79670000000000007	4.8327114470960897	1.8150797940061474
0.79860000000000009	4.8485763694814183	1.8245919528953516
0.80049999999999999	4.8644639401692462	1.8341180575004314
0.80240000000000011	4.8803741384344059	1.8436580521997616
0.80430000000000013	4.8963069435178213	1.8532118817716117
0.80620000000000003	4.9122623346296415	1.8627794913909019
0.80810000000000004	4.9282402909484775	1.8723608266242011
0.81000000000000016	4.9442407916237370	1.8819558334266460
0.81190000000000007	4.9602638157761056	1.8915644581373778
0.81380000000000008	4.9763093424990137	1.9011866474762160
0.81570000000000009	4.9923773508596394	1.9108223485394920
0.81759999999999999	5.0084678198998045	1.9204715087963844
0.81950000000000012	5.0245807286370452	1.9301340760853722
0.82140000000000013	5.0407160560660005	1.9398099986103672
0.82330000000000003	5.0568737811587949	1.9494992249371952
0.82520000000000004	5.0730538828663407	1.9592017039898739
0.82710000000000006	5.0892563401195714	1.9689173850474537
0.82900000000000007	5.1054811318301265	1.9786462177403252
0.83090000000000008	5.1217282368908359	1.9883881520464377
0.83280000000000010	5.1379976341778422	1.9981431382887367
0.83470000000000000	5.1542893025497385	2.0079111271307020
0.83660000000000012	5.1706032208504089	2.0176920695742320
0.83850000000000013	5.1869393679087121	2.0274859169555954
0.84040000000000004	5.2032977225391699	2.0372926209422162
0.84230000000000005	5.2196782635436314	2.0471121335299394
0.84420000000000006	5.2360809697114741	2.0569444070395098
0.84609999999999996	5.2525058198206072	2.0667893941134907
0.84799999999999998	5.2689527926384914	2.0766470477135557
0.84989999999999999	5.2854218669226745	2.0865173211169661
0.85180000000000000	5.3019130214214067	2.0964001679139064
0.85370000000000013	5.3184262348747389	2.1062955420043816
0.85560000000000014	5.3349614860152261	2.1162033975954295
0.85750000000000004	5.3515187535680786	2.1261236891979176
0.85940000000000005	5.3680980162530378	2.1360563716242686
0.86130000000000007	5.3846992527837028	2.1460013999849461
0.86319999999999997	5.4013224418693522	2.1559587296862865
0.86509999999999998	5.4179675622150203	2.1659283164274079
0.86699999999999999	5.4346345925224879	2.1759101161976768
0.86890000000000001	5.4513235114903784	2.1859040852737728
0.87079999999999991	5.4680342978155485	2.1959101802173659
0.87270000000000014	5.4847669301933140	2.2059283578722160
0.87460000000000004	5.5015213873178723	2.2159585753618525
0.87650000000000006	5.5182976478837009	2.2260007900869319
0.87840000000000007	5.5350956905848889	2.2360549597223689
0.88029999999999997	5.5519154941170239	2.2461210422155320
0.88219999999999998	5.5687570371772237	2.2561989957832691
0.88410000000000000	5.5856202984639856	2.2662887789093125
0.88600000000000001	5.6025052566794278	2.2763903503427234
0.88789999999999991	5.6194118905280748	2.2865036690945364
0.88980000000000015	5.6363401787184113	2.2966286944358973
0.89170000000000005	5.6532900999634697	2.3067653858959232
0.89360000000000006	5.6702616329806075	2.3169137032588956
0.89550000000000007	5.6872547564927629	2.3270736065624273
0.89739999999999998	5.7042694492284607	2.3372450560950520
0.89929999999999999	5.7213056899225840	2.3474280123939124
0.90120000000000000	5.7383634573168143	2.3576224362428677
0.90309999999999990	5.7554427301599747	2.3678282886700388
0.90499999999999992	5.7725434872088419	2.3780455309459221
0.90689999999999993	5.7896657072276767	2.3882741245807355
0.90879999999999994	5.8068093689903950	2.3985140313234679
0.91070000000000007	5.8239744512790024	2.4087652131583654
0.91260000000000008	5.8411609328854777	2.4190276323040210
0.91449999999999998	5.8583687926115031	2.4293012512108310
0.91639999999999999	5.8755980092692406	2.4395860325591059
0.91830000000000001	5.8928485616813573	2.4498819392571085
0.92019999999999991	5.9101204286821201	2.4601889344393073
0.92209999999999992	5.9274135891167070	2.4705069814638900
0.92399999999999993	5.9447280218428178	2.4808360439116308
0.92589999999999995	5.9620637057297383	2.4911760855831875
0.92780000000000007	5.9794206196601793	2.5015270704979415
0.92970000000000008	5.9967987425295526	2.5118889628919141
0.93159999999999998	6.0141980532467718	2.5222617272157040
0.93350000000000000	6.0316185307341224	2.5326453281328849
0.93540000000000001	6.0490601539284858	2.5430397305183408
0.93729999999999991	6.0665229017811129	2.5534448994564389
0.93919999999999992	6.0840067532577837	2.5638608002390271
0.94109999999999994	6.1015116873394240	2.5742873983640471
0.94299999999999995	6.1190376830229223	2.5847246595338653
0.94490000000000007	6.1365847193201155	2.5951725496531339
0.94680000000000009	6.1541527752593357	2.6056310348275225
0.94869999999999999	6.1717418298853453	2.6161000813621365
0.95060000000000000	6.1893518622594579	2.6265796557595089
0.95250000000000001	6.2069828514599177	2.6370697247184118
0.95439999999999992	6.2246347765821790	2.6475702551317526
0.95629999999999993	6.2423076167393310	2.6580812140856294
0.95819999999999994	6.2600013510622263	2.6686025688571808
0.96009999999999995	6.2777159586996438	2.6791342869133943
0.96199999999999986	6.2954514188191650	2.6896763359096059
0.96390000000000009	6.3132077106063011	2.7002286836875626
0.96579999999999999	6.3309848132661415	2.7107912982746591
0.96770000000000000	6.3487827060222308	2.7213641478815727
0.96960000000000002	6.3666013681179736	2.7319472009016161
0.97149999999999992	6.3844407788159678	2.7425404259086341
0.97339999999999993	6.4023009173990051	2.7531437916561292
0.97529999999999994	6.4201817631698139	2.7637572670754951
0.97719999999999996	6.4380832954514524	2.7743808212747356
0.97909999999999986	6.4560054935872691	2.7850144235368348
0.98100000000000009	6.4739483369416568	2.7956580433188334
0.98290000000000000	6.4919118048998810	2.8063116502501808
0.98480000000000001	6.5098958768682724	2.8169752141313533
0.98670000000000002	6.5279005322746393	2.8276487049326549
0.98859999999999992	6.5459257505682409	2.8383320927928573
0.99049999999999994	6.5639715112203376	2.8490253480178702
0.99239999999999995	6.5820377937240133	2.8597284410795667
0.99429999999999996	6.6001245775941983	2.8704413426140731
0.99619999999999986	6.6182318423689921	2.8811640234214178
0.99810000000000010	6.6363595676081504	2.8918964544631405
1.0000000000000000	6.6545077328946789	2.9026386068619514
