5.0000000000000003E-002	0.23901429137270785	6.8271473504910747E-004
5.1899999999999995E-002	0.24812409639920435	7.5793017979349311E-004
5.3800000000000001E-002	0.25723673464147412	8.3794288163700932E-004
5.5700000000000006E-002	0.26635227580486870	9.2279678546847469E-004
5.7599999999999998E-002	0.27547078639043038	1.0125331343927540E-003
5.9499999999999997E-002	0.28459232973367576	1.1071915004244477E-003
6.1400000000000003E-002	0.29371696637488220	1.2068107070849982E-003
6.3300000000000009E-002	0.30284475436685837	1.3114296682587363E-003
6.5200000000000008E-002	0.31197574938854700	1.4210881564701520E-003
6.7099999999999993E-002	0.32111000506576531	1.5358274832663991E-003
6.9000000000000006E-002	0.33024757318145703	1.6556911127805138E-003
7.0900000000000005E-002	0.33938850387086500	1.7807252072317480E-003
7.2799999999999990E-002	0.34853284591804362	1.9109791071215286E-003
7.4700000000000003E-002	0.35768064683116280	2.0465057576824906E-003
7.6600000000000001E-002	0.36683195311158012	2.1873620764609998E-003
7.8500000000000000E-002	0.37598681041375037	2.3336092730947477E-003
8.0400000000000013E-002	0.38514526371393032	2.4853131224919570E-003
8.2300000000000012E-002	0.39430735746905726	2.6425441958410380E-003
8.4199999999999997E-002	0.40347313574610960	2.8053780528006830E-003
8.6099999999999996E-002	0.41264264243872312	2.9738953981799268E-003
8.7999999999999995E-002	0.42181592128520279	3.1481822070677672E-003
8.9899999999999994E-002	0.43099301606291313	3.3283298202353988E-003
9.1800000000000007E-002	0.44017397068296410	3.5144350134891883E-003
9.3700000000000006E-002	0.44935882929581894	3.7066000433116004E-003
9.5600000000000004E-002	0.45854763638718576	3.9049326711309007E-003
9.7500000000000017E-002	0.46774043686864530	4.1095461686652532E-003
9.9400000000000002E-002	0.47693727615955983	4.3205593062649846E-003
0.10130000000000000	0.48613820026277627	4.5380963261582967E-003
0.10320000000000000	0.49534325583448141	4.7622869025541071E-003
0.10510000000000000	0.50455249024764515	4.9932660900457709E-003
0.10700000000000000	0.51376595165014638	5.2311742618843526E-003
0.10890000000000001	0.52298368901633630	5.4761570393958830E-003
0.11080000000000001	0.53220575219645760	5.7283652140103416E-003
0.11270000000000001	0.54143219195853243	5.9879546627580223E-003
0.11460000000000002	0.55066306001095355	6.2550862584619289E-003
0.11649999999999999	0.55989840910050603	6.5299257754998126E-003
0.11840000000000001	0.56913829294946983	6.8126437920319003E-003
0.12030000000000000	0.57838276634419461	7.1034155893876074E-003
0.12220000000000000	0.58763188514406939	7.4024210494558953E-003
0.12410000000000000	0.59688570630200000	7.7098445505247295E-003
0.12600000000000000	0.60614428788234487	8.0258748623384998E-003
0.12790000000000001	0.61540768907624332	8.3507050407622633E-003
0.12980000000000003	0.62467597021417265	8.6845323225388012E-003
0.13169999999999998	0.63394918703673675	9.0258819961530935E-003
0.13360000000000000	0.64322735142320020	9.3726195813964436E-003
0.13550000000000001	0.65251048678809764	9.7268679908416728E-003
0.13739999999999999	0.66179863436403963	1.0089390426201461E-002
0.13930000000000001	0.67109184262068533	1.0460686211524600E-002
0.14120000000000002	0.68039016475390768	1.0841155620773708E-002
0.14310000000000000	0.68969365754703849	1.1231149327084933E-002
0.14500000000000002	0.69900238072621212	1.1630989461751980E-002
0.14690000000000000	0.70831639654802536	1.2040980339046952E-002
0.14879999999999999	0.71763576951385522	1.2461414568061213E-002
0.15070000000000000	0.72696056615982296	1.2892576818185087E-002
0.15260000000000001	0.73629085489701929	1.3334746276071903E-002
0.15450000000000000	0.74562670588375835	1.3788198320909063E-002
0.15640000000000001	0.75496819092215250	1.4253205707319420E-002
0.15830000000000002	0.76431538337218152	1.4730039424568724E-002
0.16020000000000001	0.77366835807790268	1.5218969335494660E-002
0.16210000000000002	0.78302719130501719	1.5720264661347180E-002
0.16400000000000001	0.79239196068526230	1.6234194356013035E-002
0.16589999999999999	0.80176274516789769	1.6761027399538699E-002
0.16780000000000000	0.81113962497619918	1.7301033031369456E-002
0.16970000000000002	0.82052268156815622	1.7854480938374901E-002
0.17160000000000000	0.82991199760112755	1.8421641408020932E-002
0.17350000000000002	0.83930765689948938	1.9002785454996486E-002
0.17540000000000003	0.84870974442484770	1.9598184926718283E-002
0.17730000000000001	0.85811834624874839	2.0208112592645530E-002
0.17920000000000003	0.86753354952735406	2.0832842220398724E-002
0.18110000000000001	0.87695544247813728	2.1472648641606671E-002
0.18300000000000000	0.88638411435777709	2.2127807809447467E-002
0.18490000000000001	0.89581965543303266	2.2798596849266599E-002
0.18680000000000002	0.90526215699762957	2.3485294103719901E-002
0.18870000000000001	0.91471171130057016	2.4188179173403129E-002
0.19060000000000002	0.92416841156522600	2.4907532953458589E-002
0.19250000000000003	0.93363235196481786	2.5643637666971822E-002
0.19439999999999999	0.94310362760752542	2.6396776895451165E-002
0.19630000000000000	0.95258233452270480	2.7167235606731562E-002
0.19820000000000002	0.96206856964779941	2.7955300180506192E-002
0.20010000000000000	0.97156243081593330	2.8761258431617292E-002
0.20200000000000001	0.98106401674427490	2.9585399631209479E-002
0.20390000000000003	0.99057342702304019	3.0428014525718514E-002
0.20580000000000001	1.0000907621049631	3.1289395353702822E-002
0.20770000000000002	1.0096161232954075	3.2169835860446555E-002
0.20960000000000004	1.0191496127429751	3.3069631310247254E-002
0.21149999999999999	1.0286913334304242	3.3989078496250227E-002
0.21340000000000001	1.0382413891661777	3.4928475747690209E-002
0.21529999999999999	1.0477998845760419	3.5888122934402494E-002
0.21720000000000000	1.0573669250952706	3.6868321468408322E-002
0.21909999999999999	1.0669426169610343	3.7869374302356616E-002
0.22100000000000003	1.0765270672048834	3.8891585924686202E-002
0.22289999999999999	1.0861203836456974	3.9935262351243075E-002
0.22479999999999997	1.0957226748825710	4.1000711113181848E-002
0.22670000000000001	1.1053340502878981	4.2088241240874000E-002
0.22860000000000000	1.1149546200005778	4.3198163243691329E-002
0.23050000000000001	1.1245844949191686	4.4330789085376472E-002
0.23240000000000000	1.1342237866951523	4.5486432154783915E-002
0.23430000000000001	1.1438726077260433	4.6665407231836070E-002
0.23619999999999999	1.1535310711485514	4.7868030448414138E-002
0.23810000000000003	1.1631992908315318	4.9094619244030080E-002
0.23999999999999999	1.1728773813688029	5.0345492316037764E-002
0.24189999999999998	1.1825654580717870	5.1620969564256845E-002
0.24380000000000002	1.1922636369619817	5.2921372029760355E-002
0.24570000000000000	1.2019720347630212	5.4247021827731765E-002
0.24760000000000001	1.2116907688925871	5.5598242074169961E-002
0.24950000000000000	1.2214199574538955	5.6975356806362662E-002
0.25140000000000001	1.2311597192268182	5.8378690896972708E-002
0.25330000000000003	1.2409101736586146	5.9808569961646997E-002
0.25519999999999998	1.2506714408542523	6.1265320260028677E-002
0.25710000000000000	1.2604436415661588	6.2749268590174198E-002
0.25900000000000001	1.2702268971835711	6.4260742176238880E-002
0.26090000000000002	1.2800213297212830	6.5800068549475094E-002
0.26279999999999998	1.2898270618078118	6.7367575422505349E-002
0.26469999999999999	1.2996442166730662	6.8963590556883905E-002
0.26660000000000000	1.3094729181352647	7.0588441624025250E-002
0.26849999999999996	1.3193132905872884	7.2242456059521468E-002
0.27040000000000003	1.3291654589884578	7.3925960911339364E-002
0.27229999999999999	1.3390295488248236	7.5639282679868539E-002
0.27420000000000000	1.3489056861307374	7.7382747155253687E-002
0.27610000000000001	1.3587939974472936	7.9156679245169559E-002
0.27799999999999997	1.3686946098114043	8.0961402798490470E-002
0.27989999999999998	1.3786076507378304	8.2797240422990054E-002
0.28179999999999999	1.3885332482003909	8.4664513297655480E-002
0.28370000000000001	1.3984715306124587	8.6563540979929229E-002
0.28559999999999997	1.4084226268066093	8.8494641208146776E-002
0.28750000000000003	1.4183866660134439	9.0458129699500567E-002
0.28939999999999999	1.4283637778397755	9.2454319944030042E-002
0.29130000000000000	1.4383540922457523	9.4483522994760510E-002
0.29320000000000002	1.4483577395214324	9.6546047254626344E-002
0.29509999999999997	1.4583748502625500	9.8642198260546959E-002
0.29699999999999999	1.4684055553453219	0.10077227846503144
0.29890000000000000	1.4784499859006117	0.10293658701588830
0.30080000000000001	1.4885082732873480	0.10513541953445629
0.30269999999999997	1.4985805490651574	0.10736906789290547
0.30460000000000004	1.5086669449663572	0.10963781999116319
0.30649999999999999	1.5187675928671061	0.11194195953383600
0.30840000000000001	1.5288826247580405	0.11428176580792683
0.31030000000000002	1.5390121727141679	0.11665751346166416
0.31219999999999998	1.5491563688641408	0.11906947228517907
0.31409999999999999	1.5593153453589998	0.12151790699344242
0.31600000000000000	1.5694892343403199	0.12400307701215801
0.31790000000000002	1.5796781679078500	0.12652523626710596
0.31979999999999997	1.5898822780866528	0.12908463297749015
0.32170000000000004	1.6001016967938606	0.13168150945388307
0.32360000000000000	1.6103365558049747	0.13431610190126866
0.32549999999999996	1.6205869867198550	0.13698864022775775
0.32740000000000002	1.6308531209342978	0.13969934786043525
0.32929999999999998	1.6411350895810735	0.14244844156287237
0.33119999999999999	1.6514330235325627	0.14523613126993365
0.33310000000000001	1.6617470533402090	0.14806261991999756
0.33500000000000002	1.6720773092058330	0.15092810330023329
0.33689999999999998	1.6824239209467788	0.15383276989953407
0.33879999999999999	1.6927870179604667	0.15677680077007775
0.34070000000000000	1.7031667291893233	0.15976036939823463
0.34259999999999996	1.7135631830856797	0.16278364158486625
0.34450000000000003	1.7239765075769380	0.16584677533558448
0.34639999999999999	1.7344068300307369	0.16894992076095441
0.34830000000000000	1.7448542772205728	0.17209321998706725
0.35020000000000001	1.7553189752915337	0.17527680707655161
0.35210000000000002	1.7658010497264800	0.17850080796027812
0.35399999999999998	1.7763006253125706	0.18176534037974532
0.35589999999999999	1.7868178261082268	0.18507051384034512
0.35780000000000001	1.7973527754106178	0.18841642957548327
0.35969999999999996	1.8079055957292005	0.19180318052305526
0.36160000000000003	1.8184764087312748	0.19523085130526663
0.36349999999999999	1.8290653352467592	0.19869951823456061
0.36540000000000000	1.8396724952138255	0.20220924931465978
0.36730000000000002	1.8502980076552573	0.20576010426001773
0.36920000000000003	1.8609419906499605	0.20935213452411469
0.37109999999999999	1.8716045613050272	0.21298538333797018
0.37300000000000000	1.8822858357284431	0.21665988575861000
0.37490000000000001	1.8929859290028550	0.22037566872722680
0.37679999999999997	1.9037049551600043	0.22413275113688030
0.37870000000000004	1.9144430271561756	0.22793114390923988
0.38059999999999999	1.9252002568484448	0.23177085008021409
0.38250000000000001	1.9359767549780225	0.23565186489617793
0.38440000000000002	1.9467726311229752	0.23957417590742150
0.38629999999999998	1.9575879937171907	0.24353776309174380
0.38819999999999999	1.9684229500028627	0.24754259896240505
0.39010000000000000	1.9792776060185300	0.25158864869473052
0.39200000000000002	1.9901520665813885	0.25567587025701166
0.39389999999999997	2.0010464352702924	0.25980421454736935
0.39580000000000004	2.0119608144097860	0.26397362553639270
0.39770000000000000	2.0228953050553211	0.26818404041501492
0.39959999999999996	2.0338500069792422	0.27243538974719561
0.40150000000000002	2.0448250186579524	0.27672759762702498
0.40339999999999998	2.0558204372656337	0.28106058184224747
0.40529999999999999	2.0668363586394864	0.28543425402845729
0.40720000000000001	2.0778728773076933	0.28984851985318771
0.40910000000000002	2.0889300864536837	0.29430327917481541
0.41099999999999998	2.1000080779153647	0.29879842621828667
0.41290000000000004	2.1111069421779640	0.30333384974965744
0.41480000000000000	2.1222267683680549	0.30790943325221021
0.41669999999999996	2.1333676442484131	0.31252505510362460
0.41860000000000003	2.1445296562136740	0.31718058875389504
0.42049999999999998	2.1557128892935182	0.32187590290711665
0.42240000000000005	2.1669174271228990	0.32661086168559006
0.42430000000000007	2.1781433519837017	0.33138532483049099
0.42620000000000002	2.1893907447732586	0.33619914786355898
0.42809999999999998	2.2006596850125240	0.34105218226802397
0.43000000000000005	2.2119502508469182	0.34594427566408459
0.43190000000000006	2.2232625190477928	0.35087527198305130
0.43380000000000002	2.2345965650147415	0.35584501163971965
0.43570000000000003	2.2459524627785741	0.36085333170298323
0.43759999999999999	2.2573302850115633	0.36590006606835823
0.43950000000000006	2.2687301030044940	0.37098504560671453
0.44140000000000007	2.2801519867145315	0.37610809835505260
0.44330000000000003	2.2915960047408466	0.38126904965850072
0.44519999999999998	2.3030622243386931	0.38646772233329635
0.44710000000000000	2.3145507114259662	0.39170393682181259
0.44900000000000007	2.3260615305909051	0.39697751134472781
0.45090000000000002	2.3375947450995311	0.40228826204958046
0.45280000000000004	2.3491504169041679	0.40763600315633119
0.45469999999999999	2.3607286066520352	0.41302054709937885
0.45660000000000006	2.3723293736946753	0.41844170466614050
0.45850000000000007	2.3839527761032127	0.42389928513708564
0.46040000000000003	2.3955988706541733	0.42939309639637463
0.46229999999999999	2.4072677128778732	0.43492294509191537
0.46420000000000000	2.4189593570426640	0.44048863673731764
0.46610000000000007	2.4306738561728434	0.44608997583797716
0.46800000000000003	2.4424112620603013	0.45172676600796019
0.46990000000000004	2.4541716252757588	0.45739881008304506
0.47180000000000011	2.4659549951810802	0.46310591023012110
0.47370000000000007	2.4777614199411153	0.46884786805285239
0.47560000000000008	2.4895909465362442	0.47462448469384311
0.47750000000000004	2.5014436207748880	0.48043556093300205
0.47939999999999999	2.5133194873063465	0.48628089728246204
0.48130000000000006	2.5252185896335608	0.49216029407782685
0.48320000000000007	2.5371409701264667	0.49807355156605526
0.48510000000000003	2.5490866700387511	0.50402046999593653
0.48700000000000004	2.5610557295054215	0.51000084967360504
0.48890000000000011	2.5730481875810693	0.51601449107942099
0.49080000000000007	2.5850640822360260	0.52206119491527536
0.49270000000000008	2.5971034503745822	0.52814076218276895
0.49460000000000004	2.6091663278487132	0.53425299425108586
0.49650000000000000	2.6212527494712576	0.54039769292177553
0.49840000000000007	2.6333627490304568	0.54657466049076231
0.50030000000000008	2.6454963593030945	0.55278369980707154
0.50220000000000009	2.6576536120683314	0.55902461432900652
0.50409999999999999	2.6698345381217004	0.56529720817725027
0.50600000000000001	2.6820391672886110	0.57160128618549499
0.50790000000000013	2.6942675284382491	0.57793665394824900
0.50980000000000003	2.7065196494970243	0.58430311786612743
0.51170000000000004	2.7187955574624989	0.59070048518869256
0.51360000000000006	2.7310952784168538	0.59712856405483206
0.51550000000000007	2.7434188375403532	0.60358716353077124
0.51740000000000008	2.7557662591248731	0.61007609364583715
0.51930000000000009	2.7681375665875363	0.61659516542618253
0.52120000000000000	2.7805327824835864	0.62314419092603668
0.52310000000000001	2.7929519285172479	0.62972298326473319
0.52500000000000013	2.8053950255658555	0.63633135662379015
0.52690000000000003	2.8178620936763106	0.64296912631870962
0.52880000000000005	2.8303531520890073	0.64963610879130074
0.53070000000000006	2.8428682192480164	0.65633212163966659
0.53260000000000007	2.8554073128139148	0.66305698363833820
0.53450000000000009	2.8679704496760734	0.66981051475695585
0.53640000000000010	2.8805576459657201	0.67659253617739468
0.53830000000000000	2.8931689170679298	0.68340287030917779
0.54020000000000001	2.9058042776339152	0.69024134080360322
0.54210000000000014	2.9184637415931989	0.69710777256648493
0.54400000000000004	2.9311473221660180	0.70400199176959000
0.54590000000000005	2.9438550318749113	0.71092382586085190
0.54780000000000006	2.9565868825560471	0.71787310357292144
0.54970000000000008	2.9693428853717232	0.72484965493140985
0.55160000000000009	2.9821230508209546	0.73185331126109898
0.55350000000000010	2.9949273887517367	0.73888390519192493
0.55540000000000000	3.0077559083714354	0.74594127066328997
0.55730000000000002	3.0206086182586183	0.75302524292794359
0.55920000000000014	3.0334855263730325	0.76013565855442411
0.56110000000000004	3.0463866400672872	0.76727235542912409
0.56300000000000006	3.0593119660970851	0.77443517275729590
0.56490000000000007	3.0722615106318791	0.78162395106331162
0.56680000000000008	3.0852352792649467	0.78883853219004896
0.56870000000000009	3.0982332770240637	0.79607875929787497
0.57060000000000011	3.1112555083810327	0.80334447686265209
0.57250000000000001	3.1243019772622915	0.81063553067337757
0.57440000000000002	3.1373726870580345	0.81795176782891077
0.57630000000000015	3.1504676406323822	0.82529303673462151
0.57820000000000005	3.1635868403324743	0.83265918709780373
0.58010000000000006	3.1767302879983945	0.84005006992352260
0.58200000000000007	3.1898979849381983	0.84746553751728437
0.58389999999999997	3.2030899320720190	0.85490544344607811
0.58580000000000010	3.2163061297386171	0.86236964258353455
0.58770000000000011	3.2295465778391095	0.86985799106868467
0.58960000000000001	3.2428112758123881	0.87737034630833799
0.59150000000000003	3.2561002226432603	0.88490656696992920
0.59340000000000015	3.2694134168707278	0.89246651297401669
0.59530000000000005	3.2827508565963632	0.90005004548634993
0.59720000000000006	3.2961125394929347	0.90765702691055383
0.59910000000000008	3.3094984628120385	0.91528732087935138
0.60099999999999998	3.3229086233915766	0.92294079224623138
0.60290000000000010	3.3363430176645461	0.93061730707692780
0.60480000000000012	3.3498016416656982	0.93831673264038173
0.60670000000000002	3.3632844910396980	0.94603893739983091
0.60860000000000003	3.3767915610481363	0.95378379100350330
0.61050000000000015	3.3903228465771762	0.96155116427543874
0.61240000000000006	3.4038783421446945	0.96934092920581461
0.61430000000000007	3.4174580419065097	0.97715295894127174
0.61620000000000008	3.4310619396640805	0.98498712777527586
0.61809999999999998	3.4446900288719964	0.99284331113865654
0.62000000000000011	3.4583423026427029	1.0007213855890984
0.62190000000000012	3.4720187537548250	1.0086212288014291
0.62380000000000002	3.4857193746585642	1.0165427195576011
0.62570000000000003	3.4994441574834596	1.0244857377370218
0.62760000000000005	3.5131930940423390	1.0324501643053570
0.62950000000000006	3.5269661758401143	1.0404358813055818
0.63140000000000007	3.5407633940775436	1.0484427718468854
0.63330000000000009	3.5545847396587407	1.0564707200950421
0.63519999999999999	3.5684302031958377	1.0645196112616786
0.63710000000000011	3.5822997750157946	1.0725893315946633
0.63900000000000012	3.5961934451654636	1.0806797683674931
0.64090000000000003	3.6101112034168037	1.0887908098690431
0.64280000000000004	3.6240530392731021	1.0969223453937931
0.64470000000000005	3.6380189419736668	1.1050742652311241
0.64660000000000006	3.6520089004993852	1.1132464606556420
0.64850000000000008	3.6660229035780008	1.1214388239169650
0.65040000000000009	3.6800609396886337	1.1296512482293823
0.65229999999999999	3.6941229970676086	1.1378836277624143
0.65420000000000011	3.7082090637125464	1.1461358576301668
0.65610000000000013	3.7223191273877654	1.1544078338821158
0.65800000000000003	3.7364531756281427	1.1626994534923822
0.65990000000000004	3.7506111957451838	1.1710106143509240
0.66180000000000005	3.7647931748301069	1.1793412152530316
0.66370000000000007	3.7789990997596576	1.1876911558900687
0.66560000000000008	3.7932289571991005	1.1960603368395490
0.66750000000000009	3.8074827336076202	1.2044486595557633
0.66940000000000000	3.8217604152420677	1.2128560263603627
0.67130000000000012	3.8360619881615583	1.2212823404329329
0.67320000000000013	3.8503874382310337	1.2297275058014179
0.67510000000000003	3.8647367511257205	1.2381914273332308
0.67700000000000005	3.8791099123348118	1.2466740107259457
0.67890000000000006	3.8935069071653245	1.2551751624979715
0.68080000000000007	3.9079277207463532	1.2636947899799547
0.68270000000000008	3.9223723380320110	1.2722328013055388
0.68460000000000010	3.9368407438062358	1.2807891054027933
0.68650000000000000	3.9513329226851495	1.2893636119848728
0.68840000000000012	3.9658488591215679	1.2979562315421616
0.69030000000000014	3.9803885374084422	1.3065668753332722
0.69220000000000004	3.9949519416811490	1.3151954553762151
0.69410000000000005	4.0095390559224651	1.3238418844405111
0.69600000000000006	4.0241498639650493	1.3325060760387819
0.69790000000000008	4.0387843494940672	1.3411879444179553
0.69980000000000009	4.0534424960518489	1.3498874045519680
0.70170000000000010	4.0681242870397956	1.3586043721330303
0.70360000000000000	4.0828297057220686	1.3673387635638685
0.70550000000000002	4.0975587352283629	1.3760904959499531
0.70740000000000014	4.1123113585568936	1.3848594870914079
0.70930000000000004	4.1270875585777986	1.3936456554756882
0.71120000000000005	4.1418873180347724	1.4024489202693651
0.71310000000000007	4.1567106195493251	1.4112692013112120
0.71500000000000008	4.1715574456227289	1.4201064191044015
0.71690000000000009	4.1864277786385449	1.4289604948090855
0.71880000000000011	4.2013216008664971	1.4378313502354110
0.72070000000000001	4.2162388944634062	1.4467189078359648
0.72260000000000002	4.2311796414768246	1.4556230906988510
0.72450000000000014	4.2461438238474756	1.4645438225406844
0.72640000000000005	4.2611314234116042	1.4734810276995494
0.72830000000000006	4.2761424219031650	1.4824346311282237
0.73020000000000007	4.2911768009564932	1.4914045583872202
0.73210000000000008	4.3062345421089878	1.5003907356385116
0.73400000000000010	4.3213156268024093	1.5093930896382033
0.73590000000000011	4.3364200363864658	1.5184115477309019
0.73780000000000001	4.3515477521196351	1.5274460378422925
0.73970000000000002	4.3666987551727221	1.5364964884737298
0.74160000000000015	4.3818730266301831	1.5455628286952203
0.74350000000000005	4.3970705474921763	1.5546449881394433
0.74540000000000006	4.4122912986770002	1.5637428969956206
0.74730000000000008	4.4275352610232712	1.5728564860036671
0.74919999999999998	4.4428024152912489	1.5819856864477773
0.75110000000000010	4.4580927421655323	1.5911304301508411
0.75300000000000011	4.4734062222565631	1.6002906494684046
0.75490000000000002	4.4887428361025163	1.6094662772831789
0.75680000000000003	4.5041025641716610	1.6186572469990974
0.75870000000000015	4.5194853868632370	1.6278634925356839
0.76060000000000005	4.5348912845104037	1.6370849483228589
0.76250000000000007	4.5503202373809319	1.6463215492948580
0.76440000000000008	4.5657722256802877	1.6555732308857680
0.76629999999999998	4.5812472295513507	1.6648399290229396
0.76820000000000010	4.5967452290781949	1.6741215801229092
0.77010000000000012	4.6122662042860032	1.6834181210853134
0.77200000000000002	4.6278101351440002	1.6927294892884024
0.77390000000000003	4.6433770015663871	1.7020556225835497
0.77580000000000016	4.6589667834137485	1.7113964592904685
0.77770000000000006	4.6745794604952735	1.7207519381922514
0.77960000000000007	4.6902150125696433	1.7301219985304783
0.78150000000000008	4.7058734193463447	1.7395065800000340
0.78339999999999999	4.7215546604880387	1.7489056227452109
0.78530000000000011	4.7372587156111852	1.7583190673541989
0.78720000000000012	4.7529855642875063	1.7677468548548292
0.78910000000000002	4.7687351860460758	1.7771889267101344
0.79100000000000004	4.7845075603732710	1.7866452248132774
0.79290000000000016	4.8003026667160631	1.7961156914839316
0.79480000000000006	4.8161204844814298	1.8056002694631479
0.79670000000000007	4.8319609930387939	1.8150989019094024
0.79860000000000009	4.8478241717206352	1.8246115323941119
0.80049999999999999	4.8637099998244757	1.8341381048976593
0.80240000000000011	4.8796184566131977	1.8436785638049877
0.80430000000000013	4.8955495213171591	1.8532328539016099
0.80620000000000003	4.9115031731343732	1.8628009203694407
0.80810000000000004	4.9274793912327981	1.8723827087829890
0.81000000000000016	4.9434781547504318	1.8819781651051222
0.81190000000000007	4.9594994427968961	1.8915872356832315
0.81380000000000008	4.9755432344547712	1.9012098672456461
0.81570000000000009	4.9916095087800274	1.9108460068972408
0.81759999999999999	5.0076982448037421	1.9204956021163839
0.81950000000000012	5.0238094215327349	1.9301586007506681
0.82140000000000013	5.0399430179508222	1.9398349510134325
0.82330000000000003	5.0560990130192183	1.9495246014801144
0.82520000000000004	5.0722773856789001	1.9592275010849605
0.82710000000000006	5.0884781148498108	1.9689435991168451
0.82900000000000007	5.1047011794330590	1.9786728452163875
0.83090000000000008	5.1209465583114557	1.9884151893723450
0.83280000000000010	5.1372142303504651	1.9981705819180120
0.83470000000000000	5.1535041743988064	2.0079389735280122
0.83660000000000012	5.1698163692900616	2.0177203152151919
0.83850000000000013	5.1861507938428701	2.0275145583269087
0.84040000000000004	5.2025074268619331	2.0373216545421098
0.84230000000000005	5.2188862471389816	2.0471415558680475
0.84420000000000006	5.2352872334538612	2.0569742146372465
0.84609999999999996	5.2517103645744978	2.0668195835041430
0.84799999999999998	5.2681556192584926	2.0766776154420801
0.84989999999999999	5.2846229762539059	2.0865482637406223
0.85180000000000000	5.3011124142992649	2.0964314820019889
0.85370000000000013	5.3176239121251374	2.1063272241385285
0.85560000000000014	5.3341574484546603	2.1162354443696683
0.85750000000000004	5.3507130020037827	2.1261560972189346
0.85940000000000005	5.3672905514827054	2.1360891375111946
0.86130000000000007	5.3838900755959962	2.1460345203697790
0.86319999999999997	5.4005115530437875	2.1559922012138051
0.86509999999999998	5.4171549625218223	2.1659621357552146
0.86699999999999999	5.4338202827227917	2.1759442799962829
0.86890000000000001	5.4505074923366719	2.1859385902269164
0.87079999999999991	5.4672165700512849	2.1959450230218356
0.87270000000000014	5.4839474945530124	2.2059635352380527
0.87460000000000004	5.5007002445275530	2.2159940840122845
0.87650000000000006	5.5174747986602259	2.2260366267584222
0.87840000000000007	5.5342711356370646	2.2360911211650278
0.88029999999999997	5.5510892341448601	2.2461575251926820
0.88219999999999998	5.5679290728719089	2.2562357970716449
0.88410000000000000	5.5847906305087385	2.2663258952994245
0.88600000000000001	5.6016738857488830	2.2764277786384772
0.88789999999999991	5.6185788172886610	2.2865414061134914
0.88980000000000015	5.6355054038283896	2.2966667370092861
0.89170000000000005	5.6524536240726446	2.3068037308685150
0.89360000000000006	5.6694234567309865	2.3169523474893330
0.89550000000000007	5.6864148805181385	2.3271125469229745
0.89739999999999998	5.7034278741546727	2.3372842894716950
0.89929999999999999	5.7204624163677105	2.3474675356866275
0.90120000000000000	5.7375184858909769	2.3576622463652233
0.90309999999999990	5.7545960614653753	2.3678683825494122
0.90499999999999992	5.7716951218400441	2.3780859055234971
0.90689999999999993	5.7888156457718853	2.3883147768117734
0.90879999999999994	5.8059576120268339	2.3985549581767716
0.91070000000000007	5.8231209993793414	2.4088064116166685
0.91260000000000008	5.8403057866140404	2.4190690993639210
0.91449999999999998	5.8575119525251722	2.4293429838827261
0.91639999999999999	5.8747394759175346	2.4396280278673186
0.91830000000000001	5.8919883356066380	2.4499241942398071
0.92019999999999991	5.9092585104191944	2.4602314461483781
0.92209999999999992	5.9265499791935516	2.4705497469652271
0.92399999999999993	5.9438627207797650	2.4808790602846478
0.92589999999999995	5.9611967140407778	2.4912193499214950
0.92780000000000007	5.9785519378517291	2.5015705799087198
0.92970000000000008	5.9959283711012041	2.5119327144960564
0.93159999999999998	6.0133259926911542	2.5223057181479644
0.93350000000000000	6.0307447815373205	2.5326895555418272
0.93540000000000001	6.0481847165696232	2.5430841915662037
0.93729999999999991	6.0656457767323326	2.5534895913190532
0.93919999999999992	6.0831279409848733	2.5639057201060202
0.94109999999999994	6.1006311883016258	2.5743325434387510
0.94299999999999995	6.1181554976726540	2.5847700270331773
0.94490000000000007	6.1357008481032151	2.5952181368073832
0.94680000000000009	6.1532672186155342	2.6056768388809521
0.94869999999999999	6.1708545882477468	2.6161460995723220
0.95060000000000000	6.1884629360549592	2.6266258853977114
0.95250000000000001	6.2060922411087471	2.6371161630690323
0.95439999999999992	6.2237424824986673	2.6476168994930251
0.95629999999999993	6.2414136393315243	2.6581280617689669
0.95819999999999994	6.2591056907319693	2.6686496171874747
0.96009999999999995	6.2768186158428518	2.6791815332289088
0.96199999999999986	6.2945523938255530	2.6897237775619076
0.96390000000000009	6.3123070038597309	2.7002763180415132
0.96579999999999999	6.3300824251442256	2.7108391227081703
0.96770000000000000	6.3478786368970201	2.7214121597859684
0.96960000000000002	6.3656956183554012	2.7319953976811773
0.97149999999999992	6.3835333487764592	2.7425888049809979
0.97339999999999993	6.4013918074371325	2.7531923504518856
0.97529999999999994	6.4192709736343110	2.7638060030381904
0.97719999999999996	6.4371708266855103	2.7744297318609434
0.97909999999999986	6.4550913459284791	2.7850635062161206
0.98100000000000009	6.4730325107220734	2.7957072955736417
0.98290000000000000	6.4909943004460215	2.8063610695757948
0.98480000000000001	6.5089766945011052	2.8170247980358165
0.98670000000000002	6.5269796723098494	2.8276984509368472
0.98859999999999992	6.5450032133160576	2.8383819984302909
0.99049999999999994	6.5630472969856841	2.8490754108348089
0.99239999999999995	6.5811119028063816	2.8597786586347032
0.99429999999999996	6.5991970102883810	2.8704917124790641
0.99619999999999986	6.6173025989637466	2.8812145431799019
0.99810000000000010	6.6354286483878697	2.8919471217116954
1.0000000000000000	6.6535751381381010	2.9026894192092794
