   5.0000000000000003E-002  0.23901512208222714        6.6866866152841470E-004  -0.0000000000000000     
   5.1899999999999995E-002  0.24812437837995524        7.4136273280927980E-004  -0.0000000000000000     
   5.3800000000000001E-002  0.25723637117691223        8.1861013127992877E-004  -0.0000000000000000     
   5.5700000000000006E-002  0.26635116492017435        9.0044953260070106E-004  -0.0000000000000000     
   5.7599999999999998E-002  0.27546882090053149        9.8691790898070833E-004  -0.0000000000000000     
   5.9499999999999997E-002  0.28458939767640645        1.0780515334002105E-003  -0.0000000000000000     
   6.1400000000000003E-002  0.29371295111274326        1.1738869186451910E-003  -0.0000000000000000     
   6.3300000000000009E-002  0.30283953476258685        1.2744616376584019E-003  -0.0000000000000000     
   6.5200000000000008E-002  0.31196920017995994        1.3798150635261836E-003  -0.0000000000000000     
   6.7099999999999993E-002  0.32110199702434544        1.4899890391468337E-003  -0.0000000000000000     
   6.9000000000000006E-002  0.33023797338408600        1.6050284583593259E-003  -0.0000000000000000     
   7.0900000000000005E-002  0.33937717595754147        1.7249817826814275E-003  -0.0000000000000000     
   7.2799999999999990E-002  0.34851965034379090        1.8499014891719954E-003  -0.0000000000000000     
   7.4700000000000003E-002  0.35766544112911242        1.9798444617179769E-003  -0.0000000000000000     
   7.6600000000000001E-002  0.36681459215043655        2.1148723223912030E-003  -0.0000000000000000     
   7.8500000000000000E-002  0.37596714665564002        2.2550517133224902E-003  -0.0000000000000000     
   8.0400000000000013E-002  0.38512314747069670        2.4004545312783848E-003  -0.0000000000000000     
   8.2300000000000012E-002  0.39428263715662049        2.5511581192563001E-003  -0.0000000000000000     
   8.4199999999999997E-002  0.40344565815503947        2.7072454191890000E-003  -0.0000000000000000     
   8.6099999999999996E-002  0.41261225290457548        2.8688050893175107E-003  -0.0000000000000000     
   8.7999999999999995E-002  0.42178246404542274        3.0359315892967320E-003  -0.0000000000000000     
   8.9899999999999994E-002  0.43095633442042203        3.2087252373185107E-003  -0.0000000000000000     
   9.1800000000000007E-002  0.44013390725840446        3.3872922407686109E-003  -0.0000000000000000     
   9.3700000000000006E-002  0.44931522625483183        3.5717447041626348E-003  -0.0000000000000000     
   9.5600000000000004E-002  0.45850033566316267        3.7622006166477826E-003  -0.0000000000000000     
   9.7500000000000017E-002  0.46768928037833063        3.9587838212465616E-003  -0.0000000000000000     
   9.9400000000000002E-002  0.47688210601262632        4.1616239681812935E-003  -0.0000000000000000     
  0.10130000000000000       0.48607885896578562        4.3708564542014015E-003  -0.0000000000000000     
  0.10320000000000000       0.49527958648713655        4.5866223497025033E-003  -0.0000000000000000     
  0.10510000000000000       0.50448433673299142        4.8090683152101276E-003  -0.0000000000000000     
  0.10700000000000000       0.51369315881736355        5.0383465089816571E-003  -0.0000000000000000     
  0.10890000000000001       0.52290610285794548        5.2746144867502967E-003  -0.0000000000000000     
  0.11080000000000001       0.53212322001695589        5.5180350951913532E-003  -0.0000000000000000     
  0.11270000000000001       0.54134456253743668        5.7687763600251978E-003  -0.0000000000000000     
  0.11460000000000002       0.55057018377425015        6.0270113698368500E-003  -0.0000000000000000     
  0.11649999999999999       0.55980013820674268        6.2929181567021866E-003  -0.0000000000000000     
  0.11840000000000001       0.56903448152554126        6.5666795739821367E-003  -0.0000000000000000     
  0.12030000000000000       0.57827327055861943        6.8484831728328529E-003  -0.0000000000000000     
  0.12220000000000000       0.58751656335110980        7.1385210773107083E-003  -0.0000000000000000     
  0.12410000000000000       0.59676441916365919        7.4369898591592574E-003  -0.0000000000000000     
  0.12600000000000000       0.60601689848404594        7.7440904127078847E-003  -0.0000000000000000     
  0.12790000000000001       0.61527406303588894        8.0600278303681744E-003  -0.0000000000000000     
  0.12980000000000003       0.62453597578509457        8.3850112791802496E-003  -0.0000000000000000     
  0.13169999999999998       0.63380270094413438        8.7192538787650292E-003  -0.0000000000000000     
  0.13360000000000000       0.64307429117499559        9.0603135280230129E-003  -0.0000000000000000     
  0.13550000000000001       0.65235076128616021        9.4078218474609836E-003  -0.0000000000000000     
  0.13739999999999999       0.66163214776563095        9.7634529257666323E-003  -0.0000000000000000     
  0.13930000000000001       0.67091849955371041        1.0127858771573142E-002  -0.0000000000000000     
  0.14120000000000002       0.68020987166116920        1.0501504954342079E-002  -0.0000000000000000     
  0.14310000000000000       0.68950632330073103        1.0884779690078738E-002  -0.0000000000000000     
  0.14500000000000002       0.69880791697253108        1.1278030652143918E-002  -0.0000000000000000     
  0.14690000000000000       0.70811471792487035        1.1681581518235885E-002  -0.0000000000000000     
  0.14879999999999999       0.71742679379856100        1.2095740675558780E-002  -0.0000000000000000     
  0.15070000000000000       0.72674421437559544        1.2520806291805114E-002  -0.0000000000000000     
  0.15260000000000001       0.73606705139030226        1.2957069488812699E-002  -0.0000000000000000     
  0.15450000000000000       0.74539537838298575        1.3404816438104596E-002  -0.0000000000000000     
  0.15640000000000001       0.75472927058169181        1.3864329802925634E-002  -0.0000000000000000     
  0.15830000000000002       0.76406880480490347        1.4335889763783123E-002  -0.0000000000000000     
  0.16020000000000001       0.77341405937888597        1.4819774767946697E-002  -0.0000000000000000     
  0.16210000000000002       0.78276511406763971        1.5316262089636877E-002  -0.0000000000000000     
  0.16400000000000001       0.79212205001067415        1.5825628257024327E-002  -0.0000000000000000     
  0.16589999999999999       0.80148494966913220        1.6348149383336830E-002  -0.0000000000000000     
  0.16780000000000000       0.81085389677679254        1.6884101427584314E-002  -0.0000000000000000     
  0.16970000000000002       0.82022897629680547        1.7433760402815770E-002  -0.0000000000000000     
  0.17160000000000000       0.82961027438190826        1.7997402544818471E-002  -0.0000000000000000     
  0.17350000000000002       0.83899787833821227        1.8575304450458921E-002  -0.0000000000000000     
  0.17540000000000003       0.84839187659197601        1.9167743192645217E-002  -0.0000000000000000     
  0.17730000000000001       0.85779235865933046        1.9774996417100663E-002  -0.0000000000000000     
  0.17920000000000003       0.86719941511740484        2.0397342424855986E-002  -0.0000000000000000     
  0.18110000000000001       0.87661313757851755        2.1035060243383929E-002  -0.0000000000000000     
  0.18300000000000000       0.88603361865614250        2.1688429688765276E-002  -0.0000000000000000     
  0.18490000000000001       0.89546095197863596        2.2357731420576569E-002  -0.0000000000000000     
  0.18680000000000002       0.90489523211333200        2.3043246991028981E-002  -0.0000000000000000     
  0.18870000000000001       0.91433655458265384        2.3745258889140679E-002  -0.0000000000000000     
  0.19060000000000002       0.92378501583626216        2.4464050581017943E-002  -0.0000000000000000     
  0.19250000000000003       0.93324071323336000        2.5199906546721967E-002  -0.0000000000000000     
  0.19439999999999999       0.94270374502605925        2.5953112314235156E-002  -0.0000000000000000     
  0.19630000000000000       0.95217421034374683        2.6723954490844925E-002  -0.0000000000000000     
  0.19820000000000002       0.96165220917820693        2.7512720792176308E-002  -0.0000000000000000     
  0.20010000000000000       0.97113784236983525        2.8319700069038795E-002  -0.0000000000000000     
  0.20200000000000001       0.98063121159437872        2.9145182332161856E-002  -0.0000000000000000     
  0.20390000000000003       0.99013241935052954        2.9989458774830859E-002  -0.0000000000000000     
  0.20580000000000001       0.99964156894815515        3.0852821793442276E-002  -0.0000000000000000     
  0.20770000000000002        1.0091587644971671        3.1735565005845595E-002  -0.0000000000000000     
  0.20960000000000004        1.0186841108968987        3.2637983267455525E-002  -0.0000000000000000     
  0.21149999999999999        1.0282177138260598        3.3560372684954480E-002  -0.0000000000000000     
  0.21340000000000001        1.0377596797331763        3.4503030627467471E-002  -0.0000000000000000     
  0.21529999999999999        1.0473101158273692        3.5466255735028734E-002  -0.0000000000000000     
  0.21720000000000000        1.0568691300696287        3.6450347924180580E-002  -0.0000000000000000     
  0.21909999999999999        1.0664368311643930        3.7455608390479844E-002  -0.0000000000000000     
  0.22100000000000003        1.0760133285513627        3.8482339607757675E-002  -0.0000000000000000     
  0.22289999999999999        1.0855987323977543        3.9530845323864819E-002  -0.0000000000000000     
  0.22479999999999997        1.0951931535904535        4.0601430552758062E-002  -0.0000000000000000     
  0.22670000000000001        1.1047967037287600        4.1694401562626077E-002  -0.0000000000000000     
  0.22860000000000000        1.1144094951169006        4.2810065859921934E-002  -0.0000000000000000     
  0.23050000000000001        1.1240316407568223        4.3948732169009359E-002  -0.0000000000000000     
  0.23240000000000000        1.1336632543410319        4.5110710407289561E-002  -0.0000000000000000     
  0.23430000000000001        1.1433044502453660        4.6296311655498801E-002  -0.0000000000000000     
  0.23619999999999999        1.1529553435218078        4.7505848123056103E-002  -0.0000000000000000     
  0.23810000000000003        1.1626160498911908        4.8739633108224739E-002  -0.0000000000000000     
  0.23999999999999999        1.1722866857358467        4.9997980952882007E-002  -0.0000000000000000     
  0.24189999999999998        1.1819673680920342        5.1281206991770557E-002  -0.0000000000000000     
  0.24380000000000002        1.1916582146422621        5.2589627495985759E-002  -0.0000000000000000     
  0.24570000000000000        1.2013593437072927        5.3923559610607116E-002  -0.0000000000000000     
  0.24760000000000001        1.2110708742379834        5.5283321286289488E-002  -0.0000000000000000     
  0.24950000000000000        1.2207929258067760        5.6669231204727763E-002  -0.0000000000000000     
  0.25140000000000001        1.2305256185988427        5.8081608697801344E-002  -0.0000000000000000     
  0.25330000000000003        1.2402690734028914        5.9520773660408081E-002  -0.0000000000000000     
  0.25519999999999998        1.2500234116015556        6.0987046456822930E-002  -0.0000000000000000     
  0.25710000000000000        1.2597887551613263        6.2480747820549895E-002  -0.0000000000000000     
  0.25900000000000001        1.2695652266220703        6.4002198747667133E-002  -0.0000000000000000     
  0.26090000000000002        1.2793529490859603        6.5551720383568768E-002  -0.0000000000000000     
  0.26279999999999998        1.2891520462059551        6.7129633903188879E-002  -0.0000000000000000     
  0.26469999999999999        1.2989626421736975        6.8736260384666042E-002  -0.0000000000000000     
  0.26660000000000000        1.3087848617067530        7.0371920676562810E-002  -0.0000000000000000     
  0.26849999999999996        1.3186188300416202        7.2036935259016818E-002  -0.0000000000000000     
  0.27040000000000003        1.3284646728945582        7.3731624096784049E-002  -0.0000000000000000     
  0.27229999999999999        1.3383225164851102        7.5456306489740887E-002  -0.0000000000000000     
  0.27420000000000000        1.3481924874951516        7.7211300913681877E-002  -0.0000000000000000     
  0.27610000000000001        1.3580747130594377        7.8996924857186235E-002  -0.0000000000000000     
  0.27799999999999997        1.3679693207489121        8.0813494652314688E-002  -0.0000000000000000     
  0.27989999999999998        1.3778764385532503        8.2661325300013633E-002  -0.0000000000000000     
  0.28179999999999999        1.3877961948627646        8.4540730290270760E-002  -0.0000000000000000     
  0.28370000000000001        1.3977287184494418        8.6452021417381342E-002  -0.0000000000000000     
  0.28559999999999997        1.4076741384474196        8.8395508590687205E-002  -0.0000000000000000     
  0.28750000000000003        1.4176325843324808        9.0371499640956934E-002  -0.0000000000000000     
  0.28939999999999999        1.4276041859008737        9.2380300122924849E-002  -0.0000000000000000     
  0.29130000000000000        1.4375890732474788        9.4422213114233683E-002  -0.0000000000000000     
  0.29320000000000002        1.4475873767431602        9.6497539011340921E-002  -0.0000000000000000     
  0.29509999999999997        1.4575992270112006        9.8606575322542953E-002  -0.0000000000000000     
  0.29699999999999999        1.4676247549032637       0.10074961645887573       -0.0000000000000000     
  0.29890000000000000        1.4776640914743595       0.10292695352308212       -0.0000000000000000     
  0.30080000000000001        1.4877173679573694       0.10513887409723702       -0.0000000000000000     
  0.30269999999999997        1.4977847157366078       0.10738566202957478       -0.0000000000000000     
  0.30460000000000004        1.5078662663208657       0.10966759722083592       -0.0000000000000000     
  0.30649999999999999        1.5179621513157275       0.11198495541085554       -0.0000000000000000     
  0.30840000000000001        1.5280725023952508       0.11433800796578905       -0.0000000000000000     
  0.31030000000000002        1.5381974512730214       0.11672702166650026       -0.0000000000000000     
  0.31219999999999998        1.5483371296726702       0.11915225849872912       -0.0000000000000000     
  0.31409999999999999        1.5584916692977484       0.12161397544551691       -0.0000000000000000     
  0.31600000000000000        1.5686612018011523       0.12411242428242157       -0.0000000000000000     
  0.31790000000000002        1.5788458587540255       0.12664785137609638       -0.0000000000000000     
  0.31979999999999997        1.5890457716141932       0.12922049748674394       -0.0000000000000000     
  0.32170000000000004        1.5992610716942079       0.13183059757495266       -0.0000000000000000     
  0.32360000000000000        1.6094918901290343       0.13447838061349682       -0.0000000000000000     
  0.32549999999999996        1.6197383578433022       0.13716406940450254       -0.0000000000000000     
  0.32740000000000002        1.6300006055240845       0.13988788040355629       -0.0000000000000000     
  0.32929999999999998        1.6402787635643628       0.14265002354527420       -0.0000000000000000     
  0.33119999999999999        1.6505729620653797       0.14545070208561933       -0.0000000000000000     
  0.33310000000000001        1.6608833307786584       0.14829011244154042       -0.0000000000000000     
  0.33500000000000002        1.6712099990785168       0.15116844404331659       -0.0000000000000000     
  0.33689999999999998        1.6815530959285379       0.15408587919402056       -0.0000000000000000     
  0.33879999999999999        1.6919127498475623       0.15704259293740777       -0.0000000000000000     
  0.34070000000000000        1.7022890888760551       0.16003875293457723       -0.0000000000000000     
  0.34259999999999996        1.7126822405425219       0.16307451934979336       -0.0000000000000000     
  0.34450000000000003        1.7230923318299547       0.16615004474566289       -0.0000000000000000     
  0.34639999999999999        1.7335194891425916       0.16926547398791139       -0.0000000000000000     
  0.34830000000000000        1.7439638382728293       0.17242094416001380       -0.0000000000000000     
  0.35020000000000001        1.7544255043683961       0.17561658448785844       -0.0000000000000000     
  0.35210000000000002        1.7649046118999587       0.17885251627455243       -0.0000000000000000     
  0.35399999999999998        1.7754012846289753       0.18212885284548574       -0.0000000000000000     
  0.35589999999999999        1.7859156455760774       0.18544569950378942       -0.0000000000000000     
  0.35780000000000001        1.7964478169958897       0.18880315349769905       -0.0000000000000000     
  0.35969999999999996        1.8069979203214501       0.19220130399044533       -0.0000000000000000     
  0.36160000000000003        1.8175660761724997       0.19564023205655084       -0.0000000000000000     
  0.36349999999999999        1.8281524042997899       0.19912001067223331       -0.0000000000000000     
  0.36540000000000000        1.8387570235626929       0.20264070472416931       -0.0000000000000000     
  0.36730000000000002        1.8493800519009462       0.20620237102672062       -0.0000000000000000     
  0.36920000000000003        1.8600216063072117       0.20980505834919447       -0.0000000000000000     
  0.37109999999999999        1.8706818028001984       0.21344880745282166       -0.0000000000000000     
  0.37300000000000000        1.8813607563986876       0.21713365113728900       -0.0000000000000000     
  0.37490000000000001        1.8920585810962482       0.22085961429660889       -0.0000000000000000     
  0.37679999999999997        1.9027753898367725       0.22462671398408174       -0.0000000000000000     
  0.37870000000000004        1.9135112944909711       0.22843495948601156       -0.0000000000000000     
  0.38059999999999999        1.9242664058335655       0.23228435240388937       -0.0000000000000000     
  0.38250000000000001        1.9350408335272786       0.23617488674679840       -0.0000000000000000     
  0.38440000000000002        1.9458346860777258       0.24010654902123443       -0.0000000000000000     
  0.38629999999999998        1.9566480708514671       0.24407931834979768       -0.0000000000000000     
  0.38819999999999999        1.9674810940303056       0.24809316657486133       -0.0000000000000000     
  0.39010000000000000        1.9783338606000653       0.25214805838036297       -0.0000000000000000     
  0.39200000000000002        1.9892064743335853       0.25624395141762785       -0.0000000000000000     
  0.39389999999999997        2.0000990377743575       0.26038079643698636       -0.0000000000000000     
  0.39580000000000004        2.0110116522213706       0.26455853742504665       -0.0000000000000000     
  0.39770000000000000        2.0219444177148400       0.26877711174696450       -0.0000000000000000     
  0.39959999999999996        2.0328974330228116       0.27303645029348572       -0.0000000000000000     
  0.40150000000000002        2.0438707956356317       0.27733647763508285       -0.0000000000000000     
  0.40339999999999998        2.0548646017263024       0.28167711216524782       -0.0000000000000000     
  0.40529999999999999        2.0658789461846490       0.28605826627782233       -0.0000000000000000     
  0.40720000000000001        2.0769139225764404       0.29047984651564390       -0.0000000000000000     
  0.40910000000000002        2.0879696231432230       0.29494175373839193       -0.0000000000000000     
  0.41099999999999998        2.0990461387946899       0.29944388328922739       -0.0000000000000000     
  0.41290000000000004        2.1101435591019566       0.30398612516336709       -0.0000000000000000     
  0.41480000000000000        2.1212619722918507       0.30856836417818462       -0.0000000000000000     
  0.41669999999999996        2.1324014652419931       0.31319048014443512       -0.0000000000000000     
  0.41860000000000003        2.1435621234768076       0.31785234803834050       -0.0000000000000000     
  0.42049999999999998        2.1547440311705208       0.32255383817731920       -0.0000000000000000     
  0.42240000000000005        2.1659472711188017       0.32729481637910196       -0.0000000000000000     
  0.42430000000000007        2.1771719247786483       0.33207514415565648       -0.0000000000000000     
  0.42620000000000002        2.1884180722384259       0.33689467887012320       -0.0000000000000000     
  0.42809999999999998        2.1996857922257558       0.34175327391210825       -0.0000000000000000     
  0.43000000000000005        2.2109751621083484       0.34665077886784679       -0.0000000000000000     
  0.43190000000000006        2.2222862578955898       0.35158703968921867       -0.0000000000000000     
  0.43380000000000002        2.2336191542408810       0.35656189886109757       -0.0000000000000000     
  0.43570000000000003        2.2449739244445874       0.36157519556706208       -0.0000000000000000     
  0.43759999999999999        2.2563506404640941       0.36662676585709464       -0.0000000000000000     
  0.43950000000000006        2.2677493728913949       0.37171644279223726       -0.0000000000000000     
  0.44140000000000007        2.2791701910001110       0.37684405663017906       -0.0000000000000000     
  0.44330000000000003        2.2906131627214315       0.38200943496346695       -0.0000000000000000     
  0.44519999999999998        2.3020783546581711       0.38721240287840314       -0.0000000000000000     
  0.44710000000000000        2.3135658320912036       0.39245278310607057       -0.0000000000000000     
  0.44900000000000007        2.3250756589867603       0.39773039617063954       -0.0000000000000000     
  0.45090000000000002        2.3366078980040208       0.40304506053449984       -0.0000000000000000     
  0.45280000000000004        2.3481626105033642       0.40839659274029122       -0.0000000000000000     
  0.45469999999999999        2.3597398565548908       0.41378480754971153       -0.0000000000000000     
  0.45660000000000006        2.3713396949474728       0.41920951807890916       -0.0000000000000000     
  0.45850000000000007        2.3829621832040915       0.42467053593562420       -0.0000000000000000     
  0.46040000000000003        2.3946073775672407       0.43016767132717915       -0.0000000000000000     
  0.46229999999999999        2.4062753330472773       0.43570073321766040       -0.0000000000000000     
  0.46420000000000000        2.4179661034062692       0.44126952942747794       -0.0000000000000000     
  0.46610000000000007        2.4296797411760229       0.44687386675724300       -0.0000000000000000     
  0.46800000000000003        2.4414162976690927       0.45251355110239183       -0.0000000000000000     
  0.46990000000000004        2.4531758229901990       0.45818838756413860       -0.0000000000000000     
  0.47180000000000011        2.4649583660478607       0.46389818055702942       -0.0000000000000000     
  0.47370000000000007        2.4767639745665169       0.46964273391289724       -0.0000000000000000     
  0.47560000000000008        2.4885926950984421       0.47542185098129286       -0.0000000000000000     
  0.47750000000000004        2.5004445730362357       0.48123533472640362       -0.0000000000000000     
  0.47939999999999999        2.5123196526252434       0.48708298782053594       -0.0000000000000000     
  0.48130000000000006        2.5242179769763329       0.49296461273419961       -0.0000000000000000     
  0.48320000000000007        2.5361395880786226       0.49888001182265113       -0.0000000000000000     
  0.48510000000000003        2.5480845268166292       0.50482898741553517       -0.0000000000000000     
  0.48700000000000004        2.5600528329664933       0.51081134187130295       -0.0000000000000000     
  0.48890000000000011        2.5720445452353209       0.51682687769324764       -0.0000000000000000     
  0.49080000000000007        2.5840597012562312       0.52287539757614643       -0.0000000000000000     
  0.49270000000000008        2.5960983376066853       0.52895670448376730       -0.0000000000000000     
  0.49460000000000004        2.6081604898216235       0.53507060171603960       -0.0000000000000000     
  0.49650000000000000        2.6202461924070852       0.54121689297353293       -0.0000000000000000     
  0.49840000000000007        2.6323554788535941       0.54739538241880381       -0.0000000000000000     
  0.50030000000000008        2.6444883816497740       0.55360587473508971       -0.0000000000000000     
  0.50220000000000009        2.6566449322957295       0.55984817518184538       -0.0000000000000000     
  0.50409999999999999        2.6688251613167449       0.56612208964801414       -0.0000000000000000     
  0.50600000000000001        2.6810290982765896       0.57242742470215713       -0.0000000000000000     
  0.50790000000000013        2.6932567717913947       0.57876398764046588       -0.0000000000000000     
  0.50980000000000003        2.7055082095425451       0.58513158653175279       -0.0000000000000000     
  0.51170000000000004        2.7177834382906614       0.59153003026053630       -0.0000000000000000     
  0.51360000000000006        2.7300824838886415       0.59795912856729527       -0.0000000000000000     
  0.51550000000000007        2.7424053712951100       0.60441869208665122       -0.0000000000000000     
  0.51740000000000008        2.7547521245877569       0.61090853238340148       -0.0000000000000000     
  0.51930000000000009        2.7671227669763918       0.61742846198614898       -0.0000000000000000     
  0.52120000000000000        2.7795173208161539       0.62397829441900754       -0.0000000000000000     
  0.52310000000000001        2.7919358076181719       0.63055784423895622       -0.0000000000000000     
  0.52500000000000013        2.8043782480721124       0.63716692703260891       -0.0000000000000000     
  0.52690000000000003        2.8168446620448071       0.64380535948915407       -0.0000000000000000     
  0.52880000000000005        2.8293350686023526       0.65047295939255612       -0.0000000000000000     
  0.53070000000000006        2.8418494860206343       0.65716954565182273       -0.0000000000000000     
  0.53260000000000007        2.8543879317976550       0.66389493832180013       -0.0000000000000000     
  0.53450000000000009        2.8669504226661098       0.67064895862189899       -0.0000000000000000     
  0.53640000000000010        2.8795369746058013       0.67743142895393149       -0.0000000000000000     
  0.53830000000000000        2.8921476028560624       0.68424217291785583       -0.0000000000000000     
  0.54020000000000001        2.9047823219269957       0.69108101532625765       -0.0000000000000000     
  0.54210000000000014        2.9174411456129197       0.69794778221775156       -0.0000000000000000     
  0.54400000000000004        2.9301240870029779       0.70484230086861177       -0.0000000000000000     
  0.54590000000000005        2.9428311584932212       0.71176439980346451       -0.0000000000000000     
  0.54780000000000006        2.9555623717987305       0.71871390880473041       -0.0000000000000000     
  0.54970000000000008        2.9683177379642491       0.72569065892065632       -0.0000000000000000     
  0.55160000000000009        2.9810972673764455       0.73269448247286961       -0.0000000000000000     
  0.55350000000000010        2.9939009697742285       0.73972521306186478       -0.0000000000000000     
  0.55540000000000000        3.0067288542605448       0.74678268557275163       -0.0000000000000000     
  0.55730000000000002        3.0195809293128923       0.75386673617885303       -0.0000000000000000     
  0.55920000000000014        3.0324572027943102       0.76097720234517474       -0.0000000000000000     
  0.56110000000000004        3.0453576819641173       0.76811392283082314       -0.0000000000000000     
  0.56300000000000006        3.0582823734881184       0.77527673769029648       -0.0000000000000000     
  0.56490000000000007        3.0712312834494462       0.78246548827442097       -0.0000000000000000     
  0.56680000000000008        3.0842044173584551       0.78968001723028969       -0.0000000000000000     
  0.56870000000000009        3.0972017801629756       0.79692016850056369       -0.0000000000000000     
  0.57060000000000011        3.1102233762583347       0.80418578732205670       -0.0000000000000000     
  0.57250000000000001        3.1232692094969328       0.81147672022373052       -0.0000000000000000     
  0.57440000000000002        3.1363392831985060       0.81879281502420165       -0.0000000000000000     
  0.57630000000000015        3.1494336001589875       0.82613392082843773       -0.0000000000000000     
  0.57820000000000005        3.1625521626603756       0.83349988802401531       -0.0000000000000000     
  0.58010000000000006        3.1756949724800072       0.84089056827708641       -0.0000000000000000     
  0.58200000000000007        3.1888620308666717       0.84830581453613862       -0.0000000000000000     
  0.58389999999999997        3.2020533386812073       0.85574548099200243       -0.0000000000000000     
  0.58580000000000010        3.2152688962079958       0.86320942312532145       -0.0000000000000000     
  0.58770000000000011        3.2285087032953377       0.87069749766474569       -0.0000000000000000     
  0.58960000000000001        3.2417727593312535       0.87820956258988703       -0.0000000000000000     
  0.59150000000000003        3.2550610632517665       0.88574547712423723       -0.0000000000000000     
  0.59340000000000015        3.2683736135495014       0.89330510172878608       -0.0000000000000000     
  0.59530000000000005        3.2817104082818300       0.90088829809416437       -0.0000000000000000     
  0.59720000000000006        3.2950714450782246       0.90849492913309460       -0.0000000000000000     
  0.59910000000000008        3.3084567211497200       0.91612485897319063       -0.0000000000000000     
  0.60099999999999998        3.3218662332955735       0.92377795294819121       -0.0000000000000000     
  0.60290000000000010        3.3352999779114598       0.93145407759018528       -0.0000000000000000     
  0.60480000000000012        3.3487579509965171       0.93915310062046775       -0.0000000000000000     
  0.60670000000000002        3.3622401481615194       0.94687489094171184       -0.0000000000000000     
  0.60860000000000003        3.3757465646359437       0.95461931862827965       -0.0000000000000000     
  0.61050000000000015        3.3892771952747314       0.96238625491775887       -0.0000000000000000     
  0.61240000000000006        3.4028320345663063       0.97017557220172956       -0.0000000000000000     
  0.61430000000000007        3.4164110766388158       0.97798714401618470       -0.0000000000000000     
  0.61620000000000008        3.4300143152675080       0.98582084503270262       -0.0000000000000000     
  0.61809999999999998        3.4436417438804789       0.99367655104800323       -0.0000000000000000     
  0.62000000000000011        3.4572933555671450        1.0015541389756186       -0.0000000000000000     
  0.62190000000000012        3.4709691430829008        1.0094534868351017       -0.0000000000000000     
  0.62380000000000002        3.4846690988567630        1.0173744737428279       -0.0000000000000000     
  0.62570000000000003        3.4983932149968040        1.0253169799020478       -0.0000000000000000     
  0.62760000000000005        3.5121414832973219        1.0332808865932015       -0.0000000000000000     
  0.62950000000000006        3.5259138952441158        1.0412660761638430       -0.0000000000000000     
  0.63140000000000007        3.5397104420211614        1.0492724320189226       -0.0000000000000000     
  0.63330000000000009        3.5535311145157089        1.0572998386104566       -0.0000000000000000     
  0.63519999999999999        3.5673759033247010        1.0653481814279449       -0.0000000000000000     
  0.63710000000000011        3.5812447987606659        1.0734173469885060       -0.0000000000000000     
  0.63900000000000012        3.5951377908565552        1.0815072228264198       -0.0000000000000000     
  0.64090000000000003        3.6090548693715605        1.0896176974833951       -0.0000000000000000     
  0.64280000000000004        3.6229960237967651        1.0977486604988791       -0.0000000000000000     
  0.64470000000000005        3.6369612433606711        1.1059000023998160       -0.0000000000000000     
  0.64660000000000006        3.6509505170332832        1.1140716146907483       -0.0000000000000000     
  0.64850000000000008        3.6649638335327408        1.1222633898441139       -0.0000000000000000     
  0.65040000000000009        3.6790011813292782        1.1304752212902840       -0.0000000000000000     
  0.65229999999999999        3.6930625486503890        1.1387070034076294       -0.0000000000000000     
  0.65420000000000011        3.7071479234862186        1.1469586315130411       -0.0000000000000000     
  0.65610000000000013        3.7212572935939199        1.1552300018520190       -0.0000000000000000     
  0.65800000000000003        3.7353906465019668        1.1635210115889003       -0.0000000000000000     
  0.65990000000000004        3.7495479695155609        1.1718315587974411       -0.0000000000000000     
  0.66180000000000005        3.7637292497210026        1.1801615424512284       -0.0000000000000000     
  0.66370000000000007        3.7779344739897827        1.1885108624139855       -0.0000000000000000     
  0.66560000000000008        3.7921636289828373        1.1968794194302683       -0.0000000000000000     
  0.66750000000000009        3.8064167011556251        1.2052671151160697       -0.0000000000000000     
  0.66940000000000000        3.8206936767617110        1.2136738519495480       -0.0000000000000000     
  0.67130000000000012        3.8349945418569606        1.2220995332615321       -0.0000000000000000     
  0.67320000000000013        3.8493192823042270        1.2305440632268945       -0.0000000000000000     
  0.67510000000000003        3.8636678837761296        1.2390073468545801       -0.0000000000000000     
  0.67700000000000005        3.8780403317603018        1.2474892899794781       -0.0000000000000000     
  0.67890000000000006        3.8924366115628777        1.2559897992529203       -0.0000000000000000     
  0.68080000000000007        3.9068567083117287        1.2645087821340126       -0.0000000000000000     
  0.68270000000000008        3.9213006069603717        1.2730461468805265       -0.0000000000000000     
  0.68460000000000010        3.9357682922925417        1.2816018025407809       -0.0000000000000000     
  0.68650000000000000        3.9502597489246467        1.2901756589444111       -0.0000000000000000     
  0.68840000000000012        3.9647749613097769        1.2987676266940054       -0.0000000000000000     
  0.69030000000000014        3.9793139137414970        1.3073776171569711       -0.0000000000000000     
  0.69220000000000004        3.9938765903562761        1.3160055424563202       -0.0000000000000000     
  0.69410000000000005        4.0084629751383281        1.3246513154634290       -0.0000000000000000     
  0.69600000000000006        4.0230730519213536        1.3333148497888101       -0.0000000000000000     
  0.69790000000000008        4.0377068043928377        1.3419960597746086       -0.0000000000000000     
  0.69980000000000009        4.0523642160971090        1.3506948604865006       -0.0000000000000000     
  0.70170000000000010        4.0670452704374869        1.3594111677051071       -0.0000000000000000     
  0.70360000000000000        4.0817499506810355        1.3681448979191364       -0.0000000000000000     
  0.70550000000000002        4.0964782399600725        1.3768959683167126       -0.0000000000000000     
  0.70740000000000014        4.1112301212755558        1.3856642967777590       -0.0000000000000000     
  0.70930000000000004        4.1260055775004876        1.3944498018669083       -0.0000000000000000     
  0.71120000000000005        4.1408045913826301        1.4032524028255748       -0.0000000000000000     
  0.71310000000000007        4.1556271455463323        1.4120720195642817       -0.0000000000000000     
  0.71500000000000008        4.1704732224966365        1.4209085726557162       -0.0000000000000000     
  0.71690000000000009        4.1853428046211780        1.4297619833271544       -0.0000000000000000     
  0.71880000000000011        4.2002358741930799        1.4386321734533452       -0.0000000000000000     
  0.72070000000000001        4.2151524133738771        1.4475190655495518       -0.0000000000000000     
  0.72260000000000002        4.2300924042148971        1.4564225827638695       -0.0000000000000000     
  0.72450000000000014        4.2450558286613083        1.4653426488711545       -0.0000000000000000     
  0.72640000000000005        4.2600426685538944        1.4742791882655721       -0.0000000000000000     
  0.72830000000000006        4.2750529056315107        1.4832321259540349       -0.0000000000000000     
  0.73020000000000007        4.2900865215327650        1.4922013875489399       -0.0000000000000000     
  0.73210000000000008        4.3051434978001355        1.5011868992626070       -0.0000000000000000     
  0.73400000000000010        4.3202238158804329        1.5101885878996923       -0.0000000000000000     
  0.73590000000000011        4.3353274571278524        1.5192063808510363       -0.0000000000000000     
  0.73780000000000001        4.3504544028069017        1.5282402060877260       -0.0000000000000000     
  0.73970000000000002        4.3656046340930006        1.5372899921541372       -0.0000000000000000     
  0.74160000000000015        4.3807781320756805        1.5463556681617088       -0.0000000000000000     
  0.74350000000000005        4.3959748777607563        1.5554371637834046       -0.0000000000000000     
  0.74540000000000006        4.4111948520722075        1.5645344092472344       -0.0000000000000000     
  0.74730000000000008        4.4264380358537396        1.5736473353298193       -0.0000000000000000     
  0.74919999999999998        4.4417044098715941        1.5827758733513690       -0.0000000000000000     
  0.75110000000000010        4.4569939548153954        1.5919199551687644       -0.0000000000000000     
  0.75300000000000011        4.4723066513018290        1.6010795131708839       -0.0000000000000000     
  0.75490000000000002        4.4876424798748342        1.6102544802720482       -0.0000000000000000     
  0.75680000000000003        4.5030014210079496        1.6194447899064368       -0.0000000000000000     
  0.75870000000000015        4.5183834551067426        1.6286503760230227       -0.0000000000000000     
  0.76060000000000005        4.5337885625100540        1.6378711730797051       -0.0000000000000000     
  0.76250000000000007        4.5492167234918819        1.6471071160378081       -0.0000000000000000     
  0.76440000000000008        4.5646679182627530        1.6563581403568206       -0.0000000000000000     
  0.76629999999999998        4.5801421269725360        1.6656241819893598       -0.0000000000000000     
  0.76820000000000010        4.5956393297105480        1.6749051773752537       -0.0000000000000000     
  0.77010000000000012        4.6111595065084661        1.6842010634371694       -0.0000000000000000     
  0.77200000000000002        4.6267026373416362        1.6935117775751372       -0.0000000000000000     
  0.77390000000000003        4.6422687021299733        1.7028372576611568       -0.0000000000000000     
  0.77580000000000016        4.6578576807405510        1.7121774420350684       -0.0000000000000000     
  0.77770000000000006        4.6734695529883972        1.7215322694988400       -0.0000000000000000     
  0.77960000000000007        4.6891042986383162        1.7309016793122869       -0.0000000000000000     
  0.78150000000000008        4.7047618974061471        1.7402856111877736       -0.0000000000000000     
  0.78339999999999999        4.7204423289605915        1.7496840052860638       -0.0000000000000000     
  0.78530000000000011        4.7361455729242774        1.7590968022112152       -0.0000000000000000     
  0.78720000000000012        4.7518716088753372        1.7685239430061719       -0.0000000000000000     
  0.78910000000000002        4.7676204163484321        1.7779653691480501       -0.0000000000000000     
  0.79100000000000004        4.7833919748368645        1.7874210225439915       -0.0000000000000000     
  0.79290000000000016        4.7991862637932625        1.7968908455264059       -0.0000000000000000     
  0.79480000000000006        4.8150032626308761        1.8063747808486781       -0.0000000000000000     
  0.79670000000000007        4.8308429507254429        1.8158727716809999       -0.0000000000000000     
  0.79860000000000009        4.8467053074156379        1.8253847616059278       -0.0000000000000000     
  0.80049999999999999        4.8625903120050094        1.8349106946142157       -0.0000000000000000     
  0.80240000000000011        4.8784979437627571        1.8444505151007200       -0.0000000000000000     
  0.80430000000000013        4.8944281819253730        1.8540041678603951       -0.0000000000000000     
  0.80620000000000003        4.9103810056971389        1.8635715980839132       -0.0000000000000000     
  0.80810000000000004        4.9263563942517692        1.8731527513539501       -0.0000000000000000     
  0.81000000000000016        4.9423543267336925        1.8827475736412924       -0.0000000000000000     
  0.81190000000000007        4.9583747822586783        1.8923560113005993       -0.0000000000000000     
  0.81380000000000008        4.9744177399152720        1.9019780110669686       -0.0000000000000000     
  0.81570000000000009        4.9904831787659019        1.9116135200520068       -0.0000000000000000     
  0.81759999999999999        5.0065710778471422        1.9212624857394962       -0.0000000000000000     
  0.81950000000000012        5.0226814161723219        1.9309248559829144       -0.0000000000000000     
  0.82140000000000013        5.0388141727310858        1.9406005790005838       -0.0000000000000000     
  0.82330000000000003        5.0549693264909870        1.9502896033727859       -0.0000000000000000     
  0.82520000000000004        5.0711468563986397        1.9599918780379353       -0.0000000000000000     
  0.82710000000000006        5.0873467413801921        1.9697073522890176       -0.0000000000000000     
  0.82900000000000007        5.1035689603428471        1.9794359757702371       -0.0000000000000000     
  0.83090000000000008        5.1198134921749530        1.9891776984734173       -0.0000000000000000     
  0.83280000000000010        5.1360803157483872        1.9989324707351286       -0.0000000000000000     
  0.83470000000000000        5.1523694099175881        2.0087002432324326       -0.0000000000000000     
  0.83660000000000012        5.1686807535221559        2.0184809669805528       -0.0000000000000000     
  0.83850000000000013        5.1850143253861924        2.0282745933286543       -0.0000000000000000     
  0.84040000000000004        5.2013701043207643        2.0380810739577186       -0.0000000000000000     
  0.84230000000000005        5.2177480691233242        2.0479003608762887       -0.0000000000000000     
  0.84420000000000006        5.2341481985791427        2.0577324064179510       -0.0000000000000000     
  0.84609999999999996        5.2505704714623800        2.0675771632382016       -0.0000000000000000     
  0.84799999999999998        5.2670148665363019        2.0774345843110682       -0.0000000000000000     
  0.84989999999999999        5.2834813625543999        2.0873046229264083       -0.0000000000000000     
  0.85180000000000000        5.2999699382614347        2.0971872326868697       -0.0000000000000000     
  0.85370000000000013        5.3164805723933233        2.1070823675045820       -0.0000000000000000     
  0.85560000000000014        5.3330132436787103        2.1169899815987332       -0.0000000000000000     
  0.85750000000000004        5.3495679308395605        2.1269100294924996       -0.0000000000000000     
  0.85940000000000005        5.3661446125911754        2.1368424660098633       -0.0000000000000000     
  0.86130000000000007        5.3827432676441660        2.1467872462735191       -0.0000000000000000     
  0.86319999999999997        5.3993638747040853        2.1567443257015722       -0.0000000000000000     
  0.86509999999999998        5.4160064124722220        2.1667136600047048       -0.0000000000000000     
  0.86699999999999999        5.4326708596467546        2.1766952051838682       -0.0000000000000000     
  0.86890000000000001        5.4493571949229098        2.1866889175272579       -0.0000000000000000     
  0.87079999999999991        5.4660653969940265        2.1966947536078716       -0.0000000000000000     
  0.87270000000000014        5.4827954445522771        2.2067126702811195       -0.0000000000000000     
  0.87460000000000004        5.4995473162882567        2.2167426246815558       -0.0000000000000000     
  0.87650000000000006        5.5163209908929218        2.2267845742209080       -0.0000000000000000     
  0.87840000000000007        5.5331164470576644        2.2368384765855205       -0.0000000000000000     
  0.88029999999999997        5.5499336634742544        2.2469042897334606       -0.0000000000000000     
  0.88219999999999998        5.5667726188365076        2.2569819718925337       -0.0000000000000000     
  0.88410000000000000        5.5836332918404796        2.2670714815577093       -0.0000000000000000     
  0.88600000000000001        5.6005156611843390        2.2771727774884050       -0.0000000000000000     
  0.88789999999999991        5.6174197055698247        2.2872858187065286       -0.0000000000000000     
  0.88980000000000015        5.6343454037025493        2.2974105644940397       -0.0000000000000000     
  0.89170000000000005        5.6512927342920909        2.3075469743903532       -0.0000000000000000     
  0.89360000000000006        5.6682616760531044        2.3176950081904826       -0.0000000000000000     
  0.89550000000000007        5.6852522077054264        2.3278546259424142       -0.0000000000000000     
  0.89739999999999998        5.7022643079746516        2.3380257879450181       -0.0000000000000000     
  0.89929999999999999        5.7192979555930030        2.3482084547459743       -0.0000000000000000     
  0.90120000000000000        5.7363531292989549        2.3584025871391061       -0.0000000000000000     
  0.90309999999999990        5.7534298078387955        2.3686081461629467       -0.0000000000000000     
  0.90499999999999992        5.7705279699661283        2.3788250930979467       -0.0000000000000000     
  0.90689999999999993        5.7876475944430839        2.3890533894647064       -0.0000000000000000     
  0.90879999999999994        5.8047886600399830        2.3992929970217536       -0.0000000000000000     
  0.91070000000000007        5.8219511455367918        2.4095438777637139       -0.0000000000000000     
  0.91260000000000008        5.8391350297226357        2.4198059939189012       -0.0000000000000000     
  0.91449999999999998        5.8563402913965641        2.4300793079475489       -0.0000000000000000     
  0.91639999999999999        5.8735669093680070        2.4403637825397571       -0.0000000000000000     
  0.91830000000000001        5.8908148624573027        2.4506593806136148       -0.0000000000000000     
  0.92019999999999991        5.9080841294959310        2.4609660653130669       -0.0000000000000000     
  0.92209999999999992        5.9253746893266648        2.4712838000060806       -0.0000000000000000     
  0.92399999999999993        5.9426865208046546        2.4816125482829432       -0.0000000000000000     
  0.92589999999999995        5.9600196027969945        2.4919522739538520       -0.0000000000000000     
  0.92780000000000007        5.9773739141836533        2.5023029410476805       -0.0000000000000000     
  0.92970000000000008        5.9947494338579137        2.5126645138097938       -0.0000000000000000     
  0.93159999999999998        6.0121461407259789        2.5230369567001545       -0.0000000000000000     
  0.93350000000000000        6.0295640137080806        2.5334202343916421       -0.0000000000000000     
  0.93540000000000001        6.0470030317387709        2.5438143117684819       -0.0000000000000000     
  0.93729999999999991        6.0644631737669892        2.5542191539241790       -0.0000000000000000     
  0.93919999999999992        6.0819444187561240        2.5646347261596918       -0.0000000000000000     
  0.94109999999999994        6.0994467456852401        2.5750609939822628       -0.0000000000000000     
  0.94299999999999995        6.1169701335484623        2.5854979231030133       -0.0000000000000000     
  0.94490000000000007        6.1345145613559824        2.5959454794358745       -0.0000000000000000     
  0.94680000000000009        6.1520800081337432        2.6064036290953925       -0.0000000000000000     
  0.94869999999999999        6.1696664529245044        2.6168723383956114       -0.0000000000000000     
  0.95060000000000000        6.1872738747872837        2.6273515738479256       -0.0000000000000000     
  0.95250000000000001        6.2049022527984610        2.6378413021598592       -0.0000000000000000     
  0.95439999999999992        6.2225515660512878        2.6483414902332201       -0.0000000000000000     
  0.95629999999999993        6.2402217936569473        2.6588521051627336       -0.0000000000000000     
  0.95819999999999994        6.2579129147444217        2.6693731142343839       -0.0000000000000000     
  0.96009999999999995        6.2756249084605615        2.6799044849237994       -0.0000000000000000     
  0.96199999999999986        6.2933577539704624        2.6904461848946259       -0.0000000000000000     
  0.96390000000000009        6.3111114304583893        2.7009981819975422       -0.0000000000000000     
  0.96579999999999999        6.3288859171272680        2.7115604442682621       -0.0000000000000000     
  0.96770000000000000        6.3466811931986609        2.7221329399258867       -0.0000000000000000     
  0.96960000000000002        6.3644972379142448        2.7327156373722574       -0.0000000000000000     
  0.97149999999999992        6.3823340305348975        2.7433085051895807       -0.0000000000000000     
  0.97339999999999993        6.4001915503414786        2.7539115121397333       -0.0000000000000000     
  0.97529999999999994        6.4180697766350283        2.7645246271623853       -0.0000000000000000     
  0.97719999999999996        6.4359686887366481        2.7751478193736276       -0.0000000000000000     
  0.97909999999999986        6.4538882659884242        2.7857810580649849       -0.0000000000000000     
  0.98100000000000009        6.4718284877525836        2.7964243127014043       -0.0000000000000000     
  0.98290000000000000        6.4897893334128769        2.8070775529205632       -0.0000000000000000     
  0.98480000000000001        6.5077707823739850        2.8177407485310035       -0.0000000000000000     
  0.98670000000000002        6.5257728140621412        2.8284138695111314       -0.0000000000000000     
  0.98859999999999992        6.5437954079249270        2.8390968860076371       -0.0000000000000000     
  0.99049999999999994        6.5618385434320761        2.8497897683345159       -0.0000000000000000     
  0.99239999999999995        6.5799022000750362        2.8604924869714488       -0.0000000000000000     
  0.99429999999999996        6.5979863573672466        2.8712050125625437       -0.0000000000000000     
  0.99619999999999986        6.6160909948451243        2.8819273159155498       -0.0000000000000000     
  0.99810000000000010        6.6342160920671231        2.8926593679999608       -0.0000000000000000     
   1.0000000000000000        6.6523616286145417        2.9034011399460797       -0.0000000000000000     
