5.0000000000000003E-002  0.23906419667552872  7.0647213897501832E-004
5.1899999999999995E-002  0.24817679004735496  7.8105975035466172E-004
5.3800000000000001E-002  0.25729218840199081  8.6016099001136521E-004
5.5700000000000006E-002  0.26641045249036399  9.4380923805545099E-004
5.7599999999999998E-002  0.27553163970146283  1.0320366301265712E-003
5.9499999999999997E-002  0.28465580486460684  1.1248750356470877E-003
6.1400000000000003E-002  0.29378300022369558  1.2223569899430934E-003
6.3300000000000009E-002  0.30291327581684113  1.3245165048829943E-003
6.5200000000000008E-002  0.31204667979298506  1.4313897958170008E-003
6.7099999999999993E-002  0.32118325851853025  1.5430159355230293E-003
6.9000000000000006E-002  0.33032305690336627  1.6594374198931978E-003
7.0900000000000005E-002  0.33946611858051584  1.7807006671453247E-003
7.2799999999999990E-002  0.34861248619666196  1.9068564480929724E-003
7.4700000000000003E-002  0.35776220150095267  2.0379602585839738E-003
7.6600000000000001E-002  0.36691530560556146  2.1740726323495260E-003
7.8500000000000000E-002  0.37607183914538728  2.3152594039296138E-003
8.0400000000000013E-002  0.38523184244349756  2.4615919243732428E-003
8.2300000000000012E-002  0.39439535566629919  2.6131472341930145E-003
8.4199999999999997E-002  0.40356241896716250  2.7700081976474444E-003
8.6099999999999996E-002  0.41273307260012687  2.9322636020486180E-003
8.7999999999999995E-002  0.42190735712164201  3.1000082254974983E-003
8.9899999999999994E-002  0.43108531339041173  3.2733428767532575E-003
9.1800000000000007E-002  0.44026698274700038  3.4523744095545251E-003
9.3700000000000006E-002  0.44945240709096307  3.6372157146675149E-003
9.5600000000000004E-002  0.45864162897045535  3.8279856921522577E-003
9.7500000000000017E-002  0.46783469166184133  4.0248092060672256E-003
9.9400000000000002E-002  0.47703163924313097  4.2278170238168556E-003
0.10130000000000000  0.48623251666005612  4.4371457422673170E-003
0.10320000000000000  0.49543736978608666  4.6529377022221851E-003
0.10510000000000000  0.50464624547593195  4.8753408929294220E-003
0.10700000000000000  0.51385919161377269  5.1045088483724164E-003
0.10890000000000001  0.52307625715595030  5.3406005363524330E-003
0.11080000000000001  0.53229749216839151  5.5837802417624373E-003
0.11270000000000001  0.54152294786049937  5.8342174452138025E-003
0.11460000000000002  0.55075267661292038  6.0920866979157825E-003
0.11649999999999999  0.55998673198763871  6.3575674938810417E-003
0.11840000000000001  0.56922516881055218  6.6308441398215531E-003
0.12030000000000000  0.57846804309699529  6.9121056243673434E-003
0.12220000000000000  0.58771541212710077  7.2015454862276746E-003
0.12410000000000000  0.59696733444220340  7.4993616826003594E-003
0.12600000000000000  0.60622386985376342  7.8057564581352854E-003
0.12790000000000001  0.61548507944934161  8.1209362148880332E-003
0.12980000000000003  0.62475102558993423  8.4450693242025341E-003
0.13169999999999998  0.63402174811839040  8.7746454472832133E-003
0.13360000000000000  0.64329725927525294  9.1109702602667139E-003
0.13550000000000001  0.65257759677731386  9.4552430518210183E-003
0.13739999999999999  0.66186280861077773  9.8080622171597253E-003
0.13930000000000001  0.67115294849408624  1.0169873866323316E-002
0.14120000000000002  0.68044807425154918  1.0541056378951653E-002
0.14310000000000000  0.68974824697343373  1.0921951416322521E-002
0.14500000000000002  0.69905353050522501  1.1312878458417504E-002
0.14690000000000000  0.70836399110536885  1.1714142653438302E-002
0.14879999999999999  0.71767969719833391  1.2126039472336472E-002
0.15070000000000000  0.72700071918850850  1.2548857659856432E-002
0.15260000000000001  0.73632712931369437  1.2982881202030023E-002
0.15450000000000000  0.74565900152635789  1.3428390690259581E-002
0.15640000000000001  0.75499641139517393  1.3885664297375437E-002
0.15830000000000002  0.76433943602119581  1.4354978494167061E-002
0.16020000000000001  0.77368815396564239  1.4836608587244195E-002
0.16210000000000002  0.78304264518724098  1.5330829130258903E-002
0.16400000000000001  0.79240299098558742  1.5837914243766554E-002
0.16589999999999999  0.80176927395169706  1.6358137867839486E-002
0.16780000000000000  0.81114157792250063  1.6891773964448568E-002
0.16970000000000002  0.82051998794000769  1.7439096681802751E-002
0.17160000000000000  0.82990459021376228  1.8000380489697293E-002
0.17350000000000002  0.83929547208620503  1.8575900292471640E-002
0.17540000000000003  0.84869272200113499  1.9165931524511792E-002
0.17730000000000001  0.85809642947387732  1.9770750232178145E-002
0.17920000000000003  0.86750668506414419  2.0390633145014988E-002
0.18110000000000001  0.87692358034126994  2.1025857738486704E-002
0.18300000000000000  0.88634720789672916  2.1676702289846531E-002
0.18490000000000001  0.89577766126748226  2.2343445928824788E-002
0.18680000000000002  0.90521503495127043  2.3026368683699564E-002
0.18870000000000001  0.91465942437801284  2.3725751523875471E-002
0.19060000000000002  0.92411092589139454  2.4441876399471079E-002
0.19250000000000003  0.93356963673169391  2.5175026278351359E-002
0.19439999999999999  0.94303565501948328  2.5925485180958500E-002
0.19630000000000000  0.95250907974044063  2.6693538213148373E-002
0.19820000000000002  0.96199001073097234  2.7479471597183475E-002
0.20010000000000000  0.97147854866471672  2.8283572700980999E-002
0.20200000000000001  0.98097479503985729  2.9106130065575175E-002
0.20390000000000003  0.99047885216708342  2.9947433430832327E-002
0.20580000000000001  0.99999082315827281  3.0807773759291626E-002
0.20770000000000002  1.0095108119158804  3.1687443258075133E-002
0.20960000000000004  1.0190389231227628  3.2586735398684355E-002
0.21149999999999999  1.0285752622327142  3.3505944934598020E-002
0.21340000000000001  1.0381199354612765  3.4445367916407663E-002
0.21529999999999999  1.0476730497772477  3.5405301704391767E-002
0.21720000000000000  1.0572347128944017  3.6386044978248697E-002
0.21909999999999999  1.0668050332636385  3.7387897743820238E-002
0.22100000000000003  1.0763841200654489  3.8411161336544694E-002
0.22289999999999999  1.0859720832027073  3.9456138421480283E-002
0.22479999999999997  1.0955690332935570  4.0523132989557731E-002
0.22670000000000001  1.1051750816646666  4.1612450349926909E-002
0.22860000000000000  1.1147903403444532  4.2724397118103948E-002
0.23050000000000001  1.1244149220565762  4.3859281199709256E-002
0.23240000000000000  1.1340489402133838  4.5017411769552644E-002
0.23430000000000001  1.1436925089093988  4.6199099245831918E-002
0.23619999999999999  1.1533457429148504  4.7404655259254684E-002
0.23810000000000003  1.1630087576690589  4.8634392616834325E-002
0.23999999999999999  1.1726816692737891  4.9888625260159615E-002
0.24189999999999998  1.1823645944863914  5.1167668217985726E-002
0.24380000000000002  1.1920576507128595  5.2471837552880589E-002
0.24570000000000000  1.2017609560005238  5.3801450301838798E-002
0.24760000000000001  1.2114746290306424  5.5156824410656287E-002
0.24950000000000000  1.2211987891105944  5.6538278661949506E-002
0.25140000000000001  1.2309335561657175  5.7946132596649082E-002
0.25330000000000003  1.2406790507308525  5.9380706428933255E-002
0.25519999999999998  1.2504353939414270  6.0842320954442530E-002
0.25710000000000000  1.2602027075240856  6.2331297451746030E-002
0.25900000000000001  1.2699811137868635  6.3847957576987274E-002
0.26090000000000002  1.2797707356088250  6.5392623251709012E-002
0.26279999999999998  1.2895716964292043  6.6965616543825088E-002
0.26469999999999999  1.2993841202359038  6.8567259541773506E-002
0.26660000000000000  1.3092081315534301  7.0197874221899867E-002
0.26849999999999996  1.3190438554302224  7.1857782309110677E-002
0.27040000000000003  1.3288914174315194  7.3547305131316867E-002
0.27229999999999999  1.3387509436001270  7.5266763465487413E-002
0.27420000000000000  1.3486225604798301  7.7016477381101303E-002
0.27610000000000001  1.3585063950743075  7.8796766073677638E-002
0.27799999999999997  1.3684025748374040  8.0607947694258705E-002
0.27989999999999998  1.3783112276561675  8.2450339172672582E-002
0.28179999999999999  1.3882324818331946  8.4324256035381212E-002
0.28370000000000001  1.3981664660681614  8.6230012218121890E-002
0.28559999999999997  1.4081133094384859  8.8167919873584341E-002
0.28750000000000003  1.4180731413793655  9.0138289174596847E-002
0.28939999999999999  1.4280460916628932  9.2141428113038715E-002
0.29130000000000000  1.4380322903764582  9.4177642294979311E-002
0.29320000000000002  1.4480318679002635  9.6247234732333459E-002
0.29509999999999997  1.4580449548842367  9.8350505631613669E-002
0.29699999999999999  1.4680716822239563  0.10048775218006732
0.29890000000000000  1.4781121810359401  0.10265926832976847
0.30080000000000001  1.4881665826320636  0.10486534458013737
0.30269999999999997  1.4982350184934119  0.10710626775933979
0.30460000000000004  1.5083176202432582  0.10938232080518991
0.30649999999999999  1.5184145196194085  0.11169378254596035
0.30840000000000001  1.5285258484458595  0.11404092748173537
0.31030000000000002  1.5386517386037804  0.11642402556677714
0.31219999999999998  1.5487923220019271  0.11884334199361299
0.31409999999999999  1.5589477305463830  0.12129913697913716
0.31600000000000000  1.5691180961098239  0.12379166555360038
0.31790000000000002  1.5793035505001665  0.12632117735275980
0.31979999999999997  1.5895042254288345  0.12888791641398920
0.32170000000000004  1.5997202524784886  0.13149212097669352
0.32360000000000000  1.6099517630703852  0.13413402328769347
0.32549999999999996  1.6201988884313525  0.13681384941207855
0.32740000000000002  1.6304617595664608  0.13953181905103734
0.32929999999999998  1.6407405072009282  0.14228814536103007
0.33119999999999999  1.6510352617838733  0.14508303479028223
0.33310000000000001  1.6613461534285867  0.14791668691223719
0.33500000000000002  1.6716733118849909  0.15078929427207755
0.33689999999999998  1.6820168665055251  0.15370104224054906
0.33879999999999999  1.6923769462107900  0.15665210887629796
0.34070000000000000  1.7027536794552049  0.15964266479727776
0.34259999999999996  1.7131471941929493  0.16267287306143263
0.34450000000000003  1.7235576178438974  0.16574288905703469
0.34639999999999999  1.7339850772597289  0.16885286040285707
0.34830000000000000  1.7444296986902479  0.17200292685843699
0.35020000000000001  1.7548916077500498  0.17519322024465425
0.35210000000000002  1.7653709293854098  0.17842386437472346
0.35399999999999998  1.7758677878416083  0.18169497499576789
0.35589999999999999  1.7863823066306559  0.18500665974102784
0.35780000000000001  1.7969146084994696  0.18835901809274580
0.35969999999999996  1.8074648154040791  0.19175214135727620
0.36160000000000003  1.8180330484559959  0.19518611264329250
0.36349999999999999  1.8286194279275687  0.19866100686606414
0.36540000000000000  1.8392240731980991  0.20217689074655465
0.36730000000000002  1.8498471027310783  0.20573382282886232
0.36920000000000003  1.8604886340461100  0.20933185350637590
0.37109999999999999  1.8711487836915668  0.21297102505795226
0.37300000000000000  1.8818276672178817  0.21665137169400633
0.37490000000000001  1.8925253991517439  0.22037291961212993
0.37679999999999997  1.9032420929711518  0.22413568706213735
0.37870000000000004  1.9139778610811944  0.22793968442012513
0.38059999999999999  1.9247328147908267  0.23178491427125447
0.38250000000000001  1.9355070642966006  0.23567137150311654
0.38440000000000002  1.9463007186358001  0.23959904339622876
0.38629999999999998  1.9571138857058523  0.24356790974461964
0.38819999999999999  1.9679466722169008  0.24757794296070318
0.39010000000000000  1.9787991836805594  0.25162910819884693
0.39200000000000002  1.9896715243922398  0.25572136348310426
0.39389999999999997  2.0005637974145487  0.25985465984096839
0.39580000000000004  2.0114761045616194  0.26402894144283184
0.39770000000000000  2.0224085463844905  0.26824414574675615
0.39959999999999996  2.0333612221574042  0.27250020364795802
0.40150000000000002  2.0443342298650862  0.27679703963280067
0.40339999999999998  2.0553276661967552  0.28113457193920877
0.40529999999999999  2.0663416265114947  0.28551271270778894
0.40720000000000001  2.0773762048663311  0.28993136816281267
0.40910000000000002  2.0884314939807149  0.29439043876817228
0.41099999999999998  2.0995075852357012  0.29888981940007303
0.41290000000000004  2.1106045686671995  0.30342939951874109
0.41480000000000000  2.1217225329597698  0.30800906334157985
0.41669999999999996  2.1328615654417300  0.31262869001761756
0.41860000000000003  2.1440217520808647  0.31728815380267067
0.42049999999999998  2.1552031774875728  0.32198732423840326
0.42240000000000005  2.1664059248852756  0.32672606631397233
0.42430000000000007  2.1776300761518281  0.33150424066397483
0.42620000000000002  2.1888757117884312  0.33632170372788051
0.42809999999999998  2.2001429109274917  0.34117830792849674
0.43000000000000005  2.2114317513335431  0.34607390184514103
0.43190000000000006  2.2227423094047394  0.35100833038562285
0.43380000000000002  2.2340746601750934  0.35598143495650797
0.43570000000000003  2.2454288773174671  0.36099305363163725
0.43759999999999999  2.2568050331537046  0.36604302132275995
0.43950000000000006  2.2682031986315221  0.37113116992623485
0.44140000000000007  2.2796234433726807  0.37625732851229354
0.44330000000000003  2.2910658356481237  0.38142132346507990
0.44519999999999998  2.3025304423921873  0.38662297864409667
0.44710000000000000  2.3140173292092250  0.39186211553778172
0.44900000000000007  2.3255265603808235  0.39713855341398419
0.45090000000000002  2.3370581988735353  0.40245210946738891
0.45280000000000004  2.3486123063471132  0.40780259896362320
0.45469999999999999  2.3601889431630201  0.41318983538005882
0.45660000000000006  2.3717881683938624  0.41861363054330819
0.45850000000000007  2.3834100398384033  0.42407379476810453
0.46040000000000003  2.3950546140074165  0.42957013696681118
0.46229999999999999  2.4067219461717131  0.43510246480890019
0.46420000000000000  2.4184120903467941  0.44067058482164245
0.46610000000000007  2.4301250993099854  0.44627430251554007
0.46800000000000003  2.4418610246124612  0.45191342250051086
0.46990000000000004  2.4536199165902608  0.45758774859810991
0.47180000000000011  2.4654018243762086  0.46329708395035279
0.47370000000000007  2.4772067959121227  0.46904123112484014
0.47560000000000008  2.4890348779608629  0.47481999221633087
0.47750000000000004  2.5008861161188571  0.48063316894467217
0.47939999999999999  2.5127605548288106  0.48648056274922019
0.48130000000000006  2.5246582373924373  0.49236197487981370
0.48320000000000007  2.5365792059834837  0.49827720648423773
0.48510000000000003  2.5485235016647305  0.50422605869846959
0.48700000000000004  2.5604911643848225  0.51020833270174482
0.48890000000000011  2.5724822330171735  0.51622382983350201
0.49080000000000007  2.5844967453556160  0.52227235164035501
0.49270000000000008  2.5965347381325050  0.52835369995415071
0.49460000000000004  2.6085962470322115  0.53446767695957087
0.49650000000000000  2.6206813067047916  0.54061408525917265
0.49840000000000007  2.6327899507794608  0.54679272793490152
0.50030000000000008  2.6449222118784865  0.55300340860721375
0.50220000000000009  2.6570781216306076  0.55924593149088087
0.50409999999999999  2.6692577106847293  0.56552010144835541
0.50600000000000001  2.6814610087236277  0.57182572404028786
0.50790000000000013  2.6936880444775224  0.57816260557344745
0.50980000000000003  2.7059388457376796  0.58453055314607894
0.51170000000000004  2.7182134393699968  0.59092937469083107
0.51360000000000006  2.7305118513284694  0.59735887901524520
0.51550000000000007  2.7428341066685800  0.60381887583982863
0.51740000000000008  2.7551802295608785  0.61030917583411726
0.51930000000000009  2.7675502433040764  0.61682959065024279
0.52120000000000000  2.7799441703384229  0.62337993295469640
0.52310000000000001  2.7923620322561864  0.62996001646538435
0.52500000000000013  2.8048038498252366  0.63656965594847792
0.52690000000000003  2.8172696429864925  0.64320866729117276
0.52880000000000005  2.8297594308768854  0.64987686749367735
0.53070000000000006  2.8422732318396986  0.65657407469929674
0.53260000000000007  2.8548110634375283  0.66330010821532792
0.53450000000000009  2.8673729424643932  0.67005478853140676
0.53640000000000010  2.8799588849583877  0.67683793733697584
0.53830000000000000  2.8925689062140680  0.68364937753697419
0.54020000000000001  2.9052030207943913  0.69048893326633354
0.54210000000000014  2.9178612425432893  0.69735642990265545
0.54400000000000004  2.9305435845972077  0.70425169407803867
0.54590000000000005  2.9432500593969340  0.71117455368929217
0.54780000000000006  2.9559806786996958  0.71812483790719384
0.54970000000000008  2.9687354535901562  0.72510237718426873
0.55160000000000009  2.9815143944922333  0.73210700326187161
0.55350000000000010  2.9943175111804270  0.73913854917606248
0.55540000000000000  3.0071448127907017  0.74619684926209051
0.55730000000000002  3.0199963078315823  0.75328173915858243
0.55920000000000014  3.0328720041952972  0.76039305581034311
0.56110000000000004  3.0457719091681468  0.76753063747044814
0.56300000000000006  3.0586960294412808  0.77469432370143099
0.56490000000000007  3.0716443711211388  0.78188395537590705
0.56680000000000008  3.0846169397398175  0.78909937467615421
0.56870000000000009  3.0976137402652473  0.79634042509317704
0.57060000000000011  3.1106347771110050  0.80360695142504013
0.57250000000000001  3.1236800541465324  0.81089879977464285
0.57440000000000002  3.1367495747067342  0.81821581754674577
0.57630000000000015  3.1498433416015019  0.82555785344456745
0.57820000000000005  3.1629613571253330  0.83292475746579497
0.58010000000000006  3.1761036230667150  0.84031638089812977
0.58200000000000007  3.1892701406840667  0.84773257632292520
0.58389999999999997  3.2024609108471704  0.85517319757477483
0.58580000000000010  3.2156759338478014  0.86263809978907036
0.58770000000000011  3.2289152095407636  0.87012713935955321
0.58960000000000001  3.2421787373186195  0.87764017394097549
0.59150000000000003  3.2554665161220471  0.88517706244235472
0.59340000000000015  3.2687785444465178  0.89273766501943230
0.59530000000000005  3.2821148203511394  0.90032184306743557
0.59720000000000006  3.2954753414675522  0.90792945921315515
0.59910000000000008  3.3088601050064970  0.91556037730680462
0.60099999999999998  3.3222691077661928  0.92321446241365213
0.60290000000000010  3.3357023461415989  0.93089158080608936
0.60480000000000012  3.3491598161292990  0.93859159995392205
0.60670000000000002  3.3626415133374117  0.94631438851650085
0.60860000000000003  3.3761474329911549  0.95405981633268655
0.61050000000000015  3.3896775699415493  0.96182775441238633
0.61240000000000006  3.4032319186717950  0.96961807492699925
0.61430000000000007  3.4168104733044626  0.97743065119971773
0.61620000000000008  3.4304132276081614  0.98526535769593437
0.61809999999999998  3.4440401750045462  0.99312207001403841
0.62000000000000011  3.4576913085751815  1.0010006648749064
0.62190000000000012  3.4713666210673182  1.0089010201124664
0.62380000000000002  3.4850661049019762  1.0168230146641444
0.62570000000000003  3.4987897521781814  1.0247665285599143
0.62760000000000005  3.5125375546806437  1.0327314429132253
0.62950000000000006  3.5263095038854066  1.0407176399102720
0.63140000000000007  3.5401055909658461  1.0487250028004247
0.63330000000000009  3.5539258067991080  1.0567534158858363
0.63519999999999999  3.5677701419704730  1.0648027645111517
0.63710000000000011  3.5816385867812643  1.0728729350540032
0.63900000000000012  3.5955311312527423  1.0809638149143352
0.64090000000000003  3.6094477651320709  1.0890752925043934
0.64280000000000004  3.6233884778979446  1.0972072572387628
0.64470000000000005  3.6373532587659256  1.1053595995242920
0.64660000000000006  3.6513420966936145  1.1135322107500281
0.64850000000000008  3.6653549803854810  1.1217249832770331
0.65040000000000009  3.6793918982982765  1.1299378104286317
0.65229999999999999  3.6934528386462544  1.1381705864804423
0.65420000000000011  3.7075377894056771  1.1464232066504814
0.65610000000000013  3.7216467383191540  1.1546955670890431
0.65800000000000003  3.7357796729011721  1.1629875648691634
0.65990000000000004  3.7499365804427112  1.1712990979770952
0.66180000000000005  3.7641174480152704  1.1796300653022780
0.66370000000000007  3.7783222624753670  1.1879803666277415
0.66560000000000008  3.7925510104694813  1.1963499026206095
0.66750000000000009  3.8068036784378938  1.2047385748228991
0.66940000000000000  3.8210802526188483  1.2131462856415995
0.67130000000000012  3.8353807190533349  1.2215729383397715
0.67320000000000013  3.8497050635883672  1.2300184370268843
0.67510000000000003  3.8640532718817302  1.2384826866500558
0.67700000000000005  3.8784253294050450  1.2469655929844601
0.67890000000000006  3.8928212214492075  1.2554670626249220
0.68080000000000007  3.9072409331258373  1.2639870029760321
0.68270000000000008  3.9216844493735570  1.2725253222442070
0.68460000000000010  3.9361517549597447  1.2810819294283255
0.68650000000000000  3.9506428344850941  1.2896567343111640
0.68840000000000012  3.9651576723869018  1.2982496474507306
0.69030000000000014  3.9796962529427820  1.3068605801719866
0.69220000000000004  3.9942585602735168  1.3154894445577534
0.69410000000000005  4.0088445783471451  1.3241361534411420
0.69600000000000006  4.0234542909815092  1.3328006203965224
0.69790000000000008  4.0380876818483795  1.3414827597318728
0.69980000000000009  4.0527447344755956  1.3501824864801866
0.70170000000000010  4.0674254322509240  1.3588997163918517
0.70360000000000000  4.0821297584254834  1.3676343659266448
0.70550000000000002  4.0968576961153707  1.3763863522453970
0.70740000000000014  4.1116092283059427  1.3851555932029052
0.70930000000000004  4.1263843378542830  1.3939420073398290
0.71120000000000005  4.1411830074918621  1.4027455138750362
0.71310000000000007  4.1560052198276916  1.4115660326984396
0.71500000000000008  4.1708509573508668  1.4204034843632907
0.71690000000000009  4.1857202024332008  1.4292577900788281
0.71880000000000011  4.2006129373320800  1.4381288717031453
0.72070000000000001  4.2155291441930398  1.4470166517359915
0.72260000000000002  4.2304688050522889  1.4559210533115643
0.72450000000000014  4.2454319018392113  1.4648420001917708
0.72640000000000005  4.2604184163788661  1.4737794167589362
0.72830000000000006  4.2754283303944574  1.4827332280093122
0.73020000000000007  4.2904616255098249  1.4917033595461482
0.73210000000000008  4.3055182832513061  1.5006897375729409
0.73400000000000010  4.3205982850506741  1.5096922888870012
0.73590000000000011  4.3357016122471874  1.5187109408730093
0.73780000000000001  4.3508282460895273  1.5277456214961869
0.73970000000000002  4.3659781677383247  1.5367962592964410
0.74160000000000015  4.3811513582681014  1.5458627833816601
0.74350000000000005  4.3963477986697983  1.5549451234219580
0.74540000000000006  4.4115674698521428  1.5640432096431274
0.74730000000000008  4.4268103526439582  1.5731569728206933
0.74919999999999998  4.4420764277966862  1.5822863442742374
0.75110000000000010  4.4573656759859732  1.5914312558613983
0.75300000000000011  4.4726780778129580  1.6005916399715001
0.75490000000000002  4.4880136138072597  1.6097674295206672
0.75680000000000003  4.5033722644281866  1.6189585579455523
0.75870000000000015  4.5187540100667283  1.6281649591980187
0.76060000000000005  4.5341588310476402  1.6373865677395392
0.76250000000000007  4.5495867076301764  1.6466233185355099
0.76440000000000008  4.5650376200115375  1.6558751470504303
0.76629999999999998  4.5805115483265739  1.6651419892417141
0.76820000000000010  4.5960084726512838  1.6744237815553751
0.77010000000000012  4.6115283730034076  1.6837204609203078
0.77200000000000002  4.6270712293440734  1.6930319647431267
0.77390000000000003  4.6426370215798567  1.7023582309032455
0.77580000000000016  4.6582257295640002  1.7116991977481626
0.77770000000000006  4.6738373330981631  1.7210548040880145
0.77960000000000007  4.6894718119334096  1.7304249891909187
0.78150000000000008  4.7051291457724300  1.7398096927784177
0.78339999999999999  4.7208093142706291  1.7492088550204861
0.78530000000000011  4.7365122970371765  1.7586224165306665
0.78720000000000012  4.7522380736372742  1.7680503183620686
0.78910000000000002  4.7679866235927362  1.7774925020022008
0.79100000000000004  4.7837579263836636  1.7869489093687494
0.79290000000000016  4.7995519614498194  1.7964194828050299
0.79480000000000006  4.8153687081919943  1.8059041650758396
0.79670000000000007  4.8312081459728979  1.8154028993627143
0.79860000000000009  4.8470702541186714  1.8249156292599709
0.80049999999999999  4.8629550119206062  1.8344422987706033
0.80240000000000011  4.8788623986353947  1.8439828523016140
0.80430000000000013  4.8947923934869575  1.8535372346603913
0.80620000000000003  4.9107449756677175  1.8631053910505253
0.80810000000000004  4.9267201243390160  1.8726872670674528
0.81000000000000016  4.9427178186333105  1.8822828086951258
0.81190000000000007  4.9587380376543644  1.8918919623015316
0.81380000000000008  4.9747807604790033  1.9015146746353802
0.81570000000000009  4.9908459661573987  1.9111508928215430
0.81759999999999999  5.0069336337150911  1.9208005643581580
0.81950000000000012  5.0230437421532619  1.9304636371122352
0.82140000000000013  5.0391762704503957  1.9401400593165234
0.82330000000000003  5.0553311975622179  1.9498297795652908
0.82520000000000004  5.0715085024242361  1.9595327468114012
0.82710000000000006  5.0877081639513655  1.9692489103624051
0.82900000000000007  5.1039301610392762  1.9789782198769397
0.83090000000000008  5.1201744725657612  1.9887206253617853
0.83280000000000010  5.1364410773913205  1.9984760771680665
0.83470000000000000  5.1527299543595371  2.0082445259878510
0.83660000000000012  5.1690410822989259  2.0180259228511321
0.83850000000000013  5.1853744400234500  2.0278202191225358
0.84040000000000004  5.2017300063327951  2.0376273664976754
0.84230000000000005  5.2181077600142292  2.0474473170006076
0.84420000000000006  5.2345076798423085  2.0572800229799673
0.84609999999999996  5.2509297445808567  2.0671254371066707
0.84799999999999998  5.2673739329827995  2.0769835123700298
0.84989999999999999  5.2838402237913620  2.0868542020753154
0.85180000000000000  5.3003285957408419  2.0967374598404387
0.85370000000000013  5.3168390275574513  2.1066332395932812
0.85560000000000014  5.3333714979597051  2.1165414955682937
0.85750000000000004  5.3499259856593619  2.1264621823042074
0.85940000000000005  5.3665024693621781  2.1363952546406755
0.86130000000000007  5.3831009277688064  2.1463406677158061
0.86319999999999997  5.3997213395748176  2.1562983769631554
0.86509999999999998  5.4163636834724738  2.1662683381092442
0.86699999999999999  5.4330279381497943  2.1762505071703755
0.86890000000000001  5.4497140822929744  2.1862448404504531
0.87079999999999991  5.4664220945857203  2.1962512945381096
0.87270000000000014  5.4831519537105731  2.2062698263040299
0.87460000000000004  5.4999036383495232  2.2163003928987188
0.87650000000000006  5.5166771271839572  2.2263429517492264
0.87840000000000007  5.5334723988958316  2.2363974605573884
0.88029999999999997  5.5502894321685297  2.2464638772969656
0.88219999999999998  5.5671282056865712  2.2565421602111972
0.88410000000000000  5.5839886981369604  2.2666322678104169
0.88600000000000001  5.6008708882092524  2.2767341588696448
0.88789999999999991  5.6177747545965291  2.2868477924262196
0.88980000000000015  5.6347002759955727  2.2969731277774432
0.89170000000000005  5.6516474311072793  2.3071101244780841
0.89360000000000006  5.6686161986379098  2.3172587423385220
0.89550000000000007  5.6856065572985726  2.3274189414220063
0.89739999999999998  5.7026184858069531  2.3375906820427708
0.89929999999999999  5.7196519628863527  2.3477739247635103
0.90120000000000000  5.7367069672671995  2.3579686303933780
0.90309999999999990  5.7537834776878327  2.3681747599860916
0.90499999999999992  5.7708814728933842  2.3783922748370565
0.90689999999999993  5.7880009316379377  2.3886211364819663
0.90879999999999994  5.8051418326840345  2.3988613066943594
0.91070000000000007  5.8223041548035317  2.4091127474838085
0.91260000000000008  5.8394878767775555  2.4193754210934677
0.91449999999999998  5.8566929773976790  2.4296492899985269
0.91639999999999999  5.8739194354654272  2.4399343169038428
0.91830000000000001  5.8911672297932398  2.4502304647420807
0.92019999999999991  5.9084363392051946  2.4605376966720653
0.92209999999999992  5.9257267425366127  2.4708559760763675
0.92399999999999993  5.9430384186347336  2.4811852665596374
0.92589999999999995  5.9603713463596923  2.4915255319469125
0.92780000000000007  5.9777255045838604  2.5018767362812828
0.92970000000000008  5.9951008721929737  2.5122388438224590
0.93159999999999998  6.0124974280862071  2.5226118190447675
0.93350000000000000  6.0299151511766746  2.5329956266354845
0.93540000000000001  6.0473540203917535  2.5433902314929817
0.93729999999999991  6.0648140146730505  2.5537955987247400
0.93919999999999992  6.0822951129771496  2.5642116936460022
0.94109999999999994  6.0997972942761232  2.5746384817778827
0.94299999999999995  6.1173205375571547  2.5850759288455056
0.94490000000000007  6.1348648218233830  2.5955240007765585
0.94680000000000009  6.1524301260942540  2.6059826636995433
0.94869999999999999  6.1700164294056048  2.6164518839421533
0.95060000000000000  6.1876237108099472  2.6269316280295216
0.95250000000000001  6.2052519493767058  2.6374218626827193
0.95439999999999992  6.2229011241928562  2.6479225548171113
0.95629999999999993  6.2405712143630039  2.6584336715409478
0.95819999999999994  6.2582621990093381  2.6689551801534583
0.96009999999999995  6.2759740572724443  2.6794870481436028
0.96199999999999986  6.2937067683113463  2.6900292431885124
0.96390000000000009  6.3114603113035601  2.7005817331518251
0.96579999999999999  6.3292346654457523  2.7111444860823246
0.96770000000000000  6.3470298099536748  2.7217174702124329
0.96960000000000002  6.3648457240624658  2.7323006539567283
0.97149999999999992  6.3826823870269838  2.7428940059104714
0.97339999999999993  6.4005397781220417  2.7534974948482436
0.97529999999999994  6.4184178766425442  2.7641110897224892
0.97719999999999996  6.4363166619039136  2.7747347596621688
0.97909999999999986  6.4542361132417376  2.7853684739710998
0.98100000000000009  6.4721762100129379  2.7960122021270979
0.98290000000000000  6.4901369315950346  2.8066659137800647
0.98480000000000001  6.5081182573871201  2.8173295787510746
0.98670000000000002  6.5261201668096875  2.8280031670308929
0.98859999999999992  6.5441426393045932  2.8386866487784133
0.99049999999999994  6.5621856543359263  2.8493799943198628
0.99239999999999995  6.5802491913893402  2.8600831741468964
0.99429999999999996  6.5983332299730177  2.8707961589158786
0.99619999999999986  6.6164377496176474  2.8815189194463691
0.99810000000000010  6.6345627298762846  2.8922514267198509
1.0000000000000000  6.6527081503247105  2.9029936518783996
