5.0000000000000003E-002  0.23927634445742160  9.3398234334165153E-004
5.1899999999999995E-002  0.24840599992166804  1.0276452563960457E-003
5.3800000000000001E-002  0.25753917408111138  1.1266502221793720E-003
5.5700000000000006E-002  0.26667593128242173  1.2310240430394989E-003
5.7599999999999998E-002  0.27581633252118781  1.3407897638459214E-003
5.9499999999999997E-002  0.28496043536993215  1.4559676929448225E-003
6.1400000000000003E-002  0.29410829434024555  1.5765763222380235E-003
6.3300000000000009E-002  0.30325996118802473  1.7026331706012780E-003
6.5200000000000008E-002  0.31241548501195332  1.8341555627844912E-003
6.7099999999999993E-002  0.32157491257263954  1.9711613267116741E-003
6.9000000000000006E-002  0.33073828849635739  2.1136694294311854E-003
7.0900000000000005E-002  0.33990565546875473  2.2617005501916914E-003
7.2799999999999990E-002  0.34907705452764420  2.4152775932474646E-003
7.4700000000000003E-002  0.35825252513645739  2.5744261506255757E-003
7.6600000000000001E-002  0.36743210545449756  2.7391749104814251E-003
7.8500000000000000E-002  0.37661583249669861  2.9095560207177650E-003
8.0400000000000013E-002  0.38580374230542103  3.0856054092947608E-003
8.2300000000000012E-002  0.39499587011133219  3.2673630647502916E-003
8.4199999999999997E-002  0.40419225046742119  3.4548732802757594E-003
8.6099999999999996E-002  0.41339291746983836  3.6481848645297530E-003
8.7999999999999995E-002  0.42259790478109344  3.8473513217059476E-003
8.9899999999999994E-002  0.43180724583077379  4.0524310038754291E-003
9.1800000000000007E-002  0.44102097391769951  4.2634872379788778E-003
9.3700000000000006E-002  0.45023912232234836  4.4805884298344751E-003
9.5600000000000004E-002  0.45946172441145522  4.7038081473501220E-003
9.7500000000000017E-002  0.46868881373670951  4.9332251849898761E-003
9.9400000000000002E-002  0.47792042412607394  5.1689236113321947E-003
0.10130000000000000  0.48715658976907111  5.4109928015119955E-003
0.10320000000000000  0.49639734529677698  5.6595274561311876E-003
0.10510000000000000  0.50564272585461911  5.9146276080217696E-003
0.10700000000000000  0.51489276717228150  6.1763986184422727E-003
0.10890000000000001  0.52414750562557133  6.4449511636082398E-003
0.11080000000000001  0.53340697829684447  6.7204012130465257E-003
0.11270000000000001  0.54267122302800241  7.0028700005718668E-003
0.11460000000000002  0.55194027845605298  7.2924839888814999E-003
0.11649999999999999  0.56121418346895990  7.5888956318422860E-003
0.11840000000000001  0.57049292880779467  7.8871693631868429E-003
0.12030000000000000  0.57977648062937615  8.1897163970937187E-003
0.12220000000000000  0.58906484140783266  8.4977584421522465E-003
0.12410000000000000  0.59835802669297300  8.8119154894393398E-003
0.12600000000000000  0.60765605948087431  9.1326283760177745E-003
0.12790000000000001  0.61695896803372308  9.4602555778385278E-003
0.12980000000000003  0.62626678473450514  9.7951105063438064E-003
0.13169999999999998  0.63557954539159167  1.0137479453749562E-002
0.13360000000000000  0.64489728877659269  1.0487631446764281E-002
0.13550000000000001  0.65422005629727442  1.0845824160848018E-002
0.13739999999999999  0.66354789175645679  1.1212307705826275E-002
0.13930000000000001  0.67288084116606950  1.1587327170002468E-002
0.14120000000000002  0.68221895260164223  1.1971124396310978E-002
0.14310000000000000  0.69156227608390164  1.2363939260913377E-002
0.14500000000000002  0.70091086348224341  1.2766010617015981E-002
0.14690000000000000  0.71026476843321373  1.3177577006174477E-002
0.14879999999999999  0.71962404627200838  1.3598877203978139E-002
0.15070000000000000  0.72898875397280605  1.4030150644946443E-002
0.15260000000000001  0.73835895009791475  1.4471637757850545E-002
0.15450000000000000  0.74773469475211696  1.4923580233203842E-002
0.15640000000000001  0.75711604954302525  1.5386221238970571E-002
0.15830000000000002  0.76650307754534852  1.5859805595988784E-002
0.16020000000000001  0.77589584326877925  1.6344579921860759E-002
0.16210000000000002  0.78529441262940614  1.6840792749795955E-002
0.16400000000000001  0.79469885292291798  1.7348694627502510E-002
0.16589999999999999  0.80410923280108060  1.7868538200029451E-002
0.16780000000000000  0.81352562224909630  1.8400578279371634E-002
0.16970000000000002  0.82294809256581447  1.8945071903591092E-002
0.17160000000000000  0.83237671634456756  1.9502278386969215E-002
0.17350000000000002  0.84181156745585239  2.0072459362911660E-002
0.17540000000000003  0.85125272103114635  2.0655878820779152E-002
0.17730000000000001  0.86070025344763090  2.1252803137453147E-002
0.17920000000000003  0.87015424231395078  2.1863501104607361E-002
0.18110000000000001  0.87961476645690717  2.2488243952114115E-002
0.18300000000000000  0.88908190590018055  2.3127305368227713E-002
0.18490000000000001  0.89855574188764442  2.3780961516643783E-002
0.18680000000000002  0.90803635681950101  2.4449491051221867E-002
0.18870000000000001  0.91752383427678474  2.5133175127972036E-002
0.19060000000000002  0.92701825900251777  2.5832297414924436E-002
0.19250000000000003  0.93651971689219360  2.6547144099784297E-002
0.19439999999999999  0.94602829498469287  2.7278003895494795E-002
0.19630000000000000  0.95554408145352132  2.8025168043667895E-002
0.19820000000000002  0.96506716559857575  2.8788930315957483E-002
0.20010000000000000  0.97459763783800146  2.9569587013238214E-002
0.20200000000000001  0.98413558970057469  3.0367436962597718E-002
0.20390000000000003  0.99368111381813906  3.1182781512007606E-002
0.20580000000000001  1.0032343039184610  3.2015924522607660E-002
0.20770000000000002  1.0127952548180466  3.2867172358415693E-002
0.20960000000000004  1.0223640624153656  3.3736833873377454E-002
0.21149999999999999  1.0319408236839180  3.4625220395592564E-002
0.21340000000000001  1.0415256366656560  3.5532645708494508E-002
0.21529999999999999  1.0511186004643009  3.6459426028914922E-002
0.21720000000000000  1.0607198152387445  3.7405879981733864E-002
0.21909999999999999  1.0703293821963740  3.8372328571011756E-002
0.22100000000000003  1.0799474035865440  3.9359095147338131E-002
0.22289999999999999  1.0895739826937532  4.0366505371254080E-002
0.22479999999999997  1.0992092238308577  4.1394887172508332E-002
0.22670000000000001  1.1088532323321409  4.2444570704954034E-002
0.22860000000000000  1.1185061145462090  4.3515888296835510E-002
0.23050000000000001  1.1281679778286198  4.4609174396366649E-002
0.23240000000000000  1.1378389305344265  4.5724765512284916E-002
0.23430000000000001  1.1475190820103414  4.6863000149195193E-002
0.23619999999999999  1.1572085425866301  4.8024218737625038E-002
0.23810000000000003  1.1669074235687360  4.9208763558416024E-002
0.23999999999999999  1.1766158372284821  5.0416978661444470E-002
0.24189999999999998  1.1863338967948951  5.1649209778370633E-002
0.24380000000000002  1.1960617164446663  5.2905804229354349E-002
0.24570000000000000  1.2057994112920600  5.4187110823504879E-002
0.24760000000000001  1.2155470973784190  5.5493479752979691E-002
0.24950000000000000  1.2253048916611158  5.6825262480607000E-002
0.25140000000000001  1.2350729120019464  5.8182811620904440E-002
0.25330000000000003  1.2448512771549807  5.9566480814435517E-002
0.25519999999999998  1.2546401067537902  6.0976624595379510E-002
0.25710000000000000  1.2644395212980586  6.2413598252386515E-002
0.25900000000000001  1.2742496421394673  6.3877757682510181E-002
0.26090000000000002  1.2840705914669872  6.5369459238417221E-002
0.26279999999999998  1.2939024922913880  6.6889059568705028E-002
0.26469999999999999  1.3037454684290581  6.8436915451525651E-002
0.26660000000000000  1.3135996444850020  7.0013383621494396E-002
0.26849999999999996  1.3234651458351476  7.1618820590000923E-002
0.27040000000000003  1.3333420986078059  7.3253582459079633E-002
0.27229999999999999  1.3432306296642742  7.4918024728951330E-002
0.27420000000000000  1.3531308665787043  7.6612502099449406E-002
0.27610000000000001  1.3630429376170641  7.8337368265532281E-002
0.27799999999999997  1.3729669717152444  8.0092975707102207E-002
0.27989999999999998  1.3829030984620609  8.1879675473814223E-002
0.28179999999999999  1.3928514480524707  8.3697816962992597E-002
0.28370000000000001  1.4028121512982459  8.5547747696283816E-002
0.28559999999999997  1.4127853395788517  8.7429813088475125E-002
0.28750000000000003  1.4227711448213010  8.9344356213879234E-002
0.28939999999999999  1.4327696994729888  9.1291717568926803E-002
0.29130000000000000  1.4427811364736984  9.3272234831512604E-002
0.29320000000000002  1.4528055892268497  9.5286242617631745E-002
0.29509999999999997  1.4628431915697409  9.7334072235864461E-002
0.29699999999999999  1.4728940777431099  9.9416051440098976E-002
0.29890000000000000  1.4829583823597423  0.10153250418112846
0.30080000000000001  1.4930362403724478  0.10368375035766113
0.30269999999999997  1.5031277870411717  0.10587010556724842
0.30460000000000004  1.5132331578993501  0.10809188085779321
0.30649999999999999  1.5233524887195129  0.11034938248016889
0.30840000000000001  1.5334859154783864  0.11264291164262648
0.31030000000000002  1.5436335743211278  0.11497276426751778
0.31219999999999998  1.5537956015250398  0.11733923075103840
0.31409999999999999  1.5639721334627879  0.11974259572652478
0.31600000000000000  1.5741633065649450  0.12218313783200530
0.31790000000000002  1.5843692572821020  0.12466112948255227
0.31979999999999997  1.5945901220465837  0.12717683664806673
0.32170000000000004  1.6048260372336727  0.12973051863707710
0.32360000000000000  1.6150771391225682  0.13232242788716536
0.32549999999999996  1.6253435638569886  0.13495280976256066
0.32740000000000002  1.6356254474055909  0.13762190235941699
0.32929999999999998  1.6459229255220866  0.14032993631936749
0.33119999999999999  1.6562361337053928  0.14307713465179750
0.33310000000000001  1.6665652071647512  0.14586371256628164
0.33500000000000002  1.6769102807583003  0.14868987730985972
0.33689999999999998  1.6872714889859932  0.15155582802413597
0.33879999999999999  1.6976489659270759  0.15446175560294712
0.34070000000000000  1.7080428452062191  0.15740784256579593
0.34259999999999996  1.7184532599539570  0.16039426294141737
0.34450000000000003  1.7288803427671862  0.16342118216262613
0.34639999999999999  1.7393242256702337  0.16648875697278376
0.34830000000000000  1.7497850400763375  0.16959713534410945
0.35020000000000001  1.7602629167493511  0.17274645640778780
0.35210000000000002  1.7707579857660622  0.17593685039622076
0.35399999999999998  1.7812703764790281  0.17916843859729420
0.35589999999999999  1.7918002174799654  0.18244133332082954
0.35780000000000001  1.8023476365638031  0.18575563787707391
0.35969999999999996  1.8129127606934226  0.18911144656727563
0.36160000000000003  1.8234957159706575  0.19250884468772517
0.36349999999999999  1.8340966275794379  0.19594790853776553
0.36540000000000000  1.8447156197886132  0.19942870545546360
0.36730000000000002  1.8553528158953847  0.20295129384841423
0.36920000000000003  1.8660083382002284  0.20651572324400180
0.37109999999999999  1.8766823079766302  0.21012203434888482
0.37300000000000000  1.8873748454417354  0.21377025911914599
0.37490000000000001  1.8980860697280650  0.21746042084072389
0.37679999999999997  1.9088160988561573  0.22119253421973428
0.37870000000000004  1.9195650497082217  0.22496660548237907
0.38059999999999999  1.9303330380029107  0.22878263248397615
0.38250000000000001  1.9411201782711576  0.23264060482673513
0.38440000000000002  1.9519265838388666  0.23654050398790405
0.38629999999999998  1.9627523667806723  0.24048230344494456
0.38819999999999999  1.9735976379371101  0.24446596883035657
0.39010000000000000  1.9844625068684771  0.24849145807052714
0.39200000000000002  1.9953470818428989  0.25255872154263903
0.39389999999999997  2.0062514698189657  0.25666770223525531
0.39580000000000004  2.0171757764293643  0.26081833591429038
0.39770000000000000  2.0281201059656011  0.26501055129392231
0.39959999999999996  2.0390845613639446  0.26924427021202957
0.40150000000000002  2.0500692441923998  0.27351940780958123
0.40339999999999998  2.0610742546388119  0.27783587271355831
0.40529999999999999  2.0720996915050951  0.28219356722524375
0.40720000000000001  2.0831456521763272  0.28659238749902954
0.40910000000000002  2.0942122326457984  0.29103222374846754
0.41099999999999998  2.1052995274836017  0.29551296042788611
0.41290000000000004  2.1164076298363663  0.30003447642883035
0.41480000000000000  2.1275366314217750  0.30459664527461650
0.41669999999999996  2.1386866225240140  0.30919933531524990
0.41860000000000003  2.1498576919902352  0.31384240992247570
0.42049999999999998  2.1610499272279271  0.31852572768450155
0.42240000000000005  2.1722634142086572  0.32324914260312332
0.42430000000000007  2.1834982374444123  0.32801250427406980
0.42620000000000002  2.1947544800241454  0.33281565809904173
0.42809999999999998  2.2060322235888838  0.33765844546164459
0.43000000000000005  2.2173315483404084  0.34254070391962910
0.43190000000000006  2.2286525330437730  0.34746226739099317
0.43380000000000002  2.2399952550308435  0.35242296633796094
0.43570000000000003  2.2513597902041704  0.35742262794816232
0.43759999999999999  2.2627462130419427  0.36246107631311936
0.43950000000000006  2.2741545966087919  0.36753813260739904
0.44140000000000007  2.2855850125395412  0.37265361524549390
0.44330000000000003  2.2970375310813878  0.37780734007498806
0.44519999999999998  2.3085122210763811  0.38299912052511298
0.44710000000000000  2.3200091499760465  0.38822876777323362
0.44900000000000007  2.3315283838497560  0.39349609090289966
0.45090000000000002  2.3430699873939100  0.39880089705839961
0.45280000000000004  2.3546340239413159  0.40414299159526162
0.45469999999999999  2.3662205554713647  0.40952217822693332
0.45660000000000006  2.3778296426202408  0.41493825916733934
0.45850000000000007  2.3894613446975583  0.42039103527469329
0.46040000000000003  2.4011157196740869  0.42588030616474937
0.46229999999999999  2.4127928242300363  0.43140587037430361
0.46420000000000000  2.4244927137413534  0.43696752546470158
0.46610000000000007  2.4362154422987450  0.44256506815009533
0.46800000000000003  2.4479610627201946  0.44819829441569370
0.46990000000000004  2.4597296265637207  0.45386699963180138
0.47180000000000011  2.4715211841404758  0.45957097866405716
0.47370000000000007  2.4833357845280042  0.46531002597954818
0.47560000000000008  2.4951734755836843  0.47108393574892216
0.47750000000000004  2.5070343039584948  0.47689250194474225
0.47939999999999999  2.5189183151106622  0.48273551843584167
0.48130000000000006  2.5308255533198420  0.48861277907797868
0.48320000000000007  2.5427560617011546  0.49452407780072910
0.48510000000000003  2.5547098822226491  0.50046920869679035
0.48700000000000004  2.5666870557058470  0.50644796607652087
0.48890000000000011  2.5786876218617545  0.51246014458260736
0.49080000000000007  2.5907116192903765  0.51850553923641851
0.49270000000000008  2.6027590854989926  0.52458394551389265
0.49460000000000004  2.6148300569168845  0.53069515941163536
0.49650000000000000  2.6269245689096432  0.53683897750960086
0.49840000000000007  2.6390426557940634  0.54301519703079082
0.50030000000000008  2.6511843508525841  0.54922361589786017
0.50220000000000009  2.6633496863477193  0.55546403278668532
0.50409999999999999  2.6755386935369327  0.56173624717719839
0.50600000000000001  2.6877514026868385  0.56804005940135371
0.50790000000000013  2.6999878430878073  0.57437527068836913
0.50980000000000003  2.7122480430684179  0.58074168320741648
0.51170000000000004  2.7245320300097444  0.58713910010773873
0.51360000000000006  2.7368398303596964  0.59356732555630443
0.51550000000000007  2.7491714696471137  0.60002616477310489
0.51740000000000008  2.7615269724961173  0.60651542406422931
0.51930000000000009  2.7739063626398739  0.61303491085260620
0.52120000000000000  2.7863096629347419  0.61958443370675553
0.52310000000000001  2.7987368953706571  0.62616380237467051
0.52500000000000013  2.8111880810983294  0.63277282777900001
0.52690000000000003  2.8236632404227171  0.63941132208475704
0.52880000000000005  2.8361623928299271  0.64607909868999303
0.53070000000000006  2.8486855569970366  0.65277597225246209
0.53260000000000007  2.8612327508059545  0.65950175870752126
0.53450000000000009  2.8738039913558033  0.66625627528375331
0.53640000000000010  2.8863992949761679  0.67303934051756142
0.53830000000000000  2.8990186772404187  0.67985077426610085
0.54020000000000001  2.9116621529774620  0.68669039771863039
0.54210000000000014  2.9243297362852156  0.69355803340694522
0.54400000000000004  2.9370214405426429  0.70045350521407901
0.54590000000000005  2.9497372784218956  0.70737663838205267
0.54780000000000006  2.9624772619008972  0.71432725951836740
0.54970000000000008  2.9752414022748308  0.72130519660134940
0.55160000000000009  2.9880297101681701  0.72831027898449008
0.55350000000000010  3.0008421955465767  0.73534233739981192
0.55540000000000000  3.0136788677282320  0.74240120396017506
0.55730000000000002  3.0265397353951404  0.74948671216070883
0.55920000000000014  3.0394248066044374  0.75659869687934478
0.56110000000000004  3.0523340887997152  0.76373699437674714
0.56300000000000006  3.0652675888215097  0.77090144229512314
0.56490000000000007  3.0782253129183936  0.77809187965650872
0.56680000000000008  3.0912072667574884  0.78530814686038497
0.56870000000000009  3.1042134554348708  0.79255008568049035
0.57060000000000011  3.1172438834861769  0.79981753926120547
0.57250000000000001  3.1302985548964823  0.80711035211317628
0.57440000000000002  3.1433774731102506  0.81442837010841462
0.57630000000000015  3.1564806410414383  0.82177144047498274
0.57820000000000005  3.1696080610832289  0.82913941179128015
0.58010000000000006  3.1827597351173891  0.83653213397947668
0.58200000000000007  3.1959356644900656  0.84394945830730106
0.58389999999999997  3.2091358501562137  0.85139123734703404
0.58580000000000010  3.2223602924860169  0.85885732501955270
0.58770000000000011  3.2356089914084141  0.86634757655128669
0.58960000000000001  3.2488819463873662  0.87386184847564186
0.59150000000000003  3.2621791564295211  0.88139999862377516
0.59340000000000015  3.2755006200934109  0.88896188611649285
0.59530000000000005  3.2888463354975452  0.89654737135461438
0.59720000000000006  3.3022163003284981  0.90415631601041557
0.59910000000000008  3.3156105118498642  0.91178858301766574
0.60099999999999998  3.3290289669095081  0.91944403656233098
0.60290000000000010  3.3424716619474033  0.92712254207254563
0.60480000000000012  3.3559385930044319  0.93482396620887087
0.60670000000000002  3.3694297557286013  0.94254817685390013
0.60860000000000003  3.3829451453834798  0.95029504310220625
0.61050000000000015  3.3964847568554428  0.95806443525003748
0.61240000000000006  3.4100485846606596  0.96585622478454991
0.61430000000000007  3.4236366229522797  0.97367028437365721
0.61620000000000008  3.4372488655277151  0.98150648785502193
0.61809999999999998  3.4508853058351661  0.98936471022565020
0.62000000000000011  3.4645459369808020  0.99724482763094757
0.62190000000000012  3.4782307517348716  1.0051467173540289
0.62380000000000002  3.4919397425387633  1.0130702578047577
0.62570000000000003  3.5056729015111010  1.0210153285091836
0.62760000000000005  3.5194302204540797  1.0289818100981745
0.62950000000000006  3.5332116908600941  1.0369695842971371
0.63140000000000007  3.5470173039172996  1.0449785339146596
0.63330000000000009  3.5608470505156373  1.0530085428318274
0.63519999999999999  3.5747009212528931  1.0610594959911797
0.63710000000000011  3.5885789064411999  1.0691312793865873
0.63900000000000012  3.6024809961108288  1.0772237800511202
0.64090000000000003  3.6164071800180384  1.0853368860477646
0.64280000000000004  3.6303574476487102  1.0934704864573823
0.64470000000000005  3.6443317882248492  1.1016244713689347
0.64660000000000006  3.6583301907095378  1.1097987318684766
0.64850000000000008  3.6723526438116951  1.1179931600282997
0.65040000000000009  3.6863991359922799  1.1262076488969734
0.65229999999999999  3.7004696554680598  1.1344420924883747
0.65420000000000011  3.7145641902173798  1.1426963857714878
0.65610000000000013  3.7286827279847334  1.1509704246600345
0.65800000000000003  3.7428252562855802  1.1592641060022892
0.65990000000000004  3.7569917624104900  1.1675773275703771
0.66180000000000005  3.7711822334307907  1.1759099880509194
0.66370000000000007  3.7853966562022565  1.1842619870344460
0.66560000000000008  3.7996350173696238  1.1926332250055249
0.66750000000000009  3.8138973033711885  1.2010236033329094
0.66940000000000000  3.8281835004430600  1.2094330242598796
0.67130000000000012  3.8424935946231225  1.2178613908941476
0.67320000000000013  3.8568275717548719  1.2263086071984071
0.67510000000000003  3.8711854174926286  1.2347745779811006
0.67700000000000005  3.8855671173044417  1.2432592088865395
0.67890000000000006  3.8999726564759039  1.2517624063855513
0.68080000000000007  3.9144020201148830  1.2602840777665116
0.68270000000000008  3.9288551931546367  1.2688241311260460
0.68460000000000010  3.9433321603573499  1.2773824753595500
0.68650000000000000  3.9578329063185738  1.2859590201529323
0.68840000000000012  3.9723574154695735  1.2945536759729206
0.69030000000000014  3.9869056720819769  1.3031663540588174
0.69220000000000004  4.0014776602710826  1.3117969664138462
0.69410000000000005  4.0160733639980402  1.3204454257956815
0.69600000000000006  4.0306927670746662  1.3291116457091094
0.69790000000000008  4.0453358531660220  1.3377955403967912
0.69980000000000009  4.0600026057933425  1.3464970248310912
0.70170000000000010  4.0746930083377606  1.3552160147060635
0.70360000000000000  4.0894070440429067  1.3639524264289984
0.70550000000000002  4.1041446960185750  1.3727061771126579
0.70740000000000014  4.1189059472428182  1.3814771845671885
0.70930000000000004  4.1336907805652086  1.3902653672919802
0.71120000000000005  4.1484991787104617  1.3990706444685255
0.71310000000000007  4.1633311242798783  1.4078929359521266
0.71500000000000008  4.1781865997554615  1.4167321622647528
0.71690000000000009  4.1930655875015095  1.4255882445872283
0.71880000000000011  4.2079680697683095  1.4344611047520657
0.72070000000000001  4.2228940286938217  1.4433506652359813
0.72260000000000002  4.2378434463067469  1.4522568491527588
0.72450000000000014  4.2528163045292420  1.4611795802461771
0.72640000000000005  4.2678125851786977  1.4701187828826929
0.72830000000000006  4.2828322699711832  1.4790743820450307
0.73020000000000007  4.2978753405224017  1.4880463033243707
0.73210000000000008  4.3129417783520845  1.4970344729149165
0.73400000000000010  4.3280315648844221  1.5060388176059791
0.73590000000000011  4.3431446814509220  1.5150592647758363
0.73780000000000001  4.3582811092930651  1.5240957423852797
0.73970000000000002  4.3734408295644522  1.5331481789712158
0.74160000000000015  4.3886238233320816  1.5422165036399405
0.74350000000000005  4.4038300715794332  1.5513006460611669
0.74540000000000006  4.4190595552083156  1.5604005364618885
0.74730000000000008  4.4343122550404468  1.5695161056198788
0.74919999999999998  4.4495881518199889  1.5786472848581696
0.75110000000000010  4.4648872262154171  1.5877940060386024
0.75300000000000011  4.4802094588209993  1.5969562015562226
0.75490000000000002  4.4955548301594899  1.6061338043333890
0.75680000000000003  4.5109233206831361  1.6153267478140254
0.75870000000000015  4.5263149107760077  1.6245349659579413
0.76060000000000005  4.5417295807558959  1.6337583932353656
0.76250000000000007  4.5571673108757915  1.6429969646213136
0.76440000000000008  4.5726280813256039  1.6522506155902017
0.76629999999999998  4.5881118722341858  1.6615192821104905
0.76820000000000010  4.6036186636706784  1.6708029006392540
0.77010000000000012  4.6191484356462134  1.6801014081170784
0.77200000000000002  4.6347011681155612  1.6894147419628596
0.77390000000000003  4.6502768409788509  1.6987428400687408
0.77580000000000016  4.6658754340831994  1.7080856407951228
0.77770000000000006  4.6814969272238560  1.7174430829654743
0.77960000000000007  4.6971413001457742  1.7268151058617187
0.78150000000000008  4.7128085325455089  1.7362016492191927
0.78339999999999999  4.7284986040720840  1.7456026532219135
0.78530000000000011  4.7442114943292912  1.7550180584981718
0.78720000000000012  4.7599471828760498  1.7644478061153752
0.78910000000000002  4.7757056492281960  1.7738918375757193
0.79100000000000004  4.7914868728602880  1.7833500948118168
0.79290000000000016  4.8072908332063582  1.7928225201818926
0.79480000000000006  4.8231175096612233  1.8023090564656215
0.79670000000000007  4.8389668815823237  1.8118096468597964
0.79860000000000009  4.8548389282901692  1.8213242349737466
0.80049999999999999  4.8707336290703704  1.8308527648253983
0.80240000000000011  4.8866509631744721  1.8403951808370596
0.80430000000000013  4.9025909098209386  1.8499514278311078
0.80620000000000003  4.9185534481967972  1.8595214510259890
0.80810000000000004  4.9345385574583922  1.8691051960323382
0.81000000000000016  4.9505462167328620  1.8787026088488177
0.81190000000000007  4.9665764051188690  1.8883136358583488
0.81380000000000008  4.9826291016880564  1.8979382238240450
0.81570000000000009  4.9987042854859389  1.9075763198856899
0.81759999999999999  5.0148019355326250  1.9172278715554902
0.81950000000000012  5.0309220308249456  1.9268928267150971
0.82140000000000013  5.0470645503361089  1.9365711336111289
0.82330000000000003  5.0632294730175058  1.9462627408519999
0.82520000000000004  5.0794167777995947  1.9559675974043309
0.82710000000000006  5.0956264435926757  1.9656856525892121
0.82900000000000007  5.1118584492880883  1.9754168560789371
0.83090000000000008  5.1281127737586809  1.9851611578932959
0.83280000000000010  5.1443893958606104  1.9949185083965559
0.83470000000000000  5.1606882944330437  2.0046888582936080
0.83660000000000012  5.1770094483002982  2.0144721586272429
0.83850000000000013  5.1933528362714831  2.0242683607741050
0.84040000000000004  5.2097184371422909  2.0340774164422801
0.84230000000000005  5.2261062296957022  2.0438992776676703
0.84420000000000006  5.2425161927020536  2.0537338968106624
0.84609999999999996  5.2589483049209846  2.0635812265535720
0.84799999999999998  5.2754025451012785  2.0734412198970307
0.84989999999999999  5.2918788919822006  2.0833138301572283
0.85180000000000000  5.3083773242939163  2.0931990109629264
0.85370000000000013  5.3248978207585491  2.1030967162522867
0.85560000000000014  5.3414403600907967  2.1130069002702672
0.85750000000000004  5.3580049209983560  2.1229295175652978
0.85940000000000005  5.3745914821834022  2.1328645229869969
0.86130000000000007  5.3912000223424759  2.1428118716828455
0.86319999999999997  5.4078305201673320  2.1527715190955772
0.86509999999999998  5.4244829543465487  2.1627434209607288
0.86699999999999999  5.4411573035645899  2.1727275333033305
0.86890000000000001  5.4578535465037428  2.1827238124357597
0.87079999999999991  5.4745716618440952  2.1927322149546882
0.87270000000000014  5.4913116282648735  2.2027526977390197
0.87460000000000004  5.5080734244438156  2.2127852179464442
0.87650000000000006  5.5248570290593131  2.2228297330118654
0.87840000000000007  5.5416624207897014  2.2328862006440722
0.88029999999999997  5.5584895783147132  2.2429545788237970
0.88219999999999998  5.5753384803154846  2.2530348258008841
0.88410000000000000  5.5922091054754617  2.2631269000920224
0.88600000000000001  5.6091014324811326  2.2732307604784867
0.88789999999999991  5.6260154400218099  2.2833463660033417
0.88980000000000015  5.6429511067911466  2.2934736759696657
0.89170000000000005  5.6599084114866711  2.3036126499375644
0.89360000000000006  5.6768873328111855  2.3137632477225263
0.89550000000000007  5.6938878494729979  2.3239254293928080
0.89739999999999998  5.7109099401857017  2.3340991552670616
0.89929999999999999  5.7279535836702804  2.3442843859127125
0.90120000000000000  5.7450187586534938  2.3544810821428968
0.90309999999999990  5.7621054438703574  2.3646892050152513
0.90499999999999992  5.7792136180631521  2.3749087158289961
0.90689999999999993  5.7963432599827636  2.3851395761232550
0.90879999999999994  5.8134943483886454  2.3953817476749055
0.91070000000000007  5.8306668620491182  2.4056351924962045
0.91260000000000008  5.8478607797428195  2.4158998728334451
0.91449999999999998  5.8650760802578477  2.4261757511642617
0.91639999999999999  5.8823127423929336  2.4364627901959288
0.91830000000000001  5.8995707449573835  2.4467609528631780
0.92019999999999991  5.9168500667722626  2.4570702023267654
0.92209999999999992  5.9341506866699305  2.4673905019710070
0.92399999999999993  5.9514725834946578  2.4777218154020226
0.92589999999999995  5.9688157361033864  2.4880641064460427
0.92780000000000007  5.9861801233658367  2.4984173391474189
0.92970000000000008  6.0035657241646900  2.5087814777667128
0.93159999999999998  6.0209725173962809  2.5191564867789458
0.93350000000000000  6.0384004819706325  2.5295423308718115
0.93540000000000001  6.0558495968123269  2.5399389749440351
0.93729999999999991  6.0733198408600515  2.5503463841032157
0.93919999999999992  6.0908111930676192  2.5607645236645098
0.94109999999999994  6.1083236324041374  2.5711933591488121
0.94299999999999995  6.1258571378539397  2.5816328562808049
0.94490000000000007  6.1434116884174816  2.5920829809875814
0.94680000000000009  6.1609872631113305  2.6025436993968780
0.94869999999999999  6.1785838409683924  2.6130149778353449
0.95060000000000000  6.1962014010381399  2.6234967828269249
0.95250000000000001  6.2138399223877423  2.6339890810915825
0.95439999999999992  6.2314993841009390  2.6444918395430985
0.95629999999999993  6.2491797652796715  2.6550050252880628
0.95819999999999994  6.2668810450435393  2.6655286056240892
0.96009999999999995  6.2846032025300316  2.6760625480380198
0.96199999999999986  6.3023462168956659  2.6866068202050264
0.96390000000000009  6.3201100673151620  2.6971613899865048
0.96579999999999999  6.3378947329821900  2.7077262254286900
0.96770000000000000  6.3557001931101373  2.7183012947617158
0.96960000000000002  6.3735264269310097  2.7288865663972306
0.97149999999999992  6.3913734136973650  2.7394820089279626
0.97339999999999993  6.4092411326810197  2.7500875911253728
0.97529999999999994  6.4271295631740735  2.7607032819387989
0.97719999999999996  6.4450386844893846  2.7713290504940771
0.97909999999999986  6.4629684759597090  2.7819648660916134
0.98100000000000009  6.4809189169394301  2.7926106982058196
0.98290000000000000  6.4988899868032437  2.8032665164829886
0.98480000000000001  6.5168816649476238  2.8139322907405075
0.98670000000000002  6.5348939307902896  2.8246079909652702
0.98859999999999992  6.5529267637702233  2.8352935873121785
0.99049999999999994  6.5709801433489963  2.8459890501034231
0.99239999999999995  6.5890540490097278  2.8566943498266495
0.99429999999999996  6.6071484602576023  2.8674094571337010
0.99619999999999986  6.6252633566208550  2.8781343428399397
0.99810000000000010  6.6433987176496592  2.8888689779221957
1.0000000000000000  6.6615545229173572  2.8996133335181598
