5.0000000000000003E-002	0.23931076911571345	9.5613187865227142E-004
5.1899999999999995E-002	0.24844258660379803	1.0504325227837267E-003
5.3800000000000001E-002	0.25757794461453920	1.1499901864562233E-003
5.5700000000000006E-002	0.26671690368574291	1.2548276970981824E-003
5.7599999999999998E-002	0.27585952098332855	1.3649647380058695E-003
5.9499999999999997E-002	0.28500585063109279	1.4804188369695939E-003
6.1400000000000003E-002	0.29415594368492820	1.6012063017792578E-003
6.3300000000000009E-002	0.30330984863475341	1.7273430392897892E-003
6.5200000000000008E-002	0.31246761147051760	1.8588453196458727E-003
6.7099999999999993E-002	0.32162927600245217	1.9957304560290685E-003
6.9000000000000006E-002	0.33079488406636132	2.1380174199737770E-003
7.0900000000000005E-002	0.33996447571837923	2.2857273921570226E-003
7.2799999999999990E-002	0.34913808952566711	2.4388842517298398E-003
7.4700000000000003E-002	0.35831576264342940	2.5975150139283597E-003
7.6600000000000001E-002	0.36749753108048933	2.7616502128082979E-003
7.8500000000000000E-002	0.37668342985988151	2.9313242385194446E-003
8.0400000000000013E-002	0.38587349318625824	3.1065756306445230E-003
8.2300000000000012E-002	0.39506775460579507	3.2874473316763025E-003
8.4199999999999997E-002	0.40426624715534976	3.4739869039205700E-003
8.6099999999999996E-002	0.41346900348535232	3.6662467131324226E-003
8.7999999999999995E-002	0.42267605606884634	3.8642840817758608E-003
8.9899999999999994E-002	0.43188743720966227	4.0681614147012983E-003
9.1800000000000007E-002	0.44110317923396725	4.2779462999736782E-003
9.3700000000000006E-002	0.45032331458006969	4.4937115872048811E-003
9.5600000000000004E-002	0.45954787589846863	4.7155354456095986E-003
9.7500000000000017E-002	0.46877689614583740	4.9435014039464062E-003
9.9400000000000002E-002	0.47801040867159716	5.1776983741959274E-003
0.10130000000000000	0.48724844729860095	5.4182206608548627E-003
0.10320000000000000	0.49649104639780550	5.6651679573165538E-003
0.10510000000000000	0.50573824095678810	5.9186453309556363E-003
0.10700000000000000	0.51499006664389757	6.1787631982866149E-003
0.10890000000000001	0.52424655986590352	6.4456372913198941E-003
0.11080000000000001	0.53350775782272997	6.7193886164091665E-003
0.11270000000000001	0.54277369855629976	7.0001434064986701E-003
0.11460000000000002	0.55204442099574613	7.2880330678666448E-003
0.11649999999999999	0.56131994819585551	7.5798826139010372E-003
0.11840000000000001	0.57060023866261467	7.8743671781567395E-003
0.12030000000000000	0.57988528188422173	8.1738621898529047E-003
0.12220000000000000	0.58917508845782218	8.4791549582751181E-003
0.12410000000000000	0.59846967831567810	8.7907505433763924E-003
0.12600000000000000	0.60776907753679787	9.1090402833781062E-003
0.12790000000000001	0.61707331683126432	9.4343570002034076E-003
0.12980000000000003	0.62638243066696131	9.7669994546460900E-003
0.13169999999999998	0.63569645670807073	1.0107245096346413E-002
0.13360000000000000	0.64501543542681994	1.0455357445540551E-002
0.13550000000000001	0.65433940982065053	1.0811590693716585E-002
0.13739999999999999	0.66366842519768610	1.1176192732254259E-002
0.13930000000000001	0.67300252900908730	1.1549407232270681E-002
0.14120000000000002	0.68234177071444480	1.1931475121568539E-002
0.14310000000000000	0.69168620167126871	1.2322635662520242E-002
0.14500000000000002	0.70103587504309650	1.2723127256634287E-002
0.14690000000000000	0.71039084572149114	1.3133188056602685E-002
0.14879999999999999	0.71975117025872981	1.3553056439556966E-002
0.15070000000000000	0.72911690680993335	1.3982971378155538E-002
0.15260000000000001	0.73848811508159040	1.4423172735263367E-002
0.15450000000000000	0.74786485628665100	1.4873901500551260E-002
0.15640000000000001	0.75724719310386879	1.5335399982374090E-002
0.15830000000000002	0.76663518964145017	1.5807911964960387E-002
0.16020000000000001	0.77602891140430141	1.6291682838242248E-002
0.16210000000000002	0.78542842526410628	1.6786959706136032E-002
0.16400000000000001	0.79483379943193455	1.7293991477556309E-002
0.16589999999999999	0.80424510343316502	1.7813028943580330E-002
0.16780000000000000	0.81366240808431956	1.8344324843479670E-002
0.16970000000000002	0.82308578547179168	1.8888133921677906E-002
0.17160000000000000	0.83251530893190162	1.9444712977266073E-002
0.17350000000000002	0.84195105303265627	2.0014320907570271E-002
0.17540000000000003	0.85139309355632309	2.0597218746566354E-002
0.17730000000000001	0.86084150748361987	2.1193669699272798E-002
0.17920000000000003	0.87029637297855922	2.1803939172605445E-002
0.18110000000000001	0.87975776936572136	2.2428294803331840E-002
0.18300000000000000	0.88922577715234985	2.3067006483295089E-002
0.18490000000000001	0.89870047796308195	2.3720346382879207E-002
0.18680000000000002	0.90818195456355422	2.4388588972100493E-002
0.18870000000000001	0.91767029084059404	2.5072011040079095E-002
0.19060000000000002	0.92716557179203496	2.5770891712875561E-002
0.19250000000000003	0.93666788351686081	2.6485512469714922E-002
0.19439999999999999	0.94617731320614495	2.7216157157631083E-002
0.19630000000000000	0.95569394913427308	2.7963112004570429E-002
0.19820000000000002	0.96521788065074798	2.8726665630889256E-002
0.20010000000000000	0.97474919817238626	2.9507109059149089E-002
0.20200000000000001	0.98428799317586346	3.0304735722160171E-002
0.20390000000000003	0.99383435819066501	3.1119841469128596E-002
0.20580000000000001	1.0033883867923383	3.1952724569796448E-002
0.20770000000000002	1.0129501735959516	3.2803685716373765E-002
0.20960000000000004	1.0225198142499050	3.3673028023168149E-002
0.21149999999999999	1.0320974054299328	3.4561057023633435E-002
0.21340000000000001	1.0416830448332113	3.5468080664747055E-002
0.21529999999999999	1.0512768311726470	3.6394409298410507E-002
0.21720000000000000	1.0608788641714053	3.7340355669744349E-002
0.21909999999999999	1.0704892445572920	3.8306234901981748E-002
0.22100000000000003	1.0801080740573366	3.9292364477793142E-002
0.22289999999999999	1.0897354553923833	4.0299064216745097E-002
0.22479999999999997	1.0993714922715956	4.1326656248729936E-002
0.22670000000000001	1.1090162893869104	4.2375464983037271E-002
0.22860000000000000	1.1186699524074799	4.3445817072906630E-002
0.23050000000000001	1.1283325879738990	4.4538041375265340E-002
0.23240000000000000	1.1380043036922645	4.5652468905431356E-002
0.23430000000000001	1.1476852081281697	4.6789432786557721E-002
0.23619999999999999	1.1573754108002594	4.7949268193540298E-002
0.23810000000000003	1.1670750221737016	4.9132312291230218E-002
0.23999999999999999	1.1767841536532071	5.0338904166636077E-002
0.24189999999999998	1.1865029175758528	5.1569384755032616E-002
0.24380000000000002	1.1962314272033543	5.2824096759649573E-002
0.24570000000000000	1.2059697967141005	5.4103384564835384E-002
0.24760000000000001	1.2157181411945885	5.5407594142469679E-002
0.24950000000000000	1.2254765766304683	5.6737072951520397E-002
0.25140000000000001	1.2352452198970370	5.8092169830533558E-002
0.25330000000000003	1.2450241887491791	5.9473234882999527E-002
0.25519999999999998	1.2548136018106950	6.0880619355425082E-002
0.25710000000000000	1.2646135785630592	6.2314675508089397E-002
0.25900000000000001	1.2744242393334917	6.3775756478346449E-002
0.26090000000000002	1.2842457052823228	6.5264216136539571E-002
0.26279999999999998	1.2940780983897076	6.6780408934395713E-002
0.26469999999999999	1.3039215414415604	6.8324689746008485E-002
0.26660000000000000	1.3137761580146792	6.9897413701387093E-002
0.26849999999999996	1.3236420724612070	7.1498936012701478E-002
0.27040000000000003	1.3335194098920851	7.3129611793244842E-002
0.27229999999999999	1.3434082961598544	7.4789795869330239E-002
0.27420000000000000	1.3533088578404564	7.6479842585189819E-002
0.27610000000000001	1.3632212222142190	7.8200105601178765E-002
0.27799999999999997	1.3731455172459677	7.9950937685391618E-002
0.27989999999999998	1.3830818715641815	8.1732690499032479E-002
0.28179999999999999	1.3930304144392276	8.3545714375816899E-002
0.28370000000000001	1.4029912757663010	8.5390358096056398E-002
0.28559999999999997	1.4129645860192488	8.7266968653559887E-002
0.28750000000000003	1.4229504762602545	8.9175891021436041E-002
0.28939999999999999	1.4329490780912466	9.1117467909542449E-002
0.29130000000000000	1.4429605236334588	9.3092039519849790E-002
0.29320000000000002	1.4529849454998711	9.5099943297796544E-002
0.29509999999999997	1.4630224767671252	9.7141513680556707E-002
0.29699999999999999	1.4730732509463265	9.9217081842889604E-002
0.29890000000000000	1.4831374019528869	0.10132697544083859
0.30080000000000001	1.4932150640756980	0.10347151835411818
0.30269999999999997	1.5033063719452138	0.10565103042771387
0.30460000000000004	1.5134114605010334	0.10786582721322328
0.30649999999999999	1.5235304649582104	0.11011621971065250
0.30840000000000001	1.5336635207731986	0.11240251411133879
0.31030000000000002	1.5438107636088638	0.11472501154257285
0.31219999999999998	1.5539723292987551	0.11708400781459623
0.31409999999999999	1.5641483538109102	0.11947979317075165
0.31600000000000000	1.5743389732107380	0.12191265204125065
0.31790000000000002	1.5845443236236039	0.12438286280144312
0.31979999999999997	1.5947645411966824	0.12689069753506890
0.32170000000000004	1.6049997620603671	0.12943642180323242
0.32360000000000000	1.6152501222892939	0.13202029441974047
0.32549999999999996	1.6255157578629191	0.13464256723337079
0.32740000000000002	1.6357968046257851	0.13730348491774541
0.32929999999999998	1.6460933982474850	0.14000328476931337
0.33119999999999999	1.6564056741824515	0.14274219651407297
0.33310000000000001	1.6667337676295226	0.14552044212352389
0.33500000000000002	1.6770778134965572	0.14833823564131621
0.33689999999999998	1.6874379463389100	0.15119578301523734
0.33879999999999999	1.6978143003512316	0.15409328194971306
0.34070000000000000	1.7082070093047197	0.15703092175932581
0.34259999999999996	1.7186162065128068	0.16000888323886445
0.34450000000000003	1.7290420247908149	0.16302733854395673
0.34639999999999999	1.7394845964160377	0.16608645108372153
0.34830000000000000	1.7499440530883379	0.16918637542567536
0.35020000000000001	1.7604205258908761	0.17232725721300607
0.35210000000000002	1.7709141452514086	0.17550923309440358
0.35399999999999998	1.7814250409040626	0.17873243066654551
0.35589999999999999	1.7919533418516138	0.18199696842927446
0.35780000000000001	1.8024991763284091	0.18530295575349690
0.35969999999999996	1.8130626717638907	0.18865049286175251
0.36160000000000003	1.8236439547469010	0.19203967082138731
0.36349999999999999	1.8342431509959429	0.19547057155173431
0.36540000000000000	1.8448603853030525	0.19894326783586086
0.36730000000000002	1.8554957815343975	0.20245782336024018
0.36920000000000003	1.8661494625747606	0.20601429275031644
0.37109999999999999	1.8768215503014691	0.20961272162564648
0.37300000000000000	1.8875121655540505	0.21325314666490952
0.37490000000000001	1.8982214281045753	0.21693559568179469
0.37679999999999997	1.9089494566290504	0.22066008771155748
0.37870000000000004	1.9196963686798822	0.22442663310773564
0.38059999999999999	1.9304622806593481	0.22823523364873247
0.38250000000000001	1.9412473077941965	0.23208588265372515
0.38440000000000002	1.9520515641113585	0.23597856510750367
0.38629999999999998	1.9628751624200904	0.23991325779577441
0.38819999999999999	1.9737182142675287	0.24388992943801555
0.39010000000000000	1.9845808299531882	0.24790854084931563
0.39200000000000002	1.9954631184843132	0.25196904508682832
0.39389999999999997	2.0063651875638850	0.25607138761431097
0.39580000000000004	2.0172871435731610	0.26021550647013686
0.39770000000000000	2.0282290915554548	0.26440133244070790
0.39959999999999996	2.0391911352009804	0.26862878923883199
0.40150000000000002	2.0501733768329160	0.27289779368637912
0.40339999999999998	2.0611759173945936	0.27720825590092690
0.40529999999999999	2.0721988564433294	0.28156007948829509
0.40720000000000001	2.0832422921164047	0.28595316172453861
0.40910000000000002	2.0943063211589101	0.29038739376837708
0.41099999999999998	2.1053910388889818	0.29486266084629931
0.41290000000000004	2.1164965391975401	0.29937884245450924
0.41480000000000000	2.1276229145420000	0.30393581255857594
0.41669999999999996	2.1387702559411319	0.30853343979380538
0.41860000000000003	2.1499386529708331	0.31317158766577552
0.42049999999999998	2.1611281937609355	0.31785011475069536
0.42240000000000005	2.1723389649989118	0.32256887489854208
0.42430000000000007	2.1835710519034239	0.32732771741789074
0.42620000000000002	2.1948245382640761	0.33212648729575445
0.42809999999999998	2.2060995064132896	0.33696502537800749
0.43000000000000005	2.2173960372354249	0.34184316856773772
0.43190000000000006	2.2287142101690267	0.34676075001722645
0.43380000000000002	2.2400541032096402	0.35171759931764213
0.43570000000000003	2.2514157929137362	0.35671354268598682
0.43759999999999999	2.2627993544031657	0.36174840314922629
0.43950000000000006	2.2742048613760768	0.36682200072925930
0.44140000000000007	2.2856323860891337	0.37193415260426615
0.44330000000000003	2.2970819994014775	0.37708467330879469
0.44519999999999998	2.3085537707557435	0.38227337488665369
0.44710000000000000	2.3200477681926110	0.38750006706261392
0.44900000000000007	2.3315640583595085	0.39276455740567101
0.45090000000000002	2.3431027065191494	0.39806665148835702
0.45280000000000004	2.3546637765593248	0.40340615304206812
0.45469999999999999	2.3662473310026022	0.40878286410829479
0.45660000000000006	2.3778534310168249	0.41419658518568647
0.45850000000000007	2.3894821364258521	0.41964711537298083
0.46040000000000003	2.4011335057256038	0.42513425251229148
0.46229999999999999	2.4128075960757696	0.43065779330442477
0.46420000000000000	2.4245044633428825	0.43621753346885855
0.46610000000000007	2.4362241620909040	0.44181326784914177
0.46800000000000003	2.4479667455995364	0.44744479053993275
0.46990000000000004	2.4597322658769118	0.45311189500451143
0.47180000000000011	2.4715207736730660	0.45881437418818177
0.47370000000000007	2.4833323184928799	0.46455202062735967
0.47560000000000008	2.4951669486100716	0.47032462655474960
0.47750000000000004	2.5070247110806561	0.47613198400031370
0.47939999999999999	2.5189056517570871	0.48197388488831305
0.48130000000000006	2.5308098153022818	0.48785012113037812
0.48320000000000007	2.5427372452038628	0.49376048471474371
0.48510000000000003	2.5546879837918657	0.49970476779794260
0.48700000000000004	2.5666620722395010	0.50568276276063218
0.48890000000000011	2.5786595505990246	0.51169426232539283
0.49080000000000007	2.5906804578014757	0.51773905960392397
0.49270000000000008	2.6027248316755305	0.52381694817511226
0.49460000000000004	2.6147927089617475	0.52992772215237727
0.49650000000000000	2.6268841253276416	0.53607117624801448
0.49840000000000007	2.6389991153822896	0.54224710583413316
0.50030000000000008	2.6511377126912912	0.54845530700063017
0.50220000000000009	2.6632999497912011	0.55469557660971525
0.50409999999999999	2.6754858582045506	0.56096771234796972
0.50600000000000001	2.6876954684543826	0.56727151277513865
0.50790000000000013	2.6999288100788927	0.57360677737023291
0.50980000000000003	2.7121859116461065	0.57997330657515100
0.51170000000000004	2.7244668007683823	0.58637090183531038
0.51360000000000006	2.7367715041168617	0.59279936563800728
0.51550000000000007	2.7491000474358822	0.59925850154833749
0.51740000000000008	2.7614524555573068	0.60574811424261232
0.51930000000000009	2.7738287524146541	0.61226800953964999
0.52120000000000000	2.7862289610573225	0.61881799442979768
0.52310000000000001	2.7986531036608904	0.62539787710918393
0.52500000000000013	2.8111012015554913	0.63200746697496057
0.52690000000000003	2.8235732752180862	0.63864657469359265
0.52880000000000005	2.8360693443003453	0.64531501219121590
0.53070000000000006	2.8485894276386365	0.65201259268084344
0.53260000000000007	2.8611335432676510	0.65873913067984791
0.53450000000000009	2.8737017084332486	0.66549444202604435
0.53640000000000010	2.8862939396059564	0.67227834389194396
0.53830000000000000	2.8989102524941619	0.67909065479790776
0.54020000000000001	2.9115506620562317	0.68593119462316088
0.54210000000000014	2.9242151825140392	0.69279978461619740
0.54400000000000004	2.9369038273652328	0.69969624740346537
0.54590000000000005	2.9496166093955325	0.70662040699670248
0.54780000000000006	2.9623535406911254	0.71357208879944656
0.54970000000000008	2.9751146326508784	0.72055111961202845
0.55160000000000009	2.9878998959980936	0.72755732763574277
0.55350000000000010	3.0007093407927066	0.73459054247604949
0.55540000000000000	3.0135429764425825	0.74165059514429299
0.55730000000000002	3.0264008117150740	0.74873731805915023
0.55920000000000014	3.0392828547487172	0.75585054504693483
0.56110000000000004	3.0521891130641250	0.76299011134080186
0.56300000000000006	3.0651195935749342	0.77015585357958971
0.56490000000000007	3.0780743025991981	0.77734760980574280
0.56680000000000008	3.0910532458695745	0.78456521946239510
0.56870000000000009	3.1040564285442747	0.79180852339003827
0.57060000000000011	3.1170838552173192	0.79907736382240813
0.57250000000000001	3.1301355299288214	0.80637158438176371
0.57440000000000002	3.1432114561753584	0.81369103007378718
0.57630000000000015	3.1563116369195119	0.82103554728175310
0.57820000000000005	3.1694360746000232	0.82840498376030547
0.58010000000000006	3.1825847711413231	0.83579918862884905
0.58200000000000007	3.1957577279285680	0.84321801237244620
0.58389999999999997	3.2089549459554294	0.85066130680169705
0.58580000000000010	3.2221764256252907	0.85812892509441485
0.58770000000000011	3.2354221668992649	0.86562072175384330
0.58960000000000001	3.2486921692701314	0.87313655260895895
0.59150000000000003	3.2619864317715939	0.88067627480531652
0.59340000000000015	3.2753049529866294	0.88823974679584439
0.59530000000000005	3.2886477310555824	0.89582682833173000
0.59720000000000006	3.3020147636854915	0.90343738045289190
0.59910000000000008	3.3154060481575374	0.91107126547790473
0.60099999999999998	3.3288215813354745	0.91872834699421391
0.60290000000000010	3.3422613596734920	0.92640848984785407
0.60480000000000012	3.3557253792242192	0.93411156013337460
0.60670000000000002	3.3692136356456506	0.94183742518280800
0.60860000000000003	3.3827261242102806	0.94958595355577013
0.61050000000000015	3.3962628398107770	0.95735701502824677
0.61240000000000006	3.4098237769686359	0.96515048058218833
0.61430000000000007	3.4234089298403703	0.97296622239400110
0.61620000000000008	3.4370182922255275	0.98080411382452637
0.61809999999999998	3.4506518575728755	0.98866402940710063
0.62000000000000011	3.4643096189876483	0.99654584483705733
0.62190000000000012	3.4779915692377577	1.0044494369603219
0.62380000000000002	3.4916977007612906	1.0123746837625631
0.62570000000000003	3.5054280056720124	1.0203214643576177
0.62760000000000005	3.5191824757662413	1.0282896589767394
0.62950000000000006	3.5329611025291290	1.0362791489572765
0.63140000000000007	3.5467638771405299	1.0442898167313390
0.63330000000000009	3.5605907904813843	1.0523215458148527
0.63519999999999999	3.5744418331393057	1.0603742207964300
0.63710000000000011	3.5883169954146554	1.0684477273260835
0.63900000000000012	3.6022162673257503	1.0765419521042314
0.64090000000000003	3.6161396386156794	1.0846567828707967
0.64280000000000004	3.6300870987564324	1.0927921083941059
0.64470000000000005	3.6440586369552759	1.1009478184597832
0.64660000000000006	3.6580542421593170	1.1091238038599676
0.64850000000000008	3.6720739030616336	1.1173199563828147
0.65040000000000009	3.6861176081060578	1.1255361688013146
0.65229999999999999	3.7001853454909899	1.1337723348622539
0.65420000000000011	3.7142771031771455	1.1420283492767040
0.65610000000000013	3.7283928688895878	1.1503041077082627
0.65800000000000003	3.7425326301238906	1.1585995067632016
0.65990000000000004	3.7566963741509496	1.1669144439799102
0.66180000000000005	3.7708840880212153	1.1752488178186773
0.66370000000000007	3.7850957585688536	1.1836025276509115
0.66560000000000008	3.7993313724172517	1.1919754737498143
0.66750000000000009	3.8135909159820636	1.2003675572795276
0.66940000000000000	3.8278743754770255	1.2087786802857132
0.67130000000000012	3.8421817369166491	1.2172087456851948
0.67320000000000013	3.8565129861213552	1.2256576572564297
0.67510000000000003	3.8708681087214396	1.2341253196297706
0.67700000000000005	3.8852470901605183	1.2426116382776673
0.67890000000000006	3.8996499156996691	1.2511165195051408
0.68080000000000007	3.9140765704221598	1.2596398704407756
0.68270000000000008	3.9285270392357305	1.2681815990267475
0.68460000000000010	3.9430013068774072	1.2767416140099317
0.68650000000000000	3.9574993579167193	1.2853198249328899
0.68840000000000012	3.9720211767594096	1.2939161421244159
0.69030000000000014	3.9865667476506275	1.3025304766907770
0.69220000000000004	4.0011360546790522	1.3111627405070960
0.69410000000000005	4.0157290817797024	1.3198128462082290
0.69600000000000006	4.0303458127375489	1.3284807071803642
0.69790000000000008	4.0449862311904274	1.3371662375523234
0.69980000000000009	4.0596503206326764	1.3458693521870380
0.70170000000000010	4.0743380644180132	1.3545899666733117
0.70360000000000000	4.0890494457629449	1.3633279973177550
0.70550000000000002	4.1037844477494989	1.3720833611362115
0.70740000000000014	4.1185430533281213	1.3808559758457757
0.70930000000000004	4.1333252453211662	1.3896457598571450
0.71120000000000005	4.1481310064250678	1.3984526322663691
0.71310000000000007	4.1629603192135107	1.4072765128471729
0.71500000000000008	4.1778131661406084	1.4161173220435270
0.71690000000000009	4.1926895295426361	1.4249749809614485
0.71880000000000011	4.2075893916417062	1.4338494113621938
0.72070000000000001	4.2225127345479869	1.4427405356545466
0.72260000000000002	4.2374595402621393	1.4516482768872647
0.72450000000000014	4.2524297906778932	1.4605725587421940
0.72640000000000005	4.2674234675847735	1.4695133055270631
0.72830000000000006	4.2824405526707876	1.4784704421685355
0.73020000000000007	4.2974810275238235	1.4874438942048951
0.73210000000000008	4.3125448736349057	1.4964335877795425
0.73400000000000010	4.3276320724004789	1.5054394496340553
0.73590000000000011	4.3427426051241387	1.5144614071015539
0.73780000000000001	4.3578764530194993	1.5234993881001826
0.73970000000000002	4.3730335972115038	1.5325533211261353
0.74160000000000015	4.3882140187400935	1.5416231352482095
0.74350000000000005	4.4034176985602373	1.5507087601000851
0.74540000000000006	4.4186446175462724	1.5598101258754116
0.74730000000000008	4.4338947564921041	1.5689271633206845
0.74919999999999998	4.4491680961142022	1.5780598037294917
0.75110000000000010	4.4644646170533786	1.5872079789365794
0.75300000000000011	4.4797842998765907	1.5963716213116987
0.75490000000000002	4.4951271250787066	1.6055506637537595
0.75680000000000003	4.5104930730847981	1.6147450396851402
0.75870000000000015	4.5258821242517442	1.6239546830460008
0.76060000000000005	4.5412942588702805	1.6331795282886883
0.76250000000000007	4.5567294571658490	1.6424195103716530
0.76440000000000008	4.5721876993017796	1.6516745647547200
0.76629999999999998	4.5876689653797582	1.6609446273931701
0.76820000000000010	4.6031732354419814	1.6702296347324881
0.77010000000000012	4.6187004894732011	1.6795295237032324
0.77200000000000002	4.6342507074014732	1.6888442317155623
0.77390000000000003	4.6498238691007030	1.6981736966544965
0.77580000000000016	4.6654199543911083	1.7075178568741958
0.77770000000000006	4.6810389430420889	1.7168766511938831
0.77960000000000007	4.6966808147722956	1.7262500188918244
0.78150000000000008	4.7123455492524480	1.7356378997013990
0.78339999999999999	4.7280331261058963	1.7450402338058304
0.78530000000000011	4.7437435249100206	1.7544569618332138
0.78720000000000012	4.7594767251985939	1.7638880248525695
0.78910000000000002	4.7752327064619493	1.7733333643684379
0.79100000000000004	4.7910114481490611	1.7827929223167696
0.79290000000000016	4.8068129296686957	1.7922666410602586
0.79480000000000006	4.8226371303908904	1.8017544633840825
0.79670000000000007	4.8384840296479315	1.8112563324913205
0.79860000000000009	4.8543536067356285	1.8207721919986621
0.80049999999999999	4.8702458409147003	1.8303019859319882
0.80240000000000011	4.8861607114121561	1.8398456587227592
0.80430000000000013	4.9020981974221058	1.8494031552029917
0.80620000000000003	4.9180582781074795	1.8589744206020180
0.80810000000000004	4.9340409326002179	1.8685594005415671
0.81000000000000016	4.9500461400034927	1.8781580410325804
0.81190000000000007	4.9660738793921579	1.8877702884706202
0.81380000000000008	4.9821241298142960	1.8973960896325683
0.81570000000000009	4.9981968702917587	1.9070353916721858
0.81759999999999999	5.0142920798211783	1.9166881421165987
0.81950000000000012	5.0304097373761110	1.9263542888627319
0.82140000000000013	5.0465498219067086	1.9360337801734178
0.82330000000000003	5.0627123123413584	1.9457265646736073
0.82520000000000004	5.0788971875877076	1.9554325913470378
0.82710000000000006	5.0951044265331973	1.9651518095324698
0.82900000000000007	5.1113340080468390	1.9748841689204872
0.83090000000000008	5.1275859109790884	1.9846296195495281
0.83280000000000010	5.1438601141634264	1.9943881118028719
0.83470000000000000	5.1601565964175293	2.0041595964052918
0.83660000000000012	5.1764753365433362	2.0139440244193594
0.83850000000000013	5.1928163133282927	2.0237413472424390
0.84040000000000004	5.2091795055464756	2.0335515166033074
0.84230000000000005	5.2255648919591620	2.0433744845592074
0.84420000000000006	5.2419724513154513	2.0532102034921245
0.84609999999999996	5.2584021623537796	2.0630586261064354
0.84799999999999998	5.2748540038016580	2.0729197054249537
0.84989999999999999	5.2913279543774632	2.0827933947866359
0.85180000000000000	5.3078239927907118	2.0926796478431280
0.85370000000000013	5.3243420977428118	2.1025784185559417
0.85560000000000014	5.3408822479280396	2.1124896611936048
0.85750000000000004	5.3574444220334705	2.1224133303282113
0.85940000000000005	5.3740285987413570	2.1323493808335972
0.86130000000000007	5.3906347567279491	2.1422977678814932
0.86319999999999997	5.4072628746653821	2.1522584469393049
0.86509999999999998	5.4239129312218743	2.1622313737670757
0.86699999999999999	5.4405849050626545	2.1722165044150645
0.86890000000000001	5.4572787748503995	2.1822137952207279
0.87079999999999991	5.4739945192461397	2.1922232028063360
0.87270000000000014	5.4907321169092391	2.2022446840759455
0.87460000000000004	5.5074915464989616	2.2122781962133686
0.87650000000000006	5.5242727866742936	2.2223236966791640
0.87840000000000007	5.5410758160950744	2.2323811432083240
0.88029999999999997	5.5579006134221993	2.2424504938076524
0.88219999999999998	5.5747471573183631	2.2525317067533219
0.88410000000000000	5.5916154264488371	2.2626247405886080
0.88600000000000001	5.6085053994813583	2.2727295541211565
0.88789999999999991	5.6254170550873521	2.2828461064207857
0.88980000000000015	5.6423503719425270	2.2929743568172940
0.89170000000000005	5.6593053287265853	2.3031142648977228
0.89360000000000006	5.6762819041246049	2.3132657905044911
0.89550000000000007	5.6932800768270697	2.3234288937327654
0.89739999999999998	5.7102998255306385	2.3336035349285109
0.89929999999999999	5.7273411289382441	2.3437896746860534
0.90120000000000000	5.7444039657600729	2.3539872738459544
0.90309999999999990	5.7614883147137892	2.3641962934930039
0.90499999999999992	5.7785941545248258	2.3744166949537324
0.90689999999999993	5.7957214639271823	2.3846484397946539
0.90879999999999994	5.8128702216637462	2.3948914898200719
0.91070000000000007	5.8300404064864475	2.4051458070697396
0.91260000000000008	5.8472319971571585	2.4154113538171997
0.91449999999999998	5.8644449724478198	2.4256880925675754
0.91639999999999999	5.8816793111409584	2.4359759860555843
0.91830000000000001	5.8989349920301528	2.4462749972436906
0.92019999999999991	5.9162119939199549	2.4565850893197898
0.92209999999999992	5.9335102956273351	2.4669062256958636
0.92399999999999993	5.9508298759807507	2.4772383700054363
0.92589999999999995	5.9681707138216860	2.4875814861022283
0.92780000000000007	5.9855327880043481	2.4979355380580666
0.92970000000000008	6.0029160773960255	2.5083004901608117
0.93159999999999998	6.0203205608781296	2.5186763069131253
0.93350000000000000	6.0377462173454299	2.5290629530299178
0.93540000000000001	6.0551930257072959	2.5394603934371260
0.93729999999999991	6.0726609648880983	2.5498685932700447
0.93919999999999992	6.0901500138264995	2.5602875178707984
0.94109999999999994	6.1076601514770781	2.5707171327875611
0.94299999999999995	6.1251913568097622	2.5811574037722615
0.94490000000000007	6.1427436088105996	2.5916082967791874
0.94680000000000009	6.1603168864818141	2.6020697779630781
0.94869999999999999	6.1779111688421242	2.6125418136776695
0.95060000000000000	6.1955264349271655	2.6230243704739338
0.95250000000000001	6.2131626637898369	2.6335174150986660
0.95439999999999992	6.2308198345004380	2.6440209144926499
0.95629999999999993	6.2484979261469373	2.6545348357892644
0.95819999999999994	6.2661969178350985	2.6650591463126467
0.96009999999999995	6.2839167886894147	2.6755938135766550
0.96199999999999986	6.3016575178526040	2.6861388052828357
0.96390000000000009	6.3194190844862472	2.6966940893191533
0.96579999999999999	6.3372014677710062	2.7072596337585129
0.96770000000000000	6.3550046469066235	2.7178354068570658
0.96960000000000002	6.3728286011128032	2.7284213770531593
0.97149999999999992	6.3906733096286610	2.7390175129653849
0.97339999999999993	6.4085387517134329	2.7496237833915571
0.97529999999999994	6.4264249066466688	2.7602401573070612
0.97719999999999996	6.4443317537284361	2.7708666038636296
0.97909999999999986	6.4622592722792778	2.7815030923877044
0.98100000000000009	6.4802074416409443	2.7921495923794151
0.98290000000000000	6.4981762411760053	2.8028060735107747
0.98480000000000001	6.5161656502686123	2.8134725056247993
0.98670000000000002	6.5341756483244327	2.8241488587338739
0.98859999999999992	6.5522062147704565	2.8348351030183689
0.99049999999999994	6.5702573290565658	2.8455312088259341
0.99239999999999995	6.5883289706536523	2.8562371466692298
0.99429999999999996	6.6064211190556579	2.8669528872255063
0.99619999999999986	6.6245337537788718	2.8776784013350243
0.99810000000000010	6.6426668543620400	2.8884136599996149
1.0000000000000000	6.6608204003669842	2.8991586343817595
