5.0000000000000003E-002	0.23921571841047021	8.2933244726252184E-004
5.1899999999999995E-002	0.24833886513421116	9.1067231138563718E-004
5.3800000000000001E-002	0.25746506302293248	9.9646244480073253E-004
5.5700000000000006E-002	0.26659436151836957	1.0867168945499163E-003
5.7599999999999998E-002	0.27572680687000539	1.1814491942392466E-003
5.9499999999999997E-002	0.28486244288097490	1.2806733495956740E-003
6.1400000000000003E-002	0.29400131092291132	1.3844047580522068E-003
6.3300000000000009E-002	0.30314345031735324	1.4926610117414758E-003
6.5200000000000008E-002	0.31228889864897436	1.6054626118789986E-003
6.7099999999999993E-002	0.32143769189492277	1.7228336054938454E-003
6.9000000000000006E-002	0.33058986474541646	1.8448021351955518E-003
7.0900000000000005E-002	0.33974545081061680	1.9714009196381992E-003
7.2799999999999990E-002	0.34890448281743958	2.1026676667309321E-003
7.4700000000000003E-002	0.35806699288953980	2.2386454236252955E-003
7.6600000000000001E-002	0.36723301262339708	2.3793828736367300E-003
7.8500000000000000E-002	0.37640257334057697	2.5249345791169874E-003
8.0400000000000013E-002	0.38557570623586329	2.6753611792671808E-003
8.2300000000000012E-002	0.39475244253228770	2.8307295458587221E-003
8.4199999999999997E-002	0.40393281362389405	2.9911129010056188E-003
8.6099999999999996E-002	0.41311685120885655	3.1565909011722956E-003
8.7999999999999995E-002	0.42230458739254456	3.3272496906994972E-003
8.9899999999999994E-002	0.43149605487755743	3.5031819281999992E-003
9.1800000000000007E-002	0.44069128695383070	3.6844867892043029E-003
9.3700000000000006E-002	0.44989031766770138	3.8712699472483493E-003
9.5600000000000004E-002	0.45909318188992115	4.0636435364043008E-003
9.7500000000000017E-002	0.46829991539502552	4.2617260974029212E-003
9.9400000000000002E-002	0.47751055493241329	4.4656425094787826E-003
0.10130000000000000	0.48672513829094738	4.6755239098323232E-003
0.10320000000000000	0.49594370435729157	4.8915076025588238E-003
0.10510000000000000	0.50516629316790485	5.1137369584587714E-003
0.10700000000000000	0.51439294595536900	5.3423613072468325E-003
0.10890000000000001	0.52362370518955614	5.5775358234050106E-003
0.11080000000000001	0.53285861461398376	5.8194214069395159E-003
0.11270000000000001	0.54209771927701544	6.0681845598193436E-003
0.11460000000000002	0.55134106556050189	6.3239972593178437E-003
0.11649999999999999	0.56058870120214244	6.5870368289310203E-003
0.11840000000000001	0.56984067530004934	6.8574858076005853E-003
0.12030000000000000	0.57909703839061011	7.1355318177842774E-003
0.12220000000000000	0.58835784237103594	7.4213674336138383E-003
0.12410000000000000	0.59762312692913699	7.7124381565612686E-003
0.12600000000000000	0.60689288573352185	8.0080380899475185E-003
0.12790000000000001	0.61616713729767092	8.3100677107516580E-003
0.12980000000000003	0.62544591577032060	8.6192292337777254E-003
0.13169999999999998	0.63472926273170638	8.9360094785715157E-003
0.13360000000000000	0.64401722487378454	9.2608071342225561E-003
0.13550000000000001	0.65330985287394949	9.5939751104429007E-003
0.13739999999999999	0.66260720073311108	9.9358394507775612E-003
0.13930000000000001	0.67190932534140568	1.0286709241590782E-002
0.14120000000000002	0.68121628617124841	1.0646882365365843E-002
0.14310000000000000	0.69052814504805871	1.1016649090821675E-002
0.14500000000000002	0.69984496597226398	1.1396294435528613E-002
0.14690000000000000	0.70916681497633494	1.1786099785458703E-002
0.14879999999999999	0.71849376000666187	1.2186344041356802E-002
0.15070000000000000	0.72782587082433803	1.2597304451474098E-002
0.15260000000000001	0.73716321891975700	1.3019257229178929E-002
0.15450000000000000	0.74650587743809682	1.3452478019124687E-002
0.15640000000000001	0.75585392111390903	1.3897242254506639E-002
0.15830000000000002	0.76520742621220594	1.4353825434012786E-002
0.16020000000000001	0.77456647047568572	1.4822503339239637E-002
0.16210000000000002	0.78393113307681095	1.5303552206834374E-002
0.16400000000000001	0.79330149457340360	1.5797248866089179E-002
0.16589999999999999	0.80267763686839921	1.6303870850035707E-002
0.16780000000000000	0.81205964317230483	1.6823696485632686E-002
0.16970000000000002	0.82144759796816136	1.7357004967938374E-002
0.17160000000000000	0.83084158697907273	1.7904076421407945E-002
0.17350000000000002	0.84024169713757446	1.8465191951187829E-002
0.17540000000000003	0.84964801655721534	1.9040633686467148E-002
0.17730000000000001	0.85906063450536330	1.9630684817478847E-002
0.17920000000000003	0.86847964136873290	2.0235629627537929E-002
0.18110000000000001	0.87790512866537596	2.0855753520740154E-002
0.18300000000000000	0.88733718896823954	2.1491343047054124E-002
0.18490000000000001	0.89677591591920636	2.2142685924169209E-002
0.18680000000000002	0.90622140419969599	2.2810071057534360E-002
0.18870000000000001	0.91567374951129421	2.3493788558491040E-002
0.19060000000000002	0.92513304855728662	2.4194129760957299E-002
0.19250000000000003	0.93459939902500122	2.4911387236686875E-002
0.19439999999999999	0.94407289956919760	2.5645854809366486E-002
0.19630000000000000	0.95355364979595847	2.6397827567491584E-002
0.19820000000000002	0.96304175024766248	2.7167601876110409E-002
0.20010000000000000	0.97253730238829517	2.7955475387357948E-002
0.20200000000000001	0.98204040858969721	2.8761747049756588E-002
0.20390000000000003	0.99155117211826738	2.9586717116149470E-002
0.20580000000000001	1.0010696971222486	3.0430687150170548E-002
0.20770000000000002	1.0105960886195493	3.1293960031107300E-002
0.20960000000000004	1.0201304524861057	3.2176839956988681E-002
0.21149999999999999	1.0296728954445169	3.3079632445737465E-002
0.21340000000000001	1.0392235250533672	3.4002644334164660E-002
0.21529999999999999	1.0487824496965887	3.4946183774652029E-002
0.21720000000000000	1.0583497785734630	3.5910560229258995E-002
0.21909999999999999	1.0679256216886348	3.6896084461077512E-002
0.22100000000000003	1.0775100898426564	3.7903068522596492E-002
0.22289999999999999	1.0871032946224921	3.8931825740843293E-002
0.22479999999999997	1.0967053483924087	3.9982670699082880E-002
0.22670000000000001	1.1063163642848459	4.1055919214815523E-002
0.22860000000000000	1.1159364561915306	4.2151888313904491E-002
0.23050000000000001	1.1255657387545490	4.3270896200530096E-002
0.23240000000000000	1.1352043273574619	4.4413262222808760E-002
0.23430000000000001	1.1448523381165085	4.5579306833807835E-002
0.23619999999999999	1.1545098878716544	4.6769351547797454E-002
0.23810000000000003	1.1641770941775276	4.7983718891477192E-002
0.23999999999999999	1.1738540752944229	4.9222732350021024E-002
0.24189999999999998	1.1835409501788516	5.0486716307746621E-002
0.24380000000000002	1.1932378384742210	5.1775995983218845E-002
0.24570000000000000	1.2029448605009760	5.3090897358658976E-002
0.24760000000000001	1.2126621372467059	5.4431747103476098E-002
0.24950000000000000	1.2223897903558065	5.5798872491807178E-002
0.25140000000000001	1.2321279421188625	5.7192601313963254E-002
0.25330000000000003	1.2418767154616261	5.8613261781662450E-002
0.25519999999999998	1.2516362339336133	6.0061182426989074E-002
0.25710000000000000	1.2614066216962512	6.1536691994997846E-002
0.25900000000000001	1.2711880035105432	6.3040119329962049E-002
0.26090000000000002	1.2809805047242935	6.4571793255219959E-002
0.26279999999999998	1.2907842512586571	6.6132042446625294E-002
0.26469999999999999	1.3005993695943476	6.7721195299671480E-002
0.26660000000000000	1.3104259867570658	6.9339579790289804E-002
0.26849999999999996	1.3202642303024195	7.0987523329442540E-002
0.27040000000000003	1.3301142283002467	7.2665352611611084E-002
0.27229999999999999	1.3399761093181948	7.4373393457280182E-002
0.27420000000000000	1.3498500024107196	7.6111970650006799E-002
0.27610000000000001	1.3597360370770217	7.7881407765904645E-002
0.27799999999999997	1.3696343432794862	7.9682027001583000E-002
0.27989999999999998	1.3795450513997844	8.1514148992960056E-002
0.28179999999999999	1.3894682922251809	8.3378092631223200E-002
0.28370000000000001	1.3994041969280169	8.5274174873557401E-002
0.28559999999999997	1.4093528970444000	8.7202710549763765E-002
0.28750000000000003	1.4193145244520651	8.9164012164717546E-002
0.28939999999999999	1.4292892113476596	9.1158389697301001E-002
0.29130000000000000	1.4392770902230945	9.3186150396048037E-002
0.29320000000000002	1.4492782938413959	9.5247598572007708E-002
0.29509999999999997	1.4592929552115517	9.7343035389161378E-002
0.29699999999999999	1.4693212075629742	9.9472758652901436E-002
0.29890000000000000	1.4793631843189221	0.10163706259705402
0.30080000000000001	1.4894190190694394	0.10383623766985760
0.30269999999999997	1.4994888455434841	0.10607057031946018
0.30460000000000004	1.5095727975806028	0.10834034277943812
0.30649999999999999	1.5196710091017209	0.11064583285480457
0.30840000000000001	1.5297836140795422	0.11298731370910964
0.31030000000000002	1.5399107465082100	0.11536505365314001
0.31219999999999998	1.5500525403725038	0.11777931593569561
0.31409999999999999	1.5602091296164997	0.12023035853714066
0.31600000000000000	1.5703806481117089	0.12271843396605350
0.31790000000000002	1.5805672296248243	0.12524378905974951
0.31979999999999997	1.5907690077849816	0.12780666478900954
0.32170000000000004	1.6009861160507146	0.13040729606765636
0.32360000000000000	1.6112186876765064	0.13304591156745232
0.32549999999999996	1.6214668556791532	0.13572273353883793
0.32740000000000002	1.6317307528037701	0.13843797763794952
0.32929999999999998	1.6420105114952077	0.14119185276146490
0.33119999999999999	1.6523062638409873	0.14398456088358774
0.33310000000000001	1.6626181415719425	0.14681629691097256
0.33500000000000002	1.6729462760037022	0.14968724853526863
0.33689999999999998	1.6832907980084881	0.15259759609942092
0.33879999999999999	1.6936518379807162	0.15554751247170132
0.34070000000000000	1.7040295258025062	0.15853716292878201
0.34259999999999996	1.7144239908095258	0.16156670504825726
0.34450000000000003	1.7248353617569416	0.16463628861079246
0.34639999999999999	1.7352637667857151	0.16774605551219732
0.34830000000000000	1.7457093333890337	0.17089613968554243
0.35020000000000001	1.7561721883791481	0.17408666703349707
0.35210000000000002	1.7666524578546468	0.17731775537107017
0.35399999999999998	1.7771502671680335	0.18058951437874907
0.35589999999999999	1.7876657408938619	0.18390204556615000
0.35780000000000001	1.7981990027973738	0.18725544224619792
0.35969999999999996	1.8087501758092654	0.19064978952129638
0.36160000000000003	1.8193193819722975	0.19408516427228351
0.36349999999999999	1.8299067424476358	0.19756163517339873
0.36540000000000000	1.8405123774613965	0.20107926270163115
0.36730000000000002	1.8511364062825690	0.20463809916412209
0.36920000000000003	1.8617789471956361	0.20823818873403036
0.37109999999999999	1.8724401174739693	0.21187956749599507
0.37300000000000000	1.8831200333539067	0.21556226350121785
0.37490000000000001	1.8938188100097675	0.21928629683166131
0.37679999999999997	1.9045365615296734	0.22305167967332848
0.37870000000000004	1.9152734008922436	0.22685841639809939
0.38059999999999999	1.9260294399442184	0.23070650365396231
0.38250000000000001	1.9368047893850497	0.23459593046536348
0.38440000000000002	1.9475995587210169	0.23852667833018276
0.38629999999999998	1.9584138562854050	0.24249872134664854
0.38819999999999999	1.9692477891922779	0.24651202632384300
0.39010000000000000	1.9801014633258986	0.25056655291058516
0.39200000000000002	1.9909749833241197	0.25466225372803619
0.39389999999999997	2.0018684525627690	0.25879907450796780
0.39580000000000004	2.0127819731408518	0.26297695423627565
0.39770000000000000	2.0237156458669379	0.26719582530133967
0.39959999999999996	2.0346695702463848	0.27145561364684750
0.40150000000000002	2.0456438444695890	0.27575623892856366
0.40339999999999998	2.0566385654068502	0.28009761467727157
0.40529999999999999	2.0676538285749571	0.28447964845198903
0.40720000000000001	2.0786897281657488	0.28890224202267678
0.40910000000000002	2.0897463570118293	0.29336529152760460
0.41099999999999998	2.1008238065866522	0.29786868764712932
0.41290000000000004	2.1119221669984714	0.30241231577607974
0.41480000000000000	2.1230415269851832	0.30699605619741788
0.41669999999999996	2.1341819739102506	0.31161978425677717
0.41860000000000003	2.1453435937592324	0.31628337053749850
0.42049999999999998	2.1565264711437440	0.32098668103930761
0.42240000000000005	2.1677306892728287	0.32572957733929747
0.42430000000000007	2.1789563299950094	0.33051191678895425
0.42620000000000002	2.1902034737679217	0.33533355267256237
0.42809999999999998	2.2014721996671160	0.34019433438427515
0.43000000000000005	2.2127625853876625	0.34509410759987658
0.43190000000000006	2.2240747072462748	0.35003271444702139
0.43380000000000002	2.2354086401842683	0.35500999367369840
0.43570000000000003	2.2467644577713375	0.36002578081476566
0.43759999999999999	2.2581422322161839	0.36507990836048537
0.43950000000000006	2.2695420343443105	0.37017220590105560
0.44140000000000007	2.2809639336463161	0.37530250031331441
0.44330000000000003	2.2924079982542178	0.38047061589867370
0.44519999999999998	2.3038742949558153	0.38567637454178738
0.44710000000000000	2.3153628892019316	0.39091959586166541
0.44900000000000007	2.3268738451144220	0.39620009735952860
0.45090000000000002	2.3384072254939849	0.40151769456342007
0.45280000000000004	2.3499630918292835	0.40687220116972056
0.45469999999999999	2.3615415043058241	0.41226342918112763
0.45660000000000006	2.3731425218155682	0.41769118904130720
0.45850000000000007	2.3847662019728193	0.42315528977109651
0.46040000000000003	2.3964126011000402	0.42865553907513415
0.46229999999999999	2.4080817742767229	0.43419174349851769
0.46420000000000000	2.4197737753239386	0.43976370852475055
0.46610000000000007	2.4314886568224008	0.44537123869842199
0.46800000000000003	2.4432264701242241	0.45101413773857707
0.46990000000000004	2.4549872653647071	0.45669220864814192
0.47180000000000011	2.4667710914744378	0.46240525382024344
0.47370000000000007	2.4785779961916727	0.46815307514048243
0.47560000000000008	2.4904080260747721	0.47393547408595343
0.47750000000000004	2.5022612265150728	0.47975225182056774
0.47939999999999999	2.5141376417496231	0.48560320928699258
0.48130000000000006	2.5260373148743693	0.49148814729505924
0.48320000000000007	2.5379602878572411	0.49740686660678191
0.48510000000000003	2.5499066015555982	0.50335916802438196
0.48700000000000004	2.5618762957127350	0.50934485244267513
0.48890000000000011	2.5738694089975787	0.51536372096408012
0.49080000000000007	2.5858859790003001	0.52141557494335056
0.49270000000000008	2.5979260422503199	0.52750021606314590
0.49460000000000004	2.6099896342302724	0.53361744639994635
0.49650000000000000	2.6220767893897627	0.53976706848676481
0.49840000000000007	2.6341875411589131	0.54594888537284891
0.50030000000000008	2.6463219219621590	0.55216270068073792
0.50220000000000009	2.6584799632322027	0.55840831866035934
0.50409999999999999	2.6706616954235467	0.56468554424047557
0.50600000000000001	2.6828671480263790	0.57099418307756511
0.50790000000000013	2.6950963495802043	0.57733404160197355
0.50980000000000003	2.7073493276874250	0.58370492706171795
0.51170000000000004	2.7196261090272116	0.59010664756379372
0.51360000000000006	2.7319267193689023	0.59653901211318572
0.51550000000000007	2.7442511835854297	0.60300183064957591
0.51740000000000008	2.7565995256670504	0.60949491408184320
0.51930000000000009	2.7689717687344069	0.61601807432047928
0.52120000000000000	2.7813679350519163	0.62257112430787998
0.52310000000000001	2.7937880460386908	0.62915387805447653
0.52500000000000013	2.8062321222909210	0.63576615063371633
0.52690000000000003	2.8187001835812548	0.64240775825471175
0.52880000000000005	2.8311922488803241	0.64907851825230944
0.53070000000000006	2.8437083363673001	0.65577824911649163
0.53260000000000007	2.8562484634436740	0.66250677051226037
0.53450000000000009	2.8688126467442800	0.66926390329696539
0.53640000000000010	2.8814009021506917	0.67604946953680611
0.53830000000000000	2.8940132448035021	0.68286329252206324
0.54020000000000001	2.9066496891141913	0.68970519678014253
0.54210000000000014	2.9193102487774487	0.69657500808798101
0.54400000000000004	2.9319949367831106	0.70347255348293580
0.54590000000000005	2.9447037654278061	0.71039766127221737
0.54780000000000006	2.9574367463270796	0.71735016104170157
0.54970000000000008	2.9701938904260938	0.72432988366289264
0.55160000000000009	2.9829752080121312	0.73133666129955832
0.55350000000000010	2.9957807087250803	0.73837032741267639
0.55540000000000000	3.0086104015688044	0.74543071676490547
0.55730000000000002	3.0214642949221870	0.75251766542385168
0.55920000000000014	3.0343423965500067	0.75963101076456607
0.56110000000000004	3.0472447136136145	0.76677059147115167
0.56300000000000006	3.0601712526814904	0.77393624753760637
0.56490000000000007	3.0731220197395692	0.78112782026776550
0.56680000000000008	3.0860970202019011	0.78834515227486834
0.56870000000000009	3.0990962589203397	0.79558808747999088
0.57060000000000011	3.1121197401948333	0.80285647111020209
0.57250000000000001	3.1251674677833909	0.81015014969593668
0.57440000000000002	3.1382394449113900	0.81746897106776584
0.57630000000000015	3.1513356742815670	0.82481278435271210
0.57820000000000005	3.1644561580833162	0.83218143997000649
0.58010000000000006	3.1776008980020323	0.83957478962644005
0.58200000000000007	3.1907698951958303	0.84699268632018199
0.58389999999999997	3.2039631504344004	0.85443498429838449
0.58580000000000010	3.2171806639125422	0.86190153910686884
0.58770000000000011	3.2304224353903646	0.86939220754663815
0.58960000000000001	3.2436884641677159	0.87690684767599014
0.59150000000000003	3.2569787490934257	0.88444531880388588
0.59340000000000015	3.2702932885739515	0.89200748148232434
0.59530000000000005	3.2836320805808250	0.89959319749879130
0.59720000000000006	3.2969951226597640	0.90720232986853477
0.59910000000000008	3.3103824119377303	0.91483474282595512
0.60099999999999998	3.3237939451312699	0.92249030181679648
0.60290000000000010	3.3372297185538131	0.93016887348890154
0.60480000000000012	3.3506897281238546	0.93787032568386752
0.60670000000000002	3.3641739693721897	0.94559452742811800
0.60860000000000003	3.3776824374484069	0.95334134892325251
0.61050000000000015	3.3912151271300224	0.96111066153764124
0.61240000000000006	3.4047720328274234	0.96890233779598500
0.61430000000000007	3.4183531485925429	0.97671625137075302
0.61620000000000008	3.4319584681248858	0.98455227707201187
0.61809999999999998	3.4455879847781112	0.99241029083771204
0.62000000000000011	3.4592416915672328	1.0002901697241173
0.62190000000000012	3.4729195811753164	1.0081917918959451
0.62380000000000002	3.4866216459589428	1.0161150366160425
0.62570000000000003	3.5003478779553499	1.0240597842359269
0.62760000000000005	3.5140982688887434	1.0320259161857406
0.62950000000000006	3.5278728101751669	1.0400133149634516
0.63140000000000007	3.5416714929300559	1.0480218641256889
0.63330000000000009	3.5554943079734560	1.0560514482772905
0.63519999999999999	3.5693412458352380	1.0641019530609976
0.63710000000000011	3.5832122967623397	1.0721732651479241
0.63900000000000012	3.5971074507223300	1.0802652722267396
0.64090000000000003	3.6110266974103911	1.0883778629940988
0.64280000000000004	3.6249700262544855	1.0965109271444480
0.64470000000000005	3.6389374264200893	1.1046643553599713
0.64660000000000006	3.6529288868161136	1.1128380393005288
0.64850000000000008	3.6669443960992560	1.1210318715936560
0.65040000000000009	3.6809839426800535	1.1292457458249345
0.65229999999999999	3.6950475147268742	1.1374795565275664
0.65420000000000011	3.7091351001713617	1.1457331991731039
0.65610000000000013	3.7232466867124483	1.1540065701609477
0.65800000000000003	3.7373822618226384	1.1622995668094798
0.65990000000000004	3.7515418127506273	1.1706120873454344
0.66180000000000005	3.7657253265271704	1.1789440308949068
0.66370000000000007	3.7799327899693029	1.1872952974737934
0.66560000000000008	3.7941641896842486	1.1956657879776855
0.66750000000000009	3.8084195120742561	1.2040554041732132
0.66940000000000000	3.8226987433406610	1.2124640486881197
0.67130000000000012	3.8370018694876973	1.2208916250021487
0.67320000000000013	3.8513288763267939	1.2293380374377521
0.67510000000000003	3.8656797494810524	1.2378031911513225
0.67700000000000005	3.8800544743883876	1.2462869921234565
0.67890000000000006	3.8944530363057077	1.2547893471505156
0.68080000000000007	3.9088754203128508	1.2633101638353499
0.68270000000000008	3.9233216113163110	1.2718493505790482
0.68460000000000010	3.9377915940527810	1.2804068165714524
0.68650000000000000	3.9522853530919138	1.2889824717825435
0.68840000000000012	3.9668028728420239	1.2975762269547704
0.69030000000000014	3.9813441375510865	1.3061879935934642
0.69220000000000004	3.9959091313120614	1.3148176839592289
0.69410000000000005	4.0104978380648841	1.3234652110588607
0.69600000000000006	4.0251102416006370	1.3321304886377949
0.69790000000000008	4.0397463255640842	1.3408134311714639
0.69980000000000009	4.0544060734577148	1.3495139538578058
0.70170000000000010	4.0690894686437513	1.3582319726082408
0.70360000000000000	4.0837964943484772	1.3669674040412292
0.70550000000000002	4.0985271336638869	1.3757201654728806
0.70740000000000014	4.1132813695519124	1.3844901749106746
0.70930000000000004	4.1280591848460721	1.3932773510446299
0.71120000000000005	4.1428605622556027	1.4020816132405551
0.71310000000000007	4.1576854843673736	1.4109028815323144
0.71500000000000008	4.1725339336485874	1.4197410766142644
0.71690000000000009	4.1874058924502329	1.4285961198341885
0.71880000000000011	4.2023013430090614	1.4374679331861622
0.72070000000000001	4.2172202674503563	1.4463564393029738
0.72260000000000002	4.2321626477909593	1.4552615614498765
0.72450000000000014	4.2471284659404835	1.4641832235164542
0.72640000000000005	4.2621177037055302	1.4731213500110854
0.72830000000000006	4.2771303427907608	1.4820758660530735
0.73020000000000007	4.2921663648019805	1.4910466973665817
0.73210000000000008	4.3072257512478895	1.5000337702734263
0.73400000000000010	4.3223084835431260	1.5090370116872802
0.73590000000000011	4.3374145430102518	1.5180563491065984
0.73780000000000001	4.3525439108814545	1.5270917106084363
0.73970000000000002	4.3676965683013433	1.5361430248420789
0.74160000000000015	4.3828724963285701	1.5452102210227201
0.74350000000000005	4.3980716759388185	1.5542932289257647
0.74540000000000006	4.4132940880256850	1.5633919788800126
0.74730000000000008	4.4285397134037048	1.5725064017622969
0.74919999999999998	4.4438085328097632	1.5816364289912637
0.75110000000000010	4.4591005269051802	1.5907819925214097
0.75300000000000011	4.4744156762779159	1.5999430248376190
0.75490000000000002	4.4897539614437783	1.6091194589491240
0.75680000000000003	4.5051153628493230	1.6183112283842642
0.75870000000000015	4.5204998608723956	1.6275182671842370
0.76060000000000005	4.5359074358254503	1.6367405098985730
0.76250000000000007	4.5513380679555802	1.6459778915787477
0.76440000000000008	4.5667917374474243	1.6552303477733505
0.76629999999999998	4.5822684244249592	1.6644978145228635
0.76820000000000010	4.5977681089523248	1.6737802283541472
0.77010000000000012	4.6132907710360769	1.6830775262754440
0.77200000000000002	4.6288363906264545	1.6923896457710712
0.77390000000000003	4.6444049476192673	1.7017165247968855
0.77580000000000016	4.6599964218573309	1.7110581017747832
0.77770000000000006	4.6756107931321775	1.7204143155882745
0.77960000000000007	4.6912480411846254	1.7297851055769740
0.78150000000000008	4.7069081457080326	1.7391704115328801
0.78339999999999999	4.7225910863477765	1.7485701736945127
0.78530000000000011	4.7382968427039156	1.7579843327430358
0.78720000000000012	4.7540253943324329	1.7674128297974419
0.78910000000000002	4.7697767207462389	1.7768556064099155
0.79100000000000004	4.7855508014166031	1.7863126045615141
0.79290000000000016	4.8013476157749588	1.7957837666577652
0.79480000000000006	4.8171671432134495	1.8052690355240004
0.79670000000000007	4.8330093630866040	1.8147683544014335
0.79860000000000009	4.8488742547127819	1.8242816669427171
0.80049999999999999	4.8647617973753023	1.8338089172079053
0.80240000000000011	4.8806719703232408	1.8433500496600093
0.80430000000000013	4.8966047527731327	1.8529050091612109
0.80620000000000003	4.9125601239097261	1.8624737409686067
0.80810000000000004	4.9285380628876112	1.8720561907303843
0.81000000000000016	4.9445385488320222	1.8816523044818771
0.81190000000000007	4.9605615608399045	1.8912620286414994
0.81380000000000008	4.9766070779812637	1.9008853100071996
0.81570000000000009	4.9926750792998602	1.9105220957522946
0.81759999999999999	5.0087655438147705	1.9201723334221992
0.81950000000000012	5.0248784505208013	1.9298359709301944
0.82140000000000013	5.0410137783900417	1.9395129565543059
0.82330000000000003	5.0571715063729652	1.9492032389335683
0.82520000000000004	5.0733516133984864	1.9589067670640143
0.82710000000000006	5.0895540783759845	1.9686234902958129
0.82900000000000007	5.1057788801954471	1.9783533583293762
0.83090000000000008	5.1220259977293470	1.9880963212122691
0.83280000000000010	5.1382954098322715	1.9978523293353929
0.83470000000000000	5.1545870953431479	2.0076213334301434
0.83660000000000012	5.1709010330850171	2.0174032845646832
0.83850000000000013	5.1872372018665223	2.0271981341409711
0.84040000000000004	5.2035955804828609	2.0370058338915609
0.84230000000000005	5.2199761477159452	2.0468263358761241
0.84420000000000006	5.2363788823362185	2.0566595924787170
0.84609999999999996	5.2528037631022899	2.0665055564043375
0.84799999999999998	5.2692507687625190	2.0763641806760331
0.84989999999999999	5.2857198780561445	2.0862354186321683
0.85180000000000000	5.3022110697127625	2.0961192239227233
0.85370000000000013	5.3187243224541136	2.1060155505069766
0.85560000000000014	5.3352596149947464	2.1159243526504401
0.85750000000000004	5.3518169260424884	2.1258455849220690
0.85940000000000005	5.3683962342987552	2.1357792021907951
0.86130000000000007	5.3849975184605050	2.1457251596239040
0.86319999999999997	5.4016207572192458	2.1556834126830555
0.86509999999999998	5.4182659292633160	2.1656539171223934
0.86699999999999999	5.4349330132774627	2.1756366289854157
0.86890000000000001	5.4516219879439189	2.1856315046024108
0.87079999999999991	5.4683328319429858	2.1956385005879255
0.87270000000000014	5.4850655239536907	2.2056575738380149
0.87460000000000004	5.5018200426544599	2.2156886815277717
0.87650000000000006	5.5185963667235063	2.2257317811087036
0.87840000000000007	5.5353944748396309	2.2357868303062722
0.88029999999999997	5.5522143456824997	2.2458537871172686
0.88219999999999998	5.5690559579338901	2.2559326098077190
0.88410000000000000	5.5859192902775270	2.2660232569100716
0.88600000000000001	5.6028043214001011	2.2761256872210596
0.88789999999999991	5.6197110299918229	2.2862398597992564
0.88980000000000015	5.6366393947458731	2.2963657339623671
0.89170000000000005	5.6535893943610764	2.3065032692857712
0.89360000000000006	5.6705610075404733	2.3166524255994649
0.89550000000000007	5.6875542129924392	2.3268131629859439
0.89739999999999998	5.7045689894320386	2.3369854417785700
0.89929999999999999	5.7216053155799118	2.3471692225583878
0.90120000000000000	5.7386631701639947	2.3573644661527178
0.90309999999999990	5.7557425319197311	2.3675711336327816
0.90499999999999992	5.7728433795899825	2.3777891863112406
0.90689999999999993	5.7899656919264855	2.3880185857408516
0.90879999999999994	5.8071094476892995	2.3982592937115434
0.91070000000000007	5.8242746256476350	2.4085112722487638
0.91260000000000008	5.8414612045807282	2.4187744836116822
0.91449999999999998	5.8586691632773862	2.4290488902906149
0.91639999999999999	5.8758984805370966	2.4393344550054774
0.91830000000000001	5.8931491351705123	2.4496311407038283
0.92019999999999991	5.9104211059987684	2.4599389105584053
0.92209999999999992	5.9277143718555596	2.4702577279660218
0.92399999999999993	5.9450289115858723	2.4805875565448368
0.92589999999999995	5.9623647040477783	2.4909283601332297
0.92780000000000007	5.9797217281117803	2.5012801027874221
0.92970000000000008	5.9970999626614878	2.5116427487797059
0.93159999999999998	6.0144993865942409	2.5220162625969085
0.93350000000000000	6.0319199788210351	2.5324006089382518
0.93540000000000001	6.0493617182674333	2.5427957527139391
0.93729999999999991	6.0668245838732631	2.5532016590431144
0.93919999999999992	6.0843085545932194	2.5636182932520803
0.94109999999999994	6.1018136093976079	2.5740456208730871
0.94299999999999995	6.1193397272718624	2.5844836076419093
0.94490000000000007	6.1368868872173765	2.5949322194966125
0.94680000000000009	6.1544550682517860	2.6053914225759307
0.94869999999999999	6.1720442494093506	2.6158611832174614
0.95060000000000000	6.1896544097406698	2.6263414679559607
0.95250000000000001	6.2072855283140482	2.6368322435221350
0.95439999999999992	6.2249375842144863	2.6473334768404153
0.95629999999999993	6.2426105565449754	2.6578451350279915
0.95819999999999994	6.2603044244262271	2.6683671853928441
0.96009999999999995	6.2780191669974199	2.6788995954325929
0.96199999999999986	6.2957547634158457	2.6894423328324764
0.96390000000000009	6.3135111928576961	2.6999953654643649
0.96579999999999999	6.3312884345179317	2.7105586613847983
0.96770000000000000	6.3490864676113112	2.7211321888341176
0.96960000000000002	6.3669052713710910	2.7317159162340965
0.97149999999999992	6.3847448250508192	2.7423098121873597
0.97339999999999993	6.4026051079240149	2.7529138454755921
0.97529999999999994	6.4204860992840640	2.7635279850580332
0.97719999999999996	6.4383877784451720	2.7741522000705006
0.97909999999999986	6.4563101247416226	2.7847864598233114
0.98100000000000009	6.4742531175290559	2.7954307338006061
0.98290000000000000	6.4922167361834831	2.8060849916584427
0.98480000000000001	6.5102009601030089	2.8167492032239982
0.98670000000000002	6.5282057687064814	2.8274233384936629
0.98859999999999992	6.5462311414348155	2.8381073676322437
0.99049999999999994	6.5642770577504503	2.8488012609711668
0.99239999999999995	6.5823434971382859	2.8595049890077755
0.99429999999999996	6.6004304391052591	2.8702185224035706
0.99619999999999986	6.6185378631806344	2.8809418319830638
0.99810000000000010	6.6366657489162844	2.8916748887326049
1.0000000000000000	6.6548140758870780	2.9024176637992154
