   5.0000000000000003E-002  0.23900261372589740        6.9135080852637083E-004  -0.0000000000000000     
   5.1899999999999995E-002  0.24811234989552908        7.6911014577210200E-004  -0.0000000000000000     
   5.3800000000000001E-002  0.25722501769538569        8.5195191396550505E-004  -0.0000000000000000     
   5.5700000000000006E-002  0.26634069340747923        9.3992587698162229E-004  -0.0000000000000000     
   5.7599999999999998E-002  0.27545944997019617        1.0330777476289961E-003  -0.0000000000000000     
   5.9499999999999997E-002  0.28458135684200969        1.1314502243697476E-003  -0.0000000000000000     
   6.1400000000000003E-002  0.29370648037614688        1.2350839219427445E-003  -0.0000000000000000     
   6.3300000000000009E-002  0.30283488411940307        1.3440182282632941E-003  -0.0000000000000000     
   6.5200000000000008E-002  0.31196662890435550        1.4582921011490843E-003  -0.0000000000000000     
   6.7099999999999993E-002  0.32110177317001937        1.5779447800632453E-003  -0.0000000000000000     
   6.9000000000000006E-002  0.33024037314188692        1.7030164389260363E-003  -0.0000000000000000     
   7.0900000000000005E-002  0.33938248312799801        1.8335487723528351E-003  -0.0000000000000000     
   7.2799999999999990E-002  0.34852815560955669        1.9695855283236629E-003  -0.0000000000000000     
   7.4700000000000003E-002  0.35767744151391950        2.1111729807805580E-003  -0.0000000000000000     
   7.6600000000000001E-002  0.36683039038695364        2.2583603532222289E-003  -0.0000000000000000     
   7.8500000000000000E-002  0.37598705057328291        2.4112001940145246E-003  -0.0000000000000000     
   8.0400000000000013E-002  0.38514746938849931        2.5697487072290706E-003  -0.0000000000000000     
   8.2300000000000012E-002  0.39431169328080651        2.7340660424112900E-003  -0.0000000000000000     
   8.4199999999999997E-002  0.40347976796798285        2.9042165464960210E-003  -0.0000000000000000     
   8.6099999999999996E-002  0.41265173866026644        3.0802689803905857E-003  -0.0000000000000000     
   8.7999999999999995E-002  0.42182765008020917        3.2622967040713512E-003  -0.0000000000000000     
   8.9899999999999994E-002  0.43100754666893965        3.4503778317305249E-003  -0.0000000000000000     
   9.1800000000000007E-002  0.44019147268789677        3.6445953602844061E-003  -0.0000000000000000     
   9.3700000000000006E-002  0.44937947233276831        3.8450372734317030E-003  -0.0000000000000000     
   9.5600000000000004E-002  0.45857158983887991        4.0517966233939431E-003  -0.0000000000000000     
   9.7500000000000017E-002  0.46776786958118299        4.2649715925427503E-003  -0.0000000000000000     
   9.9400000000000002E-002  0.47696835616554734        4.4846655367975254E-003  -0.0000000000000000     
  0.10130000000000000       0.48617309451573060        4.7109870126663452E-003  -0.0000000000000000     
  0.10320000000000000       0.49538212995253367        4.9440497895064080E-003  -0.0000000000000000     
  0.10510000000000000       0.50459550826844912        5.1839728486531567E-003  -0.0000000000000000     
  0.10700000000000000       0.51381327579550973        5.4308803707830231E-003  -0.0000000000000000     
  0.10890000000000001       0.52303547947003470        5.6849017129056911E-003  -0.0000000000000000     
  0.11080000000000001       0.53226216688982242        5.9461713760850365E-003  -0.0000000000000000     
  0.11270000000000001       0.54149338636878941        6.2148289651638693E-003  -0.0000000000000000     
  0.11460000000000002       0.55072918697009343        6.4910191413233469E-003  -0.0000000000000000     
  0.11649999999999999       0.55996961861591654        6.7748915687209478E-003  -0.0000000000000000     
  0.11840000000000001       0.56921473203299711        7.0666008555300914E-003  -0.0000000000000000     
  0.12030000000000000       0.57846457885405667        7.3663064908409065E-003  -0.0000000000000000     
  0.12220000000000000       0.58771921163651242        7.6741727775674982E-003  -0.0000000000000000     
  0.12410000000000000       0.59697868389368813        7.9903687623628858E-003  -0.0000000000000000     
  0.12600000000000000       0.60624305012305457        8.3150681628625205E-003  -0.0000000000000000     
  0.12790000000000001       0.61551236583160163        8.6484492930718245E-003  -0.0000000000000000     
  0.12980000000000003       0.62478668745329280        8.9904984829215270E-003  -0.0000000000000000     
  0.13169999999999998       0.63406604103248487        9.3372169839553293E-003  -0.0000000000000000     
  0.13360000000000000       0.64335042857809976        9.6903706477492971E-003  -0.0000000000000000     
  0.13550000000000001       0.65263987921997502        1.0051105437032647E-002  -0.0000000000000000     
  0.13739999999999999       0.66193443242019245        1.0420011097864078E-002  -0.0000000000000000     
  0.13930000000000001       0.67123413347605099        1.0797522868540377E-002  -0.0000000000000000     
  0.14120000000000002       0.68053903185717490        1.1184006248379679E-002  -0.0000000000000000     
  0.14310000000000000       0.68984918034233045        1.1579788908214584E-002  -0.0000000000000000     
  0.14500000000000002       0.69916463449696198        1.1985175853309611E-002  -0.0000000000000000     
  0.14690000000000000       0.70848545232574933        1.2400457682338228E-002  -0.0000000000000000     
  0.14879999999999999       0.71781169402570399        1.2825915515693460E-002  -0.0000000000000000     
  0.15070000000000000       0.72714342180311287        1.3261824135629112E-002  -0.0000000000000000     
  0.15260000000000001       0.73648069973135055        1.3708454088426799E-002  -0.0000000000000000     
  0.15450000000000000       0.74582359363832429        1.4166073146824184E-002  -0.0000000000000000     
  0.15640000000000001       0.75517217101452083        1.4634947359285012E-002  -0.0000000000000000     
  0.15830000000000002       0.76452650093620955        1.5115341821874444E-002  -0.0000000000000000     
  0.16020000000000001       0.77388665400083967        1.5607521258140225E-002  -0.0000000000000000     
  0.16210000000000002       0.78325270227112276        1.6111750462278911E-002  -0.0000000000000000     
  0.16400000000000001       0.79262471922689137        1.6628294643129069E-002  -0.0000000000000000     
  0.16589999999999999       0.80200277972196643        1.7157419694376133E-002  -0.0000000000000000     
  0.16780000000000000       0.81138695994642307        1.7699392409420266E-002  -0.0000000000000000     
  0.16970000000000002       0.82077733739213921        1.8254480653847466E-002  -0.0000000000000000     
  0.17160000000000000       0.83017399082253795        1.8822953505068910E-002  -0.0000000000000000     
  0.17350000000000002       0.83957700024390824        1.9405081366174647E-002  -0.0000000000000000     
  0.17540000000000003       0.84898644688016112        2.0001136059755790E-002  -0.0000000000000000     
  0.17730000000000001       0.85840241314888799        2.0611390905183751E-002  -0.0000000000000000     
  0.17920000000000003       0.86782498263975494        2.1236120783034492E-002  -0.0000000000000000     
  0.18110000000000001       0.87725424009381103        2.1875602188830136E-002  -0.0000000000000000     
  0.18300000000000000       0.88669027138499712        2.2530113278091173E-002  -0.0000000000000000     
  0.18490000000000001       0.89613316350191508        2.3199933904045868E-002  -0.0000000000000000     
  0.18680000000000002       0.90558300453161333        2.3885345649520745E-002  -0.0000000000000000     
  0.18870000000000001       0.91503988363468780        2.4586631853405618E-002  -0.0000000000000000     
  0.19060000000000002       0.92450389106622022        2.5304077632899390E-002  -0.0000000000000000     
  0.19250000000000003       0.93397511810853007        2.6037969901835552E-002  -0.0000000000000000     
  0.19439999999999999       0.94345365709328033        2.6788597385547227E-002  -0.0000000000000000     
  0.19630000000000000       0.95293960138002121        2.7556250632597461E-002  -0.0000000000000000     
  0.19820000000000002       0.96243304534417884        2.8341222023666974E-002  -0.0000000000000000     
  0.20010000000000000       0.97193408436548967        2.9143805777673872E-002  -0.0000000000000000     
  0.20200000000000001       0.98144281481707107        2.9964297955277691E-002  -0.0000000000000000     
  0.20390000000000003       0.99095933405477299        3.0802996459797994E-002  -0.0000000000000000     
  0.20580000000000001        1.0004837404070250        3.1660201035568845E-002  -0.0000000000000000     
  0.20770000000000002        1.0100161331649999        3.2536213263683611E-002  -0.0000000000000000     
  0.20960000000000004        1.0195566125730884        3.3431336555072945E-002  -0.0000000000000000     
  0.21149999999999999        1.0291052798196483        3.4345876140876613E-002  -0.0000000000000000     
  0.21340000000000001        1.0386622370279697        3.5280139059914957E-002  -0.0000000000000000     
  0.21529999999999999        1.0482275872474900        3.6234434143215852E-002  -0.0000000000000000     
  0.21720000000000000        1.0578014344451141        3.7209071995451974E-002  -0.0000000000000000     
  0.21909999999999999        1.0673838834966751        3.8204364973051151E-002  -0.0000000000000000     
  0.22100000000000003        1.0769750401785296        3.9220627158978033E-002  -0.0000000000000000     
  0.22289999999999999        1.0865750111591679        4.0258174333830506E-002  -0.0000000000000000     
  0.22479999999999997        1.0961839039908519        4.1317323943231364E-002  -0.0000000000000000     
  0.22670000000000001        1.1058018271012378        4.2398395061240060E-002  -0.0000000000000000     
  0.22860000000000000        1.1154288897850182        4.3501708349669509E-002  -0.0000000000000000     
  0.23050000000000001        1.1250652021953993        4.4627586013054991E-002  -0.0000000000000000     
  0.23240000000000000        1.1347108753355100        4.5776351749176554E-002  -0.0000000000000000     
  0.23430000000000001        1.1443660210497093        4.6948330694885215E-002  -0.0000000000000000     
  0.23619999999999999        1.1540307520146071        4.8143849367074804E-002  -0.0000000000000000     
  0.23810000000000003        1.1637051817300141        4.9363235598698110E-002  -0.0000000000000000     
  0.23999999999999999        1.1733894245095349        5.0606818469548079E-002  -0.0000000000000000     
  0.24189999999999998        1.1830835954709487        5.1874928231754186E-002  -0.0000000000000000     
  0.24380000000000002        1.1927878105262719        5.3167896229792636E-002  -0.0000000000000000     
  0.24570000000000000        1.2025021863714889        5.4486054814892590E-002  -0.0000000000000000     
  0.24760000000000001        1.2122268404758665        5.5829737253725510E-002  -0.0000000000000000     
  0.24950000000000000        1.2219618910709951        5.7199277631269335E-002  -0.0000000000000000     
  0.25140000000000001        1.2317074571392284        5.8595010747716149E-002  -0.0000000000000000     
  0.25330000000000003        1.2414636584018111        6.0017272009436455E-002  -0.0000000000000000     
  0.25519999999999998        1.2512306153064350        6.1466397313830377E-002  -0.0000000000000000     
  0.25710000000000000        1.2610084490143401        6.2942722928106015E-002  -0.0000000000000000     
  0.25900000000000001        1.2707972813868065        6.4446585361942921E-002  -0.0000000000000000     
  0.26090000000000002        1.2805972349711914        6.5978321234000756E-002  -0.0000000000000000     
  0.26279999999999998        1.2904084329862122        6.7538267132368407E-002  -0.0000000000000000     
  0.26469999999999999        1.3002309993068204        6.9126759468917581E-002  -0.0000000000000000     
  0.26660000000000000        1.3100650584482323        7.0744134327673083E-002  -0.0000000000000000     
  0.26849999999999996        1.3199107355555946        7.2390727307588013E-002  -0.0000000000000000     
  0.27040000000000003        1.3297681563620924        7.4066873357971616E-002  -0.0000000000000000     
  0.27229999999999999        1.3396374472083794        7.5772906611371621E-002  -0.0000000000000000     
  0.27420000000000000        1.3495187349989073        7.7509160207824099E-002  -0.0000000000000000     
  0.27610000000000001        1.3594121471889822        7.9275966115395433E-002  -0.0000000000000000     
  0.27799999999999997        1.3693178117646747        8.1073654945306411E-002  -0.0000000000000000     
  0.27989999999999998        1.3792358572220591        8.2902555762185734E-002  -0.0000000000000000     
  0.28179999999999999        1.3891664125457039        8.4762995889761175E-002  -0.0000000000000000     
  0.28370000000000001        1.3991096071864548        8.6655300712210295E-002  -0.0000000000000000     
  0.28559999999999997        1.4090655710382816        8.8579793471590271E-002  -0.0000000000000000     
  0.28750000000000003        1.4190344344146495        9.0536795061522762E-002  -0.0000000000000000     
  0.28939999999999999        1.4290163280238835        9.2526623817744361E-002  -0.0000000000000000     
  0.29130000000000000        1.4390113829439224        9.4549595305590331E-002  -0.0000000000000000     
  0.29320000000000002        1.4490197305963384        9.6606022105109199E-002  -0.0000000000000000     
  0.29509999999999997        1.4590415027196024        9.8696213594046595E-002  -0.0000000000000000     
  0.29699999999999999        1.4690768313415070       0.10082047572924993       -0.0000000000000000     
  0.29890000000000000        1.4791258487510857       0.10297911082684960       -0.0000000000000000     
  0.30080000000000001        1.4891886874697142       0.10517241734186759       -0.0000000000000000     
  0.30269999999999997        1.4992654802215706       0.10740068964753172       -0.0000000000000000     
  0.30460000000000004        1.5093563599034576       0.10966421781500661       -0.0000000000000000     
  0.30649999999999999        1.5194614595539977       0.11196328739389765       -0.0000000000000000     
  0.30840000000000001        1.5295809123222048       0.11429817919415462       -0.0000000000000000     
  0.31030000000000002        1.5397148514355408       0.11666916906987061       -0.0000000000000000     
  0.31219999999999998        1.5498634101673363       0.11907652770550224       -0.0000000000000000     
  0.31409999999999999        1.5600267218038175       0.12152052040508093       -0.0000000000000000     
  0.31600000000000000        1.5702049196105894       0.12400140688490258       -0.0000000000000000     
  0.31790000000000002        1.5803981367986935       0.12651944107027840       -0.0000000000000000     
  0.31979999999999997        1.5906065064902906       0.12907487089685080       -0.0000000000000000     
  0.32170000000000004        1.6008301616839675       0.13166793811699190       -0.0000000000000000     
  0.32360000000000000        1.6110692352197706       0.13429887811180249       -0.0000000000000000     
  0.32549999999999996        1.6213238597438688       0.13696791970918756       -0.0000000000000000     
  0.32740000000000002        1.6315941676788885       0.13967528500948764       -0.0000000000000000     
  0.32929999999999998        1.6418802911646770       0.14242118921329394       -0.0000000000000000     
  0.33119999999999999        1.6521823620586653       0.14520584046653348       -0.0000000000000000     
  0.33310000000000001        1.6625005118752334       0.14802943970351240       -0.0000000000000000     
  0.33500000000000002        1.6728348717561610       0.15089218050336184       -0.0000000000000000     
  0.33689999999999998        1.6831855724348923       0.15379424895405031       -0.0000000000000000     
  0.33879999999999999        1.6935527442004847       0.15673582352542736       -0.0000000000000000     
  0.34070000000000000        1.7039365168619545       0.15971707495161971       -0.0000000000000000     
  0.34259999999999996        1.7143370197127030       0.16273816612299458       -0.0000000000000000     
  0.34450000000000003        1.7247543814952191       0.16579925198805368       -0.0000000000000000     
  0.34639999999999999        1.7351887303660072       0.16890047946532596       -0.0000000000000000     
  0.34830000000000000        1.7456401938607817       0.17204198736560514       -0.0000000000000000     
  0.35020000000000001        1.7561088988601199       0.17522390632454704       -0.0000000000000000     
  0.35210000000000002        1.7665949715554443       0.17844635874585452       -0.0000000000000000     
  0.35399999999999998        1.7770985374154882       0.18170945875502861       -0.0000000000000000     
  0.35589999999999999        1.7876197211532836       0.18501331216383493       -0.0000000000000000     
  0.35780000000000001        1.7981586466997066       0.18835801644695352       -0.0000000000000000     
  0.35969999999999996        1.8087154371465737       0.19174366072143134       -0.0000000000000000     
  0.36160000000000003        1.8192902147539951       0.19517032575275117       -0.0000000000000000     
  0.36349999999999999        1.8298831008933765       0.19863808395514362       -0.0000000000000000     
  0.36540000000000000        1.8404942160242252       0.20214699941052838       -0.0000000000000000     
  0.36730000000000002        1.8511236796649753       0.20569712789598699       -0.0000000000000000     
  0.36920000000000003        1.8617716103645356       0.20928851692132389       -0.0000000000000000     
  0.37109999999999999        1.8724381256748639       0.21292120577650711       -0.0000000000000000     
  0.37300000000000000        1.8831233421241054       0.21659522558861830       -0.0000000000000000     
  0.37490000000000001        1.8938273751907280       0.22031059938821376       -0.0000000000000000     
  0.37679999999999997        1.9045503392785639       0.22406734218471341       -0.0000000000000000     
  0.37870000000000004        1.9152923476926973       0.22786546105052824       -0.0000000000000000     
  0.38059999999999999        1.9260535126162857       0.23170495521360054       -0.0000000000000000     
  0.38250000000000001        1.9368339450941616       0.23558581616000171       -0.0000000000000000     
  0.38440000000000002        1.9476337549872820       0.23950802773392080       -0.0000000000000000     
  0.38629999999999998        1.9584530509906979       0.24347156626630337       -0.0000000000000000     
  0.38819999999999999        1.9692919405875282       0.24747640068836785       -0.0000000000000000     
  0.39010000000000000        1.9801505300376376       0.25152249266304871       -0.0000000000000000     
  0.39200000000000002        1.9910289243604151       0.25560979672021533       -0.0000000000000000     
  0.39389999999999997        2.0019272273184625       0.25973826039758091       -0.0000000000000000     
  0.39580000000000004        2.0128455414023683       0.26390782438694910       -0.0000000000000000     
  0.39770000000000000        2.0237839678164025       0.26811842268522607       -0.0000000000000000     
  0.39959999999999996        2.0347426064653376       0.27236998274999885       -0.0000000000000000     
  0.40150000000000002        2.0457215559421749       0.27666242565905408       -0.0000000000000000     
  0.40339999999999998        2.0567209135222138       0.28099566627583550       -0.0000000000000000     
  0.40529999999999999        2.0677407751303343       0.28536961340605210       -0.0000000000000000     
  0.40720000000000001        2.0787812353674764       0.28978416998212314       -0.0000000000000000     
  0.40910000000000002        2.0898423874769767       0.29423923322391221       -0.0000000000000000     
  0.41099999999999998        2.1009243233440875       0.29873469481500237       -0.0000000000000000     
  0.41290000000000004        2.1120271334894802       0.30327044107778606       -0.0000000000000000     
  0.41480000000000000        2.1231509070638137       0.30784635314971770       -0.0000000000000000     
  0.41669999999999996        2.1342957318432250       0.31246230716047635       -0.0000000000000000     
  0.41860000000000003        2.1454616942256450       0.31711817440960294       -0.0000000000000000     
  0.42049999999999998        2.1566488792340870       0.32181382154751498       -0.0000000000000000     
  0.42240000000000005        2.1678573704890249       0.32654911073967990       -0.0000000000000000     
  0.42430000000000007        2.1790872502482190       0.33132389986515165       -0.0000000000000000     
  0.42620000000000002        2.1903385993774149       0.33613804267787445       -0.0000000000000000     
  0.42809999999999998        2.2016114973586633       0.34099138898619924       -0.0000000000000000     
  0.43000000000000005        2.2129060222915937       0.34588378482686377       -0.0000000000000000     
  0.43190000000000006        2.2242222508953722       0.35081507263747441       -0.0000000000000000     
  0.43380000000000002        2.2355602585115597       0.35578509142726739       -0.0000000000000000     
  0.43570000000000003        2.2469201191075103       0.36079367694577308       -0.0000000000000000     
  0.43759999999999999        2.2583019052867841       0.36584066185332381       -0.0000000000000000     
  0.43950000000000006        2.2697056882676661       0.37092587586835074       -0.0000000000000000     
  0.44140000000000007        2.2811315379299337       0.37604914595506400       -0.0000000000000000     
  0.44330000000000003        2.2925795227918044       0.38121029646391480       -0.0000000000000000     
  0.44519999999999998        2.3040497100241639       0.38640914929221720       -0.0000000000000000     
  0.44710000000000000        2.3155421654577388       0.39164552403696740       -0.0000000000000000     
  0.44900000000000007        2.3270569535907022       0.39691923814449015       -0.0000000000000000     
  0.45090000000000002        2.3385941375967882       0.40223010705684697       -0.0000000000000000     
  0.45280000000000004        2.3501537793339553       0.40757794435497496       -0.0000000000000000     
  0.45469999999999999        2.3617359393533839       0.41296256189831676       -0.0000000000000000     
  0.45660000000000006        2.3733406769091001       0.41838376996104476       -0.0000000000000000     
  0.45850000000000007        2.3849680499733474       0.42384137736955663       -0.0000000000000000     
  0.46040000000000003        2.3966181152235206       0.42933519161148170       -0.0000000000000000     
  0.46229999999999999        2.4082909280892921       0.43486501899224700       -0.0000000000000000     
  0.46420000000000000        2.4199865427383918       0.44043066473554787       -0.0000000000000000     
  0.46610000000000007        2.4317050120942385       0.44603193310694406       -0.0000000000000000     
  0.46800000000000003        2.4434463878475832       0.45166862752837406       -0.0000000000000000     
  0.46990000000000004        2.4552107204683846       0.45734055068911655       -0.0000000000000000     
  0.47180000000000011        2.4669980592180818       0.46304750465292777       -0.0000000000000000     
  0.47370000000000007        2.4788084521613811       0.46878929096156480       -0.0000000000000000     
  0.47560000000000008        2.4906419461794504       0.47456571073490356       -0.0000000000000000     
  0.47750000000000004        2.5024985869821097       0.48037656476721624       -0.0000000000000000     
  0.47939999999999999        2.5143784191210865       0.48622165362010755       -0.0000000000000000     
  0.48130000000000006        2.5262814860027825       0.49210077771181687       -0.0000000000000000     
  0.48320000000000007        2.5382078299016952       0.49801373740317134       -0.0000000000000000     
  0.48510000000000003        2.5501574919774073       0.50396033308618871       -0.0000000000000000     
  0.48700000000000004        2.5621305122722875       0.50994036523822206       -0.0000000000000000     
  0.48890000000000011        2.5741269297495921       0.51595363453640497       -0.0000000000000000     
  0.49080000000000007        2.5861467822899638       0.52199994190376198       -0.0000000000000000     
  0.49270000000000008        2.5981901067095592       0.52807908858565933       -0.0000000000000000     
  0.49460000000000004        2.6102569387738064       0.53419087621611183       -0.0000000000000000     
  0.49650000000000000        2.6223473132110198       0.54033510688112529       -0.0000000000000000     
  0.49840000000000007        2.6344612637264091       0.54651158317912318       -0.0000000000000000     
  0.50030000000000008        2.6465988230155859       0.55272010827843909       -0.0000000000000000     
  0.50220000000000009        2.6587600227786963       0.55896048597205239       -0.0000000000000000     
  0.50409999999999999        2.6709448937337910       0.56523252072944585       -0.0000000000000000     
  0.50600000000000001        2.6831534656310345       0.57153601774603124       -0.0000000000000000     
  0.50790000000000013        2.6953857672660697       0.57787078298970262       -0.0000000000000000     
  0.50980000000000003        2.7076418264940001       0.58423662324511239       -0.0000000000000000     
  0.51170000000000004        2.7199216702428615       0.59063334615531549       -0.0000000000000000     
  0.51360000000000006        2.7322253245273718       0.59706076026125787       -0.0000000000000000     
  0.51550000000000007        2.7445528144624203       0.60351867503870360       -0.0000000000000000     
  0.51740000000000008        2.7569041642765000       0.61000690093316978       -0.0000000000000000     
  0.51930000000000009        2.7692793973252114       0.61652524939259701       -0.0000000000000000     
  0.52120000000000000        2.7816785361044802       0.62307353289800382       -0.0000000000000000     
  0.52310000000000001        2.7941016022612666       0.62965156499947061       -0.0000000000000000     
  0.52500000000000013        2.8065486166172451       0.63625916031280561       -0.0000000000000000     
  0.52690000000000003        2.8190195991659803       0.64289613459016959       -0.0000000000000000     
  0.52880000000000005        2.8315145690966306       0.64956230471217125       -0.0000000000000000     
  0.53070000000000006        2.8440335448036245       0.65625748871681167       -0.0000000000000000     
  0.53260000000000007        2.8565765438999464       0.66298150581942972       -0.0000000000000000     
  0.53450000000000009        2.8691435832295382       0.66973417643052624       -0.0000000000000000     
  0.53640000000000010        2.8817346788797540       0.67651532217243682       -0.0000000000000000     
  0.53830000000000000        2.8943498461937547       0.68332476589429503       -0.0000000000000000     
  0.54020000000000001        2.9069890997828107       0.69016233168566543       -0.0000000000000000     
  0.54210000000000014        2.9196524535384163       0.69702784488888692       -0.0000000000000000     
  0.54400000000000004        2.9323399206443268       0.70392113211005658       -0.0000000000000000     
  0.54590000000000005        2.9450515135882567       0.71084202122864804       -0.0000000000000000     
  0.54780000000000006        2.9577872441738462       0.71779034140632836       -0.0000000000000000     
  0.54970000000000008        2.9705471235318344       0.72476592309405297       -0.0000000000000000     
  0.55160000000000009        2.9833311621322891       0.73176859803889516       -0.0000000000000000     
  0.55350000000000010        2.9961393697950234       0.73879819928876644       -0.0000000000000000     
  0.55540000000000000        3.0089717557013538       0.74585456119722626       -0.0000000000000000     
  0.55730000000000002        3.0218283284050029       0.75293751942675347       -0.0000000000000000     
  0.55920000000000014        3.0347090958429472       0.76004691095117238       -0.0000000000000000     
  0.56110000000000004        3.0476140653462598       0.76718257405737800       -0.0000000000000000     
  0.56300000000000006        3.0605432436504985       0.77434434834612687       -0.0000000000000000     
  0.56490000000000007        3.0734966369066083       0.78153207473229003       -0.0000000000000000     
  0.56680000000000008        3.0864742506907112       0.78874559544400225       -0.0000000000000000     
  0.56870000000000009        3.0994760900148903       0.79598475402154500       -0.0000000000000000     
  0.57060000000000011        3.1125021593366453       0.80324939531518968       -0.0000000000000000     
  0.57250000000000001        3.1255524625692690       0.81053936548273775       -0.0000000000000000     
  0.57440000000000002        3.1386270030912873       0.81785451198629611       -0.0000000000000000     
  0.57630000000000015        3.1517257837563117       0.82519468358852821       -0.0000000000000000     
  0.57820000000000005        3.1648488069024516       0.83255973034849773       -0.0000000000000000     
  0.58010000000000006        3.1779960743615221       0.83994950361683551       -0.0000000000000000     
  0.58200000000000007        3.1911675874355994       0.84736385603920383       -0.0000000000000000     
  0.58389999999999997        3.2043633470376003       0.85480264151606888       -0.0000000000000000     
  0.58580000000000010        3.2175833535023943       0.86226571524895046       -0.0000000000000000     
  0.58770000000000011        3.2308276067280879       0.86975293369919138       -0.0000000000000000     
  0.58960000000000001        3.2440961061506348       0.87726415458924489       -0.0000000000000000     
  0.59150000000000003        3.2573888507535878       0.88479923689666584       -0.0000000000000000     
  0.59340000000000015        3.2707058390754074       0.89235804084561232       -0.0000000000000000     
  0.59530000000000005        3.2840470692184560       0.89994042790015705       -0.0000000000000000     
  0.59720000000000006        3.2974125388568876       0.90754626075573708       -0.0000000000000000     
  0.59910000000000008        3.3108022452444503       0.91517540333106773       -0.0000000000000000     
  0.60099999999999998        3.3242161852226970       0.92282772075987862       -0.0000000000000000     
  0.60290000000000010        3.3376543552285090       0.93050307938207621       -0.0000000000000000     
  0.60480000000000012        3.3511167513016207       0.93820134673513833       -0.0000000000000000     
  0.60670000000000002        3.3646033690927228       0.94592239154485447       -0.0000000000000000     
  0.60860000000000003        3.3781142038696994       0.95366608371640949       -0.0000000000000000     
  0.61050000000000015        3.3916492505261773       0.96143229432491362       -0.0000000000000000     
  0.61240000000000006        3.4052085035876507       0.96922089560607527       -0.0000000000000000     
  0.61430000000000007        3.4187919572190206       0.97703176094658351       -0.0000000000000000     
  0.61620000000000008        3.4323996052313754       0.98486476487439589       -0.0000000000000000     
  0.61809999999999998        3.4460314410885116       0.99271978304904951       -0.0000000000000000     
  0.62000000000000011        3.4596874579146726        1.0005966922520313       -0.0000000000000000     
  0.62190000000000012        3.4733676484987832        1.0084953703762083       -0.0000000000000000     
  0.62380000000000002        3.4870720053039279        1.0164156964167710       -0.0000000000000000     
  0.62570000000000003        3.5008005204710235        1.0243575504604294       -0.0000000000000000     
  0.62760000000000005        3.5145531858268768        1.0323208136758968       -0.0000000000000000     
  0.62950000000000006        3.5283299928892915        1.0403053683034407       -0.0000000000000000     
  0.63140000000000007        3.5421309328732766        1.0483110976449526       -0.0000000000000000     
  0.63330000000000009        3.5559559966972278        1.0563378860536934       -0.0000000000000000     
  0.63519999999999999        3.5698051749887512        1.0643856189243548       -0.0000000000000000     
  0.63710000000000011        3.5836784580900889        1.0724541826828196       -0.0000000000000000     
  0.63900000000000012        3.5975758360636796        1.0805434647758212       -0.0000000000000000     
  0.64090000000000003        3.6114972986979539        1.0886533536611354       -0.0000000000000000     
  0.64280000000000004        3.6254428355128225        1.0967837387973340       -0.0000000000000000     
  0.64470000000000005        3.6394124357647435        1.1049345106337833       -0.0000000000000000     
  0.64660000000000006        3.6534060884522708        1.1131055606004658       -0.0000000000000000     
  0.64850000000000008        3.6674237823200579        1.1212967810977819       -0.0000000000000000     
  0.65040000000000009        3.6814655058665506        1.1295080654873770       -0.0000000000000000     
  0.65229999999999999        3.6955312473456030        1.1377393080811335       -0.0000000000000000     
  0.65420000000000011        3.7096209947735708        1.1459904041318243       -0.0000000000000000     
  0.65610000000000013        3.7237347359341033        1.1542612498235949       -0.0000000000000000     
  0.65800000000000003        3.7378724583814549        1.1625517422614418       -0.0000000000000000     
  0.65990000000000004        3.7520341494462164        1.1708617794619343       -0.0000000000000000     
  0.66180000000000005        3.7662197962399619        1.1791912603436285       -0.0000000000000000     
  0.66370000000000007        3.7804293856588309        1.1875400847170721       -0.0000000000000000     
  0.66560000000000008        3.7946629043887485        1.1959081532756335       -0.0000000000000000     
  0.66750000000000009        3.8089203389090609        1.2042953675857946       -0.0000000000000000     
  0.66940000000000000        3.8232016754976756        1.2127016300779319       -0.0000000000000000     
  0.67130000000000012        3.8375069002343669        1.2211268440368304       -0.0000000000000000     
  0.67320000000000013        3.8518359990047442        1.2295709135923005       -0.0000000000000000     
  0.67510000000000003        3.8661889575056438        1.2380337437105495       -0.0000000000000000     
  0.67700000000000005        3.8805657612471958        1.2465152401843620       -0.0000000000000000     
  0.67890000000000006        3.8949663955582174        1.2550153096247363       -0.0000000000000000     
  0.68080000000000007        3.9093908455892481        1.2635338594513752       -0.0000000000000000     
  0.68270000000000008        3.9238390963162115        1.2720707978840744       -0.0000000000000000     
  0.68460000000000010        3.9383111325445754        1.2806260339341260       -0.0000000000000000     
  0.68650000000000000        3.9528069389128380        1.2891994773952855       -0.0000000000000000     
  0.68840000000000012        3.9673264998955502        1.2977910388353202       -0.0000000000000000     
  0.69030000000000014        3.9818697998077743        1.3064006295876061       -0.0000000000000000     
  0.69220000000000004        3.9964368228074765        1.3150281617423778       -0.0000000000000000     
  0.69410000000000005        4.0110275528991819        1.3236735481384916       -0.0000000000000000     
  0.69600000000000006        4.0256419739378577        1.3323367023553450       -0.0000000000000000     
  0.69790000000000008        4.0402800696316383        1.3410175387046090       -0.0000000000000000     
  0.69980000000000009        4.0549418235450378        1.3497159722218370       -0.0000000000000000     
  0.70170000000000010        4.0696272191016538        1.3584319186586946       -0.0000000000000000     
  0.70360000000000000        4.0843362395885290        1.3671652944752626       -0.0000000000000000     
  0.70550000000000002        4.0990688681578069        1.3759160168317497       -0.0000000000000000     
  0.70740000000000014        4.1138250878303921        1.3846840035809169       -0.0000000000000000     
  0.70930000000000004        4.1286048814984158        1.3934691732603957       -0.0000000000000000     
  0.71120000000000005        4.1434082319287597        1.4022714450853366       -0.0000000000000000     
  0.71310000000000007        4.1582351217654621        1.4110907389406144       -0.0000000000000000     
  0.71500000000000008        4.1730855335321220        1.4199269753734256       -0.0000000000000000     
  0.71690000000000009        4.1879594496355868        1.4287800755863667       -0.0000000000000000     
  0.71880000000000011        4.2028568523670735        1.4376499614294258       -0.0000000000000000     
  0.72070000000000001        4.2177777239067709        1.4465365553937490       -0.0000000000000000     
  0.72260000000000002        4.2327220463246080        1.4554397806038974       -0.0000000000000000     
  0.72450000000000014        4.2476898015837472        1.4643595608110971       -0.0000000000000000     
  0.72640000000000005        4.2626809715429230        1.4732958203864008       -0.0000000000000000     
  0.72830000000000006        4.2776955379584667        1.4822484843136443       -0.0000000000000000     
  0.73020000000000007        4.2927334824873427        1.4912174781830352       -0.0000000000000000     
  0.73210000000000008        4.3077947866890156        1.5002027281842161       -0.0000000000000000     
  0.73400000000000010        4.3228794320279134        1.5092041610998779       -0.0000000000000000     
  0.73590000000000011        4.3379873998758951        1.5182217042992310       -0.0000000000000000     
  0.73780000000000001        4.3531186715136663        1.5272552857312416       -0.0000000000000000     
  0.73970000000000002        4.3682732281341385        1.5363048339189751       -0.0000000000000000     
  0.74160000000000015        4.3834510508438802        1.5453702779527698       -0.0000000000000000     
  0.74350000000000005        4.3986521206651190        1.5544515474842755       -0.0000000000000000     
  0.74540000000000006        4.4138764185382815        1.5635485727203509       -0.0000000000000000     
  0.74730000000000008        4.4291239253233510        1.5726612844169128       -0.0000000000000000     
  0.74919999999999998        4.4443946218029122        1.5817896138732550       -0.0000000000000000     
  0.75110000000000010        4.4596884886833470        1.5909334929260852       -0.0000000000000000     
  0.75300000000000011        4.4750055065964167        1.6000928539433306       -0.0000000000000000     
  0.75490000000000002        4.4903456561024608        1.6092676298190405       -0.0000000000000000     
  0.75680000000000003        4.5057089176904697        1.6184577539670111       -0.0000000000000000     
  0.75870000000000015        4.5210952717819435        1.6276631603161458       -0.0000000000000000     
  0.76060000000000005        4.5365046987306510        1.6368837833038021       -0.0000000000000000     
  0.76250000000000007        4.5519371788263951        1.6461195578716006       -0.0000000000000000     
  0.76440000000000008        4.5673926922949564        1.6553704194588204       -0.0000000000000000     
  0.76629999999999998        4.5828712193009045        1.6646363039979828       -0.0000000000000000     
  0.76820000000000010        4.5983727399487480        1.6739171479091275       -0.0000000000000000     
  0.77010000000000012        4.6138972342852655        1.6832128880950263       -0.0000000000000000     
  0.77200000000000002        4.6294446823000888        1.6925234619357277       -0.0000000000000000     
  0.77390000000000003        4.6450150639279553        1.7018488072834992       -0.0000000000000000     
  0.77580000000000016        4.6606083590503466        1.7111888624582952       -0.0000000000000000     
  0.77770000000000006        4.6762245474968074        1.7205435662424198       -0.0000000000000000     
  0.77960000000000007        4.6918636090460488        1.7299128578756739       -0.0000000000000000     
  0.78150000000000008        4.7075255234283793        1.7392966770509568       -0.0000000000000000     
  0.78339999999999999        4.7232102703264065        1.7486949639092311       -0.0000000000000000     
  0.78530000000000011        4.7389178293766356        1.7581076590347362       -0.0000000000000000     
  0.78720000000000012        4.7546481801705767        1.7675347034506623       -0.0000000000000000     
  0.78910000000000002        4.7704013022574356        1.7769760386147513       -0.0000000000000000     
  0.79100000000000004        4.7861771751434237        1.7864316064141352       -0.0000000000000000     
  0.79290000000000016        4.8019757782946435        1.7959013491615734       -0.0000000000000000     
  0.79480000000000006        4.8177970911380745        1.8053852095909511       -0.0000000000000000     
  0.79670000000000007        4.8336410930619280        1.8148831308524309       -0.0000000000000000     
  0.79860000000000009        4.8495077634185391        1.8243950565089804       -0.0000000000000000     
  0.80049999999999999        4.8653970815245122        1.8339209305318471       -0.0000000000000000     
  0.80240000000000011        4.8813090266617580        1.8434606972960406       -0.0000000000000000     
  0.80430000000000013        4.8972435780795101        1.8530143015767813       -0.0000000000000000     
  0.80620000000000003        4.9132007149946588        1.8625816885449571       -0.0000000000000000     
  0.80810000000000004        4.9291804165938036        1.8721628037637368       -0.0000000000000000     
  0.81000000000000016        4.9451826620335115        1.8817575931839001       -0.0000000000000000     
  0.81190000000000007        4.9612074304420499        1.8913660031405830       -0.0000000000000000     
  0.81380000000000008        4.9772547009202039        1.9009879803490246       -0.0000000000000000     
  0.81570000000000009        4.9933244525423239        1.9106234719009207       -0.0000000000000000     
  0.81759999999999999        5.0094166643575857        1.9202724252607057       -0.0000000000000000     
  0.81950000000000012        5.0255313153908245        1.9299347882616955       -0.0000000000000000     
  0.82140000000000013        5.0416683846435140        1.9396105091025846       -0.0000000000000000     
  0.82330000000000003        5.0578278510951860        1.9492995363438674       -0.0000000000000000     
  0.82520000000000004        5.0740096937040295        1.9590018189041489       -0.0000000000000000     
  0.82710000000000006        5.0902138914075064        1.9687173060564895       -0.0000000000000000     
  0.82900000000000007        5.1064404231244334        1.9784459474254286       -0.0000000000000000     
  0.83090000000000008        5.1226892677547982        1.9881876929830926       -0.0000000000000000     
  0.83280000000000010        5.1389604041811339        1.9979424930458856       -0.0000000000000000     
  0.83470000000000000        5.1552538112693815        2.0077102982712449       -0.0000000000000000     
  0.83660000000000012        5.1715694678702695        2.0174910596546067       -0.0000000000000000     
  0.83850000000000013        5.1879073528189412        2.0272847285253426       -0.0000000000000000     
  0.84040000000000004        5.2042674449367947        2.0370912565443251       -0.0000000000000000     
  0.84230000000000005        5.2206497230325155        2.0469105957005169       -0.0000000000000000     
  0.84420000000000006        5.2370541659020367        2.0567426983076547       -0.0000000000000000     
  0.84609999999999996        5.2534807523298825        2.0665875170012828       -0.0000000000000000     
  0.84799999999999998        5.2699294610900225        2.0764450047356990       -0.0000000000000000     
  0.84989999999999999        5.2864002709463058        2.0863151147808963       -0.0000000000000000     
  0.85180000000000000        5.3028931606537135        2.0961978007196551       -0.0000000000000000     
  0.85370000000000013        5.3194081089583376        2.1060930164442664       -0.0000000000000000     
  0.85560000000000014        5.3359450945993254        2.1160007161543204       -0.0000000000000000     
  0.85750000000000004        5.3525040963081105        2.1259208543528594       -0.0000000000000000     
  0.85940000000000005        5.3690850928106153        2.1358533858444493       -0.0000000000000000     
  0.86130000000000007        5.3856880628266701        2.1457982657316301       -0.0000000000000000     
  0.86319999999999997        5.4023129850720819        2.1557554494129194       -0.0000000000000000     
  0.86509999999999998        5.4189598382575088        2.1657248925791985       -0.0000000000000000     
  0.86699999999999999        5.4356286010908565        2.1757065512115514       -0.0000000000000000     
  0.86890000000000001        5.4523192522770882        2.1857003815786786       -0.0000000000000000     
  0.87079999999999991        5.4690317705188489        2.1957063402337611       -0.0000000000000000     
  0.87270000000000014        5.4857661345173057        2.2057243840123100       -0.0000000000000000     
  0.87460000000000004        5.5025223229729265        2.2157544700294398       -0.0000000000000000     
  0.87650000000000006        5.5193003145856361        2.2257965556771748       -0.0000000000000000     
  0.87840000000000007        5.5361000880552647        2.2358505986218229       -0.0000000000000000     
  0.88029999999999997        5.5529216220837370        2.2459165568023969       -0.0000000000000000     
  0.88219999999999998        5.5697648953730239        2.2559943884266387       -0.0000000000000000     
  0.88410000000000000        5.5866298866281792        2.2660840519701120       -0.0000000000000000     
  0.88600000000000001        5.6035165745564441        2.2761855061727654       -0.0000000000000000     
  0.88789999999999991        5.6204249378678961        2.2862987100367476       -0.0000000000000000     
  0.88980000000000015        5.6373549552771953        2.2964236228247650       -0.0000000000000000     
  0.89170000000000005        5.6543066055020441        2.3065602040565327       -0.0000000000000000     
  0.89360000000000006        5.6712798672657136        2.3167084135076839       -0.0000000000000000     
  0.89550000000000007        5.6882747192964409        2.3268682112067549       -0.0000000000000000     
  0.89739999999999998        5.7052911403282343        2.3370395574332812       -0.0000000000000000     
  0.89929999999999999        5.7223291091011426        2.3472224127154120       -0.0000000000000000     
  0.90120000000000000        5.7393886043623716        2.3574167378279314       -0.0000000000000000     
  0.90309999999999990        5.7564696048659574        2.3676224937898533       -0.0000000000000000     
  0.90499999999999992        5.7735720893735891        2.3778396418623973       -0.0000000000000000     
  0.90689999999999993        5.7906960366551559        2.3880681435469380       -0.0000000000000000     
  0.90879999999999994        5.8078414254892117        2.3983079605829447       -0.0000000000000000     
  0.91070000000000007        5.8250082346630236        2.4085590549456035       -0.0000000000000000     
  0.91260000000000008        5.8421964429737256        2.4188213888443468       -0.0000000000000000     
  0.91449999999999998        5.8594060292281380        2.4290949247203679       -0.0000000000000000     
  0.91639999999999999        5.8766369722432108        2.4393796252447135       -0.0000000000000000     
  0.91830000000000001        5.8938892508464482        2.4496754533162730       -0.0000000000000000     
  0.92019999999999991        5.9111628438770003        2.4599823720602698       -0.0000000000000000     
  0.92209999999999992        5.9284577301853236        2.4703003448258469       -0.0000000000000000     
  0.92399999999999993        5.9457738886331626        2.4806293351840738       -0.0000000000000000     
  0.92589999999999995        5.9631112980953684        2.4909693069267154       -0.0000000000000000     
  0.92780000000000007        5.9804699374589578        2.5013202240636776       -0.0000000000000000     
  0.92970000000000008        5.9978497856240578        2.5116820508216002       -0.0000000000000000     
  0.93159999999999998        6.0152508215041420        2.5220547516418192       -0.0000000000000000     
  0.93350000000000000        6.0326730240263355        2.5324382911786096       -0.0000000000000000     
  0.93540000000000001        6.0501163721322015        2.5428326342977110       -0.0000000000000000     
  0.93729999999999991        6.0675808447771029        2.5532377460738602       -0.0000000000000000     
  0.93919999999999992        6.0850664209316143        2.5636535917898287       -0.0000000000000000     
  0.94109999999999994        6.1025730795812185        2.5740801369342114       -0.0000000000000000     
  0.94299999999999995        6.1201007997269734        2.5845173472000282       -0.0000000000000000     
  0.94490000000000007        6.1376495603852730        2.5949651884826368       -0.0000000000000000     
  0.94680000000000009        6.1552193405888218        2.6054236268785043       -0.0000000000000000     
  0.94869999999999999        6.1728101193865115        2.6158926286832789       -0.0000000000000000     
  0.95060000000000000        6.1904218758441010        2.6263721603903822       -0.0000000000000000     
  0.95250000000000001        6.2080545890441199        2.6368621886892516       -0.0000000000000000     
  0.95439999999999992        6.2257082380861481        2.6473626804635852       -0.0000000000000000     
  0.95629999999999993        6.2433828020875044        2.6578736027902208       -0.0000000000000000     
  0.95819999999999994        6.2610782601830541        2.6683949229370150       -0.0000000000000000     
  0.96009999999999995        6.2787945915259815        2.6789266083618966       -0.0000000000000000     
  0.96199999999999986        6.2965317752874785        2.6894686267107564       -0.0000000000000000     
  0.96390000000000009        6.3142897906576811        2.7000209458165232       -0.0000000000000000     
  0.96579999999999999        6.3320686168451870        2.7105835336970197       -0.0000000000000000     
  0.96770000000000000        6.3498682330776868        2.7211563585540266       -0.0000000000000000     
  0.96960000000000002        6.3676886186025508        2.7317393887716062       -0.0000000000000000     
  0.97149999999999992        6.3855297526863417        2.7423325929146398       -0.0000000000000000     
  0.97339999999999993        6.4033916146155985        2.7529359397274060       -0.0000000000000000     
  0.97529999999999994        6.4212741836968190        2.7635493981321875       -0.0000000000000000     
  0.97719999999999996        6.4391774392570484        2.7741729372279975       -0.0000000000000000     
  0.97909999999999986        6.4571013606434819        2.7848065262888917       -0.0000000000000000     
  0.98100000000000009        6.4750459272239569        2.7954501347627465       -0.0000000000000000     
  0.98290000000000000        6.4930111183875718        2.8061037322700373       -0.0000000000000000     
  0.98480000000000001        6.5109969135445009        2.8167672886023687       -0.0000000000000000     
  0.98670000000000002        6.5290032921259433        2.8274407737210292       -0.0000000000000000     
  0.98859999999999992        6.5470302335851080        2.8381241577559697       -0.0000000000000000     
  0.99049999999999994        6.5650777173964752        2.8488174110040734       -0.0000000000000000     
  0.99239999999999995        6.5831457230568740        2.8595205039283966       -0.0000000000000000     
  0.99429999999999996        6.6012342300848328        2.8702334071563382       -0.0000000000000000     
  0.99619999999999986        6.6193432180215375        2.8809560914788106       -0.0000000000000000     
  0.99810000000000010        6.6374726664307246        2.8916885278489444       -0.0000000000000000     
   1.0000000000000000        6.6556225548985104        2.9024306873804337       -0.0000000000000000     
