   5.0000000000000003E-002  0.23922292603367903        8.3036808782037982E-004  -0.0000000000000000     
   5.1899999999999995E-002  0.24834637656026268        9.1119106625540296E-004  -0.0000000000000000     
   5.3800000000000001E-002  0.25747285783780838        9.9638126826187470E-004  -0.0000000000000000     
   5.5700000000000006E-002  0.26660241703934218        1.0859500380953342E-003  -0.0000000000000000     
   5.7599999999999998E-002  0.27573509822453490        1.1799085387171134E-003  -0.0000000000000000     
   5.9499999999999997E-002  0.28487094307410438        1.2782687372701904E-003  -0.0000000000000000     
   6.1400000000000003E-002  0.29400999091477442        1.3810443194967889E-003  -0.0000000000000000     
   6.3300000000000009E-002  0.30315227910044090        1.4882514874179839E-003  -0.0000000000000000     
   6.5200000000000008E-002  0.31229784333096977        1.5999096668287613E-003  -0.0000000000000000     
   6.7099999999999993E-002  0.32144671778020967        1.7160421350129404E-003  -0.0000000000000000     
   6.9000000000000006E-002  0.33059893541983637        1.8366765614056082E-003  -0.0000000000000000     
   7.0900000000000005E-002  0.33975452822853586        1.9618454778777589E-003  -0.0000000000000000     
   7.2799999999999990E-002  0.34891352738577258        2.0915866809372604E-003  -0.0000000000000000     
   7.4700000000000003E-002  0.35807596355532501        2.2259435707658432E-003  -0.0000000000000000     
   7.6600000000000001E-002  0.36724186696042671        2.3649654363785562E-003  -0.0000000000000000     
   7.8500000000000000E-002  0.37641126763539628        2.5087076869368496E-003  -0.0000000000000000     
   8.0400000000000013E-002  0.38558419557348056        2.6572320378827718E-003  -0.0000000000000000     
   8.2300000000000012E-002  0.39476068088064104        2.8106066549203968E-003  -0.0000000000000000     
   8.4199999999999997E-002  0.40394075391814072        2.9689062603527484E-003  -0.0000000000000000     
   8.6099999999999996E-002  0.41312444543437354        3.1322122056862095E-003  -0.0000000000000000     
   8.7999999999999995E-002  0.42231178666557662        3.3006125140717917E-003  -0.0000000000000000     
   8.9899999999999994E-002  0.43150280952510400        3.4742018959263493E-003  -0.0000000000000000     
   9.1800000000000007E-002  0.44069754659292282        3.6530817410843435E-003  -0.0000000000000000     
   9.3700000000000006E-002  0.44989603128170602        3.8373600897192513E-003  -0.0000000000000000     
   9.5600000000000004E-002  0.45909829790396356        4.0271515850867695E-003  -0.0000000000000000     
   9.7500000000000017E-002  0.46830438174928879        4.2225774102321572E-003  -0.0000000000000000     
   9.9400000000000002E-002  0.47751431915369402        4.4237652107382555E-003  -0.0000000000000000     
  0.10130000000000000       0.48672814756258737        4.6308490055220588E-003  -0.0000000000000000     
  0.10320000000000000       0.49594590558734103        4.8439690874392963E-003  -0.0000000000000000     
  0.10510000000000000       0.50516763305472989        5.0632719150109301E-003  -0.0000000000000000     
  0.10700000000000000       0.51439337105249616        5.2889099971022832E-003  -0.0000000000000000     
  0.10890000000000001       0.52362316196735081        5.5210417714487078E-003  -0.0000000000000000     
  0.11080000000000001       0.53285704952077451        5.7598314783037854E-003  -0.0000000000000000     
  0.11270000000000001       0.54209507879783481        6.0054490303585945E-003  -0.0000000000000000     
  0.11460000000000002       0.55133729627330419        6.2580698795233203E-003  -0.0000000000000000     
  0.11649999999999999       0.56058374983328674        6.5178748818034947E-003  -0.0000000000000000     
  0.11840000000000001       0.56983448877789011        6.7850501606384330E-003  -0.0000000000000000     
  0.12030000000000000       0.57908956389579147        7.0597869692878134E-003  -0.0000000000000000     
  0.12220000000000000       0.58834902738730044        7.3422815536731949E-003  -0.0000000000000000     
  0.12410000000000000       0.59761292091876894        7.6302006520346756E-003  -0.0000000000000000     
  0.12600000000000000       0.60688124008050359        7.9225940821695713E-003  -0.0000000000000000     
  0.12790000000000001       0.61615400355984529        8.2214072984212461E-003  -0.0000000000000000     
  0.12980000000000003       0.62543124616414814        8.5273522437775747E-003  -0.0000000000000000     
  0.13169999999999998       0.63471301020731663        8.8409203716214180E-003  -0.0000000000000000     
  0.13360000000000000       0.64399934315164464        9.1625140250728813E-003  -0.0000000000000000     
  0.13550000000000001       0.65329029647287651        9.4924895115685633E-003  -0.0000000000000000     
  0.13739999999999999       0.66258592499503854        9.8311762054218745E-003  -0.0000000000000000     
  0.13930000000000001       0.67188628645454584        1.0178886513727878E-002  -0.0000000000000000     
  0.14120000000000002       0.68119144119227681        1.0535921645871018E-002  -0.0000000000000000     
  0.14310000000000000       0.69050145192369772        1.0902575205725634E-002  -0.0000000000000000     
  0.14500000000000002       0.69981638356000930        1.1279135551302406E-002  -0.0000000000000000     
  0.14690000000000000       0.70913630306427200        1.1665887409693210E-002  -0.0000000000000000     
  0.14879999999999999       0.71846127933272796        1.2063113018438936E-002  -0.0000000000000000     
  0.15070000000000000       0.72779138309453439        1.2471092953130942E-002  -0.0000000000000000     
  0.15260000000000001       0.73712668682571558        1.2890106740366149E-002  -0.0000000000000000     
  0.15450000000000000       0.74646726467374813        1.3320433319450440E-002  -0.0000000000000000     
  0.15640000000000001       0.75581319239116651        1.3762351395468711E-002  -0.0000000000000000     
  0.15830000000000002       0.76516454727573968        1.4216139712320039E-002  -0.0000000000000000     
  0.16020000000000001       0.77452140811720294        1.4682077266481856E-002  -0.0000000000000000     
  0.16210000000000002       0.78388385514789360        1.5160443475611123E-002  -0.0000000000000000     
  0.16400000000000001       0.79325196999791059        1.5651518312901222E-002  -0.0000000000000000     
  0.16589999999999999       0.80262583565388879        1.6155582414892941E-002  -0.0000000000000000     
  0.16780000000000000       0.81200553642041406        1.6672917168779250E-002  -0.0000000000000000     
  0.16970000000000002       0.82139115788423767        1.7203804783448608E-002  -0.0000000000000000     
  0.17160000000000000       0.83078278688110907        1.7748528348108632E-002  -0.0000000000000000     
  0.17350000000000002       0.84018051146404094        1.8307371880781881E-002  -0.0000000000000000     
  0.17540000000000003       0.84958442087406971        1.8880620368930134E-002  -0.0000000000000000     
  0.17730000000000001       0.85899460551243123        1.9468559803941278E-002  -0.0000000000000000     
  0.17920000000000003       0.86841115690511594        2.0071477210599421E-002  -0.0000000000000000     
  0.18110000000000001       0.87783416771398537        2.0689660672272851E-002  -0.0000000000000000     
  0.18300000000000000       0.88726373165965289        2.1323399353638535E-002  -0.0000000000000000     
  0.18490000000000001       0.89669994353460925        2.1972983520154758E-002  -0.0000000000000000     
  0.18680000000000002       0.90614289917316004        2.2638704555733913E-002  -0.0000000000000000     
  0.18870000000000001       0.91559269543111677        2.3320854978658729E-002  -0.0000000000000000     
  0.19060000000000002       0.92504943016669228        2.4019728455994874E-002  -0.0000000000000000     
  0.19250000000000003       0.93451320222198753        2.4735619816685962E-002  -0.0000000000000000     
  0.19439999999999999       0.94398411140564387        2.5468825063495473E-002  -0.0000000000000000     
  0.19630000000000000       0.95346225847601962        2.6219641383784038E-002  -0.0000000000000000     
  0.19820000000000002       0.96294774512540871        2.6988367159176095E-002  -0.0000000000000000     
  0.20010000000000000       0.97244067396461098        2.7775301974083278E-002  -0.0000000000000000     
  0.20200000000000001       0.98194114850842518        2.8580746622999871E-002  -0.0000000000000000     
  0.20390000000000003       0.99144927316171594        2.9405003116503649E-002  -0.0000000000000000     
  0.20580000000000001        1.0009651532059050        3.0248374685803263E-002  -0.0000000000000000     
  0.20770000000000002        1.0104888947861861        3.1111165785756258E-002  -0.0000000000000000     
  0.20960000000000004        1.0200206048991209        3.1993682096108547E-002  -0.0000000000000000     
  0.21149999999999999        1.0295603913806737        3.2896230520882482E-002  -0.0000000000000000     
  0.21340000000000001        1.0391083628947480        3.3819119185610702E-002  -0.0000000000000000     
  0.21529999999999999        1.0486646289220343        3.4762657432349027E-002  -0.0000000000000000     
  0.21720000000000000        1.0582292997492022        3.5727155812132899E-002  -0.0000000000000000     
  0.21909999999999999        1.0678024864584210        3.6712926074737022E-002  -0.0000000000000000     
  0.22100000000000003        1.0773843009171318        3.7720281155514609E-002  -0.0000000000000000     
  0.22289999999999999        1.0869748557680292        3.8749535159045362E-002  -0.0000000000000000     
  0.22479999999999997        1.0965742644192393        3.9801003339423338E-002  -0.0000000000000000     
  0.22670000000000001        1.1061826410346753        4.0875002076913407E-002  -0.0000000000000000     
  0.22860000000000000        1.1158001005245044        4.1971848850777246E-002  -0.0000000000000000     
  0.23050000000000001        1.1254267585355797        4.3091862208037457E-002  -0.0000000000000000     
  0.23240000000000000        1.1350627314421118        4.4235361727953712E-002  -0.0000000000000000     
  0.23430000000000001        1.1447081363361478        4.5402667982004360E-002  -0.0000000000000000     
  0.23619999999999999        1.1543630910181306        4.6594102489177114E-002  -0.0000000000000000     
  0.23810000000000003        1.1640277139873325        4.7809987666333972E-002  -0.0000000000000000     
  0.23999999999999999        1.1737021244321981        4.9050646773522451E-002  -0.0000000000000000     
  0.24189999999999998        1.1833864422205054        5.0316403853954680E-002  -0.0000000000000000     
  0.24380000000000002        1.1930807878894152        5.1607583668632877E-002  -0.0000000000000000     
  0.24570000000000000        1.2027852826351826        5.2924511625295108E-002  -0.0000000000000000     
  0.24760000000000001        1.2125000483027504        5.4267513701686643E-002  -0.0000000000000000     
  0.24950000000000000        1.2222252073749000        5.5636916362953086E-002  -0.0000000000000000     
  0.25140000000000001        1.2319608829612299        5.7033046473068331E-002  -0.0000000000000000     
  0.25330000000000003        1.2417071987866655        5.8456231200217174E-002  -0.0000000000000000     
  0.25519999999999998        1.2514642791795993        5.9906797916042524E-002  -0.0000000000000000     
  0.25710000000000000        1.2612322490596357        6.1385074088696409E-002  -0.0000000000000000     
  0.25900000000000001        1.2710112339248636        6.2891387169737398E-002  -0.0000000000000000     
  0.26090000000000002        1.2808013598386665        6.4426064474741598E-002  -0.0000000000000000     
  0.26279999999999998        1.2906027534159594        6.5989433057762906E-002  -0.0000000000000000     
  0.26469999999999999        1.3004155418089884        6.7581819579595109E-002  -0.0000000000000000     
  0.26660000000000000        1.3102398526924663        6.9203550169924660E-002  -0.0000000000000000     
  0.26849999999999996        1.3200758142481881        7.0854950283484305E-002  -0.0000000000000000     
  0.27040000000000003        1.3299235551490236        7.2536344550262713E-002  -0.0000000000000000     
  0.27229999999999999        1.3397832045422586        7.4248056619956398E-002  -0.0000000000000000     
  0.27420000000000000        1.3496548920383167        7.5990409001175707E-002  -0.0000000000000000     
  0.27610000000000001        1.3595387476686129        7.7763722893264206E-002  -0.0000000000000000     
  0.27799999999999997        1.3694349019035763        7.9568318016857056E-002  -0.0000000000000000     
  0.27989999999999998        1.3793434856086744        8.1404512435425069E-002  -0.0000000000000000     
  0.28179999999999999        1.3892646300306302        8.3272622374182093E-002  -0.0000000000000000     
  0.28370000000000001        1.3991984667766575        8.5172962034080368E-002  -0.0000000000000000     
  0.28559999999999997        1.4091451277931319        8.7105843401741184E-002  -0.0000000000000000     
  0.28750000000000003        1.4191047453433721        8.9071576055531676E-002  -0.0000000000000000     
  0.28939999999999999        1.4290774519848244        9.1070466968283567E-002  -0.0000000000000000     
  0.29130000000000000        1.4390633805454545        9.3102820306926654E-002  -0.0000000000000000     
  0.29320000000000002        1.4490626640995516        9.5168937229448261E-002  -0.0000000000000000     
  0.29509999999999997        1.4590754359426308        9.7269115679725168E-002  -0.0000000000000000     
  0.29699999999999999        1.4691018295659690        9.9403650180459519E-002  -0.0000000000000000     
  0.29890000000000000        1.4791419786300721       0.10157283162488644       -0.0000000000000000     
  0.30080000000000001        1.4891960169377452       0.10377694706754674       -0.0000000000000000     
  0.30269999999999997        1.4992640784064466       0.10601627951478777       -0.0000000000000000     
  0.30460000000000004        1.5093462970399634       0.10829110771527678       -0.0000000000000000     
  0.30649999999999999        1.5194428068995738       0.11060170595130595       -0.0000000000000000     
  0.30840000000000001        1.5295537420745793       0.11294834383110848       -0.0000000000000000     
  0.31030000000000002        1.5396792366522303       0.11533128608296955       -0.0000000000000000     
  0.31219999999999998        1.5498194246872423       0.11775079235147819       -0.0000000000000000     
  0.31409999999999999        1.5599744401707198       0.12020711699652258       -0.0000000000000000     
  0.31600000000000000        1.5701444169986607       0.12270050889556965       -0.0000000000000000     
  0.31790000000000002        1.5803294889400366       0.12523121124968523       -0.0000000000000000     
  0.31979999999999997        1.5905297896044834       0.12779946139389006       -0.0000000000000000     
  0.32170000000000004        1.6007454524095999       0.13040549061227147       -0.0000000000000000     
  0.32360000000000000        1.6109766105480117       0.13304952395844136       -0.0000000000000000     
  0.32549999999999996        1.6212233969541052       0.13573178008174863       -0.0000000000000000     
  0.32740000000000002        1.6314859442765597       0.13845247106079100       -0.0000000000000000     
  0.32929999999999998        1.6417643848201611       0.14121180223838278       -0.0000000000000000     
  0.33119999999999999        1.6520588505497089       0.14400997207427685       -0.0000000000000000     
  0.33310000000000001        1.6623694730303555       0.14684717199469266       -0.0000000000000000     
  0.33500000000000002        1.6726963834003443       0.14972358625520629       -0.0000000000000000     
  0.33689999999999998        1.6830397123371637       0.15263939181086603       -0.0000000000000000     
  0.33879999999999999        1.6933995900236307       0.15559475819489119       -0.0000000000000000     
  0.34070000000000000        1.7037761461140708       0.15858984740632126       -0.0000000000000000     
  0.34259999999999996        1.7141695097007921       0.16162481380691926       -0.0000000000000000     
  0.34450000000000003        1.7245798092806242       0.16469980402746565       -0.0000000000000000     
  0.34639999999999999        1.7350071727218219       0.16781495688380876       -0.0000000000000000     
  0.34830000000000000        1.7454517272311736       0.17097040330271029       -0.0000000000000000     
  0.35020000000000001        1.7559135993214563       0.17416626625772499       -0.0000000000000000     
  0.35210000000000002        1.7663929147793016       0.17740266071517211       -0.0000000000000000     
  0.35399999999999998        1.7768897986335026       0.18067969359037547       -0.0000000000000000     
  0.35589999999999999        1.7874043751237605       0.18399746371407422       -0.0000000000000000     
  0.35780000000000001        1.7979367676761837       0.18735606181079051       -0.0000000000000000     
  0.35969999999999996        1.8084870988474004       0.19075557047907585       -0.0000000000000000     
  0.36160000000000003        1.8190554903347635       0.19419606419895874       -0.0000000000000000     
  0.36349999999999999        1.8296420629200942       0.19767760933219061       -0.0000000000000000     
  0.36540000000000000        1.8402469364486411       0.20120026414137163       -0.0000000000000000     
  0.36730000000000002        1.8508702298011586       0.20476407881692443       -0.0000000000000000     
  0.36920000000000003        1.8615120608672917       0.20836909551399324       -0.0000000000000000     
  0.37109999999999999        1.8721725465194532       0.21201534839866917       -0.0000000000000000     
  0.37300000000000000        1.8828518025876388       0.21570286370354474       -0.0000000000000000     
  0.37490000000000001        1.8935499438349297       0.21943165979219070       -0.0000000000000000     
  0.37679999999999997        1.9042670839339371       0.22320174723244834       -0.0000000000000000     
  0.37870000000000004        1.9150033354440974       0.22701312887807740       -0.0000000000000000     
  0.38059999999999999        1.9257588097897789       0.23086579995855999       -0.0000000000000000     
  0.38250000000000001        1.9365336172453615       0.23475974817874559       -0.0000000000000000     
  0.38440000000000002        1.9473278668903560       0.23869495381521363       -0.0000000000000000     
  0.38629999999999998        1.9581416666294365       0.24267138984187134       -0.0000000000000000     
  0.38819999999999999        1.9689751231469736       0.24668902203935000       -0.0000000000000000     
  0.39010000000000000        1.9798283418970017       0.25074780912251798       -0.0000000000000000     
  0.39200000000000002        1.9907014270871159       0.25484770287153824       -0.0000000000000000     
  0.39389999999999997        2.0015944816631261       0.25898864826840107       -0.0000000000000000     
  0.39580000000000004        2.0125076072948720       0.26317058363856183       -0.0000000000000000     
  0.39770000000000000        2.0234409043629311       0.26739344079738342       -0.0000000000000000     
  0.39959999999999996        2.0343944719461882       0.27165714520079148       -0.0000000000000000     
  0.40150000000000002        2.0453684078106211       0.27596161609991249       -0.0000000000000000     
  0.40339999999999998        2.0563628084042014       0.28030676670156390       -0.0000000000000000     
  0.40529999999999999        2.0673777688245627       0.28469250431941273       -0.0000000000000000     
  0.40720000000000001        2.0784133828469296       0.28911873055381437       -0.0000000000000000     
  0.40910000000000002        2.0894697428906595       0.29358534144683252       -0.0000000000000000     
  0.41099999999999998        2.1005469400195875       0.29809222765350712       -0.0000000000000000     
  0.41290000000000004        2.1116450639362436       0.30263927461152368       -0.0000000000000000     
  0.41480000000000000        2.1227642029768803       0.30722636271223841       -0.0000000000000000     
  0.41669999999999996        2.1339044441076518       0.31185336747254550       -0.0000000000000000     
  0.41860000000000003        2.1450658729213745       0.31652015970719566       -0.0000000000000000     
  0.42049999999999998        2.1562485736415891       0.32122660570469846       -0.0000000000000000     
  0.42240000000000005        2.1674526290946616       0.32597256738596947       -0.0000000000000000     
  0.42430000000000007        2.1786781207510977       0.33075790249810766       -0.0000000000000000     
  0.42620000000000002        2.1899251286959585       0.33558246477047049       -0.0000000000000000     
  0.42809999999999998        2.2011937316376806       0.34044610408899445       -0.0000000000000000     
  0.43000000000000005        2.2124840069097647       0.34534866666539382       -0.0000000000000000     
  0.43190000000000006        2.2237960304730393       0.35028999520476983       -0.0000000000000000     
  0.43380000000000002        2.2351298769187649       0.35526992907150168       -0.0000000000000000     
  0.43570000000000003        2.2464856194723808       0.36028830445331567       -0.0000000000000000     
  0.43759999999999999        2.2578633300041977       0.36534495452724808       -0.0000000000000000     
  0.43950000000000006        2.2692630790077186       0.37043970960215489       -0.0000000000000000     
  0.44140000000000007        2.2806849356472387       0.37557239730253361       -0.0000000000000000     
  0.44330000000000003        2.2921289677345569       0.38074284270445724       -0.0000000000000000     
  0.44519999999999998        2.3035952417436194       0.38595086849211135       -0.0000000000000000     
  0.44710000000000000        2.3150838228174706       0.39119629510651677       -0.0000000000000000     
  0.44900000000000007        2.3265947747762770       0.39647894089149144       -0.0000000000000000     
  0.45090000000000002        2.3381281601253758       0.40179862223614071       -0.0000000000000000     
  0.45280000000000004        2.3496840400641141       0.40715515371444772       -0.0000000000000000     
  0.45469999999999999        2.3612624744948771       0.41254834822136610       -0.0000000000000000     
  0.45660000000000006        2.3728635220326670       0.41797801710566662       -0.0000000000000000     
  0.45850000000000007        2.3844872400209502       0.42344397030435449       -0.0000000000000000     
  0.46040000000000003        2.3961336845173138       0.42894601644786567       -0.0000000000000000     
  0.46229999999999999        2.4078029103426646       0.43448396301475056       -0.0000000000000000     
  0.46420000000000000        2.4194949710651188       0.44005761642834712       -0.0000000000000000     
  0.46610000000000007        2.4312099190187282       0.44566678217802735       -0.0000000000000000     
  0.46800000000000003        2.4429478053146338       0.45131126493102930       -0.0000000000000000     
  0.46990000000000004        2.4547086798530073       0.45699086864074961       -0.0000000000000000     
  0.47180000000000011        2.4664925913350784       0.46270539665165705       -0.0000000000000000     
  0.47370000000000007        2.4782995872754361       0.46845465180050017       -0.0000000000000000     
  0.47560000000000008        2.4901297140144498       0.47423843651417896       -0.0000000000000000     
  0.47750000000000004        2.5019830167309118       0.48005655290398830       -0.0000000000000000     
  0.47939999999999999        2.5138595394548204       0.48590880285660432       -0.0000000000000000     
  0.48130000000000006        2.5257593250805184       0.49179498812157674       -0.0000000000000000     
  0.48320000000000007        2.5376824153795465       0.49771491039546434       -0.0000000000000000     
  0.48510000000000003        2.5496288510182530       0.50366837140905485       -0.0000000000000000     
  0.48700000000000004        2.5615986715536239       0.50965517297889751       -0.0000000000000000     
  0.48890000000000011        2.5735919154738958       0.51567511712190972       -0.0000000000000000     
  0.49080000000000007        2.5856086201930029       0.52172800609899228       -0.0000000000000000     
  0.49270000000000008        2.5976488220694347       0.52781364249050144       -0.0000000000000000     
  0.49460000000000004        2.6097125564192871       0.53393182926124938       -0.0000000000000000     
  0.49650000000000000        2.6217998575305268       0.54008236982280622       -0.0000000000000000     
  0.49840000000000007        2.6339107586759880       0.54626506809285058       -0.0000000000000000     
  0.50030000000000008        2.6460452921277335       0.55247972855167193       -0.0000000000000000     
  0.50220000000000009        2.6582034891700808       0.55872615629596656       -0.0000000000000000     
  0.50409999999999999        2.6703853801135820       0.56500415708986296       -0.0000000000000000     
  0.50600000000000001        2.6825909943088262       0.57131353741365842       -0.0000000000000000     
  0.50790000000000013        2.6948203601595990       0.57765410450941723       -0.0000000000000000     
  0.50980000000000003        2.7070735051368620       0.58402566642486542       -0.0000000000000000     
  0.51170000000000004        2.7193504557921546       0.59042803205429628       -0.0000000000000000     
  0.51360000000000006        2.7316512377709432       0.59686101117739776       -0.0000000000000000     
  0.51550000000000007        2.7439758758262922       0.60332441449590901       -0.0000000000000000     
  0.51740000000000008        2.7563243938320481       0.60981805366795261       -0.0000000000000000     
  0.51930000000000009        2.7686968147960660       0.61634174134033459       -0.0000000000000000     
  0.52120000000000000        2.7810931608735978       0.62289529117879605       -0.0000000000000000     
  0.52310000000000001        2.7935134533780204       0.62947851790415965       -0.0000000000000000     
  0.52500000000000013        2.8059577128028041       0.63609123728703476       -0.0000000000000000     
  0.52690000000000003        2.8184259588213587       0.64273326622073801       -0.0000000000000000     
  0.52880000000000005        2.8309182103079826       0.64940442271116883       -0.0000000000000000     
  0.53070000000000006        2.8434344853493134       0.65610452590660939       -0.0000000000000000     
  0.53260000000000007        2.8559748012564894       0.66283339611703973       -0.0000000000000000     
  0.53450000000000009        2.8685391745772391       0.66959085483193581       -0.0000000000000000     
  0.53640000000000010        2.8811276211088592       0.67637672473691268       -0.0000000000000000     
  0.53830000000000000        2.8937401559105349       0.68319082972868450       -0.0000000000000000     
  0.54020000000000001        2.9063767933148918       0.69003299492857662       -0.0000000000000000     
  0.54210000000000014        2.9190375469404275       0.69690304669473069       -0.0000000000000000     
  0.54400000000000004        2.9317224297033584       0.70380081263324235       -0.0000000000000000     
  0.54590000000000005        2.9444314538291265       0.71072612160788518       -0.0000000000000000     
  0.54780000000000006        2.9571646308643538       0.71767880374867865       -0.0000000000000000     
  0.54970000000000008        2.9699219716880925       0.72465869045934439       -0.0000000000000000     
  0.55160000000000009        2.9827034865232607       0.73166561442382516       -0.0000000000000000     
  0.55350000000000010        2.9955091849479651       0.73869940961164515       -0.0000000000000000     
  0.55540000000000000        3.0083390759061310       0.74575991128223207       -0.0000000000000000     
  0.55730000000000002        3.0211931677192121       0.75284695598870155       -0.0000000000000000     
  0.55920000000000014        3.0340714680961054       0.75996038158014101       -0.0000000000000000     
  0.56110000000000004        3.0469739841444636       0.76710002720365267       -0.0000000000000000     
  0.56300000000000006        3.0599007223811849       0.77426573330537074       -0.0000000000000000     
  0.56490000000000007        3.0728516887421238       0.78145734163040770       -0.0000000000000000     
  0.56680000000000008        3.0858268885931857       0.78867469522264821       -0.0000000000000000     
  0.56870000000000009        3.0988263267399545       0.79591763842358021       -0.0000000000000000     
  0.57060000000000011        3.1118500074376283       0.80318601687029989       -0.0000000000000000     
  0.57250000000000001        3.1248979344011283       0.81047967749326111       -0.0000000000000000     
  0.57440000000000002        3.1379701108145257       0.81779846851328730       -0.0000000000000000     
  0.57630000000000015        3.1510665393405852       0.82514223943788378       -0.0000000000000000     
  0.57820000000000005        3.1641872221303209       0.83251084105732753       -0.0000000000000000     
  0.58010000000000006        3.1773321608321461       0.83990412544007476       -0.0000000000000000     
  0.58200000000000007        3.1905013565692411       0.84732194593724719       -0.0000000000000000     
  0.58389999999999997        3.2036948100758136       0.85476415713881781       -0.0000000000000000     
  0.58580000000000010        3.2169125215149541       0.86223061492634878       -0.0000000000000000     
  0.58770000000000011        3.2301544906148436       0.86972117642669389       -0.0000000000000000     
  0.58960000000000001        3.2434207166447311       0.87723570001621076       -0.0000000000000000     
  0.59150000000000003        3.2567111984247825       0.88477404531342796       -0.0000000000000000     
  0.59340000000000015        3.2700259343333271       0.89233607317212771       -0.0000000000000000     
  0.59530000000000005        3.2833649223150867       0.89992164567346589       -0.0000000000000000     
  0.59720000000000006        3.2967281598902511       0.90753062611894453       -0.0000000000000000     
  0.59910000000000008        3.3101156441607746       0.91516287902130766       -0.0000000000000000     
  0.60099999999999998        3.3235273718198473       0.92281827009754780       -0.0000000000000000     
  0.60290000000000010        3.3369633391582170       0.93049666625950556       -0.0000000000000000     
  0.60480000000000012        3.3504235420727295       0.93819793560581421       -0.0000000000000000     
  0.60670000000000002        3.3639079760731367       0.94592194741285296       -0.0000000000000000     
  0.60860000000000003        3.3774166362896803       0.95366857212565193       -0.0000000000000000     
  0.61050000000000015        3.3909495174806428       0.96143768134938667       -0.0000000000000000     
  0.61240000000000006        3.4045066140383682       0.96922914783932879       -0.0000000000000000     
  0.61430000000000007        3.4180879199970913       0.97704284549182052       -0.0000000000000000     
  0.61620000000000008        3.4316934290401853       0.98487864933510849       -0.0000000000000000     
  0.61809999999999998        3.4453231345055837       0.99273643551944557       -0.0000000000000000     
  0.62000000000000011        3.4589770293931994        1.0006160813072729       -0.0000000000000000     
  0.62190000000000012        3.4726551063717341        1.0085174650639361       -0.0000000000000000     
  0.62380000000000002        3.4863573577840263        1.0164404662474797       -0.0000000000000000     
  0.62570000000000003        3.5000837756547303        1.0243849653991419       -0.0000000000000000     
  0.62760000000000005        3.5138343516951878        1.0323508441333491       -0.0000000000000000     
  0.62950000000000006        3.5276090773103426        1.0403379851276466       -0.0000000000000000     
  0.63140000000000007        3.5414079436044368        1.0483462721129744       -0.0000000000000000     
  0.63330000000000009        3.5552309413867258        1.0563755898634994       -0.0000000000000000     
  0.63519999999999999        3.5690780611774247        1.0644258241867541       -0.0000000000000000     
  0.63710000000000011        3.5829492932137081        1.0724968619138648       -0.0000000000000000     
  0.63900000000000012        3.5968446274547814        1.0805885908892323       -0.0000000000000000     
  0.64090000000000003        3.6107640535872192        1.0887008999604757       -0.0000000000000000     
  0.64280000000000004        3.6247075610309460        1.0968336789690232       -0.0000000000000000     
  0.64470000000000005        3.6386751389446390        1.1049868187398701       -0.0000000000000000     
  0.64660000000000006        3.6526667762293084        1.1131602110712282       -0.0000000000000000     
  0.64850000000000008        3.6666824615362978        1.1213537487257159       -0.0000000000000000     
  0.65040000000000009        3.6807221832691943        1.1295673254193528       -0.0000000000000000     
  0.65229999999999999        3.6947859295910890        1.1378008358126532       -0.0000000000000000     
  0.65420000000000011        3.7088736884280857        1.1460541755003442       -0.0000000000000000     
  0.65610000000000013        3.7229854474747386        1.1543272410018937       -0.0000000000000000     
  0.65800000000000003        3.7371211941983029        1.1626199297517221       -0.0000000000000000     
  0.65990000000000004        3.7512809158439424        1.1709321400899195       -0.0000000000000000     
  0.66180000000000005        3.7654645994384097        1.1792637712521281       -0.0000000000000000     
  0.66370000000000007        3.7796722317951890        1.1876147233606387       -0.0000000000000000     
  0.66560000000000008        3.7939037995187692        1.1959848974147065       -0.0000000000000000     
  0.66750000000000009        3.8081592890077594        1.2043741952809039       -0.0000000000000000     
  0.66940000000000000        3.8224386864612860        1.2127825196845636       -0.0000000000000000     
  0.67130000000000012        3.8367419778814251        1.2212097741999606       -0.0000000000000000     
  0.67320000000000013        3.8510691490778290        1.2296558632414181       -0.0000000000000000     
  0.67510000000000003        3.8654201856712924        1.2381206920539352       -0.0000000000000000     
  0.67700000000000005        3.8797950730987290        1.2466041667047991       -0.0000000000000000     
  0.67890000000000006        3.8941937966155029        1.2551061940739485       -0.0000000000000000     
  0.68080000000000007        3.9086163413008705        1.2636266818457771       -0.0000000000000000     
  0.68270000000000008        3.9230626920601948        1.2721655384999171       -0.0000000000000000     
  0.68460000000000010        3.9375328336292417        1.2807226733024764       -0.0000000000000000     
  0.68650000000000000        3.9520267505782605        1.2892979962981090       -0.0000000000000000     
  0.68840000000000012        3.9665444273149379        1.2978914183009054       -0.0000000000000000     
  0.69030000000000014        3.9810858480874072        1.3065028508859668       -0.0000000000000000     
  0.69220000000000004        3.9956509969885934        1.3151322063812880       -0.0000000000000000     
  0.69410000000000005        4.0102398579591831        1.3237793978593970       -0.0000000000000000     
  0.69600000000000006        4.0248524147906588        1.3324443391291372       -0.0000000000000000     
  0.69790000000000008        4.0394886511288099        1.3411269447277039       -0.0000000000000000     
  0.69980000000000009        4.0541485504768238        1.3498271299123952       -0.0000000000000000     
  0.70170000000000010        4.0688320961983120        1.3585448106528217       -0.0000000000000000     
  0.70360000000000000        4.0835392715202579        1.3672799036230030       -0.0000000000000000     
  0.70550000000000002        4.0982700595362465        1.3760323261935836       -0.0000000000000000     
  0.70740000000000014        4.1130244432099934        1.3848019964246010       -0.0000000000000000     
  0.70930000000000004        4.1278024053765856        1.3935888330570119       -0.0000000000000000     
  0.71120000000000005        4.1426039287468708        1.4023927555059248       -0.0000000000000000     
  0.71310000000000007        4.1574289959095836        1.4112136838528793       -0.0000000000000000     
  0.71500000000000008        4.1722775893339481        1.4200515388384565       -0.0000000000000000     
  0.71690000000000009        4.1871496913731754        1.4289062418553322       -0.0000000000000000     
  0.71880000000000011        4.2020452842661848        1.4377777149407038       -0.0000000000000000     
  0.72070000000000001        4.2169643501404597        1.4466658807694908       -0.0000000000000000     
  0.72260000000000002        4.2319068710150498        1.4555706626471587       -0.0000000000000000     
  0.72450000000000014        4.2468728288027373        1.4644919845030699       -0.0000000000000000     
  0.72640000000000005        4.2618622053122541        1.4734297708831774       -0.0000000000000000     
  0.72830000000000006        4.2768749822507495        1.4823839469435205       -0.0000000000000000     
  0.73020000000000007        4.2919111412271889        1.4913544384438993       -0.0000000000000000     
  0.73210000000000008        4.3069706637529732        1.5003411717405215       -0.0000000000000000     
  0.73400000000000010        4.3220535312455004        1.5093440737800365       -0.0000000000000000     
  0.73590000000000011        4.3371597250304852        1.5183630720932080       -0.0000000000000000     
  0.73780000000000001        4.3522892263429114        1.5273980947878500       -0.0000000000000000     
  0.73970000000000002        4.3674420163307524        1.5364490705434188       -0.0000000000000000     
  0.74160000000000015        4.3826180760557181        1.5455159286038991       -0.0000000000000000     
  0.74350000000000005        4.3978173864964090        1.5545985987725504       -0.0000000000000000     
  0.74540000000000006        4.4130399285502397        1.5636970114054092       -0.0000000000000000     
  0.74730000000000008        4.4282856830347761        1.5728110974052196       -0.0000000000000000     
  0.74919999999999998        4.4435546306899933        1.5819407882155654       -0.0000000000000000     
  0.75110000000000010        4.4588467521812669        1.5910860158155578       -0.0000000000000000     
  0.75300000000000011        4.4741620280993981        1.6002467127132516       -0.0000000000000000     
  0.75490000000000002        4.4895004389639253        1.6094228119403924       -0.0000000000000000     
  0.75680000000000003        4.5048619652248236        1.6186142470470257       -0.0000000000000000     
  0.75870000000000015        4.5202465872639088        1.6278209520955274       -0.0000000000000000     
  0.76060000000000005        4.5356542853964896        1.6370428616553596       -0.0000000000000000     
  0.76250000000000007        4.5510850398739295        1.6462799107976054       -0.0000000000000000     
  0.76440000000000008        4.5665388308844008        1.6555320350896265       -0.0000000000000000     
  0.76629999999999998        4.5820156385554984        1.6647991705898586       -0.0000000000000000     
  0.76820000000000010        4.5975154429547400        1.6740812538423624       -0.0000000000000000     
  0.77010000000000012        4.6130382240928789        1.6833782218722213       -0.0000000000000000     
  0.77200000000000002        4.6285839619237015        1.6926900121798369       -0.0000000000000000     
  0.77390000000000003        4.6441526363470205        1.7020165627363744       -0.0000000000000000     
  0.77580000000000016        4.6597442272091865        1.7113578119785793       -0.0000000000000000     
  0.77770000000000006        4.6753587143055233        1.7207136988041682       -0.0000000000000000     
  0.77960000000000007        4.6909960773809489        1.7300841625664938       -0.0000000000000000     
  0.78150000000000008        4.7066562961321550        1.7394691430704161       -0.0000000000000000     
  0.78339999999999999        4.7223393502088946        1.7488685805672788       -0.0000000000000000     
  0.78530000000000011        4.7380452192148521        1.7582824157501324       -0.0000000000000000     
  0.78720000000000012        4.7537738827097442        1.7677105897494594       -0.0000000000000000     
  0.78910000000000002        4.7695253202105796        1.7771530441285845       -0.0000000000000000     
  0.79100000000000004        4.7852995111925694        1.7866097208791993       -0.0000000000000000     
  0.79290000000000016        4.8010964350907246        1.7960805624166118       -0.0000000000000000     
  0.79480000000000006        4.8169160713013950        1.8055655115761227       -0.0000000000000000     
  0.79670000000000007        4.8327583991828496        1.8150645116079318       -0.0000000000000000     
  0.79860000000000009        4.8486233980575655        1.8245775061736886       -0.0000000000000000     
  0.80049999999999999        4.8645110472123623        1.8341044393415153       -0.0000000000000000     
  0.80240000000000011        4.8804213259004108        1.8436452555825478       -0.0000000000000000     
  0.80430000000000013        4.8963542133423310        1.8531998997666155       -0.0000000000000000     
  0.80620000000000003        4.9123096887264825        1.8627683171578189       -0.0000000000000000     
  0.80810000000000004        4.9282877312116184        1.8723504534113939       -0.0000000000000000     
  0.81000000000000016        4.9442883199267031        1.8819462545690180       -0.0000000000000000     
  0.81190000000000007        4.9603114339725547        1.8915556670552394       -0.0000000000000000     
  0.81380000000000008        4.9763570524229968        1.9011786376737245       -0.0000000000000000     
  0.81570000000000009        4.9924251543261136        1.9108151136035461       -0.0000000000000000     
  0.81759999999999999        5.0085157187043059        1.9204650423949787       -0.0000000000000000     
  0.81950000000000012        5.0246287245567043        1.9301283719664160       -0.0000000000000000     
  0.82140000000000013        5.0407641508589958        1.9398050506002293       -0.0000000000000000     
  0.82330000000000003        5.0569219765653770        1.9494950269397449       -0.0000000000000000     
  0.82520000000000004        5.0731021806089656        1.9591982499851217       -0.0000000000000000     
  0.82710000000000006        5.0893047419025876        1.9689146690900916       -0.0000000000000000     
  0.82900000000000007        5.1055296393406806        1.9786442339587771       -0.0000000000000000     
  0.83090000000000008        5.1217768517988986        1.9883868946417087       -0.0000000000000000     
  0.83280000000000010        5.1380463581360099        1.9981426015328747       -0.0000000000000000     
  0.83470000000000000        5.1543381371943005        2.0079113053661817       -0.0000000000000000     
  0.83660000000000012        5.1706521678010473        2.0176929572126250       -0.0000000000000000     
  0.83850000000000013        5.1869884287686050        2.0274875084762840       -0.0000000000000000     
  0.84040000000000004        5.2033468988958420        2.0372949108917302       -0.0000000000000000     
  0.84230000000000005        5.2197275569683876        2.0471151165204891       -0.0000000000000000     
  0.84420000000000006        5.2361303817603142        2.0569480777482090       -0.0000000000000000     
  0.84609999999999996        5.2525553520340331        2.0667937472813800       -0.0000000000000000     
  0.84799999999999998        5.2690024465421725        2.0766520781445692       -0.0000000000000000     
  0.84989999999999999        5.2854716440264360        2.0865230236765395       -0.0000000000000000     
  0.85180000000000000        5.3019629232213168        2.0964065375288801       -0.0000000000000000     
  0.85370000000000013        5.3184762628515987        2.1063025736611762       -0.0000000000000000     
  0.85560000000000014        5.3350116416356652        2.1162110863396779       -0.0000000000000000     
  0.85750000000000004        5.3515690382846799        2.1261320301334412       -0.0000000000000000     
  0.85940000000000005        5.3681484315041388        2.1360653599119739       -0.0000000000000000     
  0.86130000000000007        5.3847497999941449        2.1460110308423732       -0.0000000000000000     
  0.86319999999999997        5.4013731224503241        2.1559689983864438       -0.0000000000000000     
  0.86509999999999998        5.4180183775641897        2.1659392182979436       -0.0000000000000000     
  0.86699999999999999        5.4346855440239494        2.1759216466200253       -0.0000000000000000     
  0.86890000000000001        5.4513746005157317        2.1859162396826251       -0.0000000000000000     
  0.87079999999999991        5.4680855257231560        2.1959229540995810       -0.0000000000000000     
  0.87270000000000014        5.4848182983289453        2.2059417467663058       -0.0000000000000000     
  0.87460000000000004        5.5015728970144355        2.2159725748566981       -0.0000000000000000     
  0.87650000000000006        5.5183493004620061        2.2260153958217006       -0.0000000000000000     
  0.87840000000000007        5.5351474873535444        2.2360701673854915       -0.0000000000000000     
  0.88029999999999997        5.5519674363723981        2.2461368475437897       -0.0000000000000000     
  0.88219999999999998        5.5688091262033979        2.2562153945611287       -0.0000000000000000     
  0.88410000000000000        5.5856725355339538        2.2663057669686641       -0.0000000000000000     
  0.88600000000000001        5.6025576430540136        2.2764079235616004       -0.0000000000000000     
  0.88789999999999991        5.6194644274569860        2.2865218233968569       -0.0000000000000000     
  0.88980000000000015        5.6363928674398291        2.2966474257906087       -0.0000000000000000     
  0.89170000000000005        5.6533429417043886        2.3067846903163614       -0.0000000000000000     
  0.89360000000000006        5.6703146289570121        2.3169335768022368       -0.0000000000000000     
  0.89550000000000007        5.6873079079096422        2.3270940453289168       -0.0000000000000000     
  0.89739999999999998        5.7043227572802309        2.3372660562275365       -0.0000000000000000     
  0.89929999999999999        5.7213591557927694        2.3474495700771518       -0.0000000000000000     
  0.90120000000000000        5.7384170821787324        2.3576445477029897       -0.0000000000000000     
  0.90309999999999990        5.7554965151763859        2.3678509501738536       -0.0000000000000000     
  0.90499999999999992        5.7725974335321144        2.3780687388003265       -0.0000000000000000     
  0.90689999999999993        5.7897198160005114        2.3882978751325905       -0.0000000000000000     
  0.90879999999999994        5.8068636413449966        2.3985383209581621       -0.0000000000000000     
  0.91070000000000007        5.8240288883380069        2.4087900383002330       -0.0000000000000000     
  0.91260000000000008        5.8412155357616564        2.4190529894150670       -0.0000000000000000     
  0.91449999999999998        5.8584235624079311        2.4293271367905347       -0.0000000000000000     
  0.91639999999999999        5.8756529470797183        2.4396124431440316       -0.0000000000000000     
  0.91830000000000001        5.8929036685901961        2.4499088714201229       -0.0000000000000000     
  0.92019999999999991        5.9101757057639599        2.4602163847890064       -0.0000000000000000     
  0.92209999999999992        5.9274690374376569        2.4705349466446207       -0.0000000000000000     
  0.92399999999999993        5.9447836424593676        2.4808645206023305       -0.0000000000000000     
  0.92589999999999995        5.9621194996898579        2.4912050704974700       -0.0000000000000000     
  0.92780000000000007        5.9794765880027558        2.5015565603833498       -0.0000000000000000     
  0.92970000000000008        5.9968548862847628        2.5119189545294045       -0.0000000000000000     
  0.93159999999999998        6.0142543734359108        2.5222922174192730       -0.0000000000000000     
  0.93350000000000000        6.0316750283705245        2.5326763137493984       -0.0000000000000000     
  0.93540000000000001        6.0491168300166454        2.5430712084266514       -0.0000000000000000     
  0.93729999999999991        6.0665797573171663        2.5534768665671206       -0.0000000000000000     
  0.93919999999999992        6.0840637892296447        2.5638932534940042       -0.0000000000000000     
  0.94109999999999994        6.1015689047271682        2.5743203347362105       -0.0000000000000000     
  0.94299999999999995        6.1190950827981281        2.5847580760265605       -0.0000000000000000     
  0.94490000000000007        6.1366423024466821        2.5952064432997473       -0.0000000000000000     
  0.94680000000000009        6.1542105426932725        2.6056654026912520       -0.0000000000000000     
  0.94869999999999999        6.1717997825749045        2.6161349205354072       -0.0000000000000000     
  0.95060000000000000        6.1894100011450854        2.6266149633636919       -0.0000000000000000     
  0.95250000000000001        6.2070411774743244        2.6371054979032067       -0.0000000000000000     
  0.95439999999999992        6.2246932906510928        2.6476064910754795       -0.0000000000000000     
  0.95629999999999993        6.2423663197804080        2.6581179099939187       -0.0000000000000000     
  0.95819999999999994        6.2600602439863691        2.6686397219635181       -0.0000000000000000     
  0.96009999999999995        6.2777750424102985        2.6791718944781997       -0.0000000000000000     
  0.96199999999999986        6.2955106942123171        2.6897143952198808       -0.0000000000000000     
  0.96390000000000009        6.3132671785711052        2.7002671920569226       -0.0000000000000000     
  0.96579999999999999        6.3310444746847203        2.7108302530426549       -0.0000000000000000     
  0.96770000000000000        6.3488425617698061        2.7214035464135677       -0.0000000000000000     
  0.96960000000000002        6.3666614190627984        2.7319870405882796       -0.0000000000000000     
  0.97149999999999992        6.3845010258194250        2.7425807041657295       -0.0000000000000000     
  0.97339999999999993        6.4023613613162684        2.7531845059244202       -0.0000000000000000     
  0.97529999999999994        6.4202424048487625        2.7637984148198234       -0.0000000000000000     
  0.97719999999999996        6.4381441357336691        2.7744223999841973       -0.0000000000000000     
  0.97909999999999986        6.4560665333080260        2.7850564307245205       -0.0000000000000000     
  0.98100000000000009        6.4740095769297135        2.7957004765213371       -0.0000000000000000     
  0.98290000000000000        6.4919732459773147        2.8063545070271099       -0.0000000000000000     
  0.98480000000000001        6.5099575198513779        2.8170184920655661       -0.0000000000000000     
  0.98670000000000002        6.5279623779732301        2.8276924016295468       -0.0000000000000000     
  0.98859999999999992        6.5459877997862534        2.8383762058803410       -0.0000000000000000     
  0.99049999999999994        6.5640337647552416        2.8490698751458088       -0.0000000000000000     
  0.99239999999999995        6.5821002523673116        2.8597733799196750       -0.0000000000000000     
  0.99429999999999996        6.6001872421319110        2.8704866908599400       -0.0000000000000000     
  0.99619999999999986        6.6182947135808963        2.8812097787876443       -0.0000000000000000     
  0.99810000000000010        6.6364226462680218        2.8919426146854694       -0.0000000000000000     
   1.0000000000000000        6.6545710197708843        2.9026851696969707       -0.0000000000000000     
