5.0000000000000003E-002	0.23906905018402880	7.2857493752558815E-004
5.1899999999999995E-002	0.24818272994688731	8.0652298651982823E-004
5.3800000000000001E-002	0.25729934320547476	8.8927959763466906E-004
5.5700000000000006E-002	0.26641895646692004	9.7688350899378246E-004
5.7599999999999998E-002	0.27554163292926831	1.0693710084838488E-003
5.9499999999999997E-002	0.28466743290445745	1.1667769342550871E-003
6.1400000000000003E-002	0.29379641381098537	1.2691356193191929E-003
6.3300000000000009E-002	0.30292863067217474	1.3764817121672327E-003
6.5200000000000008E-002	0.31206413619489287	1.4888509398598931E-003
6.7099999999999993E-002	0.32120298109195372	1.6062807811372314E-003
6.9000000000000006E-002	0.33034521429165770	1.7288110712721015E-003
7.0900000000000005E-002	0.33949088313590209	1.8564845384659717E-003
7.2799999999999990E-002	0.34864003367374641	1.9893472747710686E-003
7.4700000000000003E-002	0.35779271073971453	2.1274491524911968E-003
7.6600000000000001E-002	0.36694895822187806	2.2708441821448085E-003
7.8500000000000000E-002	0.37610881921986877	2.4195908222787422E-003
8.0400000000000013E-002	0.38527233621485696	2.5737522429280456E-003
8.2300000000000012E-002	0.39443955122562091	2.7333965468399647E-003
8.4199999999999997E-002	0.40361050595877057	2.8985969523441799E-003
8.6099999999999996E-002	0.41278524192544036	3.0694319409868723E-003
8.7999999999999995E-002	0.42196380065131339	3.2459853734004458E-003
8.9899999999999994E-002	0.43114622367835742	3.4283465766292379E-003
9.1800000000000007E-002	0.44033255275365119	3.6166104051325470E-003
9.3700000000000006E-002	0.44952282991375303	3.8108772787209186E-003
9.5600000000000004E-002	0.45871709758033252	4.0112531995265075E-003
9.7500000000000017E-002	0.46791539864821957	4.2178497503446389E-003
9.9400000000000002E-002	0.47711777656657173	4.4307840764835470E-003
0.10130000000000000	0.48632427541264739	4.6501788529153161E-003
0.10320000000000000	0.49553493996072046	4.8761622386550756E-003
0.10510000000000000	0.50474981574332600	5.1088678198167505E-003
0.10700000000000000	0.51396894910803526	5.3484345429201056E-003
0.10890000000000001	0.52319238726868944	5.5950066398760849E-003
0.11080000000000001	0.53242017835146638	5.8487335456573961E-003
0.11270000000000001	0.54165237143709111	6.1097698099582473E-003
0.11460000000000002	0.55088901659698430	6.3782750038979229E-003
0.11649999999999999	0.56013016491117207	6.6544136225245428E-003
0.11840000000000001	0.56937586856162536	6.9383549840730877E-003
0.12030000000000000	0.57862618076273564	7.2302731267668277E-003
0.12220000000000000	0.58788115584691925	7.5303467037483090E-003
0.12410000000000000	0.59714084926871658	7.8387588768351509E-003
0.12600000000000000	0.60640531762139682	8.1556972096694311E-003
0.12790000000000001	0.61567461863918505	8.4812968516287859E-003
0.12980000000000003	0.62494878463706283	8.8117134425101939E-003
0.13169999999999998	0.63422781805248285	9.1483652200755536E-003
0.13360000000000000	0.64351174900636399	9.4924971634415701E-003
0.13550000000000001	0.65280061859116778	9.8447178118936142E-003
0.13739999999999999	0.66209447396370058	1.0205473004981378E-002
0.13930000000000001	0.67139336658584681	1.0575136274586309E-002
0.14120000000000002	0.68069735131967557	1.0954042068738980E-002
0.14310000000000000	0.69000648588046043	1.1342501340867799E-002
0.14500000000000002	0.69932083047241855	1.1740809972499100E-002
0.14690000000000000	0.70864044752851962	1.2149253770194915E-002
0.14879999999999999	0.71796540151579180	1.2568111635209026E-002
0.15070000000000000	0.72729575878350916	1.2997657677762162E-002
0.15260000000000001	0.73663158744156920	1.3438162683647595E-002
0.15450000000000000	0.74597295726002699	1.3889895164146798E-002
0.15640000000000001	0.75531993958529065	1.4353122127022510E-002
0.15830000000000002	0.76467260726785313	1.4828109655377534E-002
0.16020000000000001	0.77403103459985922	1.5315123350060961E-002
0.16210000000000002	0.78339529726064128	1.5814428673675700E-002
0.16400000000000001	0.79276547226754746	1.6326291221672805E-002
0.16589999999999999	0.80214163793290416	1.6850976939180574E-002
0.16780000000000000	0.81152387382414604	1.7388752296453171E-002
0.16970000000000002	0.82091226072842216	1.7939884432629033E-002
0.17160000000000000	0.83030688061972346	1.8504641274990481E-002
0.17350000000000002	0.83970781662880467	1.9083291639008737E-002
0.17540000000000003	0.84911515301567486	1.9676105313378829E-002
0.17730000000000001	0.85852897514380788	2.0283353133021882E-002
0.17920000000000003	0.86794936945633827	2.0905307042673533E-002
0.18110000000000001	0.87737642345381317	2.1542240152777843E-002
0.18300000000000000	0.88681022566477774	2.2194426789329320E-002
0.18490000000000001	0.89625086566205214	2.2862142538467328E-002
0.18680000000000002	0.90569843399108907	2.3545664287340447E-002
0.18870000000000001	0.91515302218865047	2.4245270261206878E-002
0.19060000000000002	0.92461472275802714	2.4961240057771391E-002
0.19250000000000003	0.93408362915408194	2.5693854679024991E-002
0.19439999999999999	0.94355983576916469	2.6443396560822022E-002
0.19630000000000000	0.95304343791995094	2.7210149600476612E-002
0.19820000000000002	0.96253453183493576	2.7994399182429224E-002
0.20010000000000000	0.97203321464274040	2.8796432202092194E-002
0.20200000000000001	0.98153958436101096	2.9616537087882065E-002
0.20390000000000003	0.99105373988601264	3.0455003821366518E-002
0.20580000000000001	1.0005757809827265	3.1312123955534253E-002
0.20770000000000002	1.0101058082754732	3.2188190630999314E-002
0.20960000000000004	1.0196439232391004	3.3083498590053523E-002
0.21149999999999999	1.0291902281905005	3.3998344188437619E-002
0.21340000000000001	1.0387448262806125	3.4933025404647211E-002
0.21529999999999999	1.0483078214867487	3.5887841846539051E-002
0.21720000000000000	1.0578793186052473	3.6863094755116281E-002
0.21909999999999999	1.0674594232443659	3.7859087005242542E-002
0.22100000000000003	1.0770482418174765	3.8876123103058526E-002
0.22289999999999999	1.0866458815364217	3.9914509179903655E-002
0.22479999999999997	1.0962524504050941	4.0974552982472878E-002
0.22670000000000001	1.1058680572129427	4.2056563859038144E-002
0.22860000000000000	1.1154928115288272	4.3160852741393689E-002
0.23050000000000001	1.1251268236947556	4.4287732122437799E-002
0.23240000000000000	1.1347702048195825	4.5437516029010708E-002
0.23430000000000001	1.1444230667728366	4.6610519989854923E-002
0.23619999999999999	1.1540855221783024	4.7807060998426826E-002
0.23810000000000003	1.1637576844075992	4.9027457470373396E-002
0.23999999999999999	1.1734396675735081	5.0272029195437627E-002
0.24189999999999998	1.1831315865232213	5.1541097283586253E-002
0.24380000000000002	1.1928335568312345	5.2834984105199718E-002
0.24570000000000000	1.2025456947920690	5.4154013225126835E-002
0.24760000000000001	1.2122681174126122	5.5498509330407460E-002
0.24950000000000000	1.2220009424041787	5.6868798151596178E-002
0.25140000000000001	1.2317442881740968	5.8265206377434972E-002
0.25330000000000003	1.2414982738169722	5.9688061562873554E-002
0.25519999999999998	1.2512630191054384	6.1137692030258248E-002
0.25710000000000000	1.2610386444804254	6.2614426763636835E-002
0.25900000000000001	1.2708252710409342	6.4118595296120240E-002
0.26090000000000002	1.2806230205332156	6.5650527590276925E-002
0.26279999999999998	1.2904320153393811	6.7210553911521309E-002
0.26469999999999999	1.3002523784654334	6.8799004694517385E-002
0.26660000000000000	1.3100842335285812	7.0416210402644841E-002
0.26849999999999996	1.3199277047439348	7.2062501380586910E-002
0.27040000000000003	1.3297829169105313	7.3738207700093844E-002
0.27229999999999999	1.3396499954026893	7.5443658999454197E-002
0.27420000000000000	1.3495290661297623	7.7179184314622881E-002
0.27610000000000001	1.3594202555575043	7.8945111907547369E-002
0.27799999999999997	1.3693236906657160	8.0741769084812606E-002
0.27989999999999998	1.3792394989368932	8.2569482012055828E-002
0.28179999999999999	1.3891678083376169	8.4428575522368918E-002
0.28370000000000001	1.3991087472990784	8.6319372919342149E-002
0.28559999999999997	1.4090624446969318	8.8242195775002821E-002
0.28750000000000003	1.4190290298301671	9.0197363723002869E-002
0.28939999999999999	1.4290086323992242	9.2185194247434071E-002
0.29130000000000000	1.4390013824833101	9.4206002467717806E-002
0.29320000000000002	1.4490074105167372	9.6260100919821137E-002
0.29509999999999997	1.4590268472646106	9.8347799334533262E-002
0.29699999999999999	1.4690598237977266	0.10046940441294425
0.29890000000000000	1.4791064714663900	0.10262521959981011
0.30080000000000001	1.4891669218737402	0.10481554485531283
0.30269999999999997	1.4992413068481363	0.10704067642565943
0.30460000000000004	1.5093297584147858	0.10930090661306692
0.30649999999999999	1.5194324087668030	0.11159652354578735
0.30840000000000001	1.5295493902353221	0.11392781094862818
0.31030000000000002	1.5396808352591089	0.11629504791460232
0.31219999999999998	1.5498268763534120	0.11869850867825531
0.31409999999999999	1.5599876460782462	0.12113846239133257
0.31600000000000000	1.5701632770060983	0.12361517290124518
0.31790000000000002	1.5803539016889834	0.12612889853308304
0.31979999999999997	1.5905596526251498	0.12867989187560408
0.32170000000000004	1.6007806622251695	0.13126839957190503
0.32360000000000000	1.6110170627776885	0.13389466211524298
0.32549999999999996	1.6212689864147458	0.13655891365065173
0.32740000000000002	1.6315365650767730	0.13926138178281749
0.32929999999999998	1.6418199304830898	0.14200228739180007
0.33119999999999999	1.6521192140728131	0.14478184445100487
0.33310000000000001	1.6624345470053274	0.14760025986322639
0.33500000000000002	1.6727660600996734	0.15045773329456968
0.33689999999999998	1.6831138838049804	0.15335445702232064
0.33879999999999999	1.6934781481646974	0.15629061579092585
0.34070000000000000	1.7038589827803754	0.15926638667733761
0.34259999999999996	1.7142565167759063	0.16228193896626000
0.34450000000000003	1.7246708787617775	0.16533743403549084
0.34639999999999999	1.7351021967995452	0.16843302525168991
0.34830000000000000	1.7455505983664974	0.17156885787671872
0.35020000000000001	1.7560162103206522	0.17474506898490555
0.35210000000000002	1.7664991588660344	0.17796178739121080
0.35399999999999998	1.7769995695184013	0.18121913359058470
0.35589999999999999	1.7875175670714114	0.18451721970846782
0.35780000000000001	1.7980532755631866	0.18785614946258566
0.35969999999999996	1.8086068182494428	0.19123601813752719
0.36160000000000003	1.8191783175468976	0.19465691256258708
0.36349999999999999	1.8297678950391800	0.19811891111704644
0.36540000000000000	1.8403756714203403	0.20162208372994886
0.36730000000000002	1.8510017664709328	0.20516649189920408
0.36920000000000003	1.8616462990285643	0.20875218871971729
0.37109999999999999	1.8723093869592435	0.21237921892209327
0.37300000000000000	1.8829911471294445	0.21604761892168570
0.37490000000000001	1.8936916953790586	0.21975741687765390
0.37679999999999997	1.9044111464952231	0.22350863276181290
0.37870000000000004	1.9151496141870299	0.22730127843692091
0.38059999999999999	1.9259072110611615	0.23113535774409150
0.38250000000000001	1.9366840486049417	0.23501086660119977
0.38440000000000002	1.9474802371371620	0.23892779309820378
0.38629999999999998	1.9582958858281974	0.24288611762393830
0.38819999999999999	1.9691311026510647	0.24688581297652429
0.39010000000000000	1.9799859943690059	0.25092684449304897
0.39200000000000002	1.9908606665171875	0.25500917018358160
0.39389999999999997	2.0017552233853930	0.25913274087151067
0.39580000000000004	2.0126697680016412	0.26329750033968641
0.39770000000000000	2.0236044021167885	0.26750338548195507
0.39959999999999996	2.0345592261902699	0.27175032645963382
0.40150000000000002	2.0455343393768137	0.27603824686253742
0.40339999999999998	2.0565298395202296	0.28036706387665156
0.40529999999999999	2.0675458231168062	0.28473668844167660
0.40720000000000001	2.0785823853453205	0.28914702544037735
0.40910000000000002	2.0896396200293257	0.29359797386078645
0.41099999999999998	2.1007176196366908	0.29808942697643076
0.41290000000000004	2.1118164752721631	0.30262127252501908
0.41480000000000000	2.1229362766711928	0.30719339288878245
0.41669999999999996	2.1340771121945306	0.31180566527575992
0.41860000000000003	2.1452390688239076	0.31645796190200387
0.42049999999999998	2.1564222321584814	0.32115015017396320
0.42240000000000005	2.1676266864175808	0.32588209287391134
0.42430000000000007	2.1788525144165094	0.33065364832992522
0.42620000000000002	2.1900997976014542	0.33546467061658408
0.42809999999999998	2.2013686160239154	0.34031500972206774
0.43000000000000005	2.2126590483484376	0.34520451173098832
0.43190000000000006	2.2239711718539845	0.35013301900222904
0.43380000000000002	2.2353050624362725	0.35510037034502723
0.43570000000000003	2.2466607946107584	0.36010640119296844
0.43759999999999999	2.2580384415164132	0.36515094377584706
0.43950000000000006	2.2694380749254366	0.37023382729266402
0.44140000000000007	2.2808597652256783	0.37535487806328083
0.44330000000000003	2.2923035814620532	0.38051391971612236
0.44519999999999998	2.3037695913177814	0.38571077333261694
0.44710000000000000	2.3152578611276913	0.39094525760948690
0.44900000000000007	2.3267684558857678	0.39621718901345510
0.45090000000000002	2.3383014392530210	0.40152638193259177
0.45280000000000004	2.3498568735659013	0.40687264882426222
0.45469999999999999	2.3614348198452482	0.41225580035949572
0.45660000000000006	2.3730353378055278	0.41767564556384151
0.45850000000000007	2.3846584858705628	0.42313199195961204
0.46040000000000003	2.3963043211592825	0.42862464567814695
0.46229999999999999	2.4079728995343475	0.43415341162233390
0.46420000000000000	2.4196642755865634	0.43971809356996144
0.46610000000000007	2.4313785026531018	0.44531849430165971
0.46800000000000003	2.4431156328287584	0.45095441571916051
0.46990000000000004	2.4548757169781892	0.45662565895996593
0.47180000000000011	2.4666588047477158	0.46233202450803157
0.47370000000000007	2.4784649445776870	0.46807331230073435
0.47560000000000008	2.4902941837150587	0.47384932183211609
0.47750000000000004	2.5021465682261721	0.47965985225242086
0.47939999999999999	2.5140221430096990	0.48550470246390265
0.48130000000000006	2.5259209518097889	0.49138367121308513
0.48320000000000007	2.5378430372291354	0.49729655717929805
0.48510000000000003	2.5497884407463984	0.50324315906605310
0.48700000000000004	2.5617572027140132	0.50922327565701253
0.48890000000000011	2.5737493623958825	0.51523670593358450
0.49080000000000007	2.5857649579648547	0.52128324912290336
0.49270000000000008	2.5978040265198739	0.52736270477603553
0.49460000000000004	2.6098666041008145	0.53347487283656814
0.49650000000000000	2.6219527257017705	0.53961955370567161
0.49840000000000007	2.6340624252851321	0.54579654830419178
0.50030000000000008	2.6461957357954486	0.55200565813181390
0.50220000000000009	2.6583526891734541	0.55824668532328181
0.50409999999999999	2.6705333163698448	0.56451943270161631
0.50600000000000001	2.6827376473592670	0.57082370382877545
0.50790000000000013	2.6949657111543366	0.57715930305361207
0.50980000000000003	2.7072175358191792	0.58352603555705918
0.51170000000000004	2.7194931484835565	0.58992370739491240
0.51360000000000006	2.7317925753563839	0.59635212553814432
0.51550000000000007	2.7441158417395708	0.60281109791078913
0.51740000000000008	2.7564629720416178	0.60930043342565665
0.51930000000000009	2.7688339897911649	0.61581994201763779
0.52120000000000000	2.7812289176504041	0.62236943467504469
0.52310000000000001	2.7936477774256199	0.62894872347622099
0.52500000000000013	2.8060905900921891	0.63555762158643025
0.52690000000000003	2.8185573757904749	0.64219594332945651
0.52880000000000005	2.8310481538499737	0.64886350417952510
0.53070000000000006	2.8435629427999691	0.65556012079102244
0.53260000000000007	2.8561017603822627	0.66228561101850836
0.53450000000000009	2.8686646235634639	0.66903979393454760
0.53640000000000010	2.8812515485486974	0.67582248984731452
0.53830000000000000	2.8938625507929645	0.68263352031482738
0.54020000000000001	2.9064976450144062	0.68947270815939066
0.54210000000000014	2.9191568452058250	0.69633987747942694
0.54400000000000004	2.9318401646474204	0.70323485366090044
0.54590000000000005	2.9445476159186024	0.71015746338696395
0.54780000000000006	2.9572792109097263	0.71710753464636301
0.54970000000000008	2.9700349608338996	0.72408489674091592
0.55160000000000009	2.9828148762386824	0.73108938029180226
0.55350000000000010	2.9956189670173670	0.73812081724471446
0.55540000000000000	3.0084472424201758	0.74517904087404896
0.55730000000000002	3.0212997110659092	0.75226388578626957
0.55920000000000014	3.0341763809524611	0.75937518792215075
0.56110000000000004	3.0470772594678417	0.76651278455815319
0.56300000000000006	3.0600023534011398	0.77367651430732254
0.56490000000000007	3.0729516689527103	0.78086621711892423
0.56680000000000008	3.0859252117448825	0.78808173427764128
0.56870000000000009	3.0989229868323696	0.79532290840211417
0.57060000000000011	3.1119449987119765	0.80258958344247422
0.57250000000000001	3.1249912513331486	0.80988160467775872
0.57440000000000002	3.1380617481074515	0.81719881871218680
0.57630000000000015	3.1511564919183868	0.82454107347135452
0.57820000000000005	3.1642754851311201	0.83190821819757454
0.58010000000000006	3.1774187296017895	0.83930010344495298
0.58200000000000007	3.1905862266529650	0.84671658108205883
0.58389999999999997	3.2037779772182886	0.85415750425252357
0.58580000000000010	3.2169939816481903	0.86162272741967416
0.58770000000000011	3.2302342398540200	0.86911210632515978
0.58960000000000001	3.2434987512838926	0.87662549799117240
0.59150000000000003	3.2567875149302123	0.88416276071246003
0.59340000000000015	3.2701005293381744	0.89172375404862747
0.59530000000000005	3.2834377926152483	0.89930833881666328
0.59720000000000006	3.2967993024381950	0.90691637708212924
0.59910000000000008	3.3101850560615191	0.91454773215087615
0.60099999999999998	3.3235950503258458	0.92220226856021759
0.60290000000000010	3.3370292816644596	0.92987985206993262
0.60480000000000012	3.3504877461127798	0.93758034965337289
0.60670000000000002	3.3639704393146279	0.94530362948781066
0.60860000000000003	3.3774773565300169	0.95304956094514526
0.61050000000000015	3.3910084926427260	0.96081801458231175
0.61240000000000006	3.4045638421668718	0.96860886213136776
0.61430000000000007	3.4181433992548271	0.97642197648980522
0.61620000000000008	3.4317471577033407	0.98425723171049184
0.61809999999999998	3.4453751109606174	0.99211450299129922
0.62000000000000011	3.4590272521338896	0.99999366666588341
0.62190000000000012	3.4727035739949041	1.0078946001924056
0.62380000000000002	3.4864040689866402	1.0158171821439308
0.62570000000000003	3.5001287292299166	1.0237612921977917
0.62760000000000005	3.5138775465300975	1.0317268111256306
0.62950000000000006	3.5276505123821544	1.0397136207825293
0.63140000000000007	3.5414476179780223	1.0477216040970607
0.63330000000000009	3.5552688542113557	1.0557506450605874
0.63519999999999999	3.5691142116842425	1.0638006287169741
0.63710000000000011	3.5829836807125335	1.0718714411522376
0.63900000000000012	3.5968772513317671	1.0799629694840576
0.64090000000000003	3.6107949133024273	1.0880751018513972
0.64280000000000004	3.6247366561157524	1.0962077274043018
0.64470000000000005	3.6387024689986087	1.1043607362932810
0.64660000000000006	3.6526923409191037	1.1125340196592977
0.64850000000000008	3.6667062605920893	1.1207274696232801
0.65040000000000009	3.6807442164837822	1.1289409792764908
0.65229999999999999	3.6948061968159869	1.1371744426690207
0.65420000000000011	3.7088921895733176	1.1454277548015417
0.65610000000000013	3.7230021825055570	1.1537008116135450
0.65800000000000003	3.7371361631338953	1.1619935099744811
0.65990000000000004	3.7512941187547231	1.1703057476730212
0.66180000000000005	3.7654760364450093	1.1786374234078800
0.66370000000000007	3.7796819030659652	1.1869884367774786
0.66560000000000008	3.7939117052682314	1.1953586882704321
0.66750000000000009	3.8081654294958458	1.2037480792560205
0.66940000000000000	3.8224430619902998	1.2121565119742355
0.67130000000000012	3.8367445887948701	1.2205838895264385
0.67320000000000013	3.8510699957592198	1.2290301158662229
0.67510000000000003	3.8654192685424742	1.2374950957894011
0.67700000000000005	3.8797923926182150	1.2459787349254166
0.67890000000000006	3.8941893532773704	1.2544809397276111
0.68080000000000007	3.9086101356329550	1.2630016174644940
0.68270000000000008	3.9230547246232774	1.2715406762105292
0.68460000000000010	3.9375231050157016	1.2800980248371954
0.68650000000000000	3.9520152614104314	1.2886735730042047
0.68840000000000012	3.9665311782437342	1.2972672311505755
0.69030000000000014	3.9810708397920078	1.3058789104862423
0.69220000000000004	3.9956342301748946	1.3145085229833626
0.69410000000000005	4.0102213333581389	1.3231559813674372
0.69600000000000006	4.0248321331578998	1.3318211991095827
0.69790000000000008	4.0394666132433885	1.3405040904177190
0.69980000000000009	4.0541247571400651	1.3492045702283582
0.70170000000000010	4.0688065482330380	1.3579225541988020
0.70360000000000000	4.0835119697701883	1.3666579586988470
0.70550000000000002	4.0982410048639908	1.3754107008023226
0.70740000000000014	4.1129936364971034	1.3841806982806208
0.70930000000000004	4.1277698475222309	1.3929678695933354
0.71120000000000005	4.1425696206674498	1.4017721338815792
0.71310000000000007	4.1573929385373081	1.4105934109599063
0.71500000000000008	4.1722397836168925	1.4194316213090779
0.71690000000000009	4.1871101382736189	1.4282866860685126
0.71880000000000011	4.2020039847605286	1.4371585270290332
0.72070000000000001	4.2169213052179915	1.4460470666250518
0.72260000000000002	4.2318620816777690	1.4549522279285860
0.72450000000000014	4.2468262960642722	1.4638739346410270
0.72640000000000005	4.2618139301974374	1.4728121110866794
0.72830000000000006	4.2768249657951332	1.4817666822057649
0.73020000000000007	4.2918593844757211	1.4907375735476038
0.73210000000000008	4.3069171677603046	1.4997247112638725
0.73400000000000010	4.3219982970749973	1.5087280221019028
0.73590000000000011	4.3371027537535580	1.5177474333983840
0.73780000000000001	4.3522305190389892	1.5267828730724393
0.73970000000000002	4.3673815740859352	1.5358342696192473
0.74160000000000015	4.3825558999629095	1.5449015521040717
0.74350000000000005	4.3977534776550584	1.5539846501560100
0.74540000000000006	4.4129742880649152	1.5630834939611640
0.74730000000000008	4.4282183120155425	1.5721980142574092
0.74919999999999998	4.4434855302520058	1.5813281423277796
0.75110000000000010	4.4587759234433335	1.5904738099946691
0.75300000000000011	4.4740894721848283	1.5996349496141546
0.75490000000000002	4.4894261569995297	1.6088114940699356
0.75680000000000003	4.5047859583405945	1.6180033767679065
0.75870000000000015	4.5201688565925977	1.6272105316303014
0.76060000000000005	4.5355748320733698	1.6364328930900671
0.76250000000000007	4.5510038650361793	1.6456703960855306
0.76440000000000008	4.5664559356711605	1.6549229760549375
0.76629999999999998	4.5819310241070914	1.6641905689310288
0.76820000000000010	4.5974291104131488	1.6734731111358960
0.77010000000000012	4.6129501746004529	1.6827705395755690
0.77200000000000002	4.6284941966234303	1.6920827916348353
0.77390000000000003	4.6440611563822936	1.7014098051725883
0.77580000000000016	4.6596510337233275	1.7107515185161437
0.77770000000000006	4.6752638084413300	1.7201078704566932
0.77960000000000007	4.6908994602811003	1.7294788002444912
0.78150000000000008	4.7065579689382986	1.7388642475837319
0.78339999999999999	4.7222393140617216	1.7482641526280223
0.78530000000000011	4.7379434752538954	1.7576784559754763
0.78720000000000012	4.7536704320731094	1.7671070986642048
0.78910000000000002	4.7694201640344636	1.7765500221677253
0.79100000000000004	4.7851926506113172	1.7860071683903218
0.79290000000000016	4.8009878712369254	1.7954784796628580
0.79480000000000006	4.8168058053049361	1.8049638987378929
0.79670000000000007	4.8326464321717761	1.8144633687859537
0.79860000000000009	4.8485097311568115	1.8239768333905848
0.80049999999999999	4.8643956815442593	1.8335042365445571
0.80240000000000011	4.8803042625844171	1.8430455226455500
0.80430000000000013	4.8962354534945458	1.8526006364920462
0.80620000000000003	4.9121892334599808	1.8621695232790667
0.80810000000000004	4.9281655816359455	1.8717521285945065
0.81000000000000016	4.9441644771479876	1.8813483984148447
0.81190000000000007	4.9601858990932515	1.8909582791013413
0.81380000000000008	4.9762298265417240	1.9005817173960826
0.81570000000000009	4.9922962385374090	1.9102186604184390
0.81759999999999999	5.0083851140990250	1.9198690556608795
0.81950000000000012	5.0244964322211612	1.9295328509854683
0.82140000000000013	5.0406301718756046	1.9392099946202423
0.82330000000000003	5.0567863120119805	1.9489004351554755
0.82520000000000004	5.0729648315589904	1.9586041215401258
0.82710000000000006	5.0891657094250577	1.9683210030782112
0.82900000000000007	5.1053889244996009	1.9780510294255176
0.83090000000000008	5.1216344556537878	1.9877941505858652
0.83280000000000010	5.1379022817416313	1.9975503169081033
0.83470000000000000	5.1541923816004509	2.0073194790821289
0.83660000000000012	5.1705047340526047	2.0171015881363794
0.83850000000000013	5.1868393179053447	2.0268965954337514
0.84040000000000004	5.2031961119521064	2.0367044526687632
0.84230000000000005	5.2195750949739725	2.0465251118646011
0.84420000000000006	5.2359762457394536	2.0563585253694150
0.84609999999999996	5.2523995430058150	2.0662046458534711
0.84799999999999998	5.2688449655199401	2.0760634263061619
0.84989999999999999	5.2853124920186474	2.0859348200326484
0.85180000000000000	5.3018021012304803	2.0958187806514443
0.85370000000000013	5.3183137718751148	2.1057152620906932
0.85560000000000014	5.3348474826652570	2.1156242185859422
0.85750000000000004	5.3514032123065878	2.1255456046766787
0.85940000000000005	5.3679809394987732	2.1354793752037704
0.86130000000000007	5.3845806429363812	2.1454254853067218
0.86319999999999997	5.4012023013092509	2.1553838904206448
0.86509999999999998	5.4178458933031539	2.1653545462735795
0.86699999999999999	5.4345113976009340	2.1753374088840109
0.86890000000000001	5.4511987928823347	2.1853324345576643
0.87079999999999991	5.4679080578255652	2.1953395798854842
0.87270000000000014	5.4846391711071751	2.2053588017404562
0.87460000000000004	5.5013921114033879	2.2153900572755107
0.87650000000000006	5.5181668573898941	2.2254333039204743
0.87840000000000007	5.5349633877429936	2.2354884993798825
0.88029999999999997	5.5517816811399863	2.2455556016301754
0.88219999999999998	5.5686217162601919	2.2556345689178268
0.88410000000000000	5.5854834717846966	2.2657253597561815
0.88600000000000001	5.6023669263975799	2.2758279329234647
0.88789999999999991	5.6192720587863842	2.2859422474603774
0.88980000000000015	5.6361988476420430	2.2960682626675331
0.89170000000000005	5.6531472716603925	2.3062059381033606
0.89360000000000006	5.6701173095419293	2.3163552335817950
0.89550000000000007	5.6871089399924557	2.3265161091697468
0.89739999999999998	5.7041221417239711	2.3366885251851528
0.89929999999999999	5.7211568934547072	2.3468724421947247
0.90120000000000000	5.7382131739098652	2.3570678210115430
0.90309999999999990	5.7552909618219221	2.3672746226931105
0.90499999999999992	5.7723902359311783	2.3774928085391109
0.90689999999999993	5.7895109749862295	2.3877223400891925
0.90879999999999994	5.8066531577444422	2.3979631791212062
0.91070000000000007	5.8238167629725890	2.4082152876489724
0.91260000000000008	5.8410017694465122	2.4184786279198383
0.91449999999999998	5.8582081559525978	2.4287531624134524
0.91639999999999999	5.8754359012872737	2.4390388538389445
0.91830000000000001	5.8926849842581275	2.4493356651335967
0.92019999999999991	5.9099553836838936	2.4596435594605426
0.92209999999999992	5.9272470783950233	2.4699625002069809
0.92399999999999993	5.9445600472339937	2.4802924509822137
0.92589999999999995	5.9618942690553478	2.4906333756155399
0.92780000000000007	5.9792497227273040	2.5009852381550917
0.92970000000000008	5.9966263871300427	2.5113480028649389
0.93159999999999998	6.0140242411585234	2.5217216342244044
0.93350000000000000	6.0314432637203481	2.5321060969250984
0.93540000000000001	6.0488834337383528	2.5425013558702760
0.93729999999999991	6.0663447301495586	2.5529073761723504
0.93919999999999992	6.0838271319056663	2.5633241231511672
0.94109999999999994	6.1013306179738276	2.5737515623326082
0.94299999999999995	6.1188551673368696	2.5841896594467610
0.94490000000000007	6.1364007589932950	2.5946383804261650
0.94680000000000009	6.1539673719575214	2.6050976914039543
0.94869999999999999	6.1715549852611131	2.6155675587128773
0.95060000000000000	6.1891635779518088	2.6260479488828010
0.95250000000000001	6.2067931290946143	2.6365388286397056
0.95439999999999992	6.2244436177719971	2.6470401649039088
0.95629999999999993	6.2421150230839038	2.6575519247884363
0.95819999999999994	6.2598073241481762	2.6680740755974348
0.96009999999999995	6.2775205001010130	2.6786065848248555
0.96199999999999986	6.2952545300969405	2.6891494201526331
0.96390000000000009	6.3130093933090592	2.6997025494492584
0.96579999999999999	6.3307850689298979	2.7102659407686058
0.96770000000000000	6.3485815361704994	2.7208395623477259
0.96960000000000002	6.3663987742620094	2.7314233826062821
0.97149999999999992	6.3842367624550400	2.7420173701444215
0.97339999999999993	6.4020954800199874	2.7526214937415285
0.97529999999999994	6.4199749062475195	2.7632357223549278
0.97719999999999996	6.4378750204487671	2.7738600251184020
0.97909999999999986	6.4557958019554693	2.7844943713408004
0.98100000000000009	6.4737372301201592	2.7951387305046675
0.98290000000000000	6.4916992843164119	2.8057930722648554
0.98480000000000001	6.5096819439391433	2.8164573664472368
0.98670000000000002	6.5276851884045257	2.8271315830472155
0.98859999999999992	6.5457089971508173	2.8378156922288564
0.99049999999999994	6.5637533496376719	2.8485096643228554
0.99239999999999995	6.5818182253469883	2.8592134698258835
0.99429999999999996	6.5999036037830212	2.8699270793990399
0.99619999999999986	6.6180094644724274	2.8806504638666612
0.99810000000000010	6.6361357869640996	2.8913835942147852
1.0000000000000000	6.6542825508305068	2.9021264415906294
