5.0000000000000003E-002	0.23913701093240888	7.7116411171873199E-004
5.1899999999999995E-002	0.24825490907356573	8.5000367400999105E-004
5.3800000000000001E-002	0.25737576917016658	9.3342622496319499E-004
5.5700000000000006E-002	0.26649964875326798	1.0214586120701767E-003
5.7599999999999998E-002	0.27562660200375999	1.1141264590818910E-003
5.9499999999999997E-002	0.28475668053256536	1.2114551453793825E-003
6.1400000000000003E-002	0.29388993336679853	1.3134707348614158E-003
6.3300000000000009E-002	0.30302640732807273	1.4202007858714792E-003
6.5200000000000008E-002	0.31216614734505860	1.5316750769656712E-003
6.7099999999999993E-002	0.32130919656717610	1.6479262593281187E-003
6.9000000000000006E-002	0.33045559668580149	1.7689904219828831E-003
7.0900000000000005E-002	0.33960538813789815	1.8949075903185177E-003
7.2799999999999990E-002	0.34875861029500194	2.0257221579996448E-003
7.4700000000000003E-002	0.35791530175174868	2.1614832564979367E-003
7.6600000000000001E-002	0.36707550038854420	2.3022450720535594E-003
7.8500000000000000E-002	0.37623924363009470	2.4480671083426291E-003
8.0400000000000013E-002	0.38540656859177641	2.5990144041391715E-003
8.2300000000000012E-002	0.39457751223535786	2.7551577084486503E-003
8.4199999999999997E-002	0.40375211151193291	2.9165736172665157E-003
8.6099999999999996E-002	0.41293040349651500	3.0833446757934512E-003
8.7999999999999995E-002	0.42211242549223610	3.2555594496511101E-003
8.9899999999999994E-002	0.43129821522485556	3.4333125679331666E-003
9.1800000000000007E-002	0.44048781082925687	3.6167047418454762E-003
9.3700000000000006E-002	0.44968125102434703	3.8058427608060746E-003
9.5600000000000004E-002	0.45887857518267078	4.0008394691395015E-003
9.7500000000000017E-002	0.46807982341154486	4.2018137254730978E-003
9.9400000000000002E-002	0.47728503662704946	4.4088903470509986E-003
0.10130000000000000	0.48649425662038487	4.6222000407122790E-003
0.10320000000000000	0.49570752611916047	4.8418793226631517E-003
0.10510000000000000	0.50492488884127251	5.0680704282499720E-003
0.10700000000000000	0.51414638954434078	5.3009212135553107E-003
0.10890000000000001	0.52337207406886399	5.5405850499036409E-003
0.11080000000000001	0.53260198937663483	5.7872207125450638E-003
0.11270000000000001	0.54183618358570784	6.0409922647266679E-003
0.11460000000000002	0.55107470599946251	6.3020689379811546E-003
0.11649999999999999	0.56031760711703105	6.5706250096179324E-003
0.11840000000000001	0.56956493871647007	6.8468396779342898E-003
0.12030000000000000	0.57881675378282105	7.1308969365688202E-003
0.12220000000000000	0.58807310658343104	7.4229854477480756E-003
0.12410000000000000	0.59733405266555795	7.7232984156022366E-003
0.12600000000000000	0.60659964861686466	8.0317655163944200E-003
0.12790000000000001	0.61586991934033908	8.3445987607886213E-003
0.12980000000000003	0.62514486924982404	8.6636483897242419E-003
0.13169999999999998	0.63442452975270425	8.9900027346449876E-003
0.13360000000000000	0.64370894249688815	9.3242471877634861E-003
0.13550000000000001	0.65299815508599102	9.6668218677339133E-003
0.13739999999999999	0.66229221944249572	1.0018100319295710E-002
0.13930000000000001	0.67159119094297814	1.0378419504132014E-002
0.14120000000000002	0.68089512788596296	1.0748094146856848E-002
0.14310000000000000	0.69020409113229153	1.1127424580686038E-002
0.14500000000000002	0.69951814384575572	1.1516701440468933E-002
0.14690000000000000	0.70883735129607672	1.1916208656552038E-002
0.14879999999999999	0.71816178070475500	1.2326225459716336E-002
0.15070000000000000	0.72749150111949890	1.2747027775535699E-002
0.15260000000000001	0.73682658331040929	1.3178889223807781E-002
0.15450000000000000	0.74616709968127359	1.3622081853134247E-002
0.15640000000000001	0.75551312419426198	1.4076876691960337E-002
0.15830000000000002	0.76486473230283580	1.4543544169534309E-002
0.16020000000000001	0.77422200089352633	1.5022354442546225E-002
0.16210000000000002	0.78358500823302335	1.5513577652037850E-002
0.16400000000000001	0.79295383392100860	1.6017484128447983E-002
0.16589999999999999	0.80232855884685828	1.6534344556884753E-002
0.16780000000000000	0.81170926515038933	1.7064430112425241E-002
0.16970000000000002	0.82109603618575666	1.7608012571908065E-002
0.17160000000000000	0.83048895648800747	1.8165364407619428E-002
0.17350000000000002	0.83988811174191080	1.8736758866761474E-002
0.17540000000000003	0.84929358875338146	1.9322470039820589E-002
0.17730000000000001	0.85870547542256670	1.9922772920068280E-002
0.17920000000000003	0.86812386071866177	2.0537943456041617E-002
0.18110000000000001	0.87754883464717426	2.1168258598683386E-002
0.18300000000000000	0.88698048826448161	2.1813996343674213E-002
0.18490000000000001	0.89641891360261694	2.2475435770681118E-002
0.18680000000000002	0.90586420368585474	2.3152857079281060E-002
0.18870000000000001	0.91531645250343940	2.3846541622694749E-002
0.19060000000000002	0.92477575499233566	2.4556771939444052E-002
0.19250000000000003	0.93424220702093319	2.5283831783310385E-002
0.19439999999999999	0.94371590537374872	2.6028006151680029E-002
0.19630000000000000	0.95319694773692276	2.6789581312498777E-002
0.19820000000000002	0.96268543268464102	2.7568844829791560E-002
0.20010000000000000	0.97218145966622593	2.8366085587846687E-002
0.20200000000000001	0.98168512899394778	2.9181593813918185E-002
0.20390000000000003	0.99119654183156147	3.0015661099466909E-002
0.20580000000000001	1.0007158001834080	3.0868580419758526E-002
0.20770000000000002	1.0102430068841821	3.1740646151712758E-002
0.20960000000000004	1.0197782655890431	3.2632154089886754E-002
0.21149999999999999	1.0293216807644794	3.3543401460280620E-002
0.21340000000000001	1.0388733576793470	3.4474686931968063E-002
0.21529999999999999	1.0484334023965820	3.5426310626160452E-002
0.21720000000000000	1.0580019217650809	3.6398574122583217E-002
0.21909999999999999	1.0675790234119711	3.7391780462942031E-002
0.22100000000000003	1.0771648157352280	3.8406234151179872E-002
0.22289999999999999	1.0867594078963874	3.9442241150332277E-002
0.22479999999999997	1.0963629098136936	4.0500108875748120E-002
0.22670000000000001	1.1059754321551274	4.1580146184372176E-002
0.22860000000000000	1.1155970863318059	4.2682663359912304E-002
0.23050000000000001	1.1252279844913553	4.3807972093580831E-002
0.23240000000000000	1.1348682395112337	4.4956385460233603E-002
0.23430000000000001	1.1445179649922814	4.6128217889609850E-002
0.23619999999999999	1.1541772752520165	4.7323785132494044E-002
0.23810000000000003	1.1638462853179581	4.8543404221516373E-002
0.23999999999999999	1.1735251109207960	4.9787393426460082E-002
0.24189999999999998	1.1832138684874165	5.1056072203759788E-002
0.24380000000000002	1.1929126751337107	5.2349761140103833E-002
0.24570000000000000	1.2026216486571537	5.3668781889901686E-002
0.24760000000000001	1.2123409075290874	5.5013457106437270E-002
0.24950000000000000	1.2220705708866992	5.6384110366608807E-002
0.25140000000000001	1.2318107585246432	5.7781066089086619E-002
0.25330000000000003	1.2415615908862718	5.9204649445737299E-002
0.25519999999999998	1.2513231890544203	6.0655186266309002E-002
0.25710000000000000	1.2610956747417552	6.2133002936212420E-002
0.25900000000000001	1.2708791702805973	6.3638426287365379E-002
0.26090000000000002	1.2806737986122354	6.5171783482088533E-002
0.26279999999999998	1.2904796832756449	6.6733401890034391E-002
0.26469999999999999	1.3002969483956546	6.8323608958127932E-002
0.26660000000000000	1.3101257186704700	6.9942732073614303E-002
0.26849999999999996	1.3199661193585537	7.1591098420217769E-002
0.27040000000000003	1.3298182762647923	7.3269034827557963E-002
0.27229999999999999	1.3396823157260409	7.4976867613905068E-002
0.27420000000000000	1.3495583646019373	7.6714922422824780E-002
0.27610000000000001	1.3594465502344544	7.8483524051543727E-002
0.27799999999999997	1.3693470004683126	8.0282996277090082E-002
0.27989999999999998	1.3792598436084671	8.2113661672617133E-002
0.28179999999999999	1.3891852084081697	8.3975841420072431E-002
0.28370000000000001	1.3991232240498761	8.5869855117101102E-002
0.28559999999999997	1.4090740201253822	8.7796020578935180E-002
0.28750000000000003	1.4190377266151195	8.9754653635544510E-002
0.28939999999999999	1.4290144738666335	9.1746067924501476E-002
0.29130000000000000	1.4390043925723170	9.3770574679903018E-002
0.29320000000000002	1.4490076137462291	9.5828482517743493E-002
0.29509999999999997	1.4590242687000992	9.7920097218299029E-002
0.29699999999999999	1.4690544890187813	0.10004572150576896
0.29890000000000000	1.4790984065345101	0.10220565482593531
0.30080000000000001	1.4891561533007065	0.10440019312208737
0.30269999999999997	1.4992278615648418	0.10662962860993332
0.30460000000000004	1.5093136637406921	0.10889424955185997
0.30649999999999999	1.5194136923797208	0.11119434003127045
0.30840000000000001	1.5295280801419711	0.11353017972741049
0.31030000000000002	1.5396569597659917	0.11590204369130452
0.31219999999999998	1.5498004640384746	0.11831020212344184
0.31409999999999999	1.5599587257629945	0.12075492015367563
0.31600000000000000	1.5701318777283042	0.12323645762398937
0.31790000000000002	1.5803200526760761	0.12575506887473009
0.31979999999999997	1.5905233832681411	0.12831100253479605
0.32170000000000004	1.6007420020532399	0.13090450131642933
0.32360000000000000	1.6109760414333929	0.13353580181516536
0.32549999999999996	1.6212256336299000	0.13620513431542169
0.32740000000000002	1.6314909106489530	0.13891272260233584
0.32929999999999998	1.6417720042527877	0.14165878378132557
0.33119999999999999	1.6520690459012821	0.14444352809978747
0.33310000000000001	1.6623821667530636	0.14726715878683375
0.33500000000000002	1.6727114976056880	0.15012987189069524
0.33689999999999998	1.6830571688665419	0.15303185613005213
0.33879999999999999	1.6934193105180155	0.15597329275320063
0.34070000000000000	1.7037980520817424	0.15895435540659386
0.34259999999999996	1.7141935225836606	0.16197521001303411
0.34450000000000003	1.7246058505189332	0.16503601465983342
0.34639999999999999	1.7350351638171067	0.16813691949725115
0.34830000000000000	1.7454815898074412	0.17127806664732895
0.35020000000000001	1.7559452551846115	0.17445959012344336
0.35210000000000002	1.7664262859746898	0.17768161576063471
0.35399999999999998	1.7769248075015325	0.18094426115688958
0.35589999999999999	1.7874409443535986	0.18424763562543048
0.35780000000000001	1.7979748203512567	0.18759184015806879
0.35969999999999996	1.8085265585204686	0.19097696740117118
0.36160000000000003	1.8190962810370110	0.19440310163471222
0.36349999999999999	1.8296841092328311	0.19787031877850861
0.36540000000000000	1.8402901635404243	0.20137868639290865
0.36730000000000002	1.8509145634693231	0.20492826369838699
0.36920000000000003	1.8615574275774638	0.20851910160421092
0.37109999999999999	1.8722188734429890	0.21215124274735428
0.37300000000000000	1.8828990176369851	0.21582472154158203
0.37490000000000001	1.8935979756970513	0.21953956423648413
0.37679999999999997	1.9043158621016070	0.22329578898595887
0.37870000000000004	1.9150527902452463	0.22709340592609212
0.38059999999999999	1.9258088724148790	0.23093241726196517
0.38250000000000001	1.9365842197732688	0.23481281736527382
0.38440000000000002	1.9473789423104526	0.23873459286872925
0.38629999999999998	1.9581931488644566	0.24269772279188098
0.38819999999999999	1.9690269470724437	0.24670217865018493
0.39010000000000000	1.9798804433592281	0.25074792458348155
0.39200000000000002	1.9907537429192048	0.25483491748857845
0.39389999999999997	2.0016469496994573	0.25896310715798737
0.39580000000000004	2.0125601663838943	0.26313243642445333
0.39770000000000000	2.0234934943781688	0.26734284131071501
0.39959999999999996	2.0344470337958858	0.27159425118422315
0.40150000000000002	2.0454208834456513	0.27588658891618190
0.40339999999999998	2.0564151408251612	0.28021977104728513
0.40529999999999999	2.0674299020851463	0.28459370794328470
0.40720000000000001	2.0784652620593413	0.28900830398208877
0.40910000000000002	2.0895213142275191	0.29346345771405041
0.41099999999999998	2.1005981507149016	0.29795906203983685
0.41290000000000004	2.1116958622853224	0.30249500438704136
0.41480000000000000	2.1228145383351138	0.30707116688821073
0.41669999999999996	2.1339542668881135	0.31168742655998832
0.41860000000000003	2.1451151345913799	0.31634365548296539
0.42049999999999998	2.1562972267187690	0.32103972098547168
0.42240000000000005	2.1675006271400492	0.32577548580886417
0.42430000000000007	2.1787254183645426	0.33055080831099581
0.42620000000000002	2.1899716815083323	0.33536554262895069
0.42809999999999998	2.2012394963030943	0.34021953886180145
0.43000000000000005	2.2125289410968909	0.34511264324772339
0.43190000000000006	2.2238400928557804	0.35004469833965735
0.43380000000000002	2.2351730271663026	0.35501554317921269
0.43570000000000003	2.2465278182385759	0.36002501346871452
0.43759999999999999	2.2579045389168138	0.36507294174523719
0.43950000000000006	2.2693032606557617	0.37015915752994277
0.44140000000000007	2.2807240535699931	0.37528348752120055
0.44330000000000003	2.2921669864086054	0.38044575573688350
0.44519999999999998	2.3036321265699091	0.38564578367883334
0.44710000000000000	2.3151195401081721	0.39088339048878334
0.44900000000000007	2.3266292917410847	0.39615839310147072
0.45090000000000002	2.3381614448577936	0.40147060639420290
0.45280000000000004	2.3497160615272290	0.40681984333311938
0.45469999999999999	2.3612932025071793	0.41220591511609062
0.45660000000000006	2.3728929272535257	0.41762863131192879
0.45850000000000007	2.3845152939360017	0.42308780000123336
0.46040000000000003	2.3961603594237411	0.42858322788699094
0.46229999999999999	2.4078281793341856	0.43411472045621952
0.46420000000000000	2.4195188080174042	0.43968208208142462
0.46610000000000007	2.4312322985741339	0.44528511614770544
0.46800000000000003	2.4429687028673914	0.45092362516967549
0.46990000000000004	2.4547280715341668	0.45659741090490363
0.47180000000000011	2.4665104539976315	0.46230627446360290
0.47370000000000007	2.4783158984793356	0.46805001641451643
0.47560000000000008	2.4901444520117004	0.47382843688722598
0.47750000000000004	2.5019961604508021	0.47964133567064865
0.47939999999999999	2.5138710684893182	0.48548851230804885
0.48130000000000006	2.5257692196694377	0.49136976618835626
0.48320000000000007	2.5376906563962858	0.49728489663402009
0.48510000000000003	2.5496354199549374	0.50323370299164472
0.48700000000000004	2.5616035505080026	0.50921598468693552
0.48890000000000011	2.5735950871339832	0.51523154134217730
0.49080000000000007	2.5856100678238620	0.52128017282308370
0.49270000000000008	2.5976485294990583	0.52736167931681099
0.49460000000000004	2.6097105080254184	0.53347586139972369
0.49650000000000000	2.6217960382267065	0.53962252010202205
0.49840000000000007	2.6339051538988945	0.54580145696950144
0.50030000000000008	2.6460378878238182	0.55201247412217191
0.50220000000000009	2.6581942717827052	0.55825537430989869
0.50409999999999999	2.6703743365707004	0.56452996096568753
0.50600000000000001	2.6825781120102077	0.57083603825560991
0.50790000000000013	2.6948056269648291	0.57717341112656140
0.50980000000000003	2.7070569093532697	0.58354188535127705
0.51170000000000004	2.7193319861629996	0.58994126757068288
0.51360000000000006	2.7316308834639371	0.59637136533411061
0.51550000000000007	2.7439536264221984	0.60283198713694430
0.51740000000000008	2.7563002393133851	0.60932294245603302
0.51930000000000009	2.7686707455364248	0.61584404178300345
0.52120000000000000	2.7810651676267937	0.62239509665533210
0.52310000000000001	2.7934835272670888	0.62897591969303646
0.52500000000000013	2.8059258453113252	0.63558632459481501
0.52690000000000003	2.8183921417818274	0.64222612621060771
0.52880000000000005	2.8308824358927676	0.64889514053255082
0.53070000000000006	2.8433967460603298	0.65559318472498718
0.53260000000000007	2.8559350899163256	0.66232007714429530
0.53450000000000009	2.8684974843199278	0.66907563735726772
0.53640000000000010	2.8810839453708685	0.67585968615754033
0.53830000000000000	2.8936944884216929	0.68267204558094285
0.54020000000000001	2.9063291280901882	0.68951253891936182
0.54210000000000014	2.9189878782712029	0.69638099073270177
0.54400000000000004	2.9316707521495133	0.70327722686049188
0.54590000000000005	2.9443777622109382	0.71020107443114233
0.54780000000000006	2.9571089202547953	0.71715236187093701
0.54970000000000008	2.9698642374050057	0.72413091891113457
0.55160000000000009	2.9826437241222168	0.73113657659453501
0.55350000000000010	2.9954473902146495	0.73816916728054849
0.55540000000000000	3.0082752448499099	0.74522852464967204
0.55730000000000002	3.0211272965654072	0.75231448370656528
0.55920000000000014	3.0340035532800931	0.75942688078270593
0.56110000000000004	3.0469040223047812	0.76656555353776357
0.56300000000000006	3.0598287103529738	0.77373034096043403
0.56490000000000007	3.0727776235513562	0.78092108336827548
0.56680000000000008	3.0857507674504063	0.78813762240707363
0.56870000000000009	3.0987481470345219	0.79537980104934869
0.57060000000000011	3.1117697667317383	0.80264746359194250
0.57250000000000001	3.1248156304245862	0.80994045565372230
0.57440000000000002	3.1378857414590771	0.81725862417182982
0.57630000000000015	3.1509801026548079	0.82460181739793115
0.57820000000000005	3.1640987163143945	0.83196988489384704
0.58010000000000006	3.1772415842329318	0.83936267752645710
0.58200000000000007	3.1904087076738361	0.84678004747105406
0.58389999999999997	3.2036000875117092	0.85422184817075253
0.58580000000000010	3.2168157240401465	0.86168793438268210
0.58770000000000011	3.2300556171157293	0.86917816213653021
0.58960000000000001	3.2433197661313860	0.87669238873570132
0.59150000000000003	3.2566081700268841	0.88423047275072364
0.59340000000000015	3.2699208272955942	0.89179227401097660
0.59530000000000005	3.2832577359942290	0.89937765359745148
0.59720000000000006	3.2966188937500083	0.90698647383413322
0.59910000000000008	3.3100042977692352	0.91461859827989189
0.60099999999999998	3.3234139448446909	0.92227389171941065
0.60290000000000010	3.3368478313644521	0.92995222015499857
0.60480000000000012	3.3503059533181712	0.93765345079672313
0.60670000000000002	3.3637883063053704	0.94537745205376023
0.60860000000000003	3.3772948855432614	0.95312409352511196
0.61050000000000015	3.3908256858731343	0.96089324598955106
0.61240000000000006	3.4043807017680394	0.96868478139641156
0.61430000000000007	3.4179599273400978	0.97649857285575592
0.61620000000000008	3.4315633563466283	0.98433449462816913
0.61809999999999998	3.4451909821974183	0.99219242211518310
0.62000000000000011	3.4588427979616112	1.0000722318491684
0.62190000000000012	3.4725187963745174	1.0079738014832145
0.62380000000000002	3.4862189698426960	1.0158970097804896
0.62570000000000003	3.4999433104522284	1.0238417366049615
0.62760000000000005	3.5136918099735381	1.0318078629102576
0.62950000000000006	3.5274644598681340	1.0397952707297982
0.63140000000000007	3.5412612512948165	1.0478038431665735
0.63330000000000009	3.5550821751150896	1.0558334643824607
0.63519999999999999	3.5689272218994117	1.0638840195882764
0.63710000000000011	3.5827963819328734	1.0719553950333256
0.63900000000000012	3.5966896452204402	1.0800474779948066
0.64090000000000003	3.6106070014935039	1.0881601567680872
0.64280000000000004	3.6245484402139372	1.0962933206559340
0.64470000000000005	3.6385139505804593	1.1044468599583730
0.64660000000000006	3.6525035215337294	1.1126206659627575
0.64850000000000008	3.6665171417609850	1.1208146309330667
0.65040000000000009	3.6805547997018473	1.1290286481002700
0.65229999999999999	3.6946164835529931	1.1372626116519782
0.65420000000000011	3.7087021812725816	1.1455164167223375
0.65610000000000013	3.7228118805858523	1.1537899593821317
0.65800000000000003	3.7369455689894133	1.1620831366289857
0.65990000000000004	3.7511032337561163	1.1703958463773163
0.66180000000000005	3.7652848619392318	1.1787279874483787
0.66370000000000007	3.7794904403771392	1.1870794595608667
0.66560000000000008	3.7937199556981653	1.1954501633210950
0.66750000000000009	3.8079733943240424	1.2038400002131200
0.66940000000000000	3.8222507424748957	1.2122488725897256
0.67130000000000012	3.8365519861731361	1.2206766836625496
0.67320000000000013	3.8508771112471285	1.2291233374925892
0.67510000000000003	3.8652261033363557	1.2375887389816893
0.67700000000000005	3.8795989478940709	1.2460727938622533
0.67890000000000006	3.8939956301921117	1.2545754086888592
0.68080000000000007	3.9084161353241851	1.2630964908289231
0.68270000000000008	3.9228604482100344	1.2716359484537714
0.68460000000000010	3.9373285535985207	1.2801936905296489
0.68650000000000000	3.9518204360722100	1.2887696268092168
0.68840000000000012	3.9663360800495551	1.2973636678222660
0.69030000000000014	3.9808754697898872	1.3059757248677992
0.69220000000000004	3.9954385893953908	1.3146057100047299
0.69410000000000005	4.0100254228158265	1.3232535360442430
0.69600000000000006	4.0246359538507752	1.3319191165407354
0.69790000000000008	4.0392701661537762	1.3406023657839954
0.69980000000000009	4.0539280432341478	1.3493031987903883
0.70170000000000010	4.0686095684619437	1.3580215312957538
0.70360000000000000	4.0833147250697133	1.3667572797466041
0.70550000000000002	4.0980434961557668	1.3755103612921808
0.70740000000000014	4.1127958646875964	1.3842806937772902
0.70930000000000004	4.1275718135040966	1.3930681957337532
0.71120000000000005	4.1423713253191270	1.4018727863733067
0.71310000000000007	4.1571943827239703	1.4106943855799288
0.71500000000000008	4.1720409681898438	1.4195329139021289
0.71690000000000009	4.1869110640710971	1.4283882925456246
0.71880000000000011	4.2018046526075645	1.4372604433662182
0.72070000000000001	4.2167217159276458	1.4461492888626055
0.72260000000000002	4.2316622360500196	1.4550547521689052
0.72450000000000014	4.2466261948868098	1.4639767570478264
0.72640000000000005	4.2616135742459758	1.4729152278836508
0.72830000000000006	4.2766243558338628	1.4818700896755370
0.73020000000000007	4.2916585212570659	1.4908412680304395
0.73210000000000008	4.3067160520255365	1.4998286891566082
0.73400000000000010	4.3217969295539937	1.5088322798567133
0.73590000000000011	4.3369011351650473	1.5178519675216813
0.73780000000000001	4.3520286500909142	1.5268876801237639
0.73970000000000002	4.3671794554759238	1.5359393462106290
0.74160000000000015	4.3823535323781817	1.5450068948985771
0.74350000000000005	4.3975508617724630	1.5540902558667877
0.74540000000000006	4.4127714245511678	1.5631893593506925
0.74730000000000008	4.4280152015276890	1.5723041361363643
0.74919999999999998	4.4432821734370362	1.5814345175540150
0.75110000000000010	4.4585723209392727	1.5905804354727271
0.75300000000000011	4.4738856246199861	1.5997418222938748
0.75490000000000002	4.4892220649931129	1.6089186109459592
0.75680000000000003	4.5045816225026121	1.6181107348785424
0.75870000000000015	4.5199642775240259	1.6273181280567064
0.76060000000000005	4.5353700103669068	1.6365407249558381
0.76250000000000007	4.5507988012755911	1.6457784605554473
0.76440000000000008	4.5662506304317869	1.6550312703343815
0.76629999999999998	4.5817254779563141	1.6642990902653678
0.76820000000000010	4.5972233239095877	1.6735818568092389
0.77010000000000012	4.6127441482950688	1.6828795069106151
0.77200000000000002	4.6282879310592495	1.6921919779919106
0.77390000000000003	4.6438546520943254	1.7015192079488022
0.77580000000000016	4.6594442912392156	1.7108611351449827
0.77770000000000006	4.6750568282812415	1.7202176984073310
0.77960000000000007	4.6906922429573736	1.7295888370207795
0.78150000000000008	4.7063505149566378	1.7389744907241524
0.78339999999999999	4.7220316239200590	1.7483745997044333
0.78530000000000011	4.7377355494435509	1.7577891045930469
0.78720000000000012	4.7534622710780781	1.7672179464603943
0.78910000000000002	4.7692117683322728	1.7766610668120297
0.79100000000000004	4.7849840206726837	1.7861184075835350
0.79290000000000016	4.8007790075260095	1.7955899111364999
0.79480000000000006	4.8165967082792509	1.8050755202537700
0.79670000000000007	4.8324371022824444	1.8145751781354049
0.79860000000000009	4.8483001688485379	1.8240888283941488
0.80049999999999999	4.8641858872560393	1.8336164150515875
0.80240000000000011	4.8800942367486515	1.8431578825333461
0.80430000000000013	4.8960251965378481	1.8527131756656816
0.80620000000000003	4.9119787458031103	1.8622822396707597
0.80810000000000004	4.9279548636936674	1.8718650201631255
0.81000000000000016	4.9439535293293666	1.8814614631455482
0.81190000000000007	4.9599747218017241	1.8910715150049782
0.81380000000000008	4.9760184201752624	1.9006951225090116
0.81570000000000009	4.9920846034883963	1.9103322328018697
0.81759999999999999	5.0081732507544210	1.9199827934003828
0.81950000000000012	5.0242843409628248	1.9296467521908887
0.82140000000000013	5.0404178530799033	1.9393240574249839
0.82330000000000003	5.0565737660504864	1.9490146577163203
0.82520000000000004	5.0727520587976009	1.9587185020364553
0.82710000000000006	5.0889527102250609	1.9684355397121394
0.82900000000000007	5.1051756992175319	1.9781657204213221
0.83090000000000008	5.1214210046409985	1.9879089941895147
0.83280000000000010	5.1376886053448301	1.9976653113868736
0.83470000000000000	5.1539784801617818	2.0074346227245488
0.83660000000000012	5.1702906079090436	2.0172168792513507
0.83850000000000013	5.1866249673898039	2.0270120323507905
0.84040000000000004	5.2029815373930210	2.0368200337375444
0.84230000000000005	5.2193602966949495	2.0466408354541827
0.84420000000000006	5.2357612240599121	2.0564743898684270
0.84609999999999996	5.2521842982408637	2.0663206496695863
0.84799999999999998	5.2686294979803856	2.0761795678657879
0.84989999999999999	5.2850968020113509	2.0860510977808748
0.85180000000000000	5.3015861890577636	2.0959351930512642
0.85370000000000013	5.3180976378356259	2.1058318076232769
0.85560000000000014	5.3346311270532336	2.1157408957497208
0.85750000000000004	5.3511866354123701	2.1256624119876104
0.85940000000000005	5.3677641416090820	2.1355963111949445
0.86130000000000007	5.3843636243338517	2.1455425485279611
0.86319999999999997	5.4009850622726274	2.1555010794381970
0.86509999999999998	5.4176284341079688	2.1654718596702818
0.86699999999999999	5.4342937185182665	2.1754548452583906
0.86890000000000001	5.4509808941802849	2.1854499925242994
0.87079999999999991	5.4676899397682366	2.1954572580743252
0.87270000000000014	5.4844208339552898	2.2054765987968725
0.87460000000000004	5.5011735554139936	2.2155079718597803
0.87650000000000006	5.5179480828167051	2.2255513347078590
0.87840000000000007	5.5347443948364887	2.2356066450602761
0.88029999999999997	5.5515624701472310	2.2456738609079485
0.88219999999999998	5.5684022874245782	2.2557529405112908
0.88410000000000000	5.5852638253467290	2.2658438423978078
0.88600000000000001	5.6021470625946312	2.2759465253595876
0.88789999999999991	5.6190519778521528	2.2860609484506322
0.88980000000000015	5.6359785498074579	2.2961870709851135
0.89170000000000005	5.6529267571533000	2.3063248525346145
0.89360000000000006	5.6698965785870259	2.3164742529260329
0.89550000000000007	5.6868879928115295	2.3266352322391128
0.89739999999999998	5.7039009785356187	2.3368077508043292
0.89929999999999999	5.7209355144748608	2.3469917692008559
0.90120000000000000	5.7379915793512346	2.3571872482539709
0.90309999999999990	5.7550691518946024	2.3673941490333128
0.90499999999999992	5.7721682108423655	2.3776124328503800
0.90689999999999993	5.7892887349404418	2.3878420612567490
0.90879999999999994	5.8064307029434730	2.3980829960417469
0.91070000000000007	5.8235940936150534	2.4083351992303412
0.91260000000000008	5.8407788857289011	2.4185986330814933
0.91449999999999998	5.8579850580686523	2.4288732600857590
0.91639999999999999	5.8752125894279370	2.4391590429632060
0.91830000000000001	5.8924614586119066	2.4494559446619379
0.92019999999999991	5.9097316444367802	2.4597639283557555
0.92209999999999992	5.9270231257301251	2.4700829574421013
0.92399999999999993	5.9443358813323712	2.4804129955408771
0.92589999999999995	5.9616698900956653	2.4907540064916032
0.92780000000000007	5.9790251308853595	2.5011059543522318
0.92970000000000008	5.9964015825796784	2.5114688033969474
0.93159999999999998	6.0137992240708762	2.5218425181147146
0.93350000000000000	6.0312180342647013	2.5322270632070798
0.93540000000000001	6.0486579920811163	2.5426224035865199
0.93729999999999991	6.0661190764552639	2.5530285043749532
0.93919999999999992	6.0836012663364682	2.5634453309015504
0.94109999999999994	6.1011045406896622	2.5738728487013010
0.94299999999999995	6.1186288784953868	2.5843110235132629
0.94490000000000007	6.1361742587501782	2.5947598212789820
0.94680000000000009	6.1537406604665010	2.6052192081405217
0.94869999999999999	6.1713280626731573	2.6156891504389197
0.95060000000000000	6.1889364444163544	2.6261696147129836
0.95250000000000001	6.2065657847590137	2.6366605676970329
0.95439999999999992	6.2242160627811511	2.6471619763195711
0.95629999999999993	6.2418872575811655	2.6576738077021060
0.95819999999999994	6.2595793482747961	2.6681960291568125
0.96009999999999995	6.2772923139961723	2.6787286081856352
0.96199999999999986	6.2950261338978946	2.6892715124784803
0.96390000000000009	6.3127807871513122	2.6998247099116970
0.96579999999999999	6.3305562529466952	2.7103881685467268
0.96770000000000000	6.3483525104936893	2.7209618566285276
0.96960000000000002	6.3661695390213522	2.7315457425840770
0.97149999999999992	6.3840073177783792	2.7421397950209609
0.97339999999999993	6.4018658260335481	2.7527439827260607
0.97529999999999994	6.4197450430754950	2.7633582746637639
0.97719999999999996	6.4376449482141416	2.7739826399753165
0.97909999999999986	6.4555655207789480	2.7846170479763832
0.98100000000000009	6.4735067401208166	2.7952614681565091
0.98290000000000000	6.4914685856118455	2.8059158701776283
0.98480000000000001	6.5094510366449994	2.8165802238722200
0.98670000000000002	6.5274540726350878	2.8272544992426898
0.98859999999999992	6.5454776730183122	2.8379386664593875
0.99049999999999994	6.5635218172530188	2.8486326958599051
0.99239999999999995	6.5815864848195833	2.8593365579473251
0.99429999999999996	6.5996716552204768	2.8700502233891485
0.99619999999999986	6.6177773079807531	2.8807736630159697
0.99810000000000010	6.6359034226479574	2.8915068478202732
1.0000000000000000	6.6540499787928695	2.9022497489553065
