5.0000000000000003E-002	0.23921217872449474	8.8906609916539420E-004
5.1899999999999995E-002	0.24833765947960429	9.8117754052581135E-004
5.3800000000000001E-002	0.25746660502226992	1.0787945337424948E-003
5.5700000000000006E-002	0.26659908761402407	1.1819567163983647E-003
5.7599999999999998E-002	0.27573517605367764	1.2906992115381997E-003
5.9499999999999997E-002	0.28487493557309940	1.4050536403373639E-003
6.1400000000000003E-002	0.29401842820602636	1.5250490340883889E-003
6.3300000000000009E-002	0.30316571308461132	1.6507126753361502E-003
6.5200000000000008E-002	0.31231684651647929	1.7820708812297545E-003
6.7099999999999993E-002	0.32147188230478013	1.9191497063069667E-003
6.9000000000000006E-002	0.33063087191953011	2.0619755888291588E-003
7.0900000000000005E-002	0.33979386479058726	2.2105759341527003E-003
7.2799999999999990E-002	0.34896090839094057	2.3649796467636961E-003
7.4700000000000003E-002	0.35813204850658981	2.5252176055880981E-003
7.6600000000000001E-002	0.36730732940508592	2.6913230926545128E-003
7.8500000000000000E-002	0.37648679401222856	2.8633321759106560E-003
8.0400000000000013E-002	0.38567048408165955	3.0412840498420164E-003
8.2300000000000012E-002	0.39485844035475326	3.2252213371135631E-003
8.4199999999999997E-002	0.40405070269465537	3.4151903541199519E-003
8.6099999999999996E-002	0.41324731030926598	3.6112413432802144E-003
8.7999999999999995E-002	0.42244830176922638	3.8134286748347243E-003
8.9899999999999994E-002	0.43165371521451801	4.0218110206070292E-003
9.1800000000000007E-002	0.44086358845617263	4.2364515021473328E-003
9.3700000000000006E-002	0.45007795909059889	4.4574178155256773E-003
9.5600000000000004E-002	0.45929686460613317	4.6847823347989700E-003
9.7500000000000017E-002	0.46852034248362456	4.9186221962253486E-003
9.9400000000000002E-002	0.47774843029060499	5.1590193649101654E-003
0.10130000000000000	0.48698116576850642	5.4060606856966556E-003
0.10320000000000000	0.49621858691596832	5.6598379198892724E-003
0.10510000000000000	0.50546073206439446	5.9204477690868104E-003
0.10700000000000000	0.51470763994954771	6.1879918876861801E-003
0.10890000000000001	0.52395934977898018	6.4625768852650724E-003
0.11080000000000001	0.53321590129278729	6.7443143197452888E-003
0.11270000000000001	0.54247733482162674	7.0333206828056142E-003
0.11460000000000002	0.55174369132304313	7.3297173780432021E-003
0.11649999999999999	0.56101501249593944	7.6336306934154559E-003
0.11840000000000001	0.57029134040227847	7.9448591537993069E-003
0.12030000000000000	0.57957267298088977	8.2583745979479522E-003
0.12220000000000000	0.58885897839821666	8.5764186942232125E-003
0.12410000000000000	0.59815026108767977	8.9002716290850353E-003
0.12600000000000000	0.60744653866406217	9.2305612546191348E-003
0.12790000000000001	0.61674783606519923	9.5677289323352326E-003
0.12980000000000003	0.62605418334603169	9.9121312328191036E-003
0.13169999999999998	0.63536561453274309	1.0264078557577201E-002
0.13360000000000000	0.64468216693168490	1.0623853573843668E-002
0.13550000000000001	0.65400388067309412	1.0991721285171811E-002
0.13739999999999999	0.66333079838983422	1.1367935054456694E-002
0.13930000000000001	0.67266296498144451	1.1752740449738132E-002
0.14120000000000002	0.68200042743331113	1.2146377824408621E-002
0.14310000000000000	0.69134323467541636	1.2549084116870834E-002
0.14500000000000002	0.70069143746850693	1.2961094145609435E-002
0.14690000000000000	0.71004508831092217	1.3382641565412298E-002
0.14879999999999999	0.71940424136113856	1.3813959588671165E-002
0.15070000000000000	0.72876895237226358	1.4255281539735027E-002
0.15260000000000001	0.73813927863581452	1.4706841287525701E-002
0.15450000000000000	0.74751527893370628	1.5168873588118961E-002
0.15640000000000001	0.75689701349578054	1.5641614359350145E-002
0.15830000000000002	0.76628454396252188	1.6125300903323130E-002
0.16020000000000001	0.77567793335221846	1.6620172088803647E-002
0.16210000000000002	0.78507724603154705	1.7126468501975491E-002
0.16400000000000001	0.79448254768916593	1.7644432572382022E-002
0.16589999999999999	0.80389390531169003	1.8174308678945011E-002
0.16780000000000000	0.81331138716211893	1.8716343240013998E-002
0.16970000000000002	0.82273506276014663	1.9270784790490453E-002
0.17160000000000000	0.83216500286411754	1.9837884048470256E-002
0.17350000000000002	0.84160127945437957	2.0417893973088904E-002
0.17540000000000003	0.85104396571825280	2.1011069815351884E-002
0.17730000000000001	0.86049313603579092	2.1617669162872579E-002
0.17920000000000003	0.86994886596693777	2.2237951979673896E-002
0.18110000000000001	0.87941123223934958	2.2872180641655592E-002
0.18300000000000000	0.88888031272860690	2.3520619968459132E-002
0.18490000000000001	0.89835618648282878	2.4183537251971539E-002
0.18680000000000002	0.90783893366042268	2.4861202282240948E-002
0.18870000000000001	0.91732863555609301	2.5553887370581063E-002
0.19060000000000002	0.92682537458352232	2.6261867370438296E-002
0.19250000000000003	0.93632923426765857	2.6985419696002912E-002
0.19439999999999999	0.94584029923710122	2.7724824338686626E-002
0.19630000000000000	0.95535865521728758	2.8480363881493113E-002
0.19820000000000002	0.96488438902380069	2.9252323511314255E-002
0.20010000000000000	0.97441758855618033	3.0040991029089470E-002
0.20200000000000001	0.98395834279208727	3.0846656857771847E-002
0.20390000000000003	0.99350674178166132	3.1669614048066327E-002
0.20580000000000001	1.0030628766421503	3.2510158281732517E-002
0.20770000000000002	1.0126268395528608	3.3368587872417838E-002
0.20960000000000004	1.0221987237501344	3.4245203763811745E-002
0.21149999999999999	1.0317786235225987	3.5140309524994001E-002
0.21340000000000001	1.0413666342065337	3.6054211342801804E-002
0.21529999999999999	1.0509628521811620	3.6987218010962719E-002
0.21720000000000000	1.0605673748643023	3.7939640915911267E-002
0.21909999999999999	1.0701803007076871	3.8911794018956072E-002
0.22100000000000003	1.0798017291925588	3.9903993834693403E-002
0.22289999999999999	1.0894317608250030	4.0916559405344111E-002
0.22479999999999997	1.0990704971314094	4.1949812270889911E-002
0.22670000000000001	1.1087180406536192	4.3004076434695448E-002
0.22860000000000000	1.1183744949440646	4.4079678324445350E-002
0.23050000000000001	1.1280399645606443	4.5176946748111770E-002
0.23240000000000000	1.1377145550614638	4.6296212844793419E-002
0.23430000000000001	1.1473983729992210	4.7437810030140311E-002
0.23619999999999999	1.1570915259154231	4.8602073936161012E-002
0.23810000000000003	1.1667941223341911	4.9789342345207453E-002
0.23999999999999999	1.1765062717557437	5.0999955117898586E-002
0.24189999999999998	1.1862280846495024	5.2234254114842157E-002
0.24380000000000002	1.1959596724467583	5.3492583111874069E-002
0.24570000000000000	1.2057011475328927	5.4775287708717764E-002
0.24760000000000001	1.2154526232390759	5.6082715230848561E-002
0.24950000000000000	1.2252142138334721	5.7415214624429466E-002
0.25140000000000001	1.2349860345118484	5.8773136344185586E-002
0.25330000000000003	1.2447682013876717	6.0156832234089436E-002
0.25519999999999998	1.2545608314814041	6.1566655400744748E-002
0.25710000000000000	1.2643640427093894	6.3002960079452205E-002
0.25900000000000001	1.2741779538718165	6.4466101492800493E-002
0.26090000000000002	1.2840026846401082	6.5956435701856983E-002
0.26279999999999998	1.2938383555435111	6.7474319449875961E-002
0.26469999999999999	1.3036850879549240	6.9020109998554124E-002
0.26660000000000000	1.3135430040759299	7.0594164956934310E-002
0.26849999999999996	1.3234122269209647	7.2196842102942166E-002
0.27040000000000003	1.3332928803007222	7.3828499197751071E-002
0.27229999999999999	1.3431850888046040	7.5489493793027801E-002
0.27420000000000000	1.3530889777823558	7.7180183031295369E-002
0.27610000000000001	1.3630046733247265	7.8900923439545606E-002
0.27799999999999997	1.3729323022432924	8.0652070716380184E-002
0.27989999999999998	1.3828719920492669	8.2433979512917505E-002
0.28179999999999999	1.3928238709370446	8.4247003208125129E-002
0.28370000000000001	1.4027880677385258	8.6091493676746386E-002
0.28559999999999997	1.4127647119334019	8.7967801055519060E-002
0.28750000000000003	1.4227539336011779	8.9876273501071094E-002
0.28939999999999999	1.4327558634010162	9.1817256944951672E-002
0.29130000000000000	1.4427706325449978	9.3791094844581951E-002
0.29320000000000002	1.4527983727701972	9.5798127930425692E-002
0.29509999999999997	1.4628392163101007	9.7838693950331124E-002
0.29699999999999999	1.4728932958648335	9.9913127411374245E-002
0.29890000000000000	1.4829607445707067	0.10202175931970348
0.30080000000000001	1.4930416959686195	0.10416491691911101
0.30269999999999997	1.5031362839719842	0.10634292342889846
0.30460000000000004	1.5132446428333695	0.10855609778155921
0.30649999999999999	1.5233669071106244	0.11080475436100704
0.30840000000000001	1.5335032116320557	0.11308920274198654
0.31030000000000002	1.5436536914609724	0.11540974743125400
0.31219999999999998	1.5538184818594669	0.11776668761129218
0.31409999999999999	1.5639977182514935	0.12016031688715978
0.31600000000000000	1.5741915361853289	0.12259092303713175
0.31790000000000002	1.5844000712954893	0.12505878776789173
0.31979999999999997	1.5946234592640394	0.12756418647477033
0.32170000000000004	1.6048618357814284	0.13010738800789989
0.32360000000000000	1.6151153365068907	0.13268865444470679
0.32549999999999996	1.6253840970284517	0.13530824086952467
0.32740000000000002	1.6356682528226039	0.13796639516084372
0.32929999999999998	1.6459679392137023	0.14066335778684455
0.33119999999999999	1.6562832913330936	0.14339936160970898
0.33310000000000001	1.6666144440837130	0.14617463170028969
0.33500000000000002	1.6769615320762283	0.14898938515758520
0.33689999999999998	1.6873246896228675	0.15184383094872309
0.33879999999999999	1.6977040506723686	0.15473816974939555
0.34070000000000000	1.7080997487749887	0.15767259380058377
0.34259999999999996	1.7185119170419045	0.16064728677589254
0.34450000000000003	1.7289406881042140	0.16366242366050787
0.34639999999999999	1.7393861940725324	0.16671817064238506
0.34830000000000000	1.7498485664969390	0.16981468501571295
0.35020000000000001	1.7603279363272126	0.17295211509692107
0.35210000000000002	1.7708244338735393	0.17613060015332815
0.35399999999999998	1.7813381887677264	0.17935027034456499
0.35589999999999999	1.7918693299249497	0.18261124667679246
0.35780000000000001	1.8024179855061087	0.18591364096975099
0.35969999999999996	1.8129842828808618	0.18925755583661394
0.36160000000000003	1.8235683485913445	0.19264308467651189
0.36349999999999999	1.8341703083218515	0.19607031168114974
0.36540000000000000	1.8447902868426262	0.19953931184636750
0.36730000000000002	1.8554284080093353	0.20305015101113713
0.36920000000000003	1.8660847947073926	0.20660288589315443
0.37109999999999999	1.8767595688253695	0.21019756414382137
0.37300000000000000	1.8874528512242332	0.21383422441321501
0.37490000000000001	1.8981647617071147	0.21751289642606303
0.37679999999999997	1.9088954189903233	0.22123360106842388
0.37870000000000004	1.9196449406753406	0.22499635048471439
0.38059999999999999	1.9304134432218600	0.22880114818455588
0.38250000000000001	1.9412010419219758	0.23264798915913359
0.38440000000000002	1.9520078508754866	0.23653686000650839
0.38629999999999998	1.9628339829714487	0.24046773906740138
0.38819999999999999	1.9736795498439892	0.24444059655894451
0.39010000000000000	1.9845446618854765	0.24845539473679915
0.39200000000000002	1.9954294282021643	0.25251208804266734
0.39389999999999997	2.0063339566016563	0.25661062326949874
0.39580000000000004	2.0172583535750856	0.26075093973043628
0.39770000000000000	2.0282027242805714	0.26493296943306482
0.39959999999999996	2.0391671725277631	0.26915663725878675
0.40150000000000002	2.0501518007635631	0.27342186114645639
0.40339999999999998	2.0611567100590018	0.27772855228003934
0.40529999999999999	2.0721820001027189	0.28207661528216377
0.40720000000000001	2.0832277691670553	0.28646594839745820
0.40910000000000002	2.0942941141349589	0.29089644370564932
0.41099999999999998	2.1053811304654251	0.29536798730820335
0.41290000000000004	2.1164889121928532	0.29988045953117626
0.41480000000000000	2.1276175519205767	0.30443373512620403
0.41669999999999996	2.1387671408154101	0.30902768347194876
0.41860000000000003	2.1499377686032433	0.31366216877585901
0.42049999999999998	2.1611295235656436	0.31833705027573805
0.42240000000000005	2.1723424925431964	0.32305218244398143
0.42430000000000007	2.1835767609094279	0.32780741517393253
0.42620000000000002	2.1948324126094638	0.33260259400042219
0.42809999999999998	2.2061095301324887	0.33743756028175376
0.43000000000000005	2.2174081945203539	0.34231215139907545
0.43190000000000006	2.2287284853697380	0.34722620094964657
0.43380000000000002	2.2400704808348202	0.35217953893760112
0.43570000000000003	2.2514342576310371	0.35717199196208388
0.43759999999999999	2.2628198910394381	0.36220338340250613
0.43950000000000006	2.2742274549174071	0.36727353360463100
0.44140000000000007	2.2856570216809278	0.37238226004313502
0.44330000000000003	2.2971086623482151	0.37752937752260241
0.44519999999999998	2.3085824465206670	0.38271469833152821
0.44710000000000000	2.3200784423974259	0.38793803241511376
0.44900000000000007	2.3315967167838645	0.39319918753955874
0.45090000000000002	2.3431373351001765	0.39849796945231547
0.45280000000000004	2.3547003613909094	0.40383418203842925
0.45469999999999999	2.3662858583347179	0.40920762747269446
0.45660000000000006	2.3778938872546975	0.41461810636764795
0.45850000000000007	2.3895245081291341	0.42006541791741903
0.46040000000000003	2.4011777796073588	0.42554936004179206
0.46229999999999999	2.4128537590017460	0.43106972950271921
0.46420000000000000	2.4245525023301968	0.43662632206460572
0.46610000000000007	2.4362740643071215	0.44221893260084455
0.46800000000000003	2.4480184983613511	0.44784735522155733
0.46990000000000004	2.4597858566491957	0.45351138339187264
0.47180000000000011	2.4715761900673998	0.45921081004598163
0.47370000000000007	2.4833895482665711	0.46494542769703234
0.47560000000000008	2.4952259796646112	0.47071502854287178
0.47750000000000004	2.5070855314605849	0.47651940456774050
0.47939999999999999	2.5189682496485784	0.48235834763988139
0.48130000000000006	2.5308741790317533	0.48823164960529619
0.48320000000000007	2.5428033632366436	0.49413910237746367
0.48510000000000003	2.5547558447305900	0.50008049802949417
0.48700000000000004	2.5667316648232177	0.50605562885108490
0.48890000000000011	2.5787308637011970	0.51206428746587174
0.49080000000000007	2.5907534804288335	0.51810626687987160
0.49270000000000008	2.6027995529663976	0.52418136055965792
0.49460000000000004	2.6148691181847417	0.53028936250027181
0.49650000000000000	2.6269622118802700	0.53643006729010789
0.49840000000000007	2.6390788687893041	0.54260327017203125
0.50030000000000008	2.6512191226032691	0.54880876710181481
0.50220000000000009	2.6633830059831811	0.55504635480323605
0.50409999999999999	2.6755705505743768	0.56131583082018477
0.50600000000000001	2.6877817870213119	0.56761699356598017
0.50790000000000013	2.7000167449821966	0.57394964236989277
0.50980000000000003	2.7122754531435338	0.58031357752072699
0.51170000000000004	2.7245579392346482	0.58670860030809724
0.51360000000000006	2.7368642300423658	0.59313451306095011
0.51550000000000007	2.7491943514250932	0.59959111918364971
0.51740000000000008	2.7615483283273625	0.60607822318975657
0.51930000000000009	2.7739261847940102	0.61259563073353041
0.52120000000000000	2.7863279439841735	0.61914314863913567
0.52310000000000001	2.7987536281816960	0.62572058493501748
0.52500000000000013	2.8112032588242721	0.63232774884998399
0.52690000000000003	2.8236768564942163	0.63896445088063281
0.52880000000000005	2.8361744409473761	0.64563050278254508
0.53070000000000006	2.8486960311231595	0.65232571759760660
0.53260000000000007	2.8612416451576514	0.65904990967156940
0.53450000000000009	2.8738113003970818	0.66580289467034692
0.53640000000000010	2.8864050134107844	0.67258448959424644
0.53830000000000000	2.8990228000046794	0.67939451279143515
0.54020000000000001	2.9116646752334958	0.68623278396899656
0.54210000000000014	2.9243306534141627	0.69309912420356523
0.54400000000000004	2.9370207481379746	0.69999335594983125
0.54590000000000005	2.9497349722830641	0.70691530304831685
0.54780000000000006	2.9624733380269581	0.71386479073177256
0.54970000000000008	2.9752358568584270	0.72084164563034114
0.55160000000000009	2.9880225395897120	0.72784569577587277
0.55350000000000010	3.0008333963682561	0.73487677060489698
0.55540000000000000	3.0136684366883917	0.74193470096087089
0.55730000000000002	3.0265276694027041	0.74901931909535524
0.55920000000000014	3.0394111027339061	0.75613045866845652
0.56110000000000004	3.0523187442854409	0.76326795474818354
0.56300000000000006	3.0652506010530107	0.77043164380926210
0.56490000000000007	3.0782066794353260	0.77762136373108270
0.56680000000000008	3.0911869852446099	0.78483695379485652
0.56870000000000009	3.1041915237177649	0.79207825468035209
0.57060000000000011	3.1172202995264411	0.79934510846186380
0.57250000000000001	3.1302733167869614	0.80663735860325203
0.57440000000000002	3.1433505790716092	0.81395484995337286
0.57630000000000015	3.1564520894172152	0.82129742873965583
0.57820000000000005	3.1695778503360810	0.82866494256246315
0.58010000000000006	3.1827278638250140	0.83605724038815410
0.58200000000000007	3.1959021313403970	0.84347417254984325
0.58389999999999997	3.2091006539470497	0.85091559070852374
0.58580000000000010	3.2223234321174994	0.85838134789275899
0.58770000000000011	3.2355704658813758	0.86587129845839328
0.58960000000000001	3.2488417547997286	0.87338529808839216
0.59150000000000003	3.2621372979727008	0.88092320378351507
0.59340000000000015	3.2754570940488583	0.88848487385361563
0.59530000000000005	3.2888011412341016	0.89607016790811544
0.59720000000000006	3.3021694372994319	0.90367894684662142
0.59910000000000008	3.3155619795894271	0.91131107284885260
0.60099999999999998	3.3289787650304072	0.91896640936487439
0.60290000000000010	3.3424197901380590	0.92664482110463542
0.60480000000000012	3.3558850510256053	0.93434617402803710
0.60670000000000002	3.3693745434118192	0.94207033533428020
0.60860000000000003	3.3828882626276489	0.94981717345101768
0.61050000000000015	3.3964262036248627	0.95758655802418846
0.61240000000000006	3.4099883609821080	0.96537835990669385
0.61430000000000007	3.4235747289133371	0.97319245114785391
0.61620000000000008	3.4371853012739293	0.98102870498211869
0.61809999999999998	3.4508200715684141	0.98888699581844086
0.62000000000000011	3.4644790329566444	0.99676719922891066
0.62190000000000012	3.4781621782606740	1.0046691919375605
0.62380000000000002	3.4918694999716537	1.0125928518095120
0.62570000000000003	3.5056009902561507	1.0205380578395868
0.62760000000000005	3.5193566409626413	1.0285046901413262
0.62950000000000006	3.5331364436273676	1.0364926299354968
0.63140000000000007	3.5469403894809406	1.0445017595391890
0.63330000000000009	3.5607684694540165	1.0525319623545861
0.63519999999999999	3.5746206741839655	1.0605831228577718
0.63710000000000011	3.5884969940195885	1.0686551265876068
0.63900000000000012	3.6023974190276604	1.0767478601345688
0.64090000000000003	3.6163219389982952	1.0848612111298914
0.64280000000000004	3.6302705434505889	1.0929950682345178
0.64470000000000005	3.6442432216380509	1.1011493211279129
0.64660000000000006	3.6582399625537452	1.1093238604974729
0.64850000000000008	3.6722607549355892	1.1175185780273760
0.65040000000000009	3.6863055872716743	1.1257333663879938
0.65229999999999999	3.7003744478055007	1.1339681192252504
0.65420000000000011	3.7144673245403665	1.1422227311497333
0.65610000000000013	3.7285842052443128	1.1504970977260411
0.65800000000000003	3.7427250774558187	1.1587911154627157
0.65990000000000004	3.7568899284872419	1.1671046818013766
0.66180000000000005	3.7710787454302035	1.1754376951064895
0.66370000000000007	3.7852915151601847	1.1837900546553111
0.66560000000000008	3.7995282243404822	1.1921616606273804
0.66750000000000009	3.8137888594269107	1.2005524140946535
0.66940000000000000	3.8280734066723427	1.2089622170113883
0.67130000000000012	3.8423818521302859	1.2173909722042959
0.67320000000000013	3.8567141816595809	1.2258385833626295
0.67510000000000003	3.8710703809283356	1.2343049550285099
0.67700000000000005	3.8854504354176367	1.2427899925872838
0.67890000000000006	3.8998543304258511	1.2512936022579366
0.68080000000000007	3.9142820510723828	1.2598156910836862
0.68270000000000008	3.9287335823014757	1.2683561669226711
0.68460000000000010	3.9432089088853881	1.2769149384383967
0.68650000000000000	3.9577080154296560	1.2854919150913211
0.68840000000000012	3.9722308863740614	1.2940870071286601
0.69030000000000014	3.9867775059989312	1.3027001255765718
0.69220000000000004	4.0013478584264535	1.3113311822303557
0.69410000000000005	4.0159419276254891	1.3199800896464322
0.69600000000000006	4.0305596974138584	1.3286467611330917
0.69790000000000008	4.0452011514627229	1.3373311107423669
0.69980000000000009	4.0598662732985602	1.3460330532612323
0.70170000000000010	4.0745550463073368	1.3547525042034418
0.70360000000000000	4.0892674537371851	1.3634893798011696
0.70550000000000002	4.1040034787014212	1.3722435969967663
0.70740000000000014	4.1187631041814967	1.3810150734347848
0.70930000000000004	4.1335463130300036	1.3898037274538952
0.71120000000000005	4.1483530879739625	1.3986094780792191
0.71310000000000007	4.1631834116170978	1.4074322450142662
0.71500000000000008	4.1780372664427929	1.4162719486334019
0.71690000000000009	4.1929146348164563	1.4251285099739175
0.71880000000000011	4.2078154989891257	1.4340018507290757
0.72070000000000001	4.2227398410997470	1.4428918932405221
0.72260000000000002	4.2376876431767725	1.4517985604904049
0.72450000000000014	4.2526588871421946	1.4607217760949542
0.72640000000000005	4.2676535548128731	1.4696614642966823
0.72830000000000006	4.2826716279039365	1.4786175499578826
0.73020000000000007	4.2977130880305907	1.4875899585532593
0.73210000000000008	4.3127779167101910	1.4965786161631309
0.73400000000000010	4.3278660953657972	1.5055834494669889
0.73590000000000011	4.3429776053268085	1.5146043857361413
0.73780000000000001	4.3581124278325429	1.5236413528277208
0.73970000000000002	4.3732705440337636	1.5326942791778595
0.74160000000000015	4.3884519349951123	1.5417630937953211
0.74350000000000005	4.4036565816968718	1.5508477262550240
0.74540000000000006	4.4188844650377170	1.5599481066920267
0.74730000000000008	4.4341355658358799	1.5690641657949749
0.74919999999999998	4.4494098648322060	1.5781958348005032
0.75110000000000010	4.4647073426908923	1.5873430454864719
0.75300000000000011	4.4800279800026779	1.5965057301667671
0.75490000000000002	4.4953717572855467	1.6056838216847709
0.75680000000000003	4.5107386549879678	1.6148772534082179
0.75870000000000015	4.5261286534893594	1.6240859592228547
0.76060000000000005	4.5415417331028660	1.6333098735272433
0.76250000000000007	4.5569778740764795	1.6425489312268060
0.76440000000000008	4.5724370565951729	1.6518030677285966
0.76629999999999998	4.5879192607828321	1.6610722189359888
0.76820000000000010	4.6034244667030970	1.6703563212428494
0.77010000000000012	4.6189526543618484	1.6796553115286474
0.77200000000000002	4.6345038037086503	1.6889691271532523
0.77390000000000003	4.6500778946377226	1.6982977059513926
0.77580000000000016	4.6656749069904322	1.7076409862280713
0.77770000000000006	4.6812948205562428	1.7169989067532638
0.77960000000000007	4.6969376150743942	1.7263714067569269
0.78150000000000008	4.7126032702352090	1.7357584259243677
0.78339999999999999	4.7282917656819237	1.7451599043912418
0.78530000000000011	4.7440030810115568	1.7545757827386714
0.78720000000000012	4.7597371957771122	1.7640060019890695
0.78910000000000002	4.7754940894883378	1.7734505036009329
0.79100000000000004	4.7912737416128950	1.7829092294644611
0.79290000000000016	4.8070761315786674	1.7923821218973404
0.79480000000000006	4.8229012387737153	1.8018691236397553
0.79670000000000007	4.8387490425488568	1.8113701778504747
0.79860000000000009	4.8546195222181385	1.8208852281023349
0.80049999999999999	4.8705126570603641	1.8304142183779679
0.80240000000000011	4.8864284263202098	1.8399570930655189
0.80430000000000013	4.9023668092094468	1.8495137969546580
0.80620000000000003	4.9183277849082305	1.8590842752322756
0.80810000000000004	4.9343113325659411	1.8686684734784835
0.81000000000000016	4.9503174313027545	1.8782663376627027
0.81190000000000007	4.9663460602104523	1.8878778141397183
0.81380000000000008	4.9823971983535964	1.8975028496455300
0.81570000000000009	4.9984708247707932	1.9071413912939068
0.81759999999999999	5.0145669184751949	1.9167933865721671
0.81950000000000012	5.0306854584562082	1.9264587833377211
0.82140000000000013	5.0468264236801001	1.9361375298143009
0.82330000000000003	5.0629897930910248	1.9458295745881466
0.82520000000000004	5.0791755456127783	1.9555348666048793
0.82710000000000006	5.0953836601478910	1.9652533551650826
0.82900000000000007	5.1116141155809229	1.9749849899218097
0.83090000000000008	5.1278668907774856	1.9847297208762278
0.83280000000000010	5.1441419645864439	1.9944874983748107
0.83470000000000000	5.1604393158398816	2.0042582731055796
0.83660000000000012	5.1767589233548348	2.0140419960950111
0.83850000000000013	5.1931007659333304	2.0238386187046000
0.84040000000000004	5.2094648223639499	2.0336480926276188
0.84230000000000005	5.2258510714222108	2.0434703698859749
0.84420000000000006	5.2422594918714056	2.0533054028267919
0.84609999999999996	5.2586900624640371	2.0631531441199078
0.84799999999999998	5.2751427619416402	2.0730135467539874
0.84989999999999999	5.2916175690363065	2.0828865640339154
0.85180000000000000	5.3081144624709689	2.0927721495776765
0.85370000000000013	5.3246334209606117	2.1026702573135472
0.85560000000000014	5.3411744232129790	2.1125808414769920
0.85750000000000004	5.3577374479285851	2.1225038566075765
0.85940000000000005	5.3743224738021427	2.1324392575464004
0.86130000000000007	5.3909294795234564	2.1423869994333513
0.86319999999999997	5.4075584437771882	2.1523470377038021
0.86509999999999998	5.4242093452445070	2.1623193280864625
0.86699999999999999	5.4408821626030113	2.1723038266001522
0.86890000000000001	5.4575768745278905	2.1823004895513622
0.87079999999999991	5.4742934596925492	2.1923092735317322
0.87270000000000014	5.4910318967686074	2.2023301354148974
0.87460000000000004	5.5077921644273609	2.2123630323544821
0.87650000000000006	5.5245742413399661	2.2224079217811883
0.87840000000000007	5.5413781061779463	2.2324647614003630
0.88029999999999997	5.5582037376138382	2.2425335091893821
0.88219999999999998	5.5750511143222585	2.2526141233954404
0.88410000000000000	5.5919202149797611	2.2627065625328950
0.88600000000000001	5.6088110182655031	2.2728107853807171
0.88789999999999991	5.6257235028627210	2.2829267509807067
0.88980000000000015	5.6426576474575807	2.2930544186342399
0.89170000000000005	5.6596134307415111	2.3031937479007718
0.89360000000000006	5.6765908314099027	2.3133446985947943
0.89550000000000007	5.6935898281647352	2.3235072307844509
0.89739999999999998	5.7106103997130599	2.3336813047883913
0.89929999999999999	5.7276525247688221	2.3438668811742178
0.90120000000000000	5.7447161820524935	2.3540639207557184
0.90309999999999990	5.7618013502922532	2.3642723845912954
0.90499999999999992	5.7789080082239046	2.3744922339812629
0.90689999999999993	5.7960361345919145	2.3847234304662819
0.90879999999999994	5.8131857081489073	2.3949659358246773
0.91070000000000007	5.8303567076574199	2.4052197120709522
0.91260000000000008	5.8475491118889416	2.4154847214531907
0.91449999999999998	5.8647628996254122	2.4257609264514932
0.91639999999999999	5.8819980496591571	2.4360482897756790
0.91830000000000001	5.8992545407934687	2.4463467743635610
0.92019999999999991	5.9165323518426209	2.4566563433786697
0.92209999999999992	5.9338314616327894	2.4669769602085494
0.92399999999999993	5.9511518490022466	2.4773085884628907
0.92589999999999995	5.9684934928016045	2.4876511919715529
0.92780000000000007	5.9858563718943829	2.4980047347826373
0.92970000000000008	6.0032404651570870	2.5083691811606594
0.93159999999999998	6.0206457514800436	2.5187444955849290
0.93350000000000000	6.0380722097671935	2.5291306427474827
0.93540000000000001	6.0555198189367720	2.5395275875513126
0.93729999999999991	6.0729885579219189	2.5499352951090031
0.93919999999999992	6.0904784056702548	2.5603537307403834
0.94109999999999994	6.1079893411449238	2.5707828599713021
0.94299999999999995	6.1255213433243449	2.5812226485314742
0.94490000000000007	6.1430743912032169	2.5916730623534168
0.94680000000000009	6.1606484637921426	2.6021340675700841
0.94869999999999999	6.1782435401181610	2.6126056305136363
0.95060000000000000	6.1958595992253640	2.6230877177137910
0.95250000000000001	6.2134966201747153	2.6335802958960883
0.95439999999999992	6.2311545820446756	2.6440833319802741
0.95629999999999993	6.2488334639312857	2.6545967930789209
0.95819999999999994	6.2665332449482598	2.6651206464954704
0.96009999999999995	6.2842539042280423	2.6756548597232754
0.96199999999999986	6.3019954209213314	2.6861994004436616
0.96390000000000009	6.3197577741971775	2.6967542365242552
0.96579999999999999	6.3375409432440897	2.7073193360180099
0.96770000000000000	6.3553449072696289	2.7178946671613509
0.96960000000000002	6.3731696455007132	2.7284801983727727
0.97149999999999992	6.3910151371842199	2.7390758982514893
0.97339999999999993	6.4088813615868681	2.7496817355759853
0.97529999999999994	6.4267682979952996	2.7602976793022922
0.97719999999999996	6.4446759257170321	2.7709236985632022
0.97909999999999986	6.4626042240798203	2.7815597626662516
0.98100000000000009	6.4805531724324386	2.7922058410927080
0.98290000000000000	6.4985227501448843	2.8028619034962157
0.98480000000000001	6.5165129366081720	2.8135279197012228
0.98670000000000002	6.5345237112347521	2.8242038597017709
0.98859999999999992	6.5525550534589767	2.8348896936602337
0.99049999999999994	6.5706069427370837	2.8455853919061083
0.99239999999999995	6.5886793585471333	2.8562909249342954
0.99429999999999996	6.6067722803897082	2.8670062634043871
0.99619999999999986	6.6248856877874989	2.8777313781388170
0.99810000000000010	6.6430195602862501	2.8884662401222685
1.0000000000000000	6.6611738774542175	2.8992108204998277
