5.0000000000000003E-002	0.23919140457793128	8.0702373191209205E-004
5.1899999999999995E-002	0.24831275038742490	8.8679684656313201E-004
5.3800000000000001E-002	0.25743708924673930	9.7097918104088765E-004
5.5700000000000006E-002	0.26656447122281568	1.0595860146891114E-003
5.7599999999999998E-002	0.27569494318991045	1.1526321342674565E-003
5.9499999999999997E-002	0.28482854957478926	1.2501328220368810E-003
6.1400000000000003E-002	0.29396533237655231	1.3521047785605310E-003
6.3300000000000009E-002	0.30310533154358410	1.4585669280925170E-003
6.5200000000000008E-002	0.31224858529269517	1.5695411353693560E-003
6.7099999999999993E-002	0.32139513023461164	1.6850528443273999E-003
6.9000000000000006E-002	0.33054500169841977	1.8051316296310155E-003
7.0900000000000005E-002	0.33969823393781257	1.9298116786245728E-003
7.2799999999999990E-002	0.34885486032746849	2.0591322057259809E-003
7.4700000000000003E-002	0.35801491364655980	2.1931378033620010E-003
7.6600000000000001E-002	0.36717842615241575	2.3318787396056206E-003
7.8500000000000000E-002	0.37634542983494979	2.4754112014690908E-003
8.0400000000000013E-002	0.38551595656463378	2.6237974930270204E-003
8.2300000000000012E-002	0.39469003824790660	2.7771061910553244E-003
8.4199999999999997E-002	0.40386770697061819	2.9354122627789341E-003
8.6099999999999996E-002	0.41304899513130217	3.0987971493823571E-003
8.7999999999999995E-002	0.42223393554549937	3.2673488191945223E-003
8.9899999999999994E-002	0.43142256163350878	3.4411617932790075E-003
9.1800000000000007E-002	0.44061490741367521	3.6203371473659852E-003
9.3700000000000006E-002	0.44981100766968601	3.8049824919804830E-003
9.5600000000000004E-002	0.45901089801977324	3.9952119339527999E-003
9.7500000000000017E-002	0.46821461499566097	4.1911460213350186E-003
9.9400000000000002E-002	0.47742219611382131	4.3929116740612315E-003
0.10130000000000000	0.48663367994034729	4.6006421020726319E-003
0.10320000000000000	0.49584910614901617	4.8144767127918349E-003
0.10510000000000000	0.50506851557355226	5.0345610095086585E-003
0.10700000000000000	0.51429195025372632	5.2610464820209138E-003
0.10890000000000001	0.52351945347655426	5.4940904909323365E-003
0.11080000000000001	0.53275106981237363	5.7338561466989809E-003
0.11270000000000001	0.54198684514686368	5.9805121844406202E-003
0.11460000000000002	0.55122682670783119	6.2342328355723823E-003
0.11649999999999999	0.56047106308910766	6.4951976968810159E-003
0.11840000000000001	0.56971960425384793	6.7635915980890525E-003
0.12030000000000000	0.57897250161295233	7.0396044680186834E-003
0.12220000000000000	0.58822980794694635	7.3234312009803583E-003
0.12410000000000000	0.59749157744851855	7.6151855361294698E-003
0.12600000000000000	0.60675783786732462	7.9111184176926426E-003
0.12790000000000001	0.61602858913624492	8.2127449820425663E-003
0.12980000000000003	0.62530385937261068	8.5212702553223076E-003
0.13169999999999998	0.63458368790023867	8.8373039996899969E-003
0.13360000000000000	0.64386812040464392	9.1612994717069594E-003
0.13550000000000001	0.65315720716490844	9.4936399408412902E-003
0.13739999999999999	0.66245100213429253	9.8346707540705024E-003
0.13930000000000001	0.67174956237944250	1.0184714449980970E-002
0.14120000000000002	0.68105294770260150	1.0544078947134997E-002
0.14310000000000000	0.69036122036999337	1.0913062408855477E-002
0.14500000000000002	0.69967444490586672	1.1291956329992718E-002
0.14690000000000000	0.70899268793093784	1.1681047594035907E-002
0.14879999999999999	0.71831601803102207	1.2080619897124839E-002
0.15070000000000000	0.72764450564802197	1.2490954763919314E-002
0.15260000000000001	0.73697822298747961	1.2912332289907661E-002
0.15450000000000000	0.74631724393814292	1.3345031694840621E-002
0.15640000000000001	0.75566164400231295	1.3789331742195503E-002
0.15830000000000002	0.76501150023337261	1.4245511061487835E-002
0.16020000000000001	0.77436689118007529	1.4713848399086266E-002
0.16210000000000002	0.78372789683597466	1.5194622815266980E-002
0.16400000000000001	0.79309459859340570	1.5688113840660659E-002
0.16589999999999999	0.80246707920100202	1.6194601601475369E-002
0.16780000000000000	0.81184542272472515	1.6714366920604233E-002
0.16970000000000002	0.82122971451152749	1.7247691399870972E-002
0.17160000000000000	0.83062004115561627	1.7794857487682468E-002
0.17350000000000002	0.84001649046659699	1.8356148534825142E-002
0.17540000000000003	0.84941915144015445	1.8931848841346771E-002
0.17730000000000001	0.85882811422968763	1.9522243695988664E-002
0.17920000000000003	0.86824347011135050	2.0127619409859864E-002
0.18110000000000001	0.87766531149461680	2.0748263345246536E-002
0.18300000000000000	0.88709373184553564	2.1384463941232119E-002
0.18490000000000001	0.89652882569977810	2.2036510735691364E-002
0.18680000000000002	0.90597068863257513	2.2704694385090193E-002
0.18870000000000001	0.91541941723862419	2.3389306682185775E-002
0.19060000000000002	0.92487510911288151	2.4090640571943319E-002
0.19250000000000003	0.93433786283234621	2.4808990165923601E-002
0.19439999999999999	0.94380777793870385	2.5544650755275705E-002
0.19630000000000000	0.95328495492170318	2.6297918822432171E-002
0.19820000000000002	0.96276949520330724	2.7069092051520124E-002
0.20010000000000000	0.97226150112265131	2.7858469337489526E-002
0.20200000000000001	0.98176107592145323	2.8666350793933357E-002
0.20390000000000003	0.99126832373028473	2.9493037759455311E-002
0.20580000000000001	1.0007833495551577	3.0338832802565746E-002
0.20770000000000002	1.0103062592648686	3.1204039724895632E-002
0.20960000000000004	1.0198371595786855	3.2088963562623841E-002
0.21149999999999999	1.0293761580545577	3.2993910585951344E-002
0.21340000000000001	1.0389233630776582	3.3919188296397916E-002
0.21529999999999999	1.0484788838494183	3.4865105421800331E-002
0.21720000000000000	1.0580428303767890	3.5831971908747220E-002
0.21909999999999999	1.0676153134619082	3.6820098912243054E-002
0.22100000000000003	1.0771964446918365	3.7829798782454668E-002
0.22289999999999999	1.0867863364287860	3.8861385048229898E-002
0.22479999999999997	1.0963851018002782	3.9915172397213115E-002
0.22670000000000001	1.1059928546896189	4.0991476652353184E-002
0.22860000000000000	1.1156097097263789	4.2090614744534224E-002
0.23050000000000001	1.1252357822770618	4.3212904681146656E-002
0.23240000000000000	1.1348711884356275	4.4358665510362008E-002
0.23430000000000001	1.1445160450141696	4.5528217280926202E-002
0.23619999999999999	1.1541704695335604	4.6721880997216490E-002
0.23810000000000003	1.1638345802137835	4.7939978569445423E-002
0.23999999999999999	1.1735084959645230	4.9182832758743016E-002
0.24189999999999998	1.1831923363752384	5.0450767116987448E-002
0.24380000000000002	1.1928862217052880	5.1744105921209406E-002
0.24570000000000000	1.2025902728737536	5.3063174102431887E-002
0.24760000000000001	1.2123046114489826	5.4408297168752194E-002
0.24950000000000000	1.2220293596378429	5.5779801122641845E-002
0.25140000000000001	1.2317646402746998	5.7178012372252604E-002
0.25330000000000003	1.2415105768099914	5.8603257636704466E-002
0.25519999999999998	1.2512672932983706	6.0055863845283920E-002
0.25710000000000000	1.2610349143865147	6.1536158030469093E-002
0.25900000000000001	1.2708135653004189	6.3044467214777716E-002
0.26090000000000002	1.2806033718322067	6.4581118291428152E-002
0.26279999999999998	1.2904044603264553	6.6146437898824587E-002
0.26469999999999999	1.3002169576659734	6.7740752288881920E-002
0.26660000000000000	1.3100409912569861	6.9364387189282978E-002
0.26849999999999996	1.3198766890137721	7.1017667659756548E-002
0.27040000000000003	1.3297241793427101	7.2700917942439325E-002
0.27229999999999999	1.3395835911317369	7.4414461306887711E-002
0.27420000000000000	1.3494550537083982	7.6158619887573276E-002
0.27610000000000001	1.3593386968593935	7.7933714519818426E-002
0.27799999999999997	1.3692346507867246	7.9740064566647242E-002
0.27989999999999998	1.3791430460948473	8.1577987742729979E-002
0.28179999999999999	1.3890640137706765	8.3447799933025743E-002
0.28370000000000001	1.3989976851628521	8.5349815007268473E-002
0.28559999999999997	1.4089441919604140	8.7284344630117888E-002
0.28750000000000003	1.4189036661706573	8.9251698067702293E-002
0.28939999999999999	1.4288762400963644	9.1252181990696332E-002
0.29130000000000000	1.4388620463122210	9.3286100274322228E-002
0.29320000000000002	1.4488612176406082	9.5353753795793070E-002
0.29509999999999997	1.4588738871267470	9.7455440229516604E-002
0.29699999999999999	1.4689001880129930	9.9591453840507799E-002
0.29890000000000000	1.4789402537125660	0.10176208527650558
0.30080000000000001	1.4889942177826032	0.10396762135920422
0.30269999999999997	1.4990622138965222	0.10620834487519301
0.30460000000000004	1.5091443758158440	0.10848453436694057
0.30649999999999999	1.5192408373613306	0.11079646392448061
0.30840000000000001	1.5293517323835581	0.11314440297821896
0.31030000000000002	1.5394771947330070	0.11552861609341764
0.31219999999999998	1.5496173582295310	0.11794936276687416
0.31409999999999999	1.5597723566313610	0.12040689722630984
0.31600000000000000	1.5699423236037202	0.12290146823301044
0.31790000000000002	1.5801273926869053	0.12543331888820455
0.31979999999999997	1.5903276972640450	0.12800268644371579
0.32170000000000004	1.6005433705285090	0.13060980211744624
0.32360000000000000	1.6107745454509879	0.13325489091403162
0.32549999999999996	1.6210213547463033	0.13593817145134160
0.32740000000000002	1.6312839308459162	0.13865985579417991
0.32929999999999998	1.6415624058401199	0.14142014928947663
0.33119999999999999	1.6518569114815340	0.14421925041908773
0.33310000000000001	1.6621675791258890	0.14705735064947284
0.33500000000000002	1.6724945397045339	0.14993463429463730
0.33689999999999998	1.6828379236909454	0.15285127838629065
0.33879999999999999	1.6931978610666356	0.15580745255252951
0.34070000000000000	1.7035744812874845	0.15880331890545560
0.34259999999999996	1.7139679132502437	0.16183903193796084
0.34450000000000003	1.7243782852591492	0.16491473842992646
0.34639999999999999	1.7348057249928692	0.16803057736408819
0.34830000000000000	1.7452503594716218	0.17118667985168479
0.35020000000000001	1.7557123150247222	0.17438316906806897
0.35210000000000002	1.7661917172585022	0.17762016019845192
0.35399999999999998	1.7766886910246085	0.18089776039376185
0.35589999999999999	1.7872033603888011	0.18421606873673127
0.35780000000000001	1.7977358486064496	0.18757517621984335
0.35969999999999996	1.8082862780669471	0.19097516572525697
0.36160000000000003	1.8188547703034450	0.19441611203164313
0.36349999999999999	1.8294414459371147	0.19789808181405399
0.36540000000000000	1.8400464246557484	0.20142113366249989
0.36730000000000002	1.8506698251861213	0.20498531810841597
0.36920000000000003	1.8613117652672806	0.20859067766094264
0.37109999999999999	1.8719723616244528	0.21223724685263151
0.37300000000000000	1.8826517299438521	0.21592505229433609
0.37490000000000001	1.8933499848482509	0.21965411273912985
0.37679999999999997	1.9040672398733318	0.22342443915491184
0.37870000000000004	1.9148036074450419	0.22723603480543916
0.38059999999999999	1.9255591988577148	0.23108889533945937
0.38250000000000001	1.9363341242590291	0.23498300888966195
0.38440000000000002	1.9471284926054240	0.23891835616850490
0.38629999999999998	1.9579424116816795	0.24289491059292206
0.38819999999999999	1.9687759880557316	0.24691263839320188
0.39010000000000000	1.9796293270685339	0.25097149873977703
0.39200000000000002	1.9905025328179295	0.25507144387362624
0.39389999999999997	2.0013957081433342	0.25921241924208949
0.39580000000000004	2.0123089546114463	0.26339436363994551
0.39770000000000000	2.0232423725029500	0.26761720935509270
0.39959999999999996	2.0341960608001171	0.27188088231863511
0.40150000000000002	2.0451701171821908	0.27618530226175375
0.40339999999999998	2.0561646379865399	0.28053038286112264
0.40529999999999999	2.0671797182440250	0.28491603191848919
0.40720000000000001	2.0782154516388505	0.28934215151073928
0.40910000000000002	2.0892719305093372	0.29380863815915098
0.41099999999999998	2.1003492458412087	0.29831538299693411
0.41290000000000004	2.1114474872617888	0.30286227193856780
0.41480000000000000	2.1225667430350970	0.30744918585021491
0.41669999999999996	2.1337071000577628	0.31207600072109470
0.41860000000000003	2.1448686438560003	0.31674258783541281
0.42049999999999998	2.1560514585893400	0.32144881394770430
0.42240000000000005	2.1672556270230201	0.32619454144122306
0.42430000000000007	2.1784812305688606	0.33097962852112039
0.42620000000000002	2.1897283492558790	0.33580392937022124
0.42809999999999998	2.2009970617389483	0.34066729432307485
0.43000000000000005	2.2122874453004835	0.34556957003466882
0.43190000000000006	2.2235995758526412	0.35051059964779574
0.43380000000000002	2.2349335279403761	0.35549022295871407
0.43570000000000003	2.2462893747450381	0.36050827658082174
0.43759999999999999	2.2576671880951631	0.36556459411044795
0.43950000000000006	2.2690670384445228	0.37065900626917869
0.44140000000000007	2.2804889949199412	0.37579134108736023
0.44330000000000003	2.2919331252978354	0.38096142403991795
0.44519999999999998	2.3033994960185518	0.38616907820269014
0.44710000000000000	2.3148881721936583	0.39141412440108869
0.44900000000000007	2.3263992176136452	0.39669638135579810
0.45090000000000002	2.3379326947560806	0.40201566582528148
0.45280000000000004	2.3494886647942375	0.40737179274519031
0.45469999999999999	2.3610671876062126	0.41276457536442707
0.45660000000000006	2.3726683217843805	0.41819382537792998
0.45850000000000007	2.3842921246511359	0.42365935306100083
0.46040000000000003	2.3959386522446895	0.42916096737456533
0.46229999999999999	2.4076079593678115	0.43469847611968648
0.46420000000000000	2.4193000995723062	0.44027168603438821
0.46610000000000007	2.4310151251770211	0.44588040291484199
0.46800000000000003	2.4427530872793706	0.45152443172717188
0.46990000000000004	2.4545140357671356	0.45720357671591894
0.47180000000000011	2.4662980193303849	0.46291764150883224
0.47370000000000007	2.4781050854737430	0.46866642921823604
0.47560000000000008	2.4899352805287749	0.47444974253888694
0.47750000000000004	2.5017886496666271	0.48026738384239087
0.47939999999999999	2.5136652369107799	0.48611915526816507
0.48130000000000006	2.5255650851499478	0.49200485881105421
0.48320000000000007	2.5374882361512157	0.49792429640556091
0.48510000000000003	2.5494347305772735	0.50387727001310756
0.48700000000000004	2.5614046079826251	0.50986358167393042
0.48890000000000011	2.5733979068534354	0.51588303362120347
0.49080000000000007	2.5854146646030123	0.52193542832550643
0.49270000000000008	2.5974549175894066	0.52802056856985957
0.49460000000000004	2.6095187011296006	0.53413825751504052
0.49650000000000000	2.6216060495127556	0.54028829876206708
0.49840000000000007	2.6337169960138960	0.54647049641156886
0.50030000000000008	2.6458515729077265	0.55268465512045417
0.50220000000000009	2.6580098114819872	0.55893058015583752
0.50409999999999999	2.6701917420512307	0.56520807744620760
0.50600000000000001	2.6823973939704877	0.57151695363017563
0.50790000000000013	2.6946267956487877	0.57785701610253559
0.50980000000000003	2.7068799745626815	0.58422807305782520
0.51170000000000004	2.7191569572697931	0.59062993353174276
0.51360000000000006	2.7314577694222137	0.59706240743992800
0.51550000000000007	2.7437824357800409	0.60352530561483064
0.51740000000000008	2.7561309802245662	0.61001843984007909
0.51930000000000009	2.7685034257715224	0.61654162288301173
0.52120000000000000	2.7808997945843843	0.62309466852503537
0.52310000000000001	2.7933201079851155	0.62967739159784175
0.52500000000000013	2.8057643864759783	0.63628960797826717
0.52690000000000003	2.8182326497396257	0.64293113466144358
0.52880000000000005	2.8307249166600918	0.64960178975074523
0.53070000000000006	2.8432412053336580	0.65630139248753916
0.53260000000000007	2.8557815330811791	0.66302976327078655
0.53450000000000009	2.8683459164611613	0.66978672367509884
0.53640000000000010	2.8809343712811870	0.67657209646721428
0.53830000000000000	2.8935469126112041	0.68338570562127665
0.54020000000000001	2.9061835547945964	0.69022737633227982
0.54210000000000014	2.9188443114609832	0.69709693502858694
0.54400000000000004	2.9315291955378893	0.70399420938317636
0.54590000000000005	2.9442382192621093	0.71091902832321974
0.54780000000000006	2.9569713941917071	0.71787122203895992
0.54970000000000008	2.9697287312173808	0.72485062199126549
0.55160000000000009	2.9825102405740140	0.73185706091836789
0.55350000000000010	2.9953159318511449	0.73889037284088344
0.55540000000000000	3.0081458140051285	0.74595039306683197
0.55730000000000002	3.0209998953689432	0.75303695819493666
0.55920000000000014	3.0338781836639157	0.76014990611751232
0.56110000000000004	3.0467806860097988	0.76728907602219076
0.56300000000000006	3.0597074089354011	0.77445430839323914
0.56490000000000007	3.0726583583891007	0.78164544501158117
0.56680000000000008	3.0856335397490993	0.78886232895479425
0.56870000000000009	3.0986329578330847	0.79610480459554001
0.57060000000000011	3.1116566169086726	0.80337271760024065
0.57250000000000001	3.1247045207031068	0.81066591492656737
0.57440000000000002	3.1377766724126603	0.81798424482058052
0.57630000000000015	3.1508730747126696	0.82532755681324421
0.57820000000000005	3.1639937297662901	0.83269570171633067
0.58010000000000006	3.1771386392342116	0.84008853161815666
0.58200000000000007	3.1903078042519080	0.84750589988789771
0.58389999999999997	3.2035012255659558	0.85494766113248255
0.58580000000000010	3.2167189033518104	0.86241367124806656
0.58770000000000011	3.2299608373492950	0.86990378737518426
0.58960000000000001	3.2432270268402950	0.87741786790227105
0.59150000000000003	3.2565174706573115	0.88495577245876134
0.59340000000000015	3.2698321671901023	0.89251736190755637
0.59530000000000005	3.2831711143960307	0.90010249833835065
0.59720000000000006	3.2965343098066793	0.90771104505918143
0.59910000000000008	3.3099217505363563	0.91534286658899311
0.60099999999999998	3.3233334332898132	0.92299782864917534
0.60290000000000010	3.3367693543697285	0.93067579815541401
0.60480000000000012	3.3502295096846253	0.93837664320880032
0.60670000000000002	3.3637138947561303	0.94610023308747992
0.60860000000000003	3.3772225047257294	0.95384643823722703
0.61050000000000015	3.3907553343633805	0.96161513026303713
0.61240000000000006	3.4043123780726998	0.96940618191896177
0.61430000000000007	3.4178936298999889	0.97721946710001339
0.61620000000000008	3.4314990835391184	0.98505486083152749
0.61809999999999998	3.4451287323393913	0.99291223926038275
0.62000000000000011	3.4587825693120693	1.0007914796451007
0.62190000000000012	3.4724605871367724	1.0086924603464431
0.62380000000000002	3.4861627781673823	1.0166150608169653
0.62570000000000003	3.4998891344393215	1.0245591615921219
0.62760000000000005	3.5136396476747733	1.0325246442797604
0.62950000000000006	3.5274143092893113	1.0405113915502786
0.63140000000000007	3.5412131103979121	1.0485192871271689
0.63330000000000009	3.5550360418204727	1.0565482157766493
0.63519999999999999	3.5688830940874259	1.0645980632976517
0.63710000000000011	3.5827542574463913	1.0726687165121962
0.63900000000000012	3.5966495218667447	1.0807600632553993
0.64090000000000003	3.6105688770454436	1.0888719923652657
0.64280000000000004	3.6245123124125476	1.0970043936729286
0.64470000000000005	3.6384798171360124	1.1051571579926904
0.64660000000000006	3.6524713801280724	1.1133301771124469
0.64850000000000008	3.6664869900485040	1.1215233437831802
0.65040000000000009	3.6805266353114598	1.1297365517097597
0.65229999999999999	3.6945903040894263	1.1379696955409149
0.65420000000000011	3.7086779843181525	1.1462226708594645
0.65610000000000013	3.7227896637012359	1.1544953741725281
0.65800000000000003	3.7369253297160907	1.1627877029024105
0.65990000000000004	3.7510849696163935	1.1710995553762653
0.66180000000000005	3.7652685704384274	1.1794308308170347
0.66370000000000007	3.7794761190046362	1.1877814293339788
0.66560000000000008	3.7937076019282956	1.1961512519131368
0.66750000000000009	3.8079630056176192	1.2045402004079471
0.66940000000000000	3.8222423162802257	1.2129481775302584
0.67130000000000012	3.8365455199265632	1.2213750868405218
0.67320000000000013	3.8508726023751838	1.2298208327394780
0.67510000000000003	3.8652235492556883	1.2382853204584696
0.67700000000000005	3.8795983460129677	1.2467684560506578
0.67890000000000006	3.8939969779113137	1.2552701463822011
0.68080000000000007	3.9084194300375401	1.2637902991230794
0.68270000000000008	3.9228656873058716	1.2723288227390204
0.68460000000000010	3.9373357344601345	1.2808856264821686
0.68650000000000000	3.9518295560782835	1.2894606203825165
0.68840000000000012	3.9663471365763194	1.2980537152402423
0.69030000000000014	3.9808884602100245	1.3066648226158104
0.69220000000000004	3.9954535110802287	1.3152938548230573
0.69410000000000005	4.0100422731352268	1.3239407249201884
0.69600000000000006	4.0246547301742002	1.3326053467016632
0.69790000000000008	4.0392908658503313	1.3412876346901326
0.69980000000000009	4.0539506636746170	1.3499875041288210
0.70170000000000010	4.0686341070176768	1.3587048709726885
0.70360000000000000	4.0833411791139076	1.3674396518814860
0.70550000000000002	4.0980718630644413	1.3761917642116588
0.70740000000000014	4.1128261418397356	1.3849611260088373
0.70930000000000004	4.1276039982820070	1.3937476559996029
0.71120000000000005	4.1424054151092662	1.4025512735849182
0.71310000000000007	4.1572303749168071	1.4113718988319817
0.71500000000000008	4.1720788601812373	1.4202094524673603
0.71690000000000009	4.1869508532623074	1.4290638558695432
0.71880000000000011	4.2018463364055112	1.4379350310615391
0.72070000000000001	4.2167652917452756	1.4468229007044102
0.72260000000000002	4.2317077013067932	1.4557273880894592
0.72450000000000014	4.2466735470094727	1.4646484171321148
0.72640000000000005	4.2616628106683496	1.4735859123645192
0.72830000000000006	4.2766754739975470	1.4825397989291245
0.73020000000000007	4.2917115186113204	1.4915100025715637
0.73210000000000008	4.3067709260281006	1.5004964496347701
0.73400000000000010	4.3218536776712231	1.5094990670516251
0.73590000000000011	4.3369597548722263	1.5185177823393565
0.73780000000000001	4.3520891388720546	1.5275525235922189
0.73970000000000002	4.3672418108247166	1.5366032194763968
0.74160000000000015	4.3824177517980747	1.5456697992227255
0.74350000000000005	4.3976169427766614	1.5547521926211980
0.74540000000000006	4.4128393646629620	1.5638503300144628
0.74730000000000008	4.4280849982803669	1.5729641422923000
0.74919999999999998	4.4433538243750759	1.5820935608855793
0.75110000000000010	4.4586458236173874	1.5912385177602459
0.75300000000000011	4.4739609766038271	1.6003989454115561
0.75490000000000002	4.4892992638596736	1.6095747768588415
0.75680000000000003	4.5046606658397659	1.6187659456392016
0.75870000000000015	4.5200451629316092	1.6279723858027071
0.76060000000000005	4.5354527354555492	1.6371940319061675
0.76250000000000007	4.5508833636681878	1.6464308190084553
0.76440000000000008	4.5663370277629580	1.6556826826646189
0.76629999999999998	4.5818137078723238	1.6649495589208654
0.76820000000000010	4.5973133840693610	1.6742313843093846
0.77010000000000012	4.6128360363692265	1.6835280958430889
0.77200000000000002	4.6283816447310819	1.6928396310106264
0.77390000000000003	4.6439501890591588	1.7021659277711978
0.77580000000000016	4.6595416492048640	1.7115069245499237
0.77770000000000006	4.6751560049683745	1.7208625602329373
0.77960000000000007	4.6907932360992035	1.7302327741620596
0.78150000000000008	4.7064533222990059	1.7396175061308643
0.78339999999999999	4.7221362432218603	1.7490166963792191
0.78530000000000011	4.7378419784758998	1.7584302855888996
0.78720000000000012	4.7535705076256356	1.7678582148793789
0.78910000000000002	4.7693218101924506	1.7773004258029168
0.79100000000000004	4.7850958656559008	1.7867568603401136
0.79290000000000016	4.8008926534554135	1.7962274608956146
0.79480000000000006	4.8167121529915313	1.8057121702937791
0.79670000000000007	4.8325543436273701	1.8152109317744853
0.79860000000000009	4.8484192046889163	1.8247236889883145
0.80049999999999999	4.8643067154676531	1.8342503859933461
0.80240000000000011	4.8802168552207883	1.8437909672501609
0.80430000000000013	4.8961496031727849	1.8533453776181648
0.80620000000000003	4.9121049385165652	1.8629135623515378
0.80810000000000004	4.9280828404143593	1.8724954670951279
0.81000000000000016	4.9440832879994563	1.8820910378807496
0.81190000000000007	4.9601062603764818	1.8917002211230411
0.81380000000000008	4.9761517366232235	1.9013229636157760
0.81570000000000009	4.9922196957913787	1.9109592125282309
0.81759999999999999	5.0083101169074311	1.9206089154010950
0.81950000000000012	5.0244229789741457	1.9302720201432053
0.82140000000000013	5.0405582609711903	1.9399484750275853
0.82330000000000003	5.0567159418560754	1.9496382286878782
0.82520000000000004	5.0728960005655939	1.9593412301150470
0.82710000000000006	5.0890984160165855	1.9690574286538360
0.82900000000000007	5.1053231671066364	1.9787867739989367
0.83090000000000008	5.1215702327149479	1.9885292161919197
0.83280000000000010	5.1378395917040862	1.9982847056179149
0.83470000000000000	5.1541312229197729	2.0080531930020600
0.83660000000000012	5.1704451051925027	2.0178346294062264
0.83850000000000013	5.1867812173380363	2.0276289662260112
0.84040000000000004	5.2031395381586938	2.0374361551873021
0.84230000000000005	5.2195200464433977	2.0472561483431062
0.84420000000000006	5.2359227209695360	2.0570888980706852
0.84609999999999996	5.2523475405029840	2.0669343570681802
0.84799999999999998	5.2687944837989589	2.0767924783515705
0.84989999999999999	5.2852635296031067	2.0866632152517575
0.85180000000000000	5.3017546566524425	2.0965465214119496
0.85370000000000013	5.3182678436754260	2.1064423507838943
0.85560000000000014	5.3348030693930362	2.1163506576256306
0.85750000000000004	5.3513603125199891	2.1262713964985691
0.85940000000000005	5.3679395517643558	2.1362045222641770
0.86130000000000007	5.3845407658295050	2.1461499900819110
0.86319999999999997	5.4011639334138408	2.1561077554057886
0.86509999999999998	5.4178090332119426	2.1660777739821455
0.86699999999999999	5.4344760439151045	2.1760600018465190
0.86890000000000001	5.4511649442120236	2.1860543953214355
0.87079999999999991	5.4678757127892528	2.1960609110132472
0.87270000000000014	5.4846083283324125	2.2060795058101577
0.87460000000000004	5.5013627695257847	2.2161101368789367
0.87650000000000006	5.5181390150541505	2.2261527616631738
0.87840000000000007	5.5349370436022394	2.2362073378799465
0.88029999999999997	5.5517568338563326	2.2462738235181008
0.88219999999999998	5.5685983645038588	2.2563521768351866
0.88410000000000000	5.5854616142348252	2.2664423563554417
0.88600000000000001	5.6023465617418147	2.2765443208672700
0.88789999999999991	5.6192531857207122	2.2866580294207117
0.88980000000000015	5.6361814648713766	2.2967834413254797
0.89170000000000005	5.6531313778980570	2.3069205161483519
0.89360000000000006	5.6701029035093562	2.3170692137107656
0.89550000000000007	5.6870960204202872	2.3272294940872436
0.89739999999999998	5.7041107073507344	2.3374013176021222
0.89929999999999999	5.7211469430276471	2.3475846448284154
0.90120000000000000	5.7382047061845078	2.3577794365848503
0.90309999999999990	5.7552839755621683	2.3679856539340265
0.90499999999999992	5.7723847299094206	2.3782032581804446
0.90689999999999993	5.7895069479831660	2.3884322108679856
0.90879999999999994	5.8066506085493650	2.3986724737784275
0.91070000000000007	5.8238156903823706	2.4089240089285338
0.91260000000000008	5.8410021722667569	2.4191867785688994
0.91449999999999998	5.8582100329971443	2.4294607451816264
0.91639999999999999	5.8754392513783342	2.4397458714781055
0.91830000000000001	5.8926898062257251	2.4500421203971654
0.92019999999999991	5.9099616763663327	2.4603494551033505
0.92209999999999992	5.9272548406385503	2.4706678389847756
0.92399999999999993	5.9445692778932289	2.4809972356515093
0.92589999999999995	5.9619049669929156	2.4913376089330996
0.92780000000000007	5.9792618868134850	2.5016889228775177
0.92970000000000008	5.9966400162436617	2.5120511417486755
0.93159999999999998	6.0140393341857363	2.5224242300249049
0.93350000000000000	6.0314598195558089	2.5328081523972097
0.93540000000000001	6.0489014512843005	2.5432028737672909
0.93729999999999991	6.0663642083159139	2.5536083592459256
0.93919999999999992	6.0838480696103048	2.5640245741512353
0.94109999999999994	6.1013530141425329	2.5744514840070001
0.94299999999999995	6.1188790209029582	2.5848890545408483
0.94490000000000007	6.1364260688978609	2.5953372516826421
0.94680000000000009	6.1539941371493700	2.6057960415627033
0.94869999999999999	6.1715832046964687	2.6162653905104869
0.95060000000000000	6.1891932505946805	2.6267452650526435
0.95250000000000001	6.2068242539165901	2.6372356319116128
0.95439999999999992	6.2244761937519018	2.6477364580036968
0.95629999999999993	6.2421490492082929	2.6582477104380260
0.95819999999999994	6.2598427994109276	2.6687693565145012
0.96009999999999995	6.2775574235035414	2.6793013637227334
0.96199999999999986	6.2952929006476763	2.6898436997398294
0.96390000000000009	6.3130492100243085	2.7003963324298059
0.96579999999999999	6.3308263308325232	2.7109592298411416
0.96770000000000000	6.3486242422913524	2.7215323602061807
0.96960000000000002	6.3664429236385427	2.7321156919389131
0.97149999999999992	6.3842823541320728	2.7427091936341186
0.97339999999999993	6.4021425130494727	2.7533128340655701
0.97529999999999994	6.4200233796887751	2.7639265821849297
0.97719999999999996	6.4379249333676469	2.7745504071198051
0.97909999999999986	6.4558471534251787	2.7851842781731273
0.98100000000000009	6.4737900192207798	2.7958281648211920
0.98290000000000000	6.4917535101348811	2.8064820367124694
0.98480000000000001	6.5097376055694118	2.8171458636664330
0.98670000000000002	6.5277422849472568	2.8278196156718454
0.98859999999999992	6.5457675277135294	2.8385032628860558
0.99049999999999994	6.5638133133346992	2.8491967756330174
0.99239999999999995	6.5818796212995094	2.8599001244024662
0.99429999999999996	6.5999664311185979	2.8706132798483255
0.99619999999999986	6.6180737223253958	2.8813362127878737
0.99810000000000010	6.6362014744756239	2.8920688942000479
1.0000000000000000	6.6543496671479465	2.9028112952244589
