5.0000000000000003E-002	0.23901142070438816	6.9403158838634346E-004
5.1899999999999995E-002	0.24812158755018149	7.7146907053972109E-004
5.3800000000000001E-002	0.25723467311342507	8.5392621477546984E-004
5.5700000000000006E-002	0.26635075189075735	9.4145168755262838E-004
5.7599999999999998E-002	0.27546989512610109	1.0340905030174344E-003
5.9499999999999997E-002	0.28459217068500559	1.1318850551937925E-003
6.1400000000000003E-002	0.29371764342247425	1.2348760436923889E-003
6.3300000000000009E-002	0.30284637548843479	1.3431033230784720E-003
6.5200000000000008E-002	0.31197842642264090	1.4566066885702462E-003
6.7099999999999993E-002	0.32111385347684218	1.5754265763305206E-003
6.9000000000000006E-002	0.33025271179528021	1.6996047023461710E-003
7.0900000000000005E-002	0.33939505470911507	1.8291846337678572E-003
7.2799999999999990E-002	0.34854093383211576	1.9642123050200183E-003
7.4700000000000003E-002	0.35769039932932301	2.1047364731426200E-003
7.6600000000000001E-002	0.36684350008980726	2.2508091232650508E-003
7.8500000000000000E-002	0.37600028390572132	2.4024858249766510E-003
8.0400000000000013E-002	0.38516079764288907	2.5598260439911725E-003
8.2300000000000012E-002	0.39432508740186883	2.7228934122054756E-003
8.4199999999999997E-002	0.40349319865004030	2.8917559596142199E-003
8.6099999999999996E-002	0.41266517644386325	3.0664863111073953E-003
8.7999999999999995E-002	0.42184106544687650	3.2471618514891992E-003
8.9899999999999994E-002	0.43102091013152422	3.4338648607479512E-003
9.1800000000000007E-002	0.44020475487907423	3.6266826229309108E-003
9.3700000000000006E-002	0.44939264408939705	3.8257075107116997E-003
9.5600000000000004E-002	0.45858462228403662	4.0310370480303196E-003
9.7500000000000017E-002	0.46778073420185967	4.2427739529397913E-003
9.9400000000000002E-002	0.47698102488770050	4.4610261627071003E-003
0.10130000000000000	0.48618553977507112	4.6859068428598011E-003
0.10320000000000000	0.49539432476232925	4.9175343821414056E-003
0.10510000000000000	0.50460742628271016	5.1560323746186786E-003
0.10700000000000000	0.51382489136970178	5.4015295907554640E-003
0.10890000000000001	0.52304676771642455	5.6541599385255079E-003
0.11080000000000001	0.53227310373114045	5.9140624158975320E-003
0.11270000000000001	0.54150394858618101	6.1813810557866198E-003
0.11460000000000002	0.55073935224819515	6.4562648646126295E-003
0.11649999999999999	0.55997936558421635	6.7388677552941267E-003
0.11840000000000001	0.56922404030362883	7.0293484754490095E-003
0.12030000000000000	0.57847342905546051	7.3278705318920619E-003
0.12220000000000000	0.58772758544387516	7.6346021118495954E-003
0.12410000000000000	0.59698656405557893	7.9497160016731728E-003
0.12600000000000000	0.60625042048462474	8.2733895036227051E-003
0.12790000000000001	0.61551921135433496	8.6058043512234478E-003
0.12980000000000003	0.62479299404301625	8.9468417255365931E-003
0.13169999999999998	0.63407179323659824	9.2925787992724010E-003
0.13360000000000000	0.64335561363865279	9.6449238395046721E-003
0.13550000000000001	0.65264448642976169	1.0004960435712950E-002
0.13739999999999999	0.66193845267171747	1.0373266460490601E-002
0.13930000000000001	0.67123755911510941	1.0750272758666577E-002
0.14120000000000002	0.68054185660275335	1.1136342900692243E-002
0.14310000000000000	0.68985139923163774	1.1531803647152004E-002
0.14500000000000002	0.69916624384138193	1.1936959538287625E-002
0.14690000000000000	0.70848644967277208	1.2352100880621048E-002
0.14879999999999999	0.71781207812352255	1.2777508529213385E-002
0.15070000000000000	0.72714319256608639	1.3213456942707161E-002
0.15260000000000001	0.73647985820598660	1.3660216232786159E-002
0.15450000000000000	0.74582214196867025	1.4118053592444862E-002
0.15640000000000001	0.75517011240686249	1.4587234322458347E-002
0.15830000000000002	0.76452383962326542	1.5068022587965907E-002
0.16020000000000001	0.77388339520463378	1.5560681987791657E-002
0.16210000000000002	0.78324885216505191	1.6065475990839132E-002
0.16400000000000001	0.79262028489651104	1.6582668275744328E-002
0.16589999999999999	0.80199776912496945	1.7112522998856790E-002
0.16780000000000000	0.81138138187153197	1.7655305008460683E-002
0.16970000000000002	0.82077120141710036	1.8211280017701309E-002
0.17160000000000000	0.83016730727101951	1.8780714746041205E-002
0.17350000000000002	0.83956978014178119	1.9363877035670798E-002
0.17540000000000003	0.84897870191093017	1.9961035948778169E-002
0.17730000000000001	0.85839415560853205	2.0572461848962279E-002
0.17920000000000003	0.86781622539070458	2.1198426470509412E-002
0.18110000000000001	0.87724499651872168	2.1839202977522496E-002
0.18300000000000000	0.88668055533953516	2.2495066014950434E-002
0.18490000000000001	0.89612298926807021	2.3166291752855495E-002
0.18680000000000002	0.90557238676074225	2.3853157925113624E-002
0.18870000000000001	0.91502883733580431	2.4555943863454631E-002
0.19060000000000002	0.92449243150474891	2.5274930527504159E-002
0.19250000000000003	0.93396326079387515	2.6010400531320161E-002
0.19439999999999999	0.94344141772223533	2.6762638166840852E-002
0.19630000000000000	0.95292699578910145	2.7531929424624110E-002
0.19820000000000002	0.96242008946215840	2.8318562011932349E-002
0.20010000000000000	0.97192079416633703	2.9122825368466398E-002
0.20200000000000001	0.98142920627318542	2.9945010679672611E-002
0.20390000000000003	0.99094542309067124	3.0785410887756857E-002
0.20580000000000001	1.0004695428536512	3.1644320700342260E-002
0.20770000000000002	1.0100016647145880	3.2522036596746087E-002
0.20960000000000004	1.0195418887347421	3.3418856831740007E-002
0.21149999999999999	1.0290903158756706	3.4335081436765488E-002
0.21340000000000001	1.0386470479910468	3.5271012218404625E-002
0.21529999999999999	1.0482121878187605	3.6226952754011249E-002
0.21720000000000000	1.0577858389732373	3.7203208384295409E-002
0.21909999999999999	1.0673681059379085	3.8200086202716206E-002
0.22100000000000003	1.0769590940579095	3.9217895041492590E-002
0.22289999999999999	1.0865589095328436	4.0256945454024889E-002
0.22479999999999997	1.0961676594096679	4.1317549693545966E-002
0.22670000000000001	1.1057854515755265	4.2400021687781175E-002
0.22860000000000000	1.1154123947507584	4.3504677009418444E-002
0.23050000000000001	1.1250485984817165	4.4631832842176006E-002
0.23240000000000000	1.1346941731336098	4.5781807942285639E-002
0.23430000000000001	1.1443492298832496	4.6954922595156448E-002
0.23619999999999999	1.1540138807115843	4.8151498567004611E-002
0.23810000000000003	1.1636882383961793	4.9371859051349713E-002
0.23999999999999999	1.1733724165033441	5.0616328610042845E-002
0.24189999999999998	1.1830665293801885	5.1885233108784873E-002
0.24380000000000002	1.1927706921462435	5.3178899646893131E-002
0.24570000000000000	1.2024850206848419	5.4497656481160874E-002
0.24760000000000001	1.2122096316341966	5.5841832943679087E-002
0.24950000000000000	1.2219446423779801	5.7211759353518597E-002
0.25140000000000001	1.2316901710356021	5.8607766922068302E-002
0.25330000000000003	1.2414463364519817	6.0030187652067357E-002
0.25519999999999998	1.2512132581868578	6.1479354230073266E-002
0.25710000000000000	1.2609910565035685	6.2955599912473362E-002
0.25900000000000001	1.2707798523573708	6.4459258404895983E-002
0.26090000000000002	1.2805797673830575	6.5990663735019342E-002
0.26279999999999998	1.2903909238820881	6.7550150118788940E-002
0.26469999999999999	1.3002134448090845	6.9138051820084326E-002
0.26660000000000000	1.3100474537576281	7.0754703003817365E-002
0.26849999999999996	1.3198930749454252	7.2400437582626528E-002
0.27040000000000003	1.3297504332048868	7.4075589057522623E-002
0.27229999999999999	1.3396196539422343	7.5780490350637553E-002
0.27420000000000000	1.3495008631578014	7.7515473635272558E-002
0.27610000000000001	1.3593941874032704	7.9280870156623384E-002
0.27799999999999997	1.3692997537694318	8.1077010048567322E-002
0.27989999999999998	1.3792176898670470	8.2904222144631737E-002
0.28179999999999999	1.3891481238066719	8.4762833783687180E-002
0.28370000000000001	1.3990911841778964	8.6653170610874797E-002
0.28559999999999997	1.4090470000276989	8.8575556373750891E-002
0.28750000000000003	1.4190157008380369	9.0530312714315692E-002
0.28939999999999999	1.4289974165025006	9.2517758957068985E-002
0.29130000000000000	1.4389922773024386	9.4538211893586424E-002
0.29320000000000002	1.4490004138819499	9.6591985563978425E-002
0.29509999999999997	1.4590219572225205	9.8679391035742012E-002
0.29699999999999999	1.4690570386163309	0.10080073618036940
0.29890000000000000	1.4791057896393005	0.10295632544824977
0.30080000000000001	1.4891683421230597	0.10514645964235077
0.30269999999999997	1.4992448281263731	0.10737143569122197
0.30460000000000004	1.5093353799057361	0.10963154642175005
0.30649999999999999	1.5194401298853060	0.11192708033235199
0.30840000000000001	1.5295592106262632	0.11425832136699855
0.31030000000000002	1.5396927547953689	0.11662554869076600
0.31219999999999998	1.5498408951330565	0.11902903646739989
0.31409999999999999	1.5600037644208680	0.12146905363947587
0.31600000000000000	1.5701814954483955	0.12394586371171200
0.31790000000000002	1.5803742209796894	0.12645972453807316
0.31979999999999997	1.5905820737192287	0.12901088811309705
0.32170000000000004	1.6008051862774504	0.13159960036813903
0.32360000000000000	1.6110436911359023	0.13422610097297089
0.32549999999999996	1.6212977206120873	0.13689062314333536
0.32740000000000002	1.6315674068239567	0.13959339345493124
0.32929999999999998	1.6418528816597020	0.14233463166529858
0.33119999999999999	1.6521542767194932	0.14511455053839176
0.33310000000000001	1.6624717233137549	0.14793335568663724
0.33500000000000002	1.6728053524035591	0.15079124541156780
0.33689999999999998	1.6831552945705803	0.15368841055820745
0.33879999999999999	1.6935216799808723	0.15662503437746200
0.34070000000000000	1.7039046383487189	0.15960129239798110
0.34259999999999996	1.7143042989006660	0.16261735230789526
0.34450000000000003	1.7247207903397421	0.16567337384649050
0.34639999999999999	1.7351542408098140	0.16876950870631216
0.34830000000000000	1.7456047778602897	0.17190590044569853
0.35020000000000001	1.7560725284111580	0.17508268441211389
0.35210000000000002	1.7665576187182777	0.17829998767627384
0.35399999999999998	1.7770601743392385	0.18155792897724846
0.35589999999999999	1.7875803200995739	0.18485661867858977
0.35780000000000001	1.7981181800595598	0.18819615873552833
0.35969999999999996	1.8086738774871645	0.19157664267468971
0.36160000000000003	1.8192475348027943	0.19499815557727657
0.36349999999999999	1.8298392735836879	0.19846077408858387
0.36540000000000000	1.8404492145089495	0.20196456642272256
0.36730000000000002	1.8510774773353396	0.20550959238585242
0.36920000000000003	1.8617241808682858	0.20909590340842282
0.37109999999999999	1.8723894429334633	0.21272354258765122
0.37300000000000000	1.8830733803491342	0.21639254474014016
0.37490000000000001	1.8937761088994141	0.22010293646417312
0.37679999999999997	1.9044977433084578	0.22385473621162749
0.37870000000000004	1.9152383972154376	0.22764795436901103
0.38059999999999999	1.9259981831505433	0.23148259334738588
0.38250000000000001	1.9367772125180553	0.23535864768289869
0.38440000000000002	1.9475755955486411	0.23927610413454323
0.38629999999999998	1.9583934413183208	0.24323494181211008
0.38819999999999999	1.9692308577005446	0.24723513228840718
0.39010000000000000	1.9800879513542520	0.25127663973019482
0.39200000000000002	1.9909648277057854	0.25535942103324083
0.39389999999999997	2.0018615909318829	0.25948342596346408
0.39580000000000004	2.0127783439436682	0.26364859730366014
0.39770000000000000	2.0237151883715785	0.26785487100545136
0.39959999999999996	2.0346722245514388	0.27210217634598466
0.40150000000000002	2.0456495515115161	0.27639043608895097
0.40339999999999998	2.0566472669662748	0.28071956665195741
0.40529999999999999	2.0676654672813841	0.28508947826439474
0.40720000000000001	2.0787042475020296	0.28950007515525250
0.40910000000000002	2.0897637013169441	0.29395125571553132
0.41099999999999998	2.1008439210576819	0.29844291267734585
0.41290000000000004	2.1119449976917140	0.30297493329186442
0.41480000000000000	2.1230670208162903	0.30754719950856946
0.41669999999999996	2.1342100786534814	0.31215958815550116
0.41860000000000003	2.1453742580459307	0.31681197112019466
0.42049999999999998	2.1565596444601334	0.32150421553424924
0.42240000000000005	2.1677663219567194	0.32623618394017290
0.42430000000000007	2.1789943732323431	0.33100773449464366
0.42620000000000002	2.1902438795882451	0.33581872113268674
0.42809999999999998	2.2015149209386378	0.34066899375091275
0.43000000000000005	2.2128075758116212	0.34555839838526303
0.43190000000000006	2.2241219213508212	0.35048677738718925
0.43380000000000002	2.2354580333179381	0.35545396959812808
0.43570000000000003	2.2468159860957919	0.36045981052181797
0.43759999999999999	2.2581958526987465	0.36550413249872210
0.43950000000000006	2.2695977047501121	0.37058676485632130
0.44140000000000007	2.2810216125298948	0.37570753410138802
0.44330000000000003	2.2924676449508281	0.38086626406347285
0.44519999999999998	2.3039358695725167	0.38606277605912348
0.44710000000000000	2.3154263526083834	0.39129688904820614
0.44900000000000007	2.3269391589332531	0.39656841978704777
0.45090000000000002	2.3384743520912115	0.40187718297812530
0.45280000000000004	2.3500319943042425	0.40722299141649493
0.45469999999999999	2.3616121464810869	0.41260565613263095
0.45660000000000006	2.3732148682266576	0.41802498653173220
0.45850000000000007	2.3848402178576400	0.42348079053443882
0.46040000000000003	2.3964882523888327	0.42897287468811612
0.46229999999999999	2.4081590275809113	0.43450104432730502
0.46420000000000000	2.4198525979256456	0.44006510367612262
0.46610000000000007	2.4315690166635715	0.44566485597478456
0.46800000000000003	2.4433083357959071	0.45130010359675288
0.46990000000000004	2.4550706060962035	0.45697064816200661
0.47180000000000011	2.4668558771224447	0.46267629064664445
0.47370000000000007	2.4786641972293535	0.46841683148866065
0.47560000000000008	2.4904956135810830	0.47419207069020219
0.47750000000000004	2.5023501721638173	0.48000180791597413
0.47939999999999999	2.5142279177987232	0.48584584258805019
0.48130000000000006	2.5261288941552302	0.49172397397726036
0.48320000000000007	2.5380531437639560	0.49763600129071983
0.48510000000000003	2.5500007080340947	0.50358172376235666
0.48700000000000004	2.5619716272514257	0.50956094070838331
0.48890000000000011	2.5739659406155835	0.51557345164354118
0.49080000000000007	2.5859836862377281	0.52161905632860828
0.49270000000000008	2.5980249011579430	0.52769755484815062
0.49460000000000004	2.6100896213594971	0.53380874767807240
0.49650000000000000	2.6221778817824593	0.53995243575031271
0.49840000000000007	2.6342897163376668	0.54612842051426935
0.50030000000000008	2.6464251579204126	0.55233650399538403
0.50220000000000009	2.6585842384246292	0.55857648885087374
0.50409999999999999	2.6707669887565686	0.56484817842259061
0.50600000000000001	2.6829734388487005	0.57115137678709316
0.50790000000000013	2.6952036176736271	0.57748588880325347
0.50980000000000003	2.7074575532578029	0.58385152015704189
0.51170000000000004	2.7197352726953388	0.59024807740397833
0.51360000000000006	2.7320368021617600	0.59667536800916854
0.51550000000000007	2.7443621669274747	0.60313320038478724
0.51740000000000008	2.7567113913716930	0.60962138392566789
0.51930000000000009	2.7690844989956163	0.61613972904221748
0.52120000000000000	2.7814815124359566	0.62268804719162307
0.52310000000000001	2.7939024534754813	0.62926615091420257
0.52500000000000013	2.8063473430678409	0.63587385383039896
0.52690000000000003	2.8188162013331226	0.64251097071162644
0.52880000000000005	2.8313090475829341	0.64917731747264751
0.53070000000000006	2.8438259003300792	0.65587271120101476
0.53260000000000007	2.8563667773012247	0.66259697017652608
0.53450000000000009	2.8689316954502346	0.66934991389007414
0.53640000000000010	2.8815206709700787	0.67613136305969967
0.53830000000000000	2.8941337193059691	0.68294113964605763
0.54020000000000001	2.9067708551669642	0.68977906686595603
0.54210000000000014	2.9194320925389885	0.69664496920491692
0.54400000000000004	2.9321174446964839	0.70353867242786572
0.54590000000000005	2.9448269242141136	0.71046000358916683
0.54780000000000006	2.9575605429790848	0.71740879104097033
0.54970000000000008	2.9703183122027701	0.72438486444079331
0.55160000000000009	2.9831002424319588	0.73138805475760127
0.55350000000000010	2.9959063435603954	0.73841819427720257
0.55540000000000000	3.0087366248401555	0.74547511660643584
0.55730000000000002	3.0215910948925928	0.75255865667646493
0.55920000000000014	3.0344697617196075	0.75966865074526368
0.56110000000000004	3.0473726327140245	0.76680493639895675
0.56300000000000006	3.0602997146708542	0.77396735255280247
0.56490000000000007	3.0732510137973548	0.78115573945089034
0.56680000000000008	3.0862265357236116	0.78836993866544203
0.56870000000000009	3.0992262855129802	0.79560979309530799
0.57060000000000011	3.1122502676719179	0.80287514696392315
0.57250000000000001	3.1252984861601916	0.81016584581631823
0.57440000000000002	3.1383709444006382	0.81748173651605238
0.57630000000000015	3.1514676452886481	0.82482266724096420
0.57820000000000005	3.1645885912021492	0.83218848747901963
0.58010000000000006	3.1777337840106652	0.83957904802325078
0.58200000000000007	3.1909032250510547	0.84699420097461209
0.58389999999999997	3.2040969152712933	0.85443379970275701
0.58580000000000010	3.2173148550373574	0.86189769889060297
0.58770000000000011	3.2305570442769929	0.86938575449345212
0.58960000000000001	3.2438234824542618	0.87689782374049652
0.59150000000000003	3.2571141685788638	0.88443376512779948
0.59340000000000015	3.2704291012141526	0.89199343841073808
0.59530000000000005	3.2837682784851112	0.89957670459556338
0.59720000000000006	3.2971316980872114	0.90718342593190382
0.59910000000000008	3.3105193572942757	0.91481346590397417
0.60099999999999998	3.3239312529661418	0.92246668922200736
0.60290000000000010	3.3373673815563576	0.93014296181348288
0.60480000000000012	3.3508277391205095	0.93784215081403788
0.60670000000000002	3.3643123213230739	0.94556412455803962
0.60860000000000003	3.3778211234451199	0.95330875256982162
0.61050000000000015	3.3913541403916931	0.96107590555339861
0.61240000000000006	3.4049113666987845	0.96886545538335633
0.61430000000000007	3.4184927965406504	0.97667727509503277
0.61620000000000008	3.4320984237360732	0.98451123887419789
0.61809999999999998	3.4457282417568313	0.99236722204807071
0.62000000000000011	3.4593822437318731	1.0002451010738731
0.62190000000000012	3.4730604224561379	1.0081447535300083
0.62380000000000002	3.4867627703960680	1.0160660581054168
0.62570000000000003	3.5004892796961520	1.0240088945892110
0.62760000000000005	3.5142399421847053	1.0319731438604360
0.62950000000000006	3.5280147493811809	1.0399586878781744
0.63140000000000007	3.5418136925011772	1.0479654096709947
0.63330000000000009	3.5556367624625094	1.0559931933264251
0.63519999999999999	3.5694839498914877	1.0640419239810048
0.63710000000000011	3.5833552451284345	1.0721114878098585
0.63900000000000012	3.5972506382332519	1.0802017720161738
0.64090000000000003	3.6111701189912342	1.0883126648214307
0.64280000000000004	3.6251136769180619	1.0964440554544437
0.64470000000000005	3.6390813012657071	1.1045958341416853
0.64660000000000006	3.6530729810268285	1.1127678920966861
0.64850000000000008	3.6670887049414072	1.1209601215101777
0.65040000000000009	3.6811284615001920	1.1291724155397800
0.65229999999999999	3.6951922389508187	1.1374046682999008
0.65420000000000011	3.7092800253021005	1.1456567748516524
0.65610000000000013	3.7233918083292048	1.1539286311930812
0.65800000000000003	3.7375275755783490	1.1622201342491800
0.65990000000000004	3.7516873143712757	1.1705311818618236
0.66180000000000005	3.7658710118097702	1.1788616727799797
0.66370000000000007	3.7800786547802883	1.1872115066502398
0.66560000000000008	3.7943102299587772	1.1955805840070513
0.66750000000000009	3.8085657238138708	1.2039688062627567
0.66940000000000000	3.8228451226121374	1.2123760756984656
0.67130000000000012	3.8371484124222528	1.2208022954547217
0.67320000000000013	3.8514755791185618	1.2292473695215747
0.67510000000000003	3.8658266083853592	1.2377112027297721
0.67700000000000005	3.8802014857207334	1.2461937007412400
0.67890000000000006	3.8946001964410306	1.2546947700403621
0.68080000000000007	3.9090227256834185	1.2632143179241666
0.68270000000000008	3.9234690584114449	1.2717522524942835
0.68460000000000010	3.9379391794170022	1.2803084826473343
0.68650000000000000	3.9524330733242423	1.2888829180662167
0.68840000000000012	3.9669507245951472	1.2974754692123025
0.69030000000000014	3.9814921175295939	1.3060860473151914
0.69220000000000004	3.9960572362718341	1.3147145643655698
0.69410000000000005	4.0106460648121196	1.3233609331062082
0.69600000000000006	4.0252585869906570	1.3320250670235105
0.69790000000000008	4.0398947865004562	1.3407068803392919
0.69980000000000009	4.0545546468915035	1.3494062880029987
0.70170000000000010	4.0692381515723701	1.3581232056829042
0.70360000000000000	4.0839452838145212	1.3668575497586379
0.70550000000000002	4.0986760267548572	1.3756092373130149
0.70740000000000014	4.1134303633989289	1.3843781861245035
0.70930000000000004	4.1282082766233019	1.3931643146590520
0.71120000000000005	4.1430097491792868	1.4019675420626412
0.71310000000000007	4.1578347636948108	1.4107877881538151
0.71500000000000008	4.1726833026777488	1.4196249734159851
0.71690000000000009	4.1875553485188259	1.4284790189902741
0.71880000000000011	4.2024508834938077	1.4373498466681662
0.72070000000000001	4.2173698897660321	1.4462373788839022
0.72260000000000002	4.2323123493897956	1.4551415387079891
0.72450000000000014	4.2472782443118380	1.4640622498396310
0.72640000000000005	4.2622675563746126	1.4729994366000054
0.72830000000000006	4.2772802673185106	1.4819530239254457
0.73020000000000007	4.2923163587838324	1.4909229373603383
0.73210000000000008	4.3073758123138548	1.4999091030507015
0.73400000000000010	4.3224586093564126	1.5089114477374634
0.73590000000000011	4.3375647312668359	1.5179298987498557
0.73780000000000001	4.3526941593098600	1.5269643839991449
0.73970000000000002	4.3678468746617538	1.5360148319719302
0.74160000000000015	4.3830228584125015	1.5450811717241955
0.74350000000000005	4.3982220915681536	1.5541633328747468
0.74540000000000006	4.4134445550524664	1.5632612455992700
0.74730000000000008	4.4286902297093551	1.5723748406241629
0.74919999999999998	4.4439590963048339	1.5815040492206736
0.75110000000000010	4.4592511355284525	1.5906488031987371
0.75300000000000011	4.4745663279962402	1.5998090349014242
0.75490000000000002	4.4899046542515935	1.6089846771989800
0.75680000000000003	4.5052660947676788	1.6181756634831326
0.75870000000000015	4.5206506299493432	1.6273819276615351
0.76060000000000005	4.5360582401343930	1.6366034041521640
0.76250000000000007	4.5514889055961518	1.6458400278779513
0.76440000000000008	4.5669426065441643	1.6550917342611311
0.76629999999999998	4.5824193231269712	1.6643584592182108
0.76820000000000010	4.5979190354329917	1.6736401391544025
0.77010000000000012	4.6134417234928886	1.6829367109587496
0.77200000000000002	4.6289873672800121	1.6922481119984654
0.77390000000000003	4.6445559467136261	1.7015742801144926
0.77580000000000016	4.6601474416587649	1.7109151536159302
0.77770000000000006	4.6757618319294343	1.7202706712756897
0.77960000000000007	4.6913990972885555	1.7296407723249752
0.78150000000000008	4.7070592174504702	1.7390253964488074
0.78339999999999999	4.7227421720822464	1.7484244837814609
0.78530000000000011	4.7384479408045568	1.7578379749012163
0.78720000000000012	4.7541765031937366	1.7672658108262869
0.78910000000000002	4.7699278387830031	1.7767079330099451
0.79100000000000004	4.7857019270634060	1.7861642833361042
0.79290000000000016	4.8014987474855957	1.7956348041147105
0.79480000000000006	4.8173182794610865	1.8051194380776654
0.79670000000000007	4.8331605023633823	1.8146181283741587
0.79860000000000009	4.8490253955292140	1.8241308185665133
0.80049999999999999	4.8649129382600504	1.8336574526260803
0.80240000000000011	4.8808231098230230	1.8431979749288840
0.80430000000000013	4.8967558894520335	1.8527523302513274
0.80620000000000003	4.9127112563497182	1.8623204637668016
0.80810000000000004	4.9286891896873257	1.8719023210408270
0.81000000000000016	4.9446896686070634	1.8814978480276794
0.81190000000000007	4.9607126722223738	1.8911069910662033
0.81380000000000008	4.9767581796194529	1.9007296968760021
0.81570000000000009	4.9928261698583691	1.9103659125537635
0.81759999999999999	5.0089166219736683	1.9200155855691763
0.81950000000000012	5.0250295149758664	1.9296786637615826
0.82140000000000013	5.0411648278525298	1.9393550953360590
0.82330000000000003	5.0573225395686583	1.9490448288598508
0.82520000000000004	5.0735026290682939	1.9587478132587033
0.82710000000000006	5.0897050752754742	1.9684639978137040
0.82900000000000007	5.1059298570945284	1.9781933321572436
0.83090000000000008	5.1221769534120085	1.9879357662700730
0.83280000000000010	5.1384463430964677	1.9976912504774142
0.83470000000000000	5.1547380050003344	2.0074597354460284
0.83660000000000012	5.1710519179604617	2.0172411721807828
0.83850000000000013	5.1873880607987850	2.0270355120212367
0.84040000000000004	5.2037464123232837	2.0368427066384638
0.84230000000000005	5.2201269513291404	2.0466627080319912
0.84420000000000006	5.2365296565993322	2.0564954685266290
0.84609999999999996	5.2529545069050023	2.0663409407689382
0.84799999999999998	5.2694014810071552	2.0761990777249366
0.84989999999999999	5.2858705576566809	2.0860698326762392
0.85180000000000000	5.3023617155954383	2.0959531592176295
0.85370000000000013	5.3188749335568026	2.1058490112537784
0.85560000000000014	5.3354101902674005	2.1157573429968242
0.85750000000000004	5.3519674644458926	2.1256781089625605
0.85940000000000005	5.3685467348055900	2.1356112639685589
0.86130000000000007	5.3851479800540254	2.1455567631306462
0.86319999999999997	5.4017711788941352	2.1555145618605143
0.86509999999999998	5.4184163100250515	2.1654846158629852
0.86699999999999999	5.4350833521417483	2.1754668811327242
0.86890000000000001	5.4517722839373297	2.1854613139524730
0.87079999999999991	5.4684830841024539	2.1954678708896131
0.87270000000000014	5.4852157313261660	2.2054865087939395
0.87460000000000004	5.5019702042972591	2.2155171847951123
0.87650000000000006	5.5187464817034177	2.2255598562995940
0.87840000000000007	5.5355445422336009	2.2356144809889371
0.88029999999999997	5.5523643645772358	2.2456810168166030
0.88219999999999998	5.5692059274253198	2.2557594220057195
0.88410000000000000	5.5860692094710247	2.2658496550467357
0.88600000000000001	5.6029541894103234	2.2759516746949768
0.88789999999999991	5.6198608459423198	2.2860654399681821
0.88980000000000015	5.6367891577697975	2.2961909101442157
0.89170000000000005	5.6537391035998104	2.3063280447586618
0.89360000000000006	5.6707106621444998	2.3164768036028272
0.89550000000000007	5.6877038121211090	2.3266371467210414
0.89739999999999998	5.7047185322526817	2.3368090344086423
0.89929999999999999	5.7217548012685002	2.3469924272097353
0.90120000000000000	5.7388125979049249	2.3571872859151437
0.90309999999999990	5.7558919009054339	2.3673935715599810
0.90499999999999992	5.7729926890210912	2.3776112454216181
0.90689999999999993	5.7901149410112307	2.3878402690175933
0.90879999999999994	5.8072586356441036	2.3980806041036993
0.91070000000000007	5.8244237516967878	2.4083322126715720
0.91260000000000008	5.8416102679559092	2.4185950569468302
0.91449999999999998	5.8588181632179666	2.4288690993870339
0.91639999999999999	5.8760474162899863	2.4391543026797744
0.91830000000000001	5.8932980059895286	2.4494506297404737
0.92019999999999991	5.9105699111456476	2.4597580437107860
0.92209999999999992	5.9278631105985884	2.4700765079562017
0.92399999999999993	5.9451775832010192	2.4804059860647416
0.92589999999999995	5.9625133078174581	2.4907464418444412
0.92780000000000007	5.9798702633254912	2.5010978393219507
0.92970000000000008	5.9972484286156487	2.5114601427404493
0.93159999999999998	6.0146477825917319	2.5218333165578821
0.93350000000000000	6.0320683041717604	2.5322173254453197
0.93540000000000001	6.0495099722873187	2.5426121342847687
0.93729999999999991	6.0669727658851249	2.5530177081679373
0.93919999999999992	6.0844566639262476	2.5634340123941479
0.94109999999999994	6.1019616453869325	2.5738610124685262
0.94299999999999995	6.1194876892591799	2.5842986741007157
0.94490000000000007	6.1370347745505045	2.5947469632028008
0.94680000000000009	6.1546028802845445	2.6052058458877729
0.94869999999999999	6.1721919855015184	2.6156752884679690
0.95060000000000000	6.1898020692580511	2.6261552574532314
0.95250000000000001	6.2074331106280791	2.6366457195495800
0.95439999999999992	6.2250850887025910	2.6471466416574048
0.95629999999999993	6.2427579825901098	2.6576579908697848
0.95819999999999994	6.2604517714172463	2.6681797344713560
0.96009999999999995	6.2781664343284813	2.6787118399363230
0.96199999999999986	6.2959019504868108	2.6892542749271477
0.96390000000000009	6.3136582990736212	2.6998070072928866
0.96579999999999999	6.3314354592896143	2.7103700050680528
0.96770000000000000	6.3492334103541985	2.7209432364706099
0.96960000000000002	6.3670521315064468	2.7315266699009313
0.97149999999999992	6.3848916020050321	2.7421202739402433
0.97339999999999993	6.4027518011284608	2.7527240173490450
0.97529999999999994	6.4206327081753312	2.7633378690658441
0.97719999999999996	6.4385343024645136	2.7739617982056983
0.97909999999999986	6.4564565633355144	2.7845957740588001
0.98100000000000009	6.4743994701485503	2.7952397660891868
0.98290000000000000	6.4923630022848622	2.8058937439332947
0.98480000000000001	6.5103471391468872	2.8165576773986731
0.98670000000000002	6.5283518601585770	2.8272315364626865
0.98859999999999992	6.5463771447652555	2.8379152912710346
0.99049999999999994	6.5644229724340768	2.8486089121365055
0.99239999999999995	6.5824893226545704	2.8593123695379816
0.99429999999999996	6.6005761749378200	2.8700256341185630
0.99619999999999986	6.6186835088178153	2.8807486766848958
0.99810000000000010	6.6368113038508199	2.8914814682056060
1.0000000000000000	6.6549595396159837	2.9022239798101599
