   5.0000000000000003E-002  0.23906244886923050        7.1149721473904334E-004  -0.0000000000000000     
   5.1899999999999995E-002  0.24817518766270771        7.8722016436610226E-004  -0.0000000000000000     
   5.3800000000000001E-002  0.25729077536248812        8.6758820335040160E-004  -0.0000000000000000     
   5.5700000000000006E-002  0.26640927591692637        9.5264001532290076E-004  -0.0000000000000000     
   5.7599999999999998E-002  0.27553074985285836        1.0424127024883498E-003  -0.0000000000000000     
   5.9499999999999997E-002  0.28465525509806144        1.1369427523717870E-003  -0.0000000000000000     
   6.1400000000000003E-002  0.29378284693258894        1.2362669649233105E-003  -0.0000000000000000     
   6.3300000000000009E-002  0.30291357837193011        1.3404232580750514E-003  -0.0000000000000000     
   6.5200000000000008E-002  0.31204750047562935        1.4494513917571623E-003  -0.0000000000000000     
   6.7099999999999993E-002  0.32118466244865096        1.5633936216062469E-003  -0.0000000000000000     
   6.9000000000000006E-002  0.33032511196304748        1.6822952645515780E-003  -0.0000000000000000     
   7.0900000000000005E-002  0.33946889533406310        1.8062051998978504E-003  -0.0000000000000000     
   7.2799999999999990E-002  0.34861605781110777        1.9351763020784250E-003  -0.0000000000000000     
   7.4700000000000003E-002  0.35776664365762523        2.0692658166259659E-003  -0.0000000000000000     
   7.6600000000000001E-002  0.36692069641268449        2.2085356769627989E-003  -0.0000000000000000     
   7.8500000000000000E-002  0.37607825904868253        2.3530527720211965E-003  -0.0000000000000000     
   8.0400000000000013E-002  0.38523937413367088        2.5028891667918259E-003  -0.0000000000000000     
   8.2300000000000012E-002  0.39440408398670523        2.6581222806225302E-003  -0.0000000000000000     
   8.4199999999999997E-002  0.40357243081816185        2.8188350267869138E-003  -0.0000000000000000     
   8.6099999999999996E-002  0.41274445684445882        2.9851159174447178E-003  -0.0000000000000000     
   8.7999999999999995E-002  0.42192020448846063        3.1570591368694466E-003  -0.0000000000000000     
   8.9899999999999994E-002  0.43109971637787375        3.3347645869134406E-003  -0.0000000000000000     
   9.1800000000000007E-002  0.44028303552470294        3.5183379067880555E-003  -0.0000000000000000     
   9.3700000000000006E-002  0.44947020540341098        3.7078904706449004E-003  -0.0000000000000000     
   9.5600000000000004E-002  0.45866127003844631        3.9035393650489795E-003  -0.0000000000000000     
   9.7500000000000017E-002  0.46785627408510805        4.1054073489656031E-003  -0.0000000000000000     
   9.9400000000000002E-002  0.47705526290307304        4.3136227982608147E-003  -0.0000000000000000     
  0.10130000000000000       0.48625828262171683        4.5283196366546138E-003  -0.0000000000000000     
  0.10320000000000000       0.49546538020126785        4.7496372551064214E-003  -0.0000000000000000     
  0.10510000000000000       0.50467660348627097        4.9777204211368456E-003  -0.0000000000000000     
  0.10700000000000000       0.51389200125436307        5.2127191796101473E-003  -0.0000000000000000     
  0.10890000000000001       0.52311162325887450        5.4547887464704630E-003  -0.0000000000000000     
  0.11080000000000001       0.53233552026738717        5.7040893964132432E-003  -0.0000000000000000     
  0.11270000000000001       0.54156374409574304        5.9607863460080131E-003  -0.0000000000000000     
  0.11460000000000002       0.55079634763721252        6.2250496329016546E-003  -0.0000000000000000     
  0.11649999999999999       0.56003338487082022        6.4970539923616972E-003  -0.0000000000000000     
  0.11840000000000001       0.56927491094839477        6.7769787316754194E-003  -0.0000000000000000     
  0.12030000000000000       0.57852098211702641        7.0650076035936472E-003  -0.0000000000000000     
  0.12220000000000000       0.58777165579714208        7.3613286790186151E-003  -0.0000000000000000     
  0.12410000000000000       0.59702699057914765        7.6661342199098393E-003  -0.0000000000000000     
  0.12600000000000000       0.60628704623300911        7.9796205527983312E-003  -0.0000000000000000     
  0.12790000000000001       0.61555188371525571        8.3019879434430895E-003  -0.0000000000000000     
  0.12980000000000003       0.62482156276630507        8.6324529696059013E-003  -0.0000000000000000     
  0.13169999999999998       0.63409610251407855        8.9680060456560351E-003  -0.0000000000000000     
  0.13360000000000000       0.64337552174200674        9.3108120336905242E-003  -0.0000000000000000     
  0.13550000000000001       0.65265986076272631        9.6617311055503929E-003  -0.0000000000000000     
  0.13739999999999999       0.66194916799562054        1.0021291553309010E-002  -0.0000000000000000     
  0.13930000000000001       0.67124349692928331        1.0389907350205570E-002  -0.0000000000000000     
  0.14120000000000002       0.68054290482202173        1.0767936917280828E-002  -0.0000000000000000     
  0.14310000000000000       0.68984745198334529        1.1155707104536682E-002  -0.0000000000000000     
  0.14500000000000002       0.69915720132105386        1.1553525105889804E-002  -0.0000000000000000     
  0.14690000000000000       0.70847221802884119        1.1961685138750991E-002  -0.0000000000000000     
  0.14879999999999999       0.71779256935781921        1.2380472511744376E-002  -0.0000000000000000     
  0.15070000000000000       0.72711832444259050        1.2810166255880972E-002  -0.0000000000000000     
  0.15260000000000001       0.73644955416210711        1.3251040907174695E-002  -0.0000000000000000     
  0.15450000000000000       0.74578633102736980        1.3703367759343067E-002  -0.0000000000000000     
  0.15640000000000001       0.75512872908694928        1.4167415770714649E-002  -0.0000000000000000     
  0.15830000000000002       0.76447682384713722        1.4643452237647755E-002  -0.0000000000000000     
  0.16020000000000001       0.77383069220262901        1.5131743305233395E-002  -0.0000000000000000     
  0.16210000000000002       0.78319041237605080        1.5632554362322661E-002  -0.0000000000000000     
  0.16400000000000001       0.79255606386440403        1.6146150352325569E-002  -0.0000000000000000     
  0.16589999999999999       0.80192772739122398        1.6672796021839631E-002  -0.0000000000000000     
  0.16780000000000000       0.81130548486323806        1.7212756122546101E-002  -0.0000000000000000     
  0.16970000000000002       0.82068941933153350        1.7766295577991916E-002  -0.0000000000000000     
  0.17160000000000000       0.83007961495575722        1.8333679623002579E-002  -0.0000000000000000     
  0.17350000000000002       0.83947615697172595        1.8915173922605728E-002  -0.0000000000000000     
  0.17540000000000003       0.84887913166121887        1.9511044674376962E-002  -0.0000000000000000     
  0.17730000000000001       0.85828862632448033        2.0121558698410508E-002  -0.0000000000000000     
  0.17920000000000003       0.86770472925464737        2.0746983517163760E-002  -0.0000000000000000     
  0.18110000000000001       0.87712752970490293        2.1387587427495695E-002  -0.0000000000000000     
  0.18300000000000000       0.88655711790326575        2.2043639566490563E-002  -0.0000000000000000     
  0.18490000000000001       0.89599358497731163        2.2715409972359716E-002  -0.0000000000000000     
  0.18680000000000002       0.90543702297179185        2.3403169641206822E-002  -0.0000000000000000     
  0.18870000000000001       0.91488752482189695        2.4107190580600877E-002  -0.0000000000000000     
  0.19060000000000002       0.92434518433692892        2.4827745860400732E-002  -0.0000000000000000     
  0.19250000000000003       0.93381009618514221        2.5565109661294119E-002  -0.0000000000000000     
  0.19439999999999999       0.94328235587958520        2.6319557321278289E-002  -0.0000000000000000     
  0.19630000000000000       0.95276205976501249        2.7091365380373909E-002  -0.0000000000000000     
  0.19820000000000002       0.96224930500561834        2.7880811623554956E-002  -0.0000000000000000     
  0.20010000000000000       0.97174418957381459        2.8688175122108694E-002  -0.0000000000000000     
  0.20200000000000001       0.98124681223967236        2.9513736273244166E-002  -0.0000000000000000     
  0.20390000000000003       0.99075727256124524        3.0357776838037472E-002  -0.0000000000000000     
  0.20580000000000001        1.0002756708754472        3.1220579977519806E-002  -0.0000000000000000     
  0.20770000000000002        1.0098021082897843        3.2102430286851960E-002  -0.0000000000000000     
  0.20960000000000004        1.0193366866745734        3.3003613827397270E-002  -0.0000000000000000     
  0.21149999999999999        1.0288795086557148        3.3924418156510365E-002  -0.0000000000000000     
  0.21340000000000001        1.0384306776080501        3.4865132354843294E-002  -0.0000000000000000     
  0.21529999999999999        1.0479902976491808        3.5826047051006671E-002  -0.0000000000000000     
  0.21720000000000000        1.0575584736336434        3.6807454443270361E-002  -0.0000000000000000     
  0.21909999999999999        1.0671353111475470        3.7809648318124077E-002  -0.0000000000000000     
  0.22100000000000003        1.0767209165034983        3.8832924065454556E-002  -0.0000000000000000     
  0.22289999999999999        1.0863153967358727        3.9877578690051256E-002  -0.0000000000000000     
  0.22479999999999997        1.0959188595961791        4.0943910819178635E-002  -0.0000000000000000     
  0.22670000000000001        1.1055314135488847        4.2032220706009024E-002  -0.0000000000000000     
  0.22860000000000000        1.1151531677671025        4.3142810228603688E-002  -0.0000000000000000     
  0.23050000000000001        1.1247842321286401        4.4275982884157135E-002  -0.0000000000000000     
  0.23240000000000000        1.1344247172119735        4.5432043778333944E-002  -0.0000000000000000     
  0.23430000000000001        1.1440747342922362        4.6611299609355873E-002  -0.0000000000000000     
  0.23619999999999999        1.1537343953372892        4.7814058646623733E-002  -0.0000000000000000     
  0.23810000000000003        1.1634038130036657        4.9040630703633195E-002  -0.0000000000000000     
  0.23999999999999999        1.1730831006323015        5.0291327104939415E-002  -0.0000000000000000     
  0.24189999999999998        1.1827723722443475        5.1566460646961090E-002  -0.0000000000000000     
  0.24380000000000002        1.1924717425365781        5.2866345552363643E-002  -0.0000000000000000     
  0.24570000000000000        1.2021813268766097        5.4191297417901400E-002  -0.0000000000000000     
  0.24760000000000001        1.2119012412979189        5.5541633155430085E-002  -0.0000000000000000     
  0.24950000000000000        1.2216316024944069        5.6917670926014685E-002  -0.0000000000000000     
  0.25140000000000001        1.2313725278147061        5.8319730066902047E-002  -0.0000000000000000     
  0.25330000000000003        1.2411241352560101        5.9748131011249407E-002  -0.0000000000000000     
  0.25519999999999998        1.2508865434574630        6.1203195200503706E-002  -0.0000000000000000     
  0.25710000000000000        1.2606598716931323        6.2685244989310315E-002  -0.0000000000000000     
  0.25900000000000001        1.2704442398643474        6.4194603542881687E-002  -0.0000000000000000     
  0.26090000000000002        1.2802397684915545        6.5731594726770176E-002  -0.0000000000000000     
  0.26279999999999998        1.2900465787055577        6.7296542989032412E-002  -0.0000000000000000     
  0.26469999999999999        1.2998647922381263        6.8889773234743087E-002  -0.0000000000000000     
  0.26660000000000000        1.3096945314119328        7.0511610692927801E-002  -0.0000000000000000     
  0.26849999999999996        1.3195359191297940        7.2162380775927126E-002  -0.0000000000000000     
  0.27040000000000003        1.3293890788632392        7.3842408931260456E-002  -0.0000000000000000     
  0.27229999999999999        1.3392541346402347        7.5552020486154975E-002  -0.0000000000000000     
  0.27420000000000000        1.3491312110383173        7.7291540485163013E-002  -0.0000000000000000     
  0.27610000000000001        1.3590204331462161        7.9061293518837394E-002  -0.0000000000000000     
  0.27799999999999997        1.3689219265864458        8.0861603549258143E-002  -0.0000000000000000     
  0.27989999999999998        1.3788358174748447        8.2692793725225908E-002  -0.0000000000000000     
  0.28179999999999999        1.3887622324105362        8.4555186192735943E-002  -0.0000000000000000     
  0.28370000000000001        1.3987012984587899        8.6449101899173111E-002  -0.0000000000000000     
  0.28559999999999997        1.4086531431330518        8.8374860391478752E-002  -0.0000000000000000     
  0.28750000000000003        1.4186178943758727        9.0332779609021294E-002  -0.0000000000000000     
  0.28939999999999999        1.4285956805391606        9.2323175671216590E-002  -0.0000000000000000     
  0.29130000000000000        1.4385866303634611        9.4346362660586089E-002  -0.0000000000000000     
  0.29320000000000002        1.4485908729563521        9.6402652401397698E-002  -0.0000000000000000     
  0.29509999999999997        1.4586085377697935        9.8492354234603050E-002  -0.0000000000000000     
  0.29699999999999999        1.4686397545770022       0.10061577478936994       -0.0000000000000000     
  0.29890000000000000        1.4786846534479130       0.10277321775177037       -0.0000000000000000     
  0.30080000000000001        1.4887433647242057       0.10496498363119443       -0.0000000000000000     
  0.30269999999999997        1.4988160189931741       0.10719136952492418       -0.0000000000000000     
  0.30460000000000004        1.5089027470609619       0.10945266888155136       -0.0000000000000000     
  0.30649999999999999        1.5190036799249127       0.11174917126372788       -0.0000000000000000     
  0.30840000000000001        1.5291189487451118       0.11408116211087262       -0.0000000000000000     
  0.31030000000000002        1.5392486848151765       0.11644892250246415       -0.0000000000000000     
  0.31219999999999998        1.5493930195322980       0.11885272892245749       -0.0000000000000000     
  0.31409999999999999        1.5595520843666255       0.12129285302551902       -0.0000000000000000     
  0.31600000000000000        1.5697260108298972       0.12376956140568393       -0.0000000000000000     
  0.31790000000000002        1.5799149304434943       0.12628311536797976       -0.0000000000000000     
  0.31979999999999997        1.5901189747058955       0.12883377070378169       -0.0000000000000000     
  0.32170000000000004        1.6003382750595558       0.13142177747037373       -0.0000000000000000     
  0.32360000000000000        1.6105729628572611       0.13404737977540224       -0.0000000000000000     
  0.32549999999999996        1.6208231693280863       0.13671081556679335       -0.0000000000000000     
  0.32740000000000002        1.6310890255428458       0.13941231642872767       -0.0000000000000000     
  0.32929999999999998        1.6413706623851925       0.14215210738525796       -0.0000000000000000     
  0.33119999999999999        1.6516682104920244       0.14493040670581858       -0.0000000000000000     
  0.33310000000000001        1.6619818002554809       0.14774742572911884       -0.0000000000000000     
  0.33500000000000002        1.6723115617617237       0.15060336868437474       -0.0000000000000000     
  0.33689999999999998        1.6826576247615186       0.15349843252668852       -0.0000000000000000     
  0.33879999999999999        1.6930201186345568       0.15643280678048146       -0.0000000000000000     
  0.34070000000000000        1.7033991723533415       0.15940667339233663       -0.0000000000000000     
  0.34259999999999996        1.7137949144470819       0.16242020659382483       -0.0000000000000000     
  0.34450000000000003        1.7242074729658972       0.16547357277451952       -0.0000000000000000     
  0.34639999999999999        1.7346369754450348       0.16856693036562020       -0.0000000000000000     
  0.34830000000000000        1.7450835488691618       0.17170042973433219       -0.0000000000000000     
  0.35020000000000001        1.7555473196370748       0.17487421308938594       -0.0000000000000000     
  0.35210000000000002        1.7660284135265414       0.17808841439771264       -0.0000000000000000     
  0.35399999999999998        1.7765269556594976       0.18134315931260855       -0.0000000000000000     
  0.35589999999999999        1.7870430704677471       0.18463856511336818       -0.0000000000000000     
  0.35780000000000001        1.7975768816589730       0.18797474065653097       -0.0000000000000000     
  0.35969999999999996        1.8081285121894630       0.19135178634036634       -0.0000000000000000     
  0.36160000000000003        1.8186980842058253       0.19476979407268977       -0.0000000000000000     
  0.36349999999999999        1.8292857190519070       0.19822884726714532       -0.0000000000000000     
  0.36540000000000000        1.8398915372102587       0.20172902083381619       -0.0000000000000000     
  0.36730000000000002        1.8505156582780342       0.20527038118991087       -0.0000000000000000     
  0.36920000000000003        1.8611582009366698       0.20885298627984988       -0.0000000000000000     
  0.37109999999999999        1.8718192829222724       0.21247688560641284       -0.0000000000000000     
  0.37300000000000000        1.8824990209970285       0.21614212027270244       -0.0000000000000000     
  0.37490000000000001        1.8931975309212978       0.21984872303463593       -0.0000000000000000     
  0.37679999999999997        1.9039149274265001       0.22359671836362674       -0.0000000000000000     
  0.37870000000000004        1.9146513241890590       0.22738612251931875       -0.0000000000000000     
  0.38059999999999999        1.9254068338050785       0.23121694363181422       -0.0000000000000000     
  0.38250000000000001        1.9361815677661378       0.23508918179324034       -0.0000000000000000     
  0.38440000000000002        1.9469756364415851       0.23900282916013890       -0.0000000000000000     
  0.38629999999999998        1.9577891490323596       0.24295787005383099       -0.0000000000000000     
  0.38819999999999999        1.9686222135872795       0.24695428109061407       -0.0000000000000000     
  0.39010000000000000        1.9794749369562921       0.25099203129700154       -0.0000000000000000     
  0.39200000000000002        1.9903474247780997       0.25507108224385455       -0.0000000000000000     
  0.39389999999999997        2.0012397814619236       0.25919138818473292       -0.0000000000000000     
  0.39580000000000004        2.0121521101702640       0.26335289620064295       -0.0000000000000000     
  0.39770000000000000        2.0230845128026442       0.26755554635045387       -0.0000000000000000     
  0.39959999999999996        2.0340370899805884       0.27179927182675340       -0.0000000000000000     
  0.40150000000000002        2.0450099410333795       0.27608399911651205       -0.0000000000000000     
  0.40339999999999998        2.0560031639914613       0.28040964816899205       -0.0000000000000000     
  0.40529999999999999        2.0670168555475947       0.28477613255304085       -0.0000000000000000     
  0.40720000000000001        2.0780511110882118       0.28918335964805730       -0.0000000000000000     
  0.40910000000000002        2.0891060246537028       0.29363123080667891       -0.0000000000000000     
  0.41099999999999998        2.1001816889371834       0.29811964153631360       -0.0000000000000000     
  0.41290000000000004        2.1112781952767024       0.30264848167940928       -0.0000000000000000     
  0.41480000000000000        2.1223956336481207       0.30721763559559684       -0.0000000000000000     
  0.41669999999999996        2.1335340926592345       0.31182698234499956       -0.0000000000000000     
  0.41860000000000003        2.1446936595446040       0.31647639587258636       -0.0000000000000000     
  0.42049999999999998        2.1558744201615032       0.32116574519302699       -0.0000000000000000     
  0.42240000000000005        2.1670764589922724       0.32589489457879828       -0.0000000000000000     
  0.42430000000000007        2.1782998591183880       0.33066370373223131       -0.0000000000000000     
  0.42620000000000002        2.1895447022565202       0.33547202799008941       -0.0000000000000000     
  0.42809999999999998        2.2008110687315097       0.34031971849293874       -0.0000000000000000     
  0.43000000000000005        2.2120990374833767       0.34520662237118177       -0.0000000000000000     
  0.43190000000000006        2.2234086860686317       0.35013258292614385       -0.0000000000000000     
  0.43380000000000002        2.2347400906619432       0.35509743980926128       -0.0000000000000000     
  0.43570000000000003        2.2460933260587019       0.36010102919944598       -0.0000000000000000     
  0.43759999999999999        2.2574684656783930       0.36514318397825879       -0.0000000000000000     
  0.43950000000000006        2.2688655815741217       0.37022373390637425       -0.0000000000000000     
  0.44140000000000007        2.2802847444136516       0.37534250577801559       -0.0000000000000000     
  0.44330000000000003        2.2917260235221120       0.38049932361299965       -0.0000000000000000     
  0.44519999999999998        2.3031894868615321       0.38569400880391630       -0.0000000000000000     
  0.44710000000000000        2.3146752010445217       0.39092638028195903       -0.0000000000000000     
  0.44900000000000007        2.3261832313410951       0.39619625467486902       -0.0000000000000000     
  0.45090000000000002        2.3377136416865745       0.40150344646179470       -0.0000000000000000     
  0.45280000000000004        2.3492664946896080       0.40684776812434803       -0.0000000000000000     
  0.45469999999999999        2.3608418516407612       0.41222903029431857       -0.0000000000000000     
  0.45660000000000006        2.3724397725218291       0.41764704189766788       -0.0000000000000000     
  0.45850000000000007        2.3840603160152192       0.42310161029479820       -0.0000000000000000     
  0.46040000000000003        2.3957035395189554       0.42859254142162645       -0.0000000000000000     
  0.46229999999999999        2.4073694991362551       0.43411963990331220       -0.0000000000000000     
  0.46420000000000000        2.4190582497188973       0.43968270921272606       -0.0000000000000000     
  0.46610000000000007        2.4307698448554280       0.44528155177485307       -0.0000000000000000     
  0.46800000000000003        2.4425043368887116       0.45091596909338882       -0.0000000000000000     
  0.46990000000000004        2.4542617769274022       0.45658576186784133       -0.0000000000000000     
  0.47180000000000011        2.4660422148581507       0.46229073010703281       -0.0000000000000000     
  0.47370000000000007        2.4778456993576659       0.46803067323857944       -0.0000000000000000     
  0.47560000000000008        2.4896722779051710       0.47380539021450480       -0.0000000000000000     
  0.47750000000000004        2.5015219967953302       0.47961467961332782       -0.0000000000000000     
  0.47939999999999999        2.5133949011507948       0.48545833973802544       -0.0000000000000000     
  0.48130000000000006        2.5252910349354791       0.49133616871052599       -0.0000000000000000     
  0.48320000000000007        2.5372104409677667       0.49724796456248888       -0.0000000000000000     
  0.48510000000000003        2.5491531609374127       0.50319352532867234       -0.0000000000000000     
  0.48700000000000004        2.5611192354038677       0.50917264910458693       -0.0000000000000000     
  0.48890000000000011        2.5731087038336922       0.51518513416655154       -0.0000000000000000     
  0.49080000000000007        2.5851216045976741       0.52123077902095716       -0.0000000000000000     
  0.49270000000000008        2.5971579749888654       0.52730938248453296       -0.0000000000000000     
  0.49460000000000004        2.6092178512365023       0.53342074375432047       -0.0000000000000000     
  0.49650000000000000        2.6213012685197490       0.53956466247440960       -0.0000000000000000     
  0.49840000000000007        2.6334082609818141       0.54574093879963825       -0.0000000000000000     
  0.50030000000000008        2.6455388617436695       0.55194937345597728       -0.0000000000000000     
  0.50220000000000009        2.6576931029181323       0.55818976779813168       -0.0000000000000000     
  0.50409999999999999        2.6698710156238215       0.56446192386419092       -0.0000000000000000     
  0.50600000000000001        2.6820726299989839       0.57076564442735567       -0.0000000000000000     
  0.50790000000000013        2.6942979752155751       0.57710073304502152       -0.0000000000000000     
  0.50980000000000003        2.7065470794930446       0.58346699410513536       -0.0000000000000000     
  0.51170000000000004        2.7188199701122406       0.58986423286991296       -0.0000000000000000     
  0.51360000000000006        2.7311166734290713       0.59629225551713438       -0.0000000000000000     
  0.51550000000000007        2.7434372148885378       0.60275086917897780       -0.0000000000000000     
  0.51740000000000008        2.7557816190380668       0.60923988197844403       -0.0000000000000000     
  0.51930000000000009        2.7681499095414770       0.61575910306360837       -0.0000000000000000     
  0.52120000000000000        2.7805421091921461       0.62230834263954760       -0.0000000000000000     
  0.52310000000000001        2.7929582399235584       0.62888741200571363       -0.0000000000000000     
  0.52500000000000013        2.8053983228354413       0.63549612355359442       -0.0000000000000000     
  0.52690000000000003        2.8178623781874896       0.64213429083850349       -0.0000000000000000     
  0.52880000000000005        2.8303504254258498       0.64880172857253471       -0.0000000000000000     
  0.53070000000000006        2.8428624831925426       0.65549825265441564       -0.0000000000000000     
  0.53260000000000007        2.8553985693384454       0.66222368019012734       -0.0000000000000000     
  0.53450000000000009        2.8679587009363603       0.66897782951147244       -0.0000000000000000     
  0.53640000000000010        2.8805428942937055       0.67576052019329491       -0.0000000000000000     
  0.53830000000000000        2.8931511649645234       0.68257157306883509       -0.0000000000000000     
  0.54020000000000001        2.9057835277628006       0.68941081024411366       -0.0000000000000000     
  0.54210000000000014        2.9184399967743411       0.69627805511025298       -0.0000000000000000     
  0.54400000000000004        2.9311205853688542       0.70317313235502465       -0.0000000000000000     
  0.54590000000000005        2.9438253062120801       0.71009586797258484       -0.0000000000000000     
  0.54780000000000006        2.9565541712782308       0.71704608927249291       -0.0000000000000000     
  0.54970000000000008        2.9693071918608474       0.72402362488705152       -0.0000000000000000     
  0.55160000000000009        2.9820843785853568       0.73102830477785485       -0.0000000000000000     
  0.55350000000000010        2.9948857414200041       0.73805996024111764       -0.0000000000000000     
  0.55540000000000000        3.0077112896874705       0.74511842391193872       -0.0000000000000000     
  0.55730000000000002        3.0205610320759080       0.75220352976765392       -0.0000000000000000     
  0.55920000000000014        3.0334349766503110       0.75931511313034405       -0.0000000000000000     
  0.56110000000000004        3.0463331308632515       0.76645301066829408       -0.0000000000000000     
  0.56300000000000006        3.0592555015655454       0.77361706039653144       -0.0000000000000000     
  0.56490000000000007        3.0722020950172442       0.78080710167705625       -0.0000000000000000     
  0.56680000000000008        3.0851729168979665       0.78802297521770071       -0.0000000000000000     
  0.56870000000000009        3.0981679723171802       0.79526452307071394       -0.0000000000000000     
  0.57060000000000011        3.1111872658245248       0.80253158863038643       -0.0000000000000000     
  0.57250000000000001        3.1242308014196869       0.80982401663017112       -0.0000000000000000     
  0.57440000000000002        3.1372985825628255       0.81714165313939402       -0.0000000000000000     
  0.57630000000000015        3.1503906121835152       0.82448434555887351       -0.0000000000000000     
  0.57820000000000005        3.1635068926913603       0.83185194261666628       -0.0000000000000000     
  0.58010000000000006        3.1766474259846111       0.83924429436265802       -0.0000000000000000     
  0.58200000000000007        3.1898122134257068       0.84666125217127186       -0.0000000000000000     
  0.58389999999999997        3.2030012559881755       0.85410266870288909       -0.0000000000000000     
  0.58580000000000010        3.2162145540582112       0.86156839794650208       -0.0000000000000000     
  0.58770000000000011        3.2294521075824982       0.86905829518013655       -0.0000000000000000     
  0.58960000000000001        3.2427139160421432       0.87657221697161358       -0.0000000000000000     
  0.59150000000000003        3.2559999784610683       0.88411002117126125       -0.0000000000000000     
  0.59340000000000015        3.2693102934147462       0.89167156690402793       -0.0000000000000000     
  0.59530000000000005        3.2826448590389403       0.89925671456148315       -0.0000000000000000     
  0.59720000000000006        3.2960036730372781       0.90686532579317491       -0.0000000000000000     
  0.59910000000000008        3.3093867326895694       0.91449726349814997       -0.0000000000000000     
  0.60099999999999998        3.3227940348604283       0.92215239181622066       -0.0000000000000000     
  0.60290000000000010        3.3362255760058601       0.92983057611848874       -0.0000000000000000     
  0.60480000000000012        3.3496813521822268       0.93753168299853462       -0.0000000000000000     
  0.60670000000000002        3.3631613590538856       0.94525558026282586       -0.0000000000000000     
  0.60860000000000003        3.3766655918988659       0.95300213692065849       -0.0000000000000000     
  0.61050000000000015        3.3901940456183972       0.96077122317497332       -0.0000000000000000     
  0.61240000000000006        3.4037467147431433       0.96856271041231468       -0.0000000000000000     
  0.61430000000000007        3.4173235934402300       0.97637647119279825       -0.0000000000000000     
  0.61620000000000008        3.4309246755204130       0.98421237923979177       -0.0000000000000000     
  0.61809999999999998        3.4445499544453626       0.99207030943013053       -0.0000000000000000     
  0.62000000000000011        3.4581994233332383       0.99995013778351660       -0.0000000000000000     
  0.62190000000000012        3.4718730749667759        1.0078517414522170       -0.0000000000000000     
  0.62380000000000002        3.4855709017986678        1.0157749987108220       -0.0000000000000000     
  0.62570000000000003        3.4992928959589458        1.0237197889457590       -0.0000000000000000     
  0.62760000000000005        3.5130390492606289        1.0316859926447774       -0.0000000000000000     
  0.62950000000000006        3.5268093532058318        1.0396734913862862       -0.0000000000000000     
  0.63140000000000007        3.5406037989922985        1.0476821678290744       -0.0000000000000000     
  0.63330000000000009        3.5544223775193822        1.0557119057016582       -0.0000000000000000     
  0.63519999999999999        3.5682650793934183        1.0637625897918197       -0.0000000000000000     
  0.63710000000000011        3.5821318949343683        1.0718341059360637       -0.0000000000000000     
  0.63900000000000012        3.5960228141802033        1.0799263410087365       -0.0000000000000000     
  0.64090000000000003        3.6099378268939080        1.0880391829121063       -0.0000000000000000     
  0.64280000000000004        3.6238769225680398        1.0961725205655786       -0.0000000000000000     
  0.64470000000000005        3.6378400904307848        1.1043262438952726       -0.0000000000000000     
  0.64660000000000006        3.6518273194501374        1.1125002438234006       -0.0000000000000000     
  0.64850000000000008        3.6658385983404598        1.1206944122583609       -0.0000000000000000     
  0.65040000000000009        3.6798739155667137        1.1289086420838845       -0.0000000000000000     
  0.65229999999999999        3.6939332593496124        1.1371428271490724       -0.0000000000000000     
  0.65420000000000011        3.7080166176714000        1.1453968622583626       -0.0000000000000000     
  0.65610000000000013        3.7221239782789466        1.1536706431606476       -0.0000000000000000     
  0.65800000000000003        3.7362553286897855        1.1619640665395783       -0.0000000000000000     
  0.65990000000000004        3.7504106561973773        1.1702770300040219       -0.0000000000000000     
  0.66180000000000005        3.7645899478736831        1.1786094320769265       -0.0000000000000000     
  0.66370000000000007        3.7787931905756218        1.1869611721865263       -0.0000000000000000     
  0.66560000000000008        3.7930203709484216        1.1953321506557120       -0.0000000000000000     
  0.66750000000000009        3.8072714754304684        1.2037222686927884       -0.0000000000000000     
  0.66940000000000000        3.8215464902571750        1.2121314283812938       -0.0000000000000000     
  0.67130000000000012        3.8358454014656753        1.2205595326708290       -0.0000000000000000     
  0.67320000000000013        3.8501681948983761        1.2290064853672151       -0.0000000000000000     
  0.67510000000000003        3.8645148562074176        1.2374721911231186       -0.0000000000000000     
  0.67700000000000005        3.8788853708586792        1.2459565554287784       -0.0000000000000000     
  0.67890000000000006        3.8932797241354624        1.2544594846026547       -0.0000000000000000     
  0.68080000000000007        3.9076979011421824        1.2629808857820091       -0.0000000000000000     
  0.68270000000000008        3.9221398868088468        1.2715206669143120       -0.0000000000000000     
  0.68460000000000010        3.9366056658937731        1.2800787367474811       -0.0000000000000000     
  0.68650000000000000        3.9510952229882124        1.2886550048217371       -0.0000000000000000     
  0.68840000000000012        3.9656085425190053        1.2972493814601387       -0.0000000000000000     
  0.69030000000000014        3.9801456087529146        1.3058617777600552       -0.0000000000000000     
  0.69220000000000004        3.9947064057992296        1.3144921055843664       -0.0000000000000000     
  0.69410000000000005        4.0092909176142069        1.3231402775533865       -0.0000000000000000     
  0.69600000000000006        4.0238991280033423        1.3318062070355940       -0.0000000000000000     
  0.69790000000000008        4.0385310206250349        1.3404898081396466       -0.0000000000000000     
  0.69980000000000009        4.0531865789941639        1.3491909957063577       -0.0000000000000000     
  0.70170000000000010        4.0678657864847034        1.3579096852997050       -0.0000000000000000     
  0.70360000000000000        4.0825686263332015        1.3666457931997138       -0.0000000000000000     
  0.70550000000000002        4.0972950816413052        1.3753992363932714       -0.0000000000000000     
  0.70740000000000014        4.1120451353795247        1.3841699325673988       -0.0000000000000000     
  0.70930000000000004        4.1268187703892636        1.3929578001002132       -0.0000000000000000     
  0.71120000000000005        4.1416159693866197        1.4017627580542817       -0.0000000000000000     
  0.71310000000000007        4.1564367149640749        1.4105847261678970       -0.0000000000000000     
  0.71500000000000008        4.1712809895947220        1.4194236248484229       -0.0000000000000000     
  0.71690000000000009        4.1861487756334643        1.4282793751640950       -0.0000000000000000     
  0.71880000000000011        4.2010400553211893        1.4371518988372254       -0.0000000000000000     
  0.72070000000000001        4.2159548107860196        1.4460411182363524       -0.0000000000000000     
  0.72260000000000002        4.2308930240466411        1.4549469563692132       -0.0000000000000000     
  0.72450000000000014        4.2458546770149912        1.4638693368758022       -0.0000000000000000     
  0.72640000000000005        4.2608397514982723        1.4728081840211091       -0.0000000000000000     
  0.72830000000000006        4.2758482292012108        1.4817634226879379       -0.0000000000000000     
  0.73020000000000007        4.2908800917297008        1.4907349783707777       -0.0000000000000000     
  0.73210000000000008        4.3059353205917352        1.4997227771680810       -0.0000000000000000     
  0.73400000000000010        4.3210138972001593        1.5087267457761995       -0.0000000000000000     
  0.73590000000000011        4.3361158028754918        1.5177468114824662       -0.0000000000000000     
  0.73780000000000001        4.3512410188475599        1.5267829021588946       -0.0000000000000000     
  0.73970000000000002        4.3663895262580530        1.5358349462554717       -0.0000000000000000     
  0.74160000000000015        4.3815613061621290        1.5449028727937422       -0.0000000000000000     
  0.74350000000000005        4.3967563395312954        1.5539866113607641       -0.0000000000000000     
  0.74540000000000006        4.4119746072550061        1.5630860921028444       -0.0000000000000000     
  0.74730000000000008        4.4272160901428181        1.5722012457192225       -0.0000000000000000     
  0.74919999999999998        4.4424807689263393        1.5813320034560987       -0.0000000000000000     
  0.75110000000000010        4.4577686242611563        1.5904782971005531       -0.0000000000000000     
  0.75300000000000011        4.4730796367291576        1.5996400589750712       -0.0000000000000000     
  0.75490000000000002        4.4884137868402352        1.6088172219311796       -0.0000000000000000     
  0.75680000000000003        4.5037710550333729        1.6180097193437515       -0.0000000000000000     
  0.75870000000000015        4.5191514216799860        1.6272174851057537       -0.0000000000000000     
  0.76060000000000005        4.5345548670843119        1.6364404536221280       -0.0000000000000000     
  0.76250000000000007        4.5499813714862904        1.6456785598046593       -0.0000000000000000     
  0.76440000000000008        4.5654309150625521        1.6549317390662259       -0.0000000000000000     
  0.76629999999999998        4.5809034779281737        1.6641999273155592       -0.0000000000000000     
  0.76820000000000010        4.5963990401390884        1.6734830609518887       -0.0000000000000000     
  0.77010000000000012        4.6119175816926079        1.6827810768595468       -0.0000000000000000     
  0.77200000000000002        4.6274590825302893        1.6920939124031653       -0.0000000000000000     
  0.77390000000000003        4.6430235225381686        1.7014215054219641       -0.0000000000000000     
  0.77580000000000016        4.6586108815496594        1.7107637942252933       -0.0000000000000000     
  0.77770000000000006        4.6742211393460611        1.7201207175873146       -0.0000000000000000     
  0.77960000000000007        4.6898542756585515        1.7294922147420437       -0.0000000000000000     
  0.78150000000000008        4.7055102701698193        1.7388782253788158       -0.0000000000000000     
  0.78339999999999999        4.7211891025147947        1.7482786896369291       -0.0000000000000000     
  0.78530000000000011        4.7368907522833643        1.7576935481017408       -0.0000000000000000     
  0.78720000000000012        4.7526151990202461        1.7671227417990623       -0.0000000000000000     
  0.78910000000000002        4.7683624222274181        1.7765662121912638       -0.0000000000000000     
  0.79100000000000004        4.7841324013650963        1.7860239011723174       -0.0000000000000000     
  0.79290000000000016        4.7999251158531475        1.7954957510634595       -0.0000000000000000     
  0.79480000000000006        4.8157405450724964        1.8049817046088616       -0.0000000000000000     
  0.79670000000000007        4.8315786683661717        1.8144817049709554       -0.0000000000000000     
  0.79860000000000009        4.8474394650408028        1.8239956957265240       -0.0000000000000000     
  0.80049999999999999        4.8633229143676520        1.8335236208620125       -0.0000000000000000     
  0.80240000000000011        4.8792289955838761        1.8430654247695482       -0.0000000000000000     
  0.80430000000000013        4.8951576878941268        1.8526210522428777       -0.0000000000000000     
  0.80620000000000003        4.9111089704709254        1.8621904484729894       -0.0000000000000000     
  0.80810000000000004        4.9270828224566623        1.8717735590444058       -0.0000000000000000     
  0.81000000000000016        4.9430792229640534        1.8813703299307500       -0.0000000000000000     
  0.81190000000000007        4.9590981510778498        1.8909807074913547       -0.0000000000000000     
  0.81380000000000008        4.9751395858554250        1.9006046384668742       -0.0000000000000000     
  0.81570000000000009        4.9912035063278761        1.9102420699756817       -0.0000000000000000     
  0.81759999999999999        5.0072898915018484        1.9198929495101356       -0.0000000000000000     
  0.81950000000000012        5.0233987203595252        1.9295572249326898       -0.0000000000000000     
  0.82140000000000013        5.0395299718601043        1.9392348444721119       -0.0000000000000000     
  0.82330000000000003        5.0556836249410324        1.9489257567201672       -0.0000000000000000     
  0.82520000000000004        5.0718596585185525        1.9586299106277003       -0.0000000000000000     
  0.82710000000000006        5.0880580514893756        1.9683472555014121       -0.0000000000000000     
  0.82900000000000007        5.1042787827304599        1.9780777409997716       -0.0000000000000000     
  0.83090000000000008        5.1205218311011365        1.9878213171303121       -0.0000000000000000     
  0.83280000000000010        5.1367871754430814        1.9975779342453104       -0.0000000000000000     
  0.83470000000000000        5.1530747945821709        2.0073475430395384       -0.0000000000000000     
  0.83660000000000012        5.1693846673284423        2.0171300945457831       -0.0000000000000000     
  0.83850000000000013        5.1857167724776083        2.0269255401323347       -0.0000000000000000     
  0.84040000000000004        5.2020710888116639        2.0367338314994576       -0.0000000000000000     
  0.84230000000000005        5.2184475950993656        2.0465549206759226       -0.0000000000000000     
  0.84420000000000006        5.2348462700980818        2.0563887600165622       -0.0000000000000000     
  0.84609999999999996        5.2512670925533786        2.0662353021982507       -0.0000000000000000     
  0.84799999999999998        5.2677100412009503        2.0760945002176414       -0.0000000000000000     
  0.84989999999999999        5.2841750947661623        2.0859663073873134       -0.0000000000000000     
  0.85180000000000000        5.3006622319657479        2.0958506773333014       -0.0000000000000000     
  0.85370000000000013        5.3171714315088670        2.1057475639922343       -0.0000000000000000     
  0.85560000000000014        5.3337026720965097        2.1156569216077479       -0.0000000000000000     
  0.85750000000000004        5.3502559324233543        2.1255787047281549       -0.0000000000000000     
  0.85940000000000005        5.3668311911780435        2.1355128682033881       -0.0000000000000000     
  0.86130000000000007        5.3834284270444641        2.1454593671823061       -0.0000000000000000     
  0.86319999999999997        5.4000476187009205        2.1554181571093469       -0.0000000000000000     
  0.86509999999999998        5.4166887448231789        2.1653891937227505       -0.0000000000000000     
  0.86699999999999999        5.4333517840827170        2.1753724330507893       -0.0000000000000000     
  0.86890000000000001        5.4500367151486557        2.1853678314095717       -0.0000000000000000     
  0.87079999999999991        5.4667435166888136        2.1953753454006617       -0.0000000000000000     
  0.87270000000000014        5.4834721673689426        2.2053949319078039       -0.0000000000000000     
  0.87460000000000004        5.5002226458548682        2.2154265480948778       -0.0000000000000000     
  0.87650000000000006        5.5169949308116477        2.2254701514028965       -0.0000000000000000     
  0.87840000000000007        5.5337890009056423        2.2355256995479627       -0.0000000000000000     
  0.88029999999999997        5.5506048348037025        2.2455931505181086       -0.0000000000000000     
  0.88219999999999998        5.5674424111750138        2.2556724625716016       -0.0000000000000000     
  0.88410000000000000        5.5843017086902069        2.2657635942335781       -0.0000000000000000     
  0.88600000000000001        5.6011827060237094        2.2758665042946831       -0.0000000000000000     
  0.88789999999999991        5.6180853818527190        2.2859811518077922       -0.0000000000000000     
  0.88980000000000015        5.6350097148586755        2.2961074960861501       -0.0000000000000000     
  0.89170000000000005        5.6519556837270279        2.3062454967005999       -0.0000000000000000     
  0.89360000000000006        5.6689232671488758        2.3163951134779790       -0.0000000000000000     
  0.89550000000000007        5.6859124438201869        2.3265563064980981       -0.0000000000000000     
  0.89739999999999998        5.7029231924432802        2.3367290360920019       -0.0000000000000000     
  0.89929999999999999        5.7199554917268252        2.3469132628394855       -0.0000000000000000     
  0.90120000000000000        5.7370093203864361        2.3571089475670242       -0.0000000000000000     
  0.90309999999999990        5.7540846571451869        2.3673160513454383       -0.0000000000000000     
  0.90499999999999992        5.7711814807340920        2.3775345354880013       -0.0000000000000000     
  0.90689999999999993        5.7882997698923724        2.3877643615480797       -0.0000000000000000     
  0.90879999999999994        5.8054395033682447        2.3980054913172153       -0.0000000000000000     
  0.91070000000000007        5.8226006599190931        2.4082578868229647       -0.0000000000000000     
  0.91260000000000008        5.8397832183118243        2.4185215103267437       -0.0000000000000000     
  0.91449999999999998        5.8569871573236796        2.4287963243220521       -0.0000000000000000     
  0.91639999999999999        5.8742124557421898        2.4390822915322636       -0.0000000000000000     
  0.91830000000000001        5.8914590923663059        2.4493793749089270       -0.0000000000000000     
  0.92019999999999991        5.9087270460053567        2.4596875376291472       -0.0000000000000000     
  0.92209999999999992        5.9260162954815758        2.4700067430946921       -0.0000000000000000     
  0.92399999999999993        5.9433268196280729        2.4803369549289118       -0.0000000000000000     
  0.92589999999999995        5.9606585972915935        2.4906781369759852       -0.0000000000000000     
  0.92780000000000007        5.9780116073309495        2.5010302532981203       -0.0000000000000000     
  0.92970000000000008        5.9953858286184829        2.5113932681742472       -0.0000000000000000     
  0.93159999999999998        6.0127812400400780        2.5217671460979871       -0.0000000000000000     
  0.93350000000000000        6.0301978204956725        2.5321518517759878       -0.0000000000000000     
  0.93540000000000001        6.0476355488993416        2.5425473501259162       -0.0000000000000000     
  0.93729999999999991        6.0650944041798445        2.5529536062749001       -0.0000000000000000     
  0.93919999999999992        6.0825743652808013        2.5633705855576312       -0.0000000000000000     
  0.94109999999999994        6.1000754111613205        2.5737982535148491       -0.0000000000000000     
  0.94299999999999995        6.1175975207959148        2.5842365758912824       -0.0000000000000000     
  0.94490000000000007        6.1351406731752274        2.5946855186343845       -0.0000000000000000     
  0.94680000000000009        6.1527048473059631        2.6051450478923059       -0.0000000000000000     
  0.94869999999999999        6.1702900222112991        2.6156151300124026       -0.0000000000000000     
  0.95060000000000000        6.1878961769316287        2.6260957315396984       -0.0000000000000000     
  0.95250000000000001        6.2055232905239048        2.6365868192149295       -0.0000000000000000     
  0.95439999999999992        6.2231713420631340        2.6470883599734809       -0.0000000000000000     
  0.95629999999999993        6.2408403106415253        2.6576003209432471       -0.0000000000000000     
  0.95819999999999994        6.2585301753691409        2.6681226694432207       -0.0000000000000000     
  0.96009999999999995        6.2762409153751353        2.6786553729825777       -0.0000000000000000     
  0.96199999999999986        6.2939725098060224        2.6891983992578594       -0.0000000000000000     
  0.96390000000000009        6.3117249378281457        2.6997517161529125       -0.0000000000000000     
  0.96579999999999999        6.3294981786261229        2.7103152917361726       -0.0000000000000000     
  0.96770000000000000        6.3472922114039845        2.7208890942598836       -0.0000000000000000     
  0.96960000000000002        6.3651070153857292        2.7314730921586130       -0.0000000000000000     
  0.97149999999999992        6.3829425698144746        2.7420672540472970       -0.0000000000000000     
  0.97339999999999993        6.4007988539538436        2.7526715487204418       -0.0000000000000000     
  0.97529999999999994        6.4186758470872682        2.7632859451501197       -0.0000000000000000     
  0.97719999999999996        6.4365735285191219        2.7739104124851521       -0.0000000000000000     
  0.97909999999999986        6.4544918775740729        2.7845449200492198       -0.0000000000000000     
  0.98100000000000009        6.4724308735976441        2.7951894373396526       -0.0000000000000000     
  0.98290000000000000        6.4903904959568202        2.8058439340262349       -0.0000000000000000     
  0.98480000000000001        6.5083707240395308        2.8165083799496116       -0.0000000000000000     
  0.98670000000000002        6.5263715372554296        2.8271827451200706       -0.0000000000000000     
  0.98859999999999992        6.5443929150360436        2.8378669997163386       -0.0000000000000000     
  0.99049999999999994        6.5624348368343544        2.8485611140839451       -0.0000000000000000     
  0.99239999999999995        6.5804972821256635        2.8592650587341635       -0.0000000000000000     
  0.99429999999999996        6.5985802304079755        2.8699788043429821       -0.0000000000000000     
  0.99619999999999986        6.6166836612011606        2.8807023217491787       -0.0000000000000000     
  0.99810000000000010        6.6348075540482423        2.8914355819537332       -0.0000000000000000     
   1.0000000000000000        6.6529518885146253        2.9021785561180389       -0.0000000000000000     
