   5.0000000000000003E-002  0.23908285523785150        7.3497441658538533E-004  -0.0000000000000000     
   5.1899999999999995E-002  0.24819729964135756        8.1274349317772196E-004  -0.0000000000000000     
   5.3800000000000001E-002  0.25731466963672212        8.9524604009670378E-004  -0.0000000000000000     
   5.5700000000000006E-002  0.26643502931627600        9.8251851647849250E-004  -0.0000000000000000     
   5.7599999999999998E-002  0.27555843955816589        1.0745953599654711E-003  -0.0000000000000000     
   5.9499999999999997E-002  0.28468495844976155        1.1715099845642078E-003  -0.0000000000000000     
   6.1400000000000003E-002  0.29381464131535234        1.2732957154445025E-003  -0.0000000000000000     
   6.3300000000000009E-002  0.30294754109798216        1.3799866074949859E-003  -0.0000000000000000     
   6.5200000000000008E-002  0.31208370866885465        1.4916181851014384E-003  -0.0000000000000000     
   6.7099999999999993E-002  0.32122319292609780        1.6082281135915805E-003  -0.0000000000000000     
   6.9000000000000006E-002  0.33036604111737478        1.7298567837411910E-003  -0.0000000000000000     
   7.0900000000000005E-002  0.33951229901717322        1.8565478332122371E-003  -0.0000000000000000     
   7.2799999999999990E-002  0.34866201121862728        1.9883486006471497E-003  -0.0000000000000000     
   7.4700000000000003E-002  0.35781522121499687        2.1253105239797073E-003  -0.0000000000000000     
   7.6600000000000001E-002  0.36697197166389722        2.2674894800654545E-003  -0.0000000000000000     
   7.8500000000000000E-002  0.37613230454570135        2.4149460755995317E-003  -0.0000000000000000     
   8.0400000000000013E-002  0.38529626133160322        2.5677458914147174E-003  -0.0000000000000000     
   8.2300000000000012E-002  0.39446388313834674        2.7259596844743119E-003  -0.0000000000000000     
   8.4199999999999997E-002  0.40363521087558973        2.8896635513529462E-003  -0.0000000000000000     
   8.6099999999999996E-002  0.41281028536118525        3.0589390569409629E-003  -0.0000000000000000     
   8.7999999999999995E-002  0.42198914752754263        3.2338733311619589E-003  -0.0000000000000000     
   8.9899999999999994E-002  0.43117183842218798        3.4145591377587104E-003  -0.0000000000000000     
   9.1800000000000007E-002  0.44035839939264820        3.6010949170164910E-003  -0.0000000000000000     
   9.3700000000000006E-002  0.44954887216807971        3.7935848057648169E-003  -0.0000000000000000     
   9.5600000000000004E-002  0.45874329895185029        3.9921386369715780E-003  -0.0000000000000000     
   9.7500000000000017E-002  0.46794172250607696        4.1968719211375374E-003  -0.0000000000000000     
   9.9400000000000002E-002  0.47714418622992333        4.4079058117482226E-003  -0.0000000000000000     
  0.10130000000000000       0.48635073422989111        4.6253670565477726E-003  -0.0000000000000000     
  0.10320000000000000       0.49556141138493537        4.8493879366273696E-003  -0.0000000000000000     
  0.10510000000000000       0.50477626340503468        5.0801061947462348E-003  -0.0000000000000000     
  0.10700000000000000       0.51399533688408727        5.3176649544772314E-003  -0.0000000000000000     
  0.10890000000000001       0.52321867934749433        5.5622126315693476E-003  -0.0000000000000000     
  0.11080000000000001       0.53244633929536522        5.8139028386539468E-003  -0.0000000000000000     
  0.11270000000000001       0.54167836624069554        6.0728942844700592E-003  -0.0000000000000000     
  0.11460000000000002       0.55091481074305060        6.3393506686960348E-003  -0.0000000000000000     
  0.11649999999999999       0.56015572442214001        6.6134405731227090E-003  -0.0000000000000000     
  0.11840000000000001       0.56940116004802355        6.8953373501939030E-003  -0.0000000000000000     
  0.12030000000000000       0.57865117146899236        7.1852190096167133E-003  -0.0000000000000000     
  0.12220000000000000       0.58790581369341888        7.4832681036329047E-003  -0.0000000000000000     
  0.12410000000000000       0.59716514289062317        7.7896716116534802E-003  -0.0000000000000000     
  0.12600000000000000       0.60642921640466196        8.1046208248010069E-003  -0.0000000000000000     
  0.12790000000000001       0.61569809235675887        8.4279594682282223E-003  -0.0000000000000000     
  0.12980000000000003       0.62497179560340310        8.7559163569440775E-003  -0.0000000000000000     
  0.13169999999999998       0.63425033324946545        9.0904302670877443E-003  -0.0000000000000000     
  0.13360000000000000       0.64353373856558127        9.4325509879662987E-003  -0.0000000000000000     
  0.13550000000000001       0.65282205458187936        9.7828528040650245E-003  -0.0000000000000000     
  0.13739999999999999       0.66211533003957246        1.0141768681451512E-002  -0.0000000000000000     
  0.13930000000000001       0.67141361781894671        1.0509666308626691E-002  -0.0000000000000000     
  0.14120000000000002       0.68071697410549314        1.0886877353054117E-002  -0.0000000000000000     
  0.14310000000000000       0.69002545787627534        1.1273711527715009E-002  -0.0000000000000000     
  0.14500000000000002       0.69933913055340724        1.1670464310105873E-002  -0.0000000000000000     
  0.14690000000000000       0.70865805575393503        1.2077421571348983E-002  -0.0000000000000000     
  0.14879999999999999       0.71798229910090083        1.2494862536090605E-002  -0.0000000000000000     
  0.15070000000000000       0.72731192807525435        1.2923061768848660E-002  -0.0000000000000000     
  0.15260000000000001       0.73664701189599224        1.3362290558789472E-002  -0.0000000000000000     
  0.15450000000000000       0.74598762142119013        1.3812817914840340E-002  -0.0000000000000000     
  0.15640000000000001       0.75533382906398006        1.4274911299165300E-002  -0.0000000000000000     
  0.15830000000000002       0.76468570872102681        1.4748837179605611E-002  -0.0000000000000000     
  0.16020000000000001       0.77404333570962558        1.5234861453182954E-002  -0.0000000000000000     
  0.16210000000000002       0.78340678671276620        1.5733249776483056E-002  -0.0000000000000000     
  0.16400000000000001       0.79277613972969341        1.6244267827017302E-002  -0.0000000000000000     
  0.16589999999999999       0.80215147403186615        1.6768181513109152E-002  -0.0000000000000000     
  0.16780000000000000       0.81153287012300312        1.7305257144439642E-002  -0.0000000000000000     
  0.16970000000000002       0.82092040970266655        1.7855761572795295E-002  -0.0000000000000000     
  0.17160000000000000       0.83031417563279941        1.8419962309438428E-002  -0.0000000000000000     
  0.17350000000000002       0.83971425190735027        1.8998127624481713E-002  -0.0000000000000000     
  0.17540000000000003       0.84912072362369784        1.9590526632031046E-002  -0.0000000000000000     
  0.17730000000000001       0.85853367695657201        2.0197429364149481E-002  -0.0000000000000000     
  0.17920000000000003       0.86795319913372815        2.0819106835985660E-002  -0.0000000000000000     
  0.18110000000000001       0.87737937841321967        2.1455831103807246E-002  -0.0000000000000000     
  0.18300000000000000       0.88681230405320233        2.2107875317349538E-002  -0.0000000000000000     
  0.18490000000000001       0.89625206632861798        2.2775513767502358E-002  -0.0000000000000000     
  0.18680000000000002       0.90569875645823461        2.3459021930520439E-002  -0.0000000000000000     
  0.18870000000000001       0.91515246662365668        2.4158676508851746E-002  -0.0000000000000000     
  0.19060000000000002       0.92461328994413972        2.4874755469511383E-002  -0.0000000000000000     
  0.19250000000000003       0.93408132046140591        2.5607538080186627E-002  -0.0000000000000000     
  0.19439999999999999       0.94355665312550074        2.6357304943384688E-002  -0.0000000000000000     
  0.19630000000000000       0.95303938378145892        2.7124338028747568E-002  -0.0000000000000000     
  0.19820000000000002       0.96252960915680552        2.7908920703677467E-002  -0.0000000000000000     
  0.20010000000000000       0.97202742684986354        2.8711337762314857E-002  -0.0000000000000000     
  0.20200000000000001       0.98153293531876074        2.9531875452825665E-002  -0.0000000000000000     
  0.20390000000000003       0.99104623387097890        3.0370821502978689E-002  -0.0000000000000000     
  0.20580000000000001        1.0005674226538122        3.1228465143910998E-002  -0.0000000000000000     
  0.20770000000000002        1.0100966026450753        3.2105097131979350E-002  -0.0000000000000000     
  0.20960000000000004        1.0196338756444958        3.3001009768535018E-002  -0.0000000000000000     
  0.21149999999999999        1.0291793442656645        3.3916496917465684E-002  -0.0000000000000000     
  0.21340000000000001        1.0387331119282073        3.4851854020318505E-002  -0.0000000000000000     
  0.21529999999999999        1.0482952828506196        3.5807378108810503E-002  -0.0000000000000000     
  0.21720000000000000        1.0578659620431976        3.6783367814500006E-002  -0.0000000000000000     
  0.21909999999999999        1.0674452553015299        3.7780123375399016E-002  -0.0000000000000000     
  0.22100000000000003        1.0770332692000524        3.8797946639322629E-002  -0.0000000000000000     
  0.22289999999999999        1.0866301110859780        3.9837141063682475E-002  -0.0000000000000000     
  0.22479999999999997        1.0962358890733599        4.0898011711520028E-002  -0.0000000000000000     
  0.22670000000000001        1.1058507120373269        4.1980865243538869E-002  -0.0000000000000000     
  0.22860000000000000        1.1154746896083958        4.3086009905847149E-002  -0.0000000000000000     
  0.23050000000000001        1.1251079321668869        4.4213755513220238E-002  -0.0000000000000000     
  0.23240000000000000        1.1347505508373683        4.5364413427574343E-002  -0.0000000000000000     
  0.23430000000000001        1.1444026574830468        4.6538296531481817E-002  -0.0000000000000000     
  0.23619999999999999        1.1540643647001338        4.7735719196421098E-002  -0.0000000000000000     
  0.23810000000000003        1.1637357858121273        4.8956997245593478E-002  -0.0000000000000000     
  0.23999999999999999        1.1734170348639457        5.0202447911035182E-002  -0.0000000000000000     
  0.24189999999999998        1.1831082266158341        5.1472389784841178E-002  -0.0000000000000000     
  0.24380000000000002        1.1928094765371593        5.2767142764307912E-002  -0.0000000000000000     
  0.24570000000000000        1.2025209007998097        5.4087027990762211E-002  -0.0000000000000000     
  0.24760000000000001        1.2122426162714557        5.5432367781970970E-002  -0.0000000000000000     
  0.24950000000000000        1.2219747405083365        5.6803485557888410E-002  -0.0000000000000000     
  0.25140000000000001        1.2317173917477375        5.8200705759670485E-002  -0.0000000000000000     
  0.25330000000000003        1.2414706889000349        5.9624353761784835E-002  -0.0000000000000000     
  0.25519999999999998        1.2512347515403390        6.1074755777124498E-002  -0.0000000000000000     
  0.25710000000000000        1.2610096998995561        6.2552238755050227E-002  -0.0000000000000000     
  0.25900000000000001        1.2707956548550228        6.4057130272271584E-002  -0.0000000000000000     
  0.26090000000000002        1.2805927379205435        6.5589758416521593E-002  -0.0000000000000000     
  0.26279999999999998        1.2904010712358376        6.7150451663060939E-002  -0.0000000000000000     
  0.26469999999999999        1.3002207775553869        6.8739538743921469E-002  -0.0000000000000000     
  0.26660000000000000        1.3100519802366086        7.0357348510014683E-002  -0.0000000000000000     
  0.26849999999999996        1.3198948032273841        7.2004209786095008E-002  -0.0000000000000000     
  0.27040000000000003        1.3297493710528878        7.3680451218693571E-002  -0.0000000000000000     
  0.27229999999999999        1.3396158088016152        7.5386401117124205E-002  -0.0000000000000000     
  0.27420000000000000        1.3494942421168092        7.7122387288089567E-002  -0.0000000000000000     
  0.27610000000000001        1.3593847971566237        7.8888736861774306E-002  -0.0000000000000000     
  0.27799999999999997        1.3692876006148467        8.0685776115283964E-002  -0.0000000000000000     
  0.27989999999999998        1.3792027796789310        8.2513830286135625E-002  -0.0000000000000000     
  0.28179999999999999        1.3891304620185145        8.4373223381708759E-002  -0.0000000000000000     
  0.28370000000000001        1.3990707757666847        8.6264277982602625E-002  -0.0000000000000000     
  0.28559999999999997        1.4090238495004912        8.8187315040771000E-002  -0.0000000000000000     
  0.28750000000000003        1.4189898122205158        9.0142653672539555E-002  -0.0000000000000000     
  0.28939999999999999        1.4289687933296917        9.2130610947072811E-002  -0.0000000000000000     
  0.29130000000000000        1.4389609226112874        9.4151501670603613E-002  -0.0000000000000000     
  0.29320000000000002        1.4489663302058351        9.6205638166851876E-002  -0.0000000000000000     
  0.29509999999999997        1.4589851465874235        9.8293330054044836E-002  -0.0000000000000000     
  0.29699999999999999        1.4690175025392125       0.10041488401917195       -0.0000000000000000     
  0.29890000000000000        1.4790635291278440       0.10257060358969798       -0.0000000000000000     
  0.30080000000000001        1.4891233576772060       0.10476078890350310       -0.0000000000000000     
  0.30269999999999997        1.4991971197413778       0.10698573647744423       -0.0000000000000000     
  0.30460000000000004        1.5092849470768099       0.10924573897511630       -0.0000000000000000     
  0.30649999999999999        1.5193869716137200       0.11154108497442160       -0.0000000000000000     
  0.30840000000000001        1.5295033254266981       0.11387205873541854       -0.0000000000000000     
  0.31030000000000002        1.5396341407047314       0.11623893996915198       -0.0000000000000000     
  0.31219999999999998        1.5497795497203888       0.11864200360801473       -0.0000000000000000     
  0.31409999999999999        1.5599396847984952       0.12108151957819961       -0.0000000000000000     
  0.31600000000000000        1.5701146782841056       0.12355775257489879       -0.0000000000000000     
  0.31790000000000002        1.5803046625099222       0.12607096184082756       -0.0000000000000000     
  0.31979999999999997        1.5905097697631654       0.12862140094867286       -0.0000000000000000     
  0.32170000000000004        1.6007301322519816       0.13120931758804741       -0.0000000000000000     
  0.32360000000000000        1.6109658820713686       0.13383495335755316       -0.0000000000000000     
  0.32549999999999996        1.6212171511686664       0.13649854356251717       -0.0000000000000000     
  0.32740000000000002        1.6314840713087237       0.13920031701892280       -0.0000000000000000     
  0.32929999999999998        1.6417667740446100       0.14194049586516932       -0.0000000000000000     
  0.33119999999999999        1.6520653906581981       0.14471929537592929       -0.0000000000000000     
  0.33310000000000001        1.6623800521613827       0.14753692379421429       -0.0000000000000000     
  0.33500000000000002        1.6727108892350795       0.15039358216119905       -0.0000000000000000     
  0.33689999999999998        1.6830580321996838       0.15328946415997519       -0.0000000000000000     
  0.33879999999999999        1.6934216109794769       0.15622475596750968       -0.0000000000000000     
  0.34070000000000000        1.7038017550662803       0.15919963611593646       -0.0000000000000000     
  0.34259999999999996        1.7141985934836597       0.16221427536381289       -0.0000000000000000     
  0.34450000000000003        1.7246122547511300       0.16526883657752331       -0.0000000000000000     
  0.34639999999999999        1.7350428668485431       0.16836347462316112       -0.0000000000000000     
  0.34830000000000000        1.7454905571806689       0.17149833626910957       -0.0000000000000000     
  0.35020000000000001        1.7559554525419721       0.17467356009953799       -0.0000000000000000     
  0.35210000000000002        1.7664376790818981       0.17788927643902075       -0.0000000000000000     
  0.35399999999999998        1.7769373622703446       0.18114560728835252       -0.0000000000000000     
  0.35589999999999999        1.7874546268636404       0.18444266627168715       -0.0000000000000000     
  0.35780000000000001        1.7979895968710209       0.18778055859506396       -0.0000000000000000     
  0.35969999999999996        1.8085423955275832       0.19115938101790303       -0.0000000000000000     
  0.36160000000000003        1.8191131452370572       0.19457922182775361       -0.0000000000000000     
  0.36349999999999999        1.8297019675782111       0.19804016084289350       -0.0000000000000000     
  0.36540000000000000        1.8403089832475945       0.20154226940931202       -0.0000000000000000     
  0.36730000000000002        1.8509343120355786       0.20508561041733309       -0.0000000000000000     
  0.36920000000000003        1.8615780727966358       0.20867023832735984       -0.0000000000000000     
  0.37109999999999999        1.8722403834204120       0.21229619920636544       -0.0000000000000000     
  0.37300000000000000        1.8829213608035291       0.21596353077490307       -0.0000000000000000     
  0.37490000000000001        1.8936211208222877       0.21967226246427363       -0.0000000000000000     
  0.37679999999999997        1.9043397783062297       0.22342241548366784       -0.0000000000000000     
  0.37870000000000004        1.9150774470125673       0.22721400289689206       -0.0000000000000000     
  0.38059999999999999        1.9258342396015835       0.23104702970841481       -0.0000000000000000     
  0.38250000000000001        1.9366102676128825       0.23492149295826620       -0.0000000000000000     
  0.38440000000000002        1.9474056414483072       0.23883738182753853       -0.0000000000000000     
  0.38629999999999998        1.9582204703269470       0.24279467774170566       -0.0000000000000000     
  0.38819999999999999        1.9690548623009940       0.24679335450295456       -0.0000000000000000     
  0.39010000000000000        1.9799089242103800       0.25083337840780012       -0.0000000000000000     
  0.39200000000000002        1.9907827616708169       0.25491470838297009       -0.0000000000000000     
  0.39389999999999997        2.0016764790561532       0.25903729612539289       -0.0000000000000000     
  0.39580000000000004        2.0125901794816961       0.26320108624809829       -0.0000000000000000     
  0.39770000000000000        2.0235239647887244       0.26740601643174045       -0.0000000000000000     
  0.39959999999999996        2.0344779355298144       0.27165201758105462       -0.0000000000000000     
  0.40150000000000002        2.0454521909554035       0.27593901398608850       -0.0000000000000000     
  0.40339999999999998        2.0564468290074269       0.28026692349016030       -0.0000000000000000     
  0.40529999999999999        2.0674619462819002       0.28463565764756787       -0.0000000000000000     
  0.40720000000000001        2.0784976380596429       0.28904512191370024       -0.0000000000000000     
  0.40910000000000002        2.0895539982677405       0.29349521580768251       -0.0000000000000000     
  0.41099999999999998        2.1006311194789049       0.29798583309315574       -0.0000000000000000     
  0.41290000000000004        2.1117290929039623       0.30251686195777078       -0.0000000000000000     
  0.41480000000000000        2.1228480083854331       0.30708818519423120       -0.0000000000000000     
  0.41669999999999996        2.1339879543919293       0.31169968038250712       -0.0000000000000000     
  0.41860000000000003        2.1451490180136727       0.31635122007288097       -0.0000000000000000     
  0.42049999999999998        2.1563312849587071       0.32104267196931502       -0.0000000000000000     
  0.42240000000000005        2.1675348395556280       0.32577389911591653       -0.0000000000000000     
  0.42430000000000007        2.1787597647288326       0.33054476006770006       -0.0000000000000000     
  0.42620000000000002        2.1900061420337531       0.33535510909275773       -0.0000000000000000     
  0.42809999999999998        2.2012740516310032       0.34020479634019662       -0.0000000000000000     
  0.43000000000000005        2.2125635722938153       0.34509366802412861       -0.0000000000000000     
  0.43190000000000006        2.2238747814093052       0.35002156660266442       -0.0000000000000000     
  0.43380000000000002        2.2352077549808396       0.35498833095513288       -0.0000000000000000     
  0.43570000000000003        2.2465625676308014       0.35999379655725283       -0.0000000000000000     
  0.43759999999999999        2.2579392926041981       0.36503779565415245       -0.0000000000000000     
  0.43950000000000006        2.2693380017785341       0.37012015743460147       -0.0000000000000000     
  0.44140000000000007        2.2807587656455950       0.37524070818356187       -0.0000000000000000     
  0.44330000000000003        2.2922016533534255       0.38039927147136599       -0.0000000000000000     
  0.44519999999999998        2.3036667326870690       0.38559566829924585       -0.0000000000000000     
  0.44710000000000000        2.3151540700819497       0.39082971726260446       -0.0000000000000000     
  0.44900000000000007        2.3266637306312852       0.39610123470694131       -0.0000000000000000     
  0.45090000000000002        2.3381957780938940       0.40141003488028504       -0.0000000000000000     
  0.45280000000000004        2.3497502749026111       0.40675593008225008       -0.0000000000000000     
  0.45469999999999999        2.3613272821730624       0.41213873080943464       -0.0000000000000000     
  0.45660000000000006        2.3729268597130391       0.41755824589733498       -0.0000000000000000     
  0.45850000000000007        2.3845490660380646       0.42301428266366792       -0.0000000000000000     
  0.46040000000000003        2.3961939583569980       0.42850664702132685       -0.0000000000000000     
  0.46229999999999999        2.4078615926208613       0.43403514364234497       -0.0000000000000000     
  0.46420000000000000        2.4195520235071775       0.43959957606184530       -0.0000000000000000     
  0.46610000000000007        2.4312653044378569       0.44519974680693208       -0.0000000000000000     
  0.46800000000000003        2.4430014875910460       0.45083545751593285       -0.0000000000000000     
  0.46990000000000004        2.4547606239126218       0.45650650905382745       -0.0000000000000000     
  0.47180000000000011        2.4665427631285239       0.46221270162375300       -0.0000000000000000     
  0.47370000000000007        2.4783479537568986       0.46795383487479297       -0.0000000000000000     
  0.47560000000000008        2.4901762431206462       0.47372970800595543       -0.0000000000000000     
  0.47750000000000004        2.5020276773603816       0.47954011986648903       -0.0000000000000000     
  0.47939999999999999        2.5139023014471071       0.48538486905228234       -0.0000000000000000     
  0.48130000000000006        2.5258001591954771       0.49126375399886330       -0.0000000000000000     
  0.48320000000000007        2.5377212932770528       0.49717657307058510       -0.0000000000000000     
  0.48510000000000003        2.5496657452374798       0.50312312465263320       -0.0000000000000000     
  0.48700000000000004        2.5616335554942458       0.50910320720733149       -0.0000000000000000     
  0.48890000000000011        2.5736247633749030       0.51511661939267217       -0.0000000000000000     
  0.49080000000000007        2.5856394071136051       0.52116316011053587       -0.0000000000000000     
  0.49270000000000008        2.5976775238696614       0.52724262858556104       -0.0000000000000000     
  0.49460000000000004        2.6097391497408662       0.53335482443405902       -0.0000000000000000     
  0.49650000000000000        2.6218243197778444       0.53949954772958353       -0.0000000000000000     
  0.49840000000000007        2.6339330679977917       0.54567659906545740       -0.0000000000000000     
  0.50030000000000008        2.6460654273983750       0.55188577961436625       -0.0000000000000000     
  0.50220000000000009        2.6582214299717610       0.55812689118472369       -0.0000000000000000     
  0.50409999999999999        2.6704011067185718       0.56439973627462459       -0.0000000000000000     
  0.50600000000000001        2.6826044876616617       0.57070411812249822       -0.0000000000000000     
  0.50790000000000013        2.6948316018603058       0.57703984075549530       -0.0000000000000000     
  0.50980000000000003        2.7070824774237745       0.58340670903493475       -0.0000000000000000     
  0.51170000000000004        2.7193571415254096       0.58980452869936806       -0.0000000000000000     
  0.51360000000000006        2.7316556204161766       0.59623310640511873       -0.0000000000000000     
  0.51550000000000007        2.7439779394386847       0.60269224976444258       -0.0000000000000000     
  0.51740000000000008        2.7563241230405633       0.60918176738133611       -0.0000000000000000     
  0.51930000000000009        2.7686941947881483       0.61570146888514010       -0.0000000000000000     
  0.52120000000000000        2.7810881773801253       0.62225116496205335       -0.0000000000000000     
  0.52310000000000001        2.7935060926576769       0.62883066739180360       -0.0000000000000000     
  0.52500000000000013        2.8059479616299301       0.63543978904471876       -0.0000000000000000     
  0.52690000000000003        2.8184138044694809       0.64207834395357233       -0.0000000000000000     
  0.52880000000000005        2.8309036405370831       0.64874614730548552       -0.0000000000000000     
  0.53070000000000006        2.8434174883918821       0.65544301547178974       -0.0000000000000000     
  0.53260000000000007        2.8559553658039842       0.66216876602805419       -0.0000000000000000     
  0.53450000000000009        2.8685172897678881       0.66892321777241415       -0.0000000000000000     
  0.53640000000000010        2.8811032765144740       0.67570619074237404       -0.0000000000000000     
  0.53830000000000000        2.8937133415242844       0.68251750623014618       -0.0000000000000000     
  0.54020000000000001        2.9063474995391925       0.68935698679627699       -0.0000000000000000     
  0.54210000000000014        2.9190057645750977       0.69622445628216700       -0.0000000000000000     
  0.54400000000000004        2.9316881499341187       0.70311973982115550       -0.0000000000000000     
  0.54590000000000005        2.9443946682163129       0.71004266384808667       -0.0000000000000000     
  0.54780000000000006        2.9571253313319716       0.71699305610816266       -0.0000000000000000     
  0.54970000000000008        2.9698801505132937       0.72397074566418762       -0.0000000000000000     
  0.55160000000000009        2.9826591363253470       0.73097556290267451       -0.0000000000000000     
  0.55350000000000010        2.9954622986786905       0.73800733953941267       -0.0000000000000000     
  0.55540000000000000        3.0082896468397080       0.74506590862334032       -0.0000000000000000     
  0.55730000000000002        3.0211411894422890       0.75215110453996292       -0.0000000000000000     
  0.55920000000000014        3.0340169344986667       0.75926276301356110       -0.0000000000000000     
  0.56110000000000004        3.0469168894104923       0.76640072110876145       -0.0000000000000000     
  0.56300000000000006        3.0598410609796387       0.77356481723106152       -0.0000000000000000     
  0.56490000000000007        3.0727894554182913       0.78075489112660401       -0.0000000000000000     
  0.56680000000000008        3.0857620783601862       0.78797078388145836       -0.0000000000000000     
  0.56870000000000009        3.0987589348703377       0.79521233791986801       -0.0000000000000000     
  0.57060000000000011        3.1117800294554403       0.80247939700199733       -0.0000000000000000     
  0.57250000000000001        3.1248253660740519       0.80977180622111944       -0.0000000000000000     
  0.57440000000000002        3.1378949481459846       0.81708941199987817       -0.0000000000000000     
  0.57630000000000015        3.1509887785627009       0.82443206208653075       -0.0000000000000000     
  0.57820000000000005        3.1641068596963318       0.83179960555014121       -0.0000000000000000     
  0.58010000000000006        3.1772491934096312       0.83919189277567452       -0.0000000000000000     
  0.58200000000000007        3.1904157810310254       0.84660877546646118       -0.0000000000000000     
  0.58389999999999997        3.2036066234996015       0.85405010660501657       -0.0000000000000000     
  0.58580000000000010        3.2168217211705237       0.86151574049731738       -0.0000000000000000     
  0.58770000000000011        3.2300610739597246       0.86900553273169312       -0.0000000000000000     
  0.58960000000000001        3.2433246813186098       0.87651934018051891       -0.0000000000000000     
  0.59150000000000003        3.2566125422429271       0.88405702099271677       -0.0000000000000000     
  0.59340000000000015        3.2699246552812178       0.89161843458559420       -0.0000000000000000     
  0.59530000000000005        3.2832610185426852       0.89920344163746047       -0.0000000000000000     
  0.59720000000000006        3.2966216297060509       0.90681190407876500       -0.0000000000000000     
  0.59910000000000008        3.3100064860272145       0.91444368508359763       -0.0000000000000000     
  0.60099999999999998        3.3234155843479369       0.92209864906139316       -0.0000000000000000     
  0.60290000000000010        3.3368489211020269       0.92977666164677986       -0.0000000000000000     
  0.60480000000000012        3.3503064923253381       0.93747758969174388       -0.0000000000000000     
  0.60670000000000002        3.3637882936611110       0.94520130125507695       -0.0000000000000000     
  0.60860000000000003        3.3772943203689878       0.95294766559362742       -0.0000000000000000     
  0.61050000000000015        3.3908245673320829       0.96071655315237214       -0.0000000000000000     
  0.61240000000000006        3.4043790290628464       0.96850783555425601       -0.0000000000000000     
  0.61430000000000007        3.4179576997124435       0.97632138559082993       -0.0000000000000000     
  0.61620000000000008        3.4315605730755521       0.98415707721178902       -0.0000000000000000     
  0.61809999999999998        3.4451876425988992       0.99201478551525679       -0.0000000000000000     
  0.62000000000000011        3.4588389013862519       0.99989438673694853       -0.0000000000000000     
  0.62190000000000012        3.4725143422071949        1.0077957582407775       -0.0000000000000000     
  0.62380000000000002        3.4862139575015156        1.0157187785077408       -0.0000000000000000     
  0.62570000000000003        3.4999377393870517        1.0236633271259865       -0.0000000000000000     
  0.62760000000000005        3.5136856796654103        1.0316292847803064       -0.0000000000000000     
  0.62950000000000006        3.5274577698278948        1.0396165332416578       -0.0000000000000000     
  0.63140000000000007        3.5412540010622444        1.0476249553568544       -0.0000000000000000     
  0.63330000000000009        3.5550743642583877        1.0556544350380472       -0.0000000000000000     
  0.63519999999999999        3.5689188500137901        1.0637048572521379       -0.0000000000000000     
  0.63710000000000011        3.5827874486397970        1.0717761080104680       -0.0000000000000000     
  0.63900000000000012        3.5966801501670456        1.0798680743583235       -0.0000000000000000     
  0.64090000000000003        3.6105969443509198        1.0879806443644351       -0.0000000000000000     
  0.64280000000000004        3.6245378206777414        1.0961137071109168       -0.0000000000000000     
  0.64470000000000005        3.6385027683690931        1.1042671526822569       -0.0000000000000000     
  0.64660000000000006        3.6524917763876430        1.1124408721556021       -0.0000000000000000     
  0.64850000000000008        3.6665048334425223        1.1206347575901319       -0.0000000000000000     
  0.65040000000000009        3.6805419279938452        1.1288487020166718       -0.0000000000000000     
  0.65229999999999999        3.6946030482584136        1.1370825994279663       -0.0000000000000000     
  0.65420000000000011        3.7086881822138946        1.1453363447679781       -0.0000000000000000     
  0.65610000000000013        3.7227973176044697        1.1536098339222460       -0.0000000000000000     
  0.65800000000000003        3.7369304419445082        1.1619029637073008       -0.0000000000000000     
  0.65990000000000004        3.7510875425247021        1.1702156318613308       -0.0000000000000000     
  0.66180000000000005        3.7652686064148511        1.1785477370336375       -0.0000000000000000     
  0.66370000000000007        3.7794736204702923        1.1868991787753413       -0.0000000000000000     
  0.66560000000000008        3.7937025713345331        1.1952698575291472       -0.0000000000000000     
  0.66750000000000009        3.8079554454447466        1.2036596746197663       -0.0000000000000000     
  0.66940000000000000        3.8222322290356137        1.2120685322445921       -0.0000000000000000     
  0.67130000000000012        3.8365329081438455        1.2204963334636998       -0.0000000000000000     
  0.67320000000000013        3.8508574686115034        1.2289429821905686       -0.0000000000000000     
  0.67510000000000003        3.8652058960910973        1.2374083831828351       -0.0000000000000000     
  0.67700000000000005        3.8795781760487937        1.2458924420327118       -0.0000000000000000     
  0.67890000000000006        3.8939742937684390        1.2543950651578295       -0.0000000000000000     
  0.68080000000000007        3.9083942343557667        1.2629161597923120       -0.0000000000000000     
  0.68270000000000008        3.9228379827414712        1.2714556339772829       -0.0000000000000000     
  0.68460000000000010        3.9373055236856982        1.2800133965524239       -0.0000000000000000     
  0.68650000000000000        3.9517968417816016        1.2885893571468503       -0.0000000000000000     
  0.68840000000000012        3.9663119214576339        1.2971834261699229       -0.0000000000000000     
  0.69030000000000014        3.9808507469826986        1.3057955148031770       -0.0000000000000000     
  0.69220000000000004        3.9954133024688065        1.3144255349914258       -0.0000000000000000     
  0.69410000000000005        4.0099995718744186        1.3230733994341330       -0.0000000000000000     
  0.69600000000000006        4.0246095390079564        1.3317390215772333       -0.0000000000000000     
  0.69790000000000008        4.0392431875308876        1.3404223156043917       -0.0000000000000000     
  0.69980000000000009        4.0539005009613467        1.3491231964292967       -0.0000000000000000     
  0.70170000000000010        4.0685814626764412        1.3578415796868148       -0.0000000000000000     
  0.70360000000000000        4.0832860559161377        1.3665773817255118       -0.0000000000000000     
  0.70550000000000002        4.0980142637860668        1.3753305195993881       -0.0000000000000000     
  0.70740000000000014        4.1127660692603065        1.3841009110599949       -0.0000000000000000     
  0.70930000000000004        4.1275414551844740        1.3928884745487076       -0.0000000000000000     
  0.71120000000000005        4.1423404042785839        1.4016931291889290       -0.0000000000000000     
  0.71310000000000007        4.1571628991397782        1.4105147947784165       -0.0000000000000000     
  0.71500000000000008        4.1720089222448653        1.4193533917817827       -0.0000000000000000     
  0.71690000000000009        4.1868784559540595        1.4282088413233947       -0.0000000000000000     
  0.71880000000000011        4.2017714825121297        1.4370810651792159       -0.0000000000000000     
  0.72070000000000001        4.2166879840525393        1.4459699857705477       -0.0000000000000000     
  0.72260000000000002        4.2316279425984895        1.4548755261557265       -0.0000000000000000     
  0.72450000000000014        4.2465913400670390        1.4637976100240737       -0.0000000000000000     
  0.72640000000000005        4.2615781582703489        1.4727361616882821       -0.0000000000000000     
  0.72830000000000006        4.2765883789188450        1.4816911060775624       -0.0000000000000000     
  0.73020000000000007        4.2916219836231013        1.4906623687308707       -0.0000000000000000     
  0.73210000000000008        4.3066789538965571        1.4996498757901600       -0.0000000000000000     
  0.73400000000000010        4.3217592711575792        1.5086535539936152       -0.0000000000000000     
  0.73590000000000011        4.3368629167322270        1.5176733306692836       -0.0000000000000000     
  0.73780000000000001        4.3519898718558956        1.5267091337282463       -0.0000000000000000     
  0.73970000000000002        4.3671401176758122        1.5357608916585328       -0.0000000000000000     
  0.74160000000000015        4.3823136352531016        1.5448285335184049       -0.0000000000000000     
  0.74350000000000005        4.3975104055648320        1.5539119889303463       -0.0000000000000000     
  0.74540000000000006        4.4127304095065467        1.5630111880750157       -0.0000000000000000     
  0.74730000000000008        4.4279736278931736        1.5721260616844706       -0.0000000000000000     
  0.74919999999999998        4.4432400414628326        1.5812565410370920       -0.0000000000000000     
  0.75110000000000010        4.4585296308768454        1.5904025579507663       -0.0000000000000000     
  0.75300000000000011        4.4738423767233648        1.5995640447777004       -0.0000000000000000     
  0.75490000000000002        4.4891782595179155        1.6087409343979595       -0.0000000000000000     
  0.75680000000000003        4.5045372597062654        1.6179331602143689       -0.0000000000000000     
  0.75870000000000015        4.5199193576653665        1.6271406561462067       -0.0000000000000000     
  0.76060000000000005        4.5353245337060164        1.6363633566242193       -0.0000000000000000     
  0.76250000000000007        4.5507527680742834        1.6456011965848765       -0.0000000000000000     
  0.76440000000000008        4.5662040409529272        1.6548541114647630       -0.0000000000000000     
  0.76629999999999998        4.5816783324638344        1.6641220371956214       -0.0000000000000000     
  0.76820000000000010        4.5971756226685345        1.6734049101983641       -0.0000000000000000     
  0.77010000000000012        4.6126958915711409        1.6827026673786361       -0.0000000000000000     
  0.77200000000000002        4.6282391191192422        1.6920152461211115       -0.0000000000000000     
  0.77390000000000003        4.6438052852055112        1.7013425842846601       -0.0000000000000000     
  0.77580000000000016        4.6593943696695295        1.7106846201971195       -0.0000000000000000     
  0.77770000000000006        4.6750063522991772        1.7200412926505286       -0.0000000000000000     
  0.77960000000000007        4.6906412128320252        1.7294125408959631       -0.0000000000000000     
  0.78150000000000008        4.7062989309569030        1.7387983046389905       -0.0000000000000000     
  0.78339999999999999        4.7219794863157487        1.7481985240348581       -0.0000000000000000     
  0.78530000000000011        4.7376828585042272        1.7576131396834200       -0.0000000000000000     
  0.78720000000000012        4.7534090270738965        1.7670420926249923       -0.0000000000000000     
  0.78910000000000002        4.7691579715327945        1.7764853243352305       -0.0000000000000000     
  0.79100000000000004        4.7849296713481086        1.7859427767213527       -0.0000000000000000     
  0.79290000000000016        4.8007241059458012        1.7954143921166665       -0.0000000000000000     
  0.79480000000000006        4.8165412547133295        1.8049001132770508       -0.0000000000000000     
  0.79670000000000007        4.8323810969998942        1.8143998833758663       -0.0000000000000000     
  0.79860000000000009        4.8482436121188792        1.8239136460004617       -0.0000000000000000     
  0.80049999999999999        4.8641287793478343        1.8334413451471738       -0.0000000000000000     
  0.80240000000000011        4.8800365779305270        1.8429829252174983       -0.0000000000000000     
  0.80430000000000013        4.8959669870773350        1.8525383310137704       -0.0000000000000000     
  0.80620000000000003        4.9119199859678808        1.8621075077354929       -0.0000000000000000     
  0.80810000000000004        4.9278955537507727        1.8716904009749029       -0.0000000000000000     
  0.81000000000000016        4.9438936695448463        1.8812869567127799       -0.0000000000000000     
  0.81190000000000007        4.9599143124413176        1.8908971213152748       -0.0000000000000000     
  0.81380000000000008        4.9759574615039330        1.9005208415293673       -0.0000000000000000     
  0.81570000000000009        4.9920230957702465        1.9101580644792371       -0.0000000000000000     
  0.81759999999999999        5.0081111942529324        1.9198087376627349       -0.0000000000000000     
  0.81950000000000012        5.0242217359406078        1.9294728089471396       -0.0000000000000000     
  0.82140000000000013        5.0403546997988098        1.9391502265658798       -0.0000000000000000     
  0.82330000000000003        5.0565100647711914        1.9488409391148127       -0.0000000000000000     
  0.82520000000000004        5.0726878097801826        1.9585448955484845       -0.0000000000000000     
  0.82710000000000006        5.0888879137283238        1.9682620451767445       -0.0000000000000000     
  0.82900000000000007        5.1051103554994643        1.9779923376614204       -0.0000000000000000     
  0.83090000000000008        5.1213551139586375        1.9877357230123018       -0.0000000000000000     
  0.83280000000000010        5.1376221679538405        1.9974921515841546       -0.0000000000000000     
  0.83470000000000000        5.1539114963168808        2.0072615740733322       -0.0000000000000000     
  0.83660000000000012        5.1702230778643070        2.0170439415145545       -0.0000000000000000     
  0.83850000000000013        5.1865568913972773        2.0268392052769482       -0.0000000000000000     
  0.84040000000000004        5.2029129157041716        2.0366473170618264       -0.0000000000000000     
  0.84230000000000005        5.2192911295599975        2.0464682288987235       -0.0000000000000000     
  0.84420000000000006        5.2356915117278104        2.0563018931425874       -0.0000000000000000     
  0.84609999999999996        5.2521140409590190        2.0661482624702403       -0.0000000000000000     
  0.84799999999999998        5.2685586959954609        2.0760072898781132       -0.0000000000000000     
  0.84989999999999999        5.2850254555683778        2.0858789286782340       -0.0000000000000000     
  0.85180000000000000        5.3015142984005070        2.0957631324958714       -0.0000000000000000     
  0.85370000000000013        5.3180252032065836        2.1056598552664325       -0.0000000000000000     
  0.85560000000000014        5.3345581486936311        2.1155690512323213       -0.0000000000000000     
  0.85750000000000004        5.3511131135621115        2.1254906749402607       -0.0000000000000000     
  0.85940000000000005        5.3676900765063955        2.1354246812382418       -0.0000000000000000     
  0.86130000000000007        5.3842890162158747        2.1453710252731160       -0.0000000000000000     
  0.86319999999999997        5.4009099113750807        2.1553296624872176       -0.0000000000000000     
  0.86509999999999998        5.4175527406647497        2.1653005486159382       -0.0000000000000000     
  0.86699999999999999        5.4342174827624241        2.1752836396850230       -0.0000000000000000     
  0.86890000000000001        5.4509041163430876        2.1852788920079025       -0.0000000000000000     
  0.87079999999999991        5.4676126200796427        2.1952862621826981       -0.0000000000000000     
  0.87270000000000014        5.4843429726435913        2.2053057070899600       -0.0000000000000000     
  0.87460000000000004        5.5010951527062950        2.2153371838901856       -0.0000000000000000     
  0.87650000000000006        5.5178691389384529        2.2253806500206981       -0.0000000000000000     
  0.87840000000000007        5.5346649100116210        2.2354360631936503       -0.0000000000000000     
  0.88029999999999997        5.5514824445981068        2.2455033813931240       -0.0000000000000000     
  0.88219999999999998        5.5683217213722802        2.2555825628731099       -0.0000000000000000     
  0.88410000000000000        5.5851827190106738        2.2656735661547112       -0.0000000000000000     
  0.88600000000000001        5.6020654161926879        2.2757763500238610       -0.0000000000000000     
  0.88789999999999991        5.6189697916008070        2.2858908735288783       -0.0000000000000000     
  0.88980000000000015        5.6358958239215768        2.2960170959780881       -0.0000000000000000     
  0.89170000000000005        5.6528434918461841        2.3061549769377221       -0.0000000000000000     
  0.89360000000000006        5.6698127740703708        2.3163044762293197       -0.0000000000000000     
  0.89550000000000007        5.6868036492956717        2.3264655539277115       -0.0000000000000000     
  0.89739999999999998        5.7038160962293905        2.3366381703586065       -0.0000000000000000     
  0.89929999999999999        5.7208500935851001        2.3468222860962751       -0.0000000000000000     
  0.90120000000000000        5.7379056200835716        2.3570178619616273       -0.0000000000000000     
  0.90309999999999990        5.7549826544529834        2.3672248590200615       -0.0000000000000000     
  0.90499999999999992        5.7720811754293946        2.3774432385789894       -0.0000000000000000     
  0.90689999999999993        5.7892011617569432        2.3876729621859911       -0.0000000000000000     
  0.90879999999999994        5.8063425921887699        2.3979139916266035       -0.0000000000000000     
  0.91070000000000007        5.8235054454868997        2.4081662889222328       -0.0000000000000000     
  0.91260000000000008        5.8406897004235248        2.4184298163283655       -0.0000000000000000     
  0.91449999999999998        5.8578953357803263        2.4287045363320434       -0.0000000000000000     
  0.91639999999999999        5.8751223303500222        2.4389904116506034       -0.0000000000000000     
  0.91830000000000001        5.8923706629356900        2.4492874052288141       -0.0000000000000000     
  0.92019999999999991        5.9096403123521597        2.4595954802377120       -0.0000000000000000     
  0.92209999999999992        5.9269312574256796        2.4699146000721810       -0.0000000000000000     
  0.92399999999999993        5.9442434769946990        2.4802447283492906       -0.0000000000000000     
  0.92589999999999995        5.9615769499098894        2.4905858289061835       -0.0000000000000000     
  0.92780000000000007        5.9789316550350851        2.5009378657985071       -0.0000000000000000     
  0.92970000000000008        5.9963075712471783        2.5113008032983526       -0.0000000000000000     
  0.93159999999999998        6.0137046774364515        2.5216746058924007       -0.0000000000000000     
  0.93350000000000000        6.0311229525073280        2.5320592382803655       -0.0000000000000000     
  0.93540000000000001        6.0485623753783555        2.5424546653728775       -0.0000000000000000     
  0.93729999999999991        6.0660229249828754        2.5528608522901504       -0.0000000000000000     
  0.93919999999999992        6.0835045802687491        2.5632777643596354       -0.0000000000000000     
  0.94109999999999994        6.1010073201995665        2.5737053671150041       -0.0000000000000000     
  0.94299999999999995        6.1185311237540096        2.5841436262936988       -0.0000000000000000     
  0.94490000000000007        6.1360759699271412        2.5945925078360106       -0.0000000000000000     
  0.94680000000000009        6.1536418377298361        2.6050519778827224       -0.0000000000000000     
  0.94869999999999999        6.1712287061897486        2.6155220027739787       -0.0000000000000000     
  0.95060000000000000        6.1888365543511439        2.6260025490473211       -0.0000000000000000     
  0.95250000000000001        6.2064653612755576        2.6364935834363021       -0.0000000000000000     
  0.95439999999999992        6.2241151060415980        2.6469950728685552       -0.0000000000000000     
  0.95629999999999993        6.2417857677459434        2.6575069844647472       -0.0000000000000000     
  0.95819999999999994        6.2594773255028153        2.6680292855364156       -0.0000000000000000     
  0.96009999999999995        6.2771897584451217        2.6785619435849752       -0.0000000000000000     
  0.96199999999999986        6.2949230457236487        2.6891049262997315       -0.0000000000000000     
  0.96390000000000009        6.3126771665086103        2.6996582015568005       -0.0000000000000000     
  0.96579999999999999        6.3304520999886336        2.7102217374170952       -0.0000000000000000     
  0.96770000000000000        6.3482478253717138        2.7207955021252554       -0.0000000000000000     
  0.96960000000000002        6.3660643218854904        2.7313794641080800       -0.0000000000000000     
  0.97149999999999992        6.3839015687771914        2.7419735919730104       -0.0000000000000000     
  0.97339999999999993        6.4017595453142189        2.7525778545068631       -0.0000000000000000     
  0.97529999999999994        6.4196382307838133        2.7631922206740760       -0.0000000000000000     
  0.97719999999999996        6.4375376044941754        2.7738166596157825       -0.0000000000000000     
  0.97909999999999986        6.4554576457734409        2.7844511406478416       -0.0000000000000000     
  0.98100000000000009        6.4733983339712875        2.7950956332600971       -0.0000000000000000     
  0.98290000000000000        6.4913596484580216        2.8057501071144557       -0.0000000000000000     
  0.98480000000000001        6.5093415686254472        2.8164145320438885       -0.0000000000000000     
  0.98670000000000002        6.5273440738867601        2.8270888780510419       -0.0000000000000000     
  0.98859999999999992        6.5453671436767991        2.8377731153066827       -0.0000000000000000     
  0.99049999999999994        6.5634107574527434        2.8484672141489282       -0.0000000000000000     
  0.99239999999999995        6.5814748946931063        2.8591711450811923       -0.0000000000000000     
  0.99429999999999996        6.5995595348992344        2.8698848787715669       -0.0000000000000000     
  0.99619999999999986        6.6176646575947515        2.8806083860513350       -0.0000000000000000     
  0.99810000000000010        6.6357902423259265        2.8913416379135994       -0.0000000000000000     
   1.0000000000000000        6.6539362686618171        2.9020846055121226       -0.0000000000000000     
