5.0000000000000003E-002	0.23897027212472513	6.4541516897460307E-004
5.1899999999999995E-002	0.24807694223033019	7.1823279557111969E-004
5.3800000000000001E-002	0.25718635687344937	7.9579914041842854E-004
5.5700000000000006E-002	0.26629858718535970	8.7815844497057057E-004
5.7599999999999998E-002	0.27541370100103663	9.6535195766147381E-004
5.9499999999999997E-002	0.28453176289599041	1.0574189808767154E-003
6.1400000000000003E-002	0.29365283455937430	1.1543978092380758E-003
6.3300000000000009E-002	0.30277697510027229	1.2563265860350849E-003
6.5200000000000008E-002	0.31190424116502979	1.3632440913163677E-003
6.7099999999999993E-002	0.32103468725874790	1.4751904419278256E-003
6.9000000000000006E-002	0.33016836595681742	1.5922077259377017E-003
7.0900000000000005E-002	0.33930532810368391	1.7143405696442532E-003
7.2799999999999990E-002	0.34844562311127869	1.8416366394357999E-003
7.4700000000000003E-002	0.35758929903794145	1.9741470905911712E-003
7.6600000000000001E-002	0.36673640286040821	2.1119269568946565E-003
7.8500000000000000E-002	0.37588698063705878	2.2550354926187473E-003
8.0400000000000013E-002	0.38504107768086371	2.4035364678148558E-003
8.2300000000000012E-002	0.39419873872148647	2.5574984211211224E-003
8.4199999999999997E-002	0.40336000803941557	2.7169948735193661E-003
8.6099999999999996E-002	0.41252492968668608	2.8821045061448282E-003
8.7999999999999995E-002	0.42169354750805127	3.0529113061073866E-003
8.9899999999999994E-002	0.43086590534067537	3.2295046821065442E-003
9.1800000000000007E-002	0.44004204711292993	3.4119795534034792E-003
9.3700000000000006E-002	0.44922201695428549	3.6004364145053201E-003
9.5600000000000004E-002	0.45840585929614514	3.7949813779089817E-003
9.7500000000000017E-002	0.46759361896611368	3.9957261971586460E-003
9.9400000000000002E-002	0.47678534127460775	4.2027882723145726E-003
0.10130000000000000	0.48598107209572067	4.4162906396315923E-003
0.10320000000000000	0.49518085794031463	4.6363619473741543E-003
0.10510000000000000	0.50438474602454220	4.8631364191388370E-003
0.10700000000000000	0.51359278433162525	5.0967538065008070E-003
0.10890000000000001	0.52280502166890286	5.3373593318807224E-003
0.11080000000000001	0.53202150771995149	5.5851036234291261E-003
0.11270000000000001	0.54124229309137506	5.8401426425207662E-003
0.11460000000000002	0.55046742933935089	6.1026376052879345E-003
0.11649999999999999	0.55969696907148425	6.3727548989313256E-003
0.11840000000000001	0.56893096588757885	6.6506659937421338E-003
0.12030000000000000	0.57816947447232858	6.9365473515574120E-003
0.12220000000000000	0.58741255060769404	7.2305803314026886E-003
0.12410000000000000	0.59666025119687172	7.5329510929008402E-003
0.12600000000000000	0.60591263428594055	7.8438504980832754E-003
0.12790000000000001	0.61516975908216387	8.1634740120652763E-003
0.12980000000000003	0.62443168597007259	8.4920216030622900E-003
0.13169999999999998	0.63369847652495570	8.8296976421556109E-003
0.13360000000000000	0.64297019310115200	9.1763532070896301E-003
0.13550000000000001	0.65224686795063902	9.5285265621432216E-003
0.13739999999999999	0.66152851853631500	9.8880677271234452E-003
0.13930000000000001	0.67081518548452845	1.0255965831883955E-002
0.14120000000000002	0.68010691813967727	1.0632778801540611E-002
0.14310000000000000	0.68940377102964367	1.1018935372809662E-002
0.14500000000000002	0.69870580248788750	1.1414804663133089E-002
0.14690000000000000	0.70801307392236223	1.1820723038726718E-002
0.14879999999999999	0.71732564936487542	1.2237007060212506E-002
0.15070000000000000	0.72664359516753085	1.2663960596287561E-002
0.15260000000000001	0.73596697978380088	1.3101879093758269E-002
0.15450000000000000	0.74529587360366523	1.3551052309138596E-002
0.15640000000000001	0.75463034882401903	1.4011766141986765E-002
0.15830000000000002	0.76397047934431361	1.4484303912070211E-002
0.16020000000000001	0.77331634068017330	1.4968947276091802E-002
0.16210000000000002	0.78266800989039276	1.5465976901718940E-002
0.16400000000000001	0.79202556551430581	1.5975672973161856E-002
0.16589999999999999	0.80138908751717353	1.6498315576927752E-002
0.16780000000000000	0.81075865724186824	1.7034185000010506E-002
0.16970000000000002	0.82013435736578055	1.7583561963449904E-002
0.17160000000000000	0.82951627186223231	1.8146727807049377E-002
0.17350000000000002	0.83890448596474254	1.8723964636788146E-002
0.17540000000000003	0.84829908613542571	1.9315555443323855E-002
0.17730000000000001	0.85770016003491822	1.9921784197984245E-002
0.17920000000000003	0.86710779649474812	2.0542935930753528E-002
0.18110000000000001	0.87652208549216459	2.1179296794213816E-002
0.18300000000000000	0.88594311812589566	2.1831154115831704E-002
0.18490000000000001	0.89537098659399095	2.2498796441012138E-002
0.18680000000000002	0.90480578416369528	2.3182513568402337E-002
0.18870000000000001	0.91424760518710357	2.3882596578812029E-002
0.19060000000000002	0.92369654502922638	2.4599337858898840E-002
0.19250000000000003	0.93315270008547402	2.5333031120073263E-002
0.19439999999999999	0.94261616775586543	2.6083971413536799E-002
0.19630000000000000	0.95208704642875308	2.6852455141745880E-002
0.19820000000000002	0.96156543546546758	2.7638780066741642E-002
0.20010000000000000	0.97105143518546566	2.8443245315509149E-002
0.20200000000000001	0.98054514685214123	2.9266151382598724E-002
0.20390000000000003	0.99004667265914392	3.0107800130106999E-002
0.20580000000000001	0.99955611571726843	3.0968494785049844E-002
0.20770000000000002	1.0090735800417108	3.1848539934180124E-002
0.20960000000000004	1.0185991705398165	3.2748241516190733E-002
0.21149999999999999	1.0281329929991019	3.3667906811247574E-002
0.21340000000000001	1.0376751540756821	3.4607844427822297E-002
0.21529999999999999	1.0472257612829239	3.5568364286653532E-002
0.21720000000000000	1.0567849229804047	3.6549777601779201E-002
0.21909999999999999	1.0663527483630078	3.7552396858451409E-002
0.22100000000000003	1.0759293474502292	3.8576535787858364E-002
0.22289999999999999	1.0855148310756684	3.9622509338442184E-002
0.22479999999999997	1.0951093108764967	4.0690633643674062E-002
0.22670000000000001	1.1047128992831492	4.1781225986152477E-002
0.22860000000000000	1.1143257095088743	4.2894604757819824E-002
0.23050000000000001	1.1239478555394682	4.4031089416153309E-002
0.23240000000000000	1.1335794521227878	4.5191000436171240E-002
0.23430000000000001	1.1432206147583375	4.6374659258082672E-002
0.23619999999999999	1.1528714596866858	4.7582388230443952E-002
0.23810000000000003	1.1625321038787328	4.8814510548648618E-002
0.23999999999999999	1.1722026650248427	5.0071350188628620E-002
0.24189999999999998	1.1818832615237980	5.1353231835628663E-002
0.24380000000000002	1.1915740124714156	5.2660480807917465E-002
0.24570000000000000	1.2012750376490497	5.3993422975351674E-002
0.24760000000000001	1.2109864575116547	5.5352384672653389E-002
0.24950000000000000	1.2207083931756317	5.6737692607358454E-002
0.25140000000000001	1.2304409664062839	5.8149673762333778E-002
0.25330000000000003	1.2401842996048509	5.9588655292805597E-002
0.25519999999999998	1.2499385157952099	6.1054964417886368E-002
0.25710000000000000	1.2597037386101066	6.2548928306543683E-002
0.25900000000000001	1.2694800922768903	6.4070873958039121E-002
0.26090000000000002	1.2792677016028391	6.5621128076833735E-002
0.26279999999999998	1.2890666919599387	6.7200016941985879E-002
0.26469999999999999	1.2988771892753477	6.8807866271434648E-002
0.26660000000000000	1.3086993199899779	7.0445001079347772E-002
0.26849999999999996	1.3185332110796344	7.2111745531361446E-002
0.27040000000000003	1.3283789900120786	7.3808422791505401E-002
0.27229999999999999	1.3382367847353476	7.5535354865664886E-002
0.27420000000000000	1.3481067236591420	7.7292862440045754E-002
0.27610000000000001	1.3579889356355221	7.9081264714777735E-002
0.27799999999999997	1.3678835499390618	8.0900879233224046E-002
0.27989999999999998	1.3777906962461857	8.2752021707038909E-002
0.28179999999999999	1.3877105046140386	8.4635005837262176E-002
0.28370000000000001	1.3976431054586353	8.6550143131750940E-002
0.28559999999999997	1.4075886295322770	8.8497742719251510E-002
0.28750000000000003	1.4175472079004403	9.0478111160340033E-002
0.28939999999999999	1.4275189719179739	9.2491552255736409E-002
0.29130000000000000	1.4375040532046415	9.4538366852212730E-002
0.29320000000000002	1.4475025836199122	9.6618852646467121E-002
0.29509999999999997	1.4575146952373466	9.8733303987475082E-002
0.29699999999999999	1.4675405203181686	0.10088201167763519
0.29890000000000000	1.4775801912843340	0.10306526277309098
0.30080000000000001	1.4876338406909344	0.10528334038381743
0.30269999999999997	1.4977016011981066	0.10753652347377261
0.30460000000000004	1.5077836055423728	0.10982508666158078
0.30649999999999999	1.5178799865073616	0.11214930002239139
0.30840000000000001	1.5279908768941430	0.11450942889108522
0.31030000000000002	1.5381164094910427	0.11690573366758486
0.31219999999999998	1.5482567170429251	0.11933846962456326
0.31409999999999999	1.5584119322202015	0.12180788671813018
0.31600000000000000	1.5685821875873236	0.12431422940191138
0.31790000000000002	1.5787676155710075	0.12685773644501594
0.31979999999999997	1.5889683484280581	0.12943864075435960
0.32170000000000004	1.5991845182129847	0.13205716920180144
0.32360000000000000	1.6094162567453394	0.13471354245651984
0.32549999999999996	1.6196636955824995	0.13740797482402262
0.32740000000000002	1.6299269659634628	0.14014067408657407
0.32929999999999998	1.6402061988113259	0.14291184135960411
0.33119999999999999	1.6505015246756389	0.14572167094543378
0.33310000000000001	1.6608130737054823	0.14857035019916176
0.33500000000000002	1.6711409756162574	0.15145805940111762
0.33689999999999998	1.6814853596562973	0.15438497163722453
0.33879999999999999	1.6918463545738216	0.15735125268773004
0.34070000000000000	1.7022240885839965	0.16035706092425583
0.34259999999999996	1.7126186893360853	0.16340254721572139
0.34450000000000003	1.7230302838809095	0.16648785484318598
0.34639999999999999	1.7334589986385676	0.16961311942384624
0.34830000000000000	1.7439049593664584	0.17277846884432968
0.35020000000000001	1.7543682911276377	0.17598402320342665
0.35210000000000002	1.7648491182596169	0.17922989476438003
0.35399999999999998	1.7753475643436063	0.18251618791673144
0.35589999999999999	1.7858637521803380	0.18584299914938510
0.35780000000000001	1.7963978037349613	0.18921041702548425
0.35969999999999996	1.8069498401469533	0.19261852218279585
0.36160000000000003	1.8175199816747791	0.19606738732753973
0.36349999999999999	1.8281083476746958	0.19955707724588498
0.36540000000000000	1.8387150565733714	0.20308764882313099
0.36730000000000002	1.8493402258413068	0.20665915107216126
0.36920000000000003	1.8599839719668996	0.21027162517100290
0.37109999999999999	1.8706464104313436	0.21392510450923957
0.37300000000000000	1.8813276556842140	0.21761961474309685
0.37490000000000001	1.8920278211198751	0.22135517385898856
0.37679999999999997	1.9027470190547613	0.22513179224527410
0.37870000000000004	1.9134853607054356	0.22894947277187280
0.38059999999999999	1.9242429561736332	0.23280821087959527
0.38250000000000001	1.9350199144006275	0.23670799466629910
0.38440000000000002	1.9458163431879321	0.24064880500158822
0.38629999999999998	1.9566323491510123	0.24463061562601604
0.38819999999999999	1.9674680377091198	0.24865339326795086
0.39010000000000000	1.9783235130686898	0.25271709776409579
0.39200000000000002	1.9891988782078256	0.25682168218564694
0.39389999999999997	2.0000942348615607	0.26096709296958753
0.39580000000000004	2.0110096835080644	0.26515327005492173
0.39770000000000000	2.0219453233559026	0.26938014702330648
0.39959999999999996	2.0329012523320658	0.27364765124388080
0.40150000000000002	2.0438775670769318	0.27795570402419328
0.40339999999999998	2.0548743629094410	0.28230422075171846
0.40529999999999999	2.0658917338571432	0.28669311106499695
0.40720000000000001	2.0769297726204070	0.29112227899962051
0.40910000000000002	2.0879885705723149	0.29559162315098181
0.41099999999999998	2.0990682177523308	0.30010103683584227
0.41290000000000004	2.1101688028606334	0.30465040825544337
0.41480000000000000	2.1212904132534933	0.30923962065990018
0.41669999999999996	2.1324331349393675	0.31386855251338930
0.41860000000000003	2.1435970525828161	0.31853707766344785
0.42049999999999998	2.1547822494729076	0.32324506549238646
0.42240000000000005	2.1659888075684059	0.32799238110632395
0.42430000000000007	2.1772168074641862	0.33277888548475554
0.42620000000000002	2.1884663284000392	0.33760443564981457
0.42809999999999998	2.1997374482615606	0.34246888483059013
0.43000000000000005	2.2110302435816864	0.34737208262618224
0.43190000000000006	2.2223447895428885	0.35231387516752621
0.43380000000000002	2.2336811599801907	0.35729410527766808
0.43570000000000003	2.2450394273846066	0.36231261263019338
0.43759999999999999	2.2564196629133493	0.36736923390953774
0.43950000000000006	2.2678219363697174	0.37246380294993159
0.44140000000000007	2.2792463162476406	0.37759615091171167
0.44330000000000003	2.2906928697102060	0.38276610641418352
0.44519999999999998	2.3021616626032442	0.38797349568712952
0.44710000000000000	2.3136527594624452	0.39321814271520000
0.44900000000000007	2.3251662235207506	0.39849986937952958
0.45090000000000002	2.3367021167163076	0.40381849559635613
0.45280000000000004	2.3482604997009116	0.40917383945273073
0.45469999999999999	2.3598414318487309	0.41456571733902464
0.45660000000000006	2.3714449712655985	0.41999394407836022
0.45850000000000007	2.3830711748042406	0.42545833305755393
0.46040000000000003	2.3947200980505552	0.43095869633045192
0.46229999999999999	2.4063917953709533	0.43649484476797040
0.46420000000000000	2.4180863198971903	0.44206658815342048
0.46610000000000007	2.4298037235439143	0.44767373530077148
0.46800000000000003	2.4415440570200722	0.45331609416449326
0.46990000000000004	2.4533073698400467	0.45899347194555606
0.47180000000000011	2.4650937103354922	0.46470567519439865
0.47370000000000007	2.4769031256673397	0.47045250991051119
0.47560000000000008	2.4887356618375898	0.47623378163846053
0.47750000000000004	2.5005913637018935	0.48204929556090714
0.47939999999999999	2.5124702749817933	0.48789885658811066
0.48130000000000006	2.5243724382774602	0.49378226944432885
0.48320000000000007	2.5362978950803532	0.49969933875088046
0.48510000000000003	2.5482466857902644	0.50564986911221366
0.48700000000000004	2.5602188497109810	0.51163366516777187
0.48890000000000011	2.5722144250902934	0.51765053170415976
0.49080000000000007	2.5842334491144316	0.52370027369957184
0.49270000000000008	2.5962759579260060	0.52978269639820152
0.49460000000000004	2.6083419866376274	0.53589760537534703
0.49650000000000000	2.6204315693448494	0.54204480659908605
0.49840000000000007	2.6325447391393788	0.54822410648960584
0.50030000000000008	2.6446815281229101	0.55443531197575013
0.50220000000000009	2.6568419674200392	0.56067823054868904
0.50409999999999999	2.6690260871916403	0.56695267031320806
0.50600000000000001	2.6812339166485173	0.57325844003636717
0.50790000000000013	2.6934654840642249	0.57959534919368494
0.50980000000000003	2.7057208167887095	0.58596320801296042
0.51170000000000004	2.7179999412612763	0.59236182751578470
0.51360000000000006	2.7303028830241622	0.59879101955676928
0.51550000000000007	2.7426296667352288	0.60525059686052662
0.51740000000000008	2.7549803161811623	0.61174037305658591
0.51930000000000009	2.7673548542907729	0.61826016271233486
0.52120000000000000	2.7797533031473991	0.62480978136366161
0.52310000000000001	2.7921756840002874	0.63138904555177344
0.52500000000000013	2.8046220172846716	0.63799777281893100
0.52690000000000003	2.8170923226234992	0.64463578178142744
0.52880000000000005	2.8295866188469505	0.65130289212062753
0.53070000000000006	2.8421049240035945	0.65799892461328779
0.53260000000000007	2.8546472553723135	0.66472370115159385
0.53450000000000009	2.8672136294747794	0.67147704476197201
0.53640000000000010	2.8798040620877079	0.67825877962230008
0.53830000000000000	2.8924185682546733	0.68506873107764255
0.54020000000000001	2.9050571622983634	0.69190672565478828
0.54210000000000014	2.9177198578319814	0.69877259107508505
0.54400000000000004	2.9304066677709799	0.70566615626628237
0.54590000000000005	2.9431176043452818	0.71258725137353685
0.54780000000000006	2.9558526791093613	0.71953570776804820
0.54970000000000008	2.9686119029553382	0.72651135805636124
0.55160000000000009	2.9813952861224351	0.73351403608674237
0.55350000000000010	2.9942028382089432	0.74054357695588902
0.55540000000000000	3.0070345681832511	0.74759981701412004
0.55730000000000002	3.0198904843939030	0.75468259386956660
0.55920000000000014	3.0327705945809789	0.76179174639179781
0.56110000000000004	3.0456749058862318	0.76892711471434216
0.56300000000000006	3.0586034248633647	0.77608854023640583
0.56490000000000007	3.0715561574885957	0.78327586562409190
0.56680000000000008	3.0845331091703732	0.79048893481050952
0.56870000000000009	3.0975342847597864	0.79772759299559659
0.57060000000000011	3.1105596885601150	0.80499168664496257
0.57250000000000001	3.1236093243363356	0.81228106348817120
0.57440000000000002	3.1366831953252325	0.81959557251671922
0.57630000000000015	3.1497813042442915	0.82693506398098282
0.57820000000000005	3.1629036533012460	0.83429938938712322
0.58010000000000006	3.1760502442032994	0.84168840149311164
0.58200000000000007	3.1892210781340435	0.84910195431353142
0.58389999999999997	3.2024161558901283	0.85653990307841055
0.58580000000000010	3.2156354776981986	0.86400210428310642
0.58770000000000011	3.2288790433515921	0.87148841564592805
0.58960000000000001	3.2421468521870191	0.87899869611149906
0.59150000000000003	3.2554389030927573	0.88653280584454885
0.59340000000000015	3.2687551945162738	0.89409060622275494
0.59530000000000005	3.2820957244731779	0.90167195983096882
0.59720000000000006	3.2954604905553557	0.90927673045332091
0.59910000000000008	3.3088494899379111	0.91690478306594980
0.60099999999999998	3.3222627193872687	0.92455598382938420
0.60290000000000010	3.3357001752692890	0.93223020008087853
0.60480000000000012	3.3491618535558643	0.93992730032592164
0.60670000000000002	3.3626477498339082	0.94764715423055668
0.60860000000000003	3.3761578593100690	0.95538963261230048
0.61050000000000015	3.3896921768200561	0.96315460743184800
0.61240000000000006	3.4032506968349909	0.97094195178465537
0.61430000000000007	3.4168334134679998	0.97875153989144936
0.61620000000000008	3.4304403204810812	0.98658324708963463
0.61809999999999998	3.4440714112922728	0.99443694982404807
0.62000000000000011	3.4577266789816283	1.0023125256379262
0.62190000000000012	3.4714061162978989	1.0102098531632877
0.62380000000000002	3.4851097156654620	1.0181288121120589
0.62570000000000003	3.4988374691892337	1.0260692832660965
0.62760000000000005	3.5125893686619154	1.0340311484682110
0.62950000000000006	3.5263654055699591	1.0420142906123326
0.63140000000000007	3.5401655710992261	1.0500185936342021
0.63330000000000009	3.5539898561404391	1.0580439425014683
0.63519999999999999	3.5678382512956817	1.0660902232042715
0.63710000000000011	3.5817107468836267	1.0741573227457673
0.63900000000000012	3.5956073329453968	1.0822451291323330
0.64090000000000003	3.6095279992491984	1.0903535313636643
0.64280000000000004	3.6234727352967591	1.0984824194237763
0.64470000000000005	3.6374415303278473	1.1066316842709578
0.64660000000000006	3.6514343733259045	1.1148012178282516
0.64850000000000008	3.6654512530227303	1.1229909129739135
0.65040000000000009	3.6794921579036286	1.1312006635319065
0.65229999999999999	3.6935570762123136	1.1394303642622252
0.65420000000000011	3.7076459959561903	1.1476799108517859
0.65610000000000013	3.7217589049098976	1.1559491999044449
0.65800000000000003	3.7358957906215435	1.1642381289321420
0.65990000000000004	3.7500566404160875	1.1725465963452562
0.66180000000000005	3.7642414414003156	1.1808745014432853
0.66370000000000007	3.7784501804672486	1.1892217444059090
0.66560000000000008	3.7926828443000664	1.1975882262831676
0.66750000000000009	3.8069394193772848	1.2059738489872120
0.66940000000000000	3.8212198919762668	1.2143785152825521
0.67130000000000012	3.8355242481771050	1.2228021287771693
0.67320000000000013	3.8498524738672995	1.2312445939137946
0.67510000000000003	3.8642045547457213	1.2397058159609708
0.67700000000000005	3.8785804763255438	1.2481857010039628
0.67890000000000006	3.8929802239399769	1.2566841559367001
0.68080000000000007	3.9074037827436143	1.2652010884521609
0.68270000000000008	3.9218511377183436	1.2737364070346067
0.68460000000000010	3.9363222736754460	1.2822900209506221
0.68650000000000000	3.9508171752600441	1.2908618402409524
0.68840000000000012	3.9653358269545174	1.2994517757119923
0.69030000000000014	3.9798782130813186	1.3080597389272701
0.69220000000000004	3.9944443178072215	1.3166856421998352
0.69410000000000005	4.0090341251460924	1.3253293985835930
0.69600000000000006	4.0236476189623342	1.3339909218655279
0.69790000000000008	4.0382847829742445	1.3426701265576051
0.69980000000000009	4.0529456007564075	1.3513669278888245
0.70170000000000010	4.0676300557444938	1.3600812417978752
0.70360000000000000	4.0823381312365363	1.3688129849249608
0.70550000000000002	4.0970698103962127	1.3775620746038213
0.70740000000000014	4.1118250762570261	1.3863284288551965
0.70930000000000004	4.1266039117243114	1.3951119663786324
0.71120000000000005	4.1414062995772660	1.4039126065449239
0.71310000000000007	4.1562322224735491	1.4127302693893586
0.71500000000000008	4.1710816629505088	1.4215648756040227
0.71690000000000009	4.1859546034287245	1.4304163465310682
0.71880000000000011	4.2008510262141971	1.4392846041551384
0.72070000000000001	4.2157709135010979	1.4481695710966904
0.72260000000000002	4.2307142473743005	1.4570711706049744
0.72450000000000014	4.2456810098122153	1.4659893265514590
0.72640000000000005	4.2606711826887027	1.4749239634225588
0.72830000000000006	4.2756847477754762	1.4838750063132586
0.73020000000000007	4.2907216867454849	1.4928423809207512
0.73210000000000008	4.3057819811738804	1.5018260135374042
0.73400000000000010	4.3208656125411578	1.5108258310446478
0.73590000000000011	4.3359725622352068	1.5198417609064814
0.73780000000000001	4.3511028115534511	1.5288737311631955
0.73970000000000002	4.3662563417048972	1.5379216704251419
0.74160000000000015	4.3814331338132675	1.5469855078669650
0.74350000000000005	4.3966331689171483	1.5560651732206181
0.74540000000000006	4.4118564279737988	1.5651605967702820
0.74730000000000008	4.4271028918607511	1.5742717093461451
0.74919999999999998	4.4423725413772308	1.5833984423182730
0.75110000000000010	4.4576653572466745	1.5925407275911565
0.75300000000000011	4.4729813201184632	1.6016984975980819
0.75490000000000002	4.4883204105697869	1.6108716852950324
0.75680000000000003	4.5036826091075595	1.6200602241555169
0.75870000000000015	4.5190678961703803	1.6292640481651610
0.76060000000000005	4.5344762521297755	1.6384830918157300
0.76250000000000007	4.5499076572926755	1.6477172901002566
0.76440000000000008	4.5653620919027968	1.6569665785078174
0.76629999999999998	4.5808395361421130	1.6662308930176919
0.76820000000000010	4.5963399701331369	1.6755101700950417
0.77010000000000012	4.6118633739395678	1.6848043466848173
0.77200000000000002	4.6274097275692743	1.6941133602078018
0.77390000000000003	4.6429790109746092	1.7034371485548014
0.77580000000000016	4.6585712040546916	1.7127756500821392
0.77770000000000006	4.6741862866564166	1.7221288036065940
0.77960000000000007	4.6898242385767075	1.7314965484008764
0.78150000000000008	4.7054850395631966	1.7408788241886950
0.78339999999999999	4.7211686693160946	1.7502755711401186
0.78530000000000011	4.7368751074896815	1.7596867298670094
0.78720000000000012	4.7526043336932551	1.7691122414184215
0.78910000000000002	4.7683563274930911	1.7785520472762111
0.79100000000000004	4.7841310684131715	1.7880060893504304
0.79290000000000016	4.7999285359374486	1.7974743099752624
0.79480000000000006	4.8157487095097729	1.8069566519042060
0.79670000000000007	4.8315915685365232	1.8164530583061613
0.79860000000000009	4.8474570923869829	1.8259634727613381
0.80049999999999999	4.8633452603950085	1.8354878392565708
0.80240000000000011	4.8792560518600938	1.8450261021817660
0.80430000000000013	4.8951894460485121	1.8545782063255036
0.80620000000000003	4.9111454221944930	1.8641440968709855
0.80810000000000004	4.9271239595018930	1.8737237193925860
0.81000000000000016	4.9431250371442594	1.8833170198512279
0.81190000000000007	4.9591486342668158	1.8929239445909236
0.81380000000000008	4.9751947299875336	1.9025444403351612
0.81570000000000009	4.9912633033974529	1.9121784541825073
0.81759999999999999	5.0073543335626542	1.9218259336035131
0.81950000000000012	5.0234677995247008	1.9314868264368197
0.82140000000000013	5.0396036803021360	1.9411610808854762
0.82330000000000003	5.0557619548907429	1.9508486455133651
0.82520000000000004	5.0719426022652332	1.9605494692416217
0.82710000000000006	5.0881456013801767	1.9702635013455831
0.82900000000000007	5.1043709311701129	1.9799906914504957
0.83090000000000008	5.1206185705518141	1.9897309895290802
0.83280000000000010	5.1368884984239358	1.9994843458973526
0.83470000000000000	5.1531806936687881	2.0092507112118452
0.83660000000000012	5.1694951351528973	2.0190300364661256
0.83850000000000013	5.1858318017275309	2.0288222729873282
0.84040000000000004	5.2021906722306444	2.0386273724336750
0.84230000000000005	5.2185717254859041	2.0484452867902001
0.84420000000000006	5.2349749403057135	2.0582759683669321
0.84609999999999996	5.2514002954900301	2.0681193697945588
0.84799999999999998	5.2678477698285517	2.0779754440224538
0.84989999999999999	5.2843173421007217	2.0878441443148255
0.85180000000000000	5.3008089910767344	2.0977254242483125
0.85370000000000013	5.3173226955187873	2.1076192377089531
0.85560000000000014	5.3338584341804598	2.1175255388887551
0.85750000000000004	5.3504161858090358	2.1274442822837405
0.85940000000000005	5.3669959291451104	2.1373754226902868
0.86130000000000007	5.3835976429241725	2.1473189152029688
0.86319999999999997	5.4002213058763244	2.1572747152113245
0.86509999999999998	5.4168668967275906	2.1672427783973887
0.86699999999999999	5.4335343942005112	2.1772230607329019
0.86890000000000001	5.4502237770147550	2.1872155184766910
0.87079999999999991	5.4669350238874026	2.1972201081719347
0.87270000000000014	5.4836681135345611	2.2072367866439095
0.87460000000000004	5.5004230246708783	2.2172655109970210
0.87650000000000006	5.5171997360106300	2.2273062386122930
0.87840000000000007	5.5339982262682188	2.2373589271450607
0.88029999999999997	5.5508184741593656	2.2474235345226252
0.88219999999999998	5.5676604584006713	2.2575000189413315
0.88410000000000000	5.5845241577106099	2.2675883388644471
0.88600000000000001	5.6014095508106241	2.2776884530199126
0.88789999999999991	5.6183166164248091	2.2878003203976220
0.88980000000000015	5.6352453332810981	2.2979239002474077
0.89170000000000005	5.6521956801114213	2.3080591520765350
0.89360000000000006	5.6691676356522569	2.3182060356474019
0.89550000000000007	5.6861611786456940	2.3283645109757054
0.89739999999999998	5.7031762878387742	2.3385345383273974
0.89929999999999999	5.7202129419851637	2.3487160782173255
0.90120000000000000	5.7372711198451283	2.3589090914065802
0.90309999999999990	5.7543508001859625	2.3691135389004847
0.90499999999999992	5.7714519617822262	2.3793293819462775
0.90689999999999993	5.7885745834173008	2.3895565820315707
0.90879999999999994	5.8057186438821198	2.3997951008813621
0.91070000000000007	5.8228841219771441	2.4100449004568976
0.91260000000000008	5.8400709965120150	2.4203059429530938
0.91449999999999998	5.8572792463062591	2.4305781907967181
0.91639999999999999	5.8745088501894163	2.4408616066443116
0.91830000000000001	5.8917597870015470	2.4511561533801474
0.92019999999999991	5.9090320355941568	2.4614617941147823
0.92209999999999992	5.9263255748299128	2.4717784921825174
0.92399999999999993	5.9436403835830980	2.4821062111396448
0.92589999999999995	5.9609764407403860	2.4924449147629448
0.92780000000000007	5.9783337252011455	2.5027945670474665
0.92970000000000008	5.9957122158773561	2.5131551322047683
0.93159999999999998	6.0131118916944253	2.5235265746611488
0.93350000000000000	6.0305327315914559	2.5339088590558898
0.93540000000000001	6.0479747145215406	2.5443019502393680
0.93729999999999991	6.0654378194519660	2.5547058132713509
0.93919999999999992	6.0829220253648515	2.5651204134193399
0.94109999999999994	6.1004273112570537	2.5755457161566531
0.94299999999999995	6.1179536561411574	2.5859816871610666
0.94490000000000007	6.1355010390449261	2.5964282923127153
0.94680000000000009	6.1530694390125111	2.6068854976928417
0.94869999999999999	6.1706588351041045	2.6173532695818622
0.95060000000000000	6.1882692063962352	2.6278315744577232
0.95250000000000001	6.2059005319825777	2.6383203789945782
0.95439999999999992	6.2235527909739483	2.6488196500610042
0.95629999999999993	6.2412259624984170	2.6593293547183809
0.95819999999999994	6.2589200257018023	2.6698494602193974
0.96009999999999995	6.2766349597479367	2.6803799340066177
0.96199999999999986	6.2943707438189511	2.6909207437107918
0.96390000000000009	6.3121273571152257	2.7014718571493770
0.96579999999999999	6.3299047788561635	2.7120332423251825
0.96770000000000000	6.3477029882799467	2.7226048674246313
0.96960000000000002	6.3655219646442038	2.7331867008166553
0.97149999999999992	6.3833616872261425	2.7437787110510516
0.97339999999999993	6.4012221353223673	2.7543808668568812
0.97529999999999994	6.4191032882495538	2.7649931371412668
0.97719999999999996	6.4370051253448501	2.7756154909881565
0.97909999999999986	6.4549276259655333	2.7862478976565890
0.98100000000000009	6.4728707694896706	2.7968903265794465
0.98290000000000000	6.4908345353159946	2.8075427473621648
0.98480000000000001	6.5088189028646948	2.8182051297815085
0.98670000000000002	6.5268238515766681	2.8288774437837136
0.98859999999999992	6.5448493609148652	2.8395596594839474
0.99049999999999994	6.5628954103636090	2.8502517471643878
0.99239999999999995	6.5809619794290430	2.8609536772731183
0.99429999999999996	6.5990490476395038	2.8716654204229823
0.99619999999999986	6.6171565945454756	2.8823869473901396
0.99810000000000010	6.6352845997202090	2.8931182291130852
1.0000000000000000	6.6534330427588930	2.9038592366908715
