   5.0000000000000003E-002  0.23901538541862874        6.8843975843238916E-004  -0.0000000000000000     
   5.1899999999999995E-002  0.24812546585312395        7.6454466974914799E-004  -0.0000000000000000     
   5.3800000000000001E-002  0.25723841365992134        8.4552659580674431E-004  -0.0000000000000000     
   5.5700000000000006E-002  0.26635430003800981        9.3143107789349898E-004  -0.0000000000000000     
   5.7599999999999998E-002  0.27547319307267221        1.0223006372819070E-003  -0.0000000000000000     
   5.9499999999999997E-002  0.28459515761356091        1.1181758056408846E-003  -0.0000000000000000     
   6.1400000000000003E-002  0.29372025564348508        1.2190960486493522E-003  -0.0000000000000000     
   6.3300000000000009E-002  0.30284854658534865        1.3251006081139677E-003  -0.0000000000000000     
   6.5200000000000008E-002  0.31198008740967670        1.4362292758333707E-003  -0.0000000000000000     
   6.7099999999999993E-002  0.32111493295541937        1.5525230804587704E-003  -0.0000000000000000     
   6.9000000000000006E-002  0.33025313613723795        1.6740249091059161E-003  -0.0000000000000000     
   7.0900000000000005E-002  0.33939474814013826        1.8007800621218392E-003  -0.0000000000000000     
   7.2799999999999990E-002  0.34853981871567113        1.9328367432664779E-003  -0.0000000000000000     
   7.4700000000000003E-002  0.35768839625474558        2.0702464972939720E-003  -0.0000000000000000     
   7.6600000000000001E-002  0.36684052805840167        2.2130645890357601E-003  -0.0000000000000000     
   7.8500000000000000E-002  0.37599626049639218        2.3613503352402179E-003  -0.0000000000000000     
   8.0400000000000013E-002  0.38515563917783158        2.5151673903488522E-003  -0.0000000000000000     
   8.2300000000000012E-002  0.39431870910912653        2.6745839900757630E-003  -0.0000000000000000     
   8.4199999999999997E-002  0.40348551482555722        2.8396731566378446E-003  -0.0000000000000000     
   8.6099999999999996E-002  0.41265610060897001        3.0105128683962775E-003  -0.0000000000000000     
   8.7999999999999995E-002  0.42183051050578618        3.1871861979365281E-003  -0.0000000000000000     
   8.9899999999999994E-002  0.43100878852388497        3.3697814203643406E-003  -0.0000000000000000     
   9.1800000000000007E-002  0.44019097872908719        3.5583920954916229E-003  -0.0000000000000000     
   9.3700000000000006E-002  0.44937712535149732        3.7531171260278160E-003  -0.0000000000000000     
   9.5600000000000004E-002  0.45856727288475163        3.9540607943102076E-003  -0.0000000000000000     
   9.7500000000000017E-002  0.46776146617704772        4.1613327796589409E-003  -0.0000000000000000     
   9.9400000000000002E-002  0.47695975051601552        4.3750481586558778E-003  -0.0000000000000000     
  0.10130000000000000       0.48616217170645643        4.5953273899335409E-003  -0.0000000000000000     
  0.10320000000000000       0.49536877614213398        4.8222962854343274E-003  -0.0000000000000000     
  0.10510000000000000       0.50457961087146364        5.0560859697470128E-003  -0.0000000000000000     
  0.10700000000000000       0.51379472365770706        5.2968328288901610E-003  -0.0000000000000000     
  0.10890000000000001       0.52301416303330162        5.5446784499379965E-003  -0.0000000000000000     
  0.11080000000000001       0.53223797835129494        5.7997695528581054E-003  -0.0000000000000000     
  0.11270000000000001       0.54146621982919041        6.0622579154424698E-003  -0.0000000000000000     
  0.11460000000000002       0.55069893857419316        6.3323002927294760E-003  -0.0000000000000000     
  0.11649999999999999       0.55993618668383827        6.6100583313907163E-003  -0.0000000000000000     
  0.11840000000000001       0.56917801718442074        6.8956984804216586E-003  -0.0000000000000000     
  0.12030000000000000       0.57842448412281433        7.1893918985989546E-003  -0.0000000000000000     
  0.12220000000000000       0.58767564257699223        7.4913143595164546E-003  -0.0000000000000000     
  0.12410000000000000       0.59693154867913789        7.8016461548600941E-003  -0.0000000000000000     
  0.12600000000000000       0.60619225963572954        8.1205719964717368E-003  -0.0000000000000000     
  0.12790000000000001       0.61545783374469754        8.4482809177032249E-003  -0.0000000000000000     
  0.12980000000000003       0.62472833041065046        8.7849661745901982E-003  -0.0000000000000000     
  0.13169999999999998       0.63400379489075920        9.1277943304092952E-003  -0.0000000000000000     
  0.13360000000000000       0.64328423137227464        9.4765391556236919E-003  -0.0000000000000000     
  0.13550000000000001       0.65256966849988607        9.8329222118178350E-003  -0.0000000000000000     
  0.13739999999999999       0.66186014800118664        1.0197604353703803E-002  -0.0000000000000000     
  0.13930000000000001       0.67115571800238127        1.0571050051314441E-002  -0.0000000000000000     
  0.14120000000000002       0.68045643102645981        1.0953641805793425E-002  -0.0000000000000000     
  0.14310000000000000       0.68976234301353512        1.1345719154158716E-002  -0.0000000000000000     
  0.14500000000000002       0.69907351274454088        1.1747596286245571E-002  -0.0000000000000000     
  0.14690000000000000       0.70839000146408249        1.2159571339737957E-002  -0.0000000000000000     
  0.14879999999999999       0.71771187261518443        1.2581931825781989E-002  -0.0000000000000000     
  0.15070000000000000       0.72703919164265252        1.3014958030132544E-002  -0.0000000000000000     
  0.15260000000000001       0.73637202584168504        1.3458925261943340E-002  -0.0000000000000000     
  0.15450000000000000       0.74571044423651900        1.3914105403150833E-002  -0.0000000000000000     
  0.15640000000000001       0.75505451748246866        1.4380768011722908E-002  -0.0000000000000000     
  0.15830000000000002       0.76440431778257412        1.4859181128446659E-002  -0.0000000000000000     
  0.16020000000000001       0.77375991881828610        1.5349611880615057E-002  -0.0000000000000000     
  0.16210000000000002       0.78312139568847949        1.5852326942152342E-002  -0.0000000000000000     
  0.16400000000000001       0.79248882485686367        1.6367592890475530E-002  -0.0000000000000000     
  0.16589999999999999       0.80186228410503113        1.6895676487253156E-002  -0.0000000000000000     
  0.16780000000000000       0.81124185249059977        1.7436844902293299E-002  -0.0000000000000000     
  0.16970000000000002       0.82062761030998566        1.7991365894459342E-002  -0.0000000000000000     
  0.17160000000000000       0.83001963906392195        1.8559507959378066E-002  -0.0000000000000000     
  0.17350000000000002       0.83941802142665178        1.9141540451767070E-002  -0.0000000000000000     
  0.17540000000000003       0.84882284121748786        1.9737733687469044E-002  -0.0000000000000000     
  0.17730000000000001       0.85823418337439417        2.0348359029758532E-002  -0.0000000000000000     
  0.17920000000000003       0.86765213392995544        2.0973688963167540E-002  -0.0000000000000000     
  0.18110000000000001       0.87707677998871092        2.1613997157093778E-002  -0.0000000000000000     
  0.18300000000000000       0.88650820970641575        2.2269558521323667E-002  -0.0000000000000000     
  0.18490000000000001       0.89594651226142419        2.2940649255005205E-002  -0.0000000000000000     
  0.18680000000000002       0.90539177787242697        2.3627546889938681E-002  -0.0000000000000000     
  0.18870000000000001       0.91484409772769681        2.4330530329649186E-002  -0.0000000000000000     
  0.19060000000000002       0.92430356400474245        2.5049879884347450E-002  -0.0000000000000000     
  0.19250000000000003       0.93377026984644917        2.5785877302723512E-002  -0.0000000000000000     
  0.19439999999999999       0.94324430934691028        2.6538805800838759E-002  -0.0000000000000000     
  0.19630000000000000       0.95272577753816923        2.7308950088379771E-002  -0.0000000000000000     
  0.19820000000000002       0.96221477037760805        2.8096596392563934E-002  -0.0000000000000000     
  0.20010000000000000       0.97171138473615426        2.8902032479772157E-002  -0.0000000000000000     
  0.20200000000000001       0.98121571838708121        2.9725547674980736E-002  -0.0000000000000000     
  0.20390000000000003       0.99072786999543683        3.0567432879029514E-002  -0.0000000000000000     
  0.20580000000000001        1.0002479391079115        3.1427980583698889E-002  -0.0000000000000000     
  0.20770000000000002        1.0097760261433815        3.2307484884508776E-002  -0.0000000000000000     
  0.20960000000000004        1.0193122323837693        3.3206241491189323E-002  -0.0000000000000000     
  0.21149999999999999        1.0288566599653768        3.4124547735654952E-002  -0.0000000000000000     
  0.21340000000000001        1.0384094118706053        3.5062702577371173E-002  -0.0000000000000000     
  0.21529999999999999        1.0479705919199531        3.6021006605970553E-002  -0.0000000000000000     
  0.21720000000000000        1.0575403047643588        3.6999762040860112E-002  -0.0000000000000000     
  0.21909999999999999        1.0671186558777963        3.7999272727776937E-002  -0.0000000000000000     
  0.22100000000000003        1.0767057515500158        3.9019844131929993E-002  -0.0000000000000000     
  0.22289999999999999        1.0863016988795784        4.0061783327631696E-002  -0.0000000000000000     
  0.22479999999999997        1.0959066057669005        4.1125398984204149E-002  -0.0000000000000000     
  0.22670000000000001        1.1055205809074977        4.2211001347849539E-002  -0.0000000000000000     
  0.22860000000000000        1.1151437337852250        4.3318902219400345E-002  -0.0000000000000000     
  0.23050000000000001        1.1247761746655569        4.4449414927618010E-002  -0.0000000000000000     
  0.23240000000000000        1.1344180145888603        4.5602854297898524E-002  -0.0000000000000000     
  0.23430000000000001        1.1440693653636005        4.6779536616119839E-002  -0.0000000000000000     
  0.23619999999999999        1.1537303395594722        4.7979779587444212E-002  -0.0000000000000000     
  0.23810000000000003        1.1634010505003447        4.9203902289887309E-002  -0.0000000000000000     
  0.23999999999999999        1.1730816122571199        5.0452225122422159E-002  -0.0000000000000000     
  0.24189999999999998        1.1827721396403261        5.1725069747440192E-002  -0.0000000000000000     
  0.24380000000000002        1.1924727481924666        5.3022759027426793E-002  -0.0000000000000000     
  0.24570000000000000        1.2021835541801635        5.4345616955624447E-002  -0.0000000000000000     
  0.24760000000000001        1.2119046745858366        5.5693968580584688E-002  -0.0000000000000000     
  0.24950000000000000        1.2216362270991885        5.7068139924429662E-002  -0.0000000000000000     
  0.25140000000000001        1.2313783301081880        5.8468457894731075E-002  -0.0000000000000000     
  0.25330000000000003        1.2411311026897724        5.9895250189882412E-002  -0.0000000000000000     
  0.25519999999999998        1.2508946645998475        6.1348845197861095E-002  -0.0000000000000000     
  0.25710000000000000        1.2606691362630855        6.2829571888367089E-002  -0.0000000000000000     
  0.25900000000000001        1.2704546387619939        6.4337759698195704E-002  -0.0000000000000000     
  0.26090000000000002        1.2802512938255335        6.5873738409930757E-002  -0.0000000000000000     
  0.26279999999999998        1.2900592238171469        6.7437838023837057E-002  -0.0000000000000000     
  0.26469999999999999        1.2998785517221418        6.9030388623078573E-002  -0.0000000000000000     
  0.26660000000000000        1.3097094011344710        7.0651720232201398E-002  -0.0000000000000000     
  0.26849999999999996        1.3195518962428279        7.2302162669035955E-002  -0.0000000000000000     
  0.27040000000000003        1.3294061618222770        7.3982045390403595E-002  -0.0000000000000000     
  0.27229999999999999        1.3392723231941066        7.5691697329722321E-002  -0.0000000000000000     
  0.27420000000000000        1.3491505062474241        7.7431446731720380E-002  -0.0000000000000000     
  0.27610000000000001        1.3590408373971152        7.9201620977744858E-002  -0.0000000000000000     
  0.27799999999999997        1.3689434435727605        8.1002546406791040E-002  -0.0000000000000000     
  0.27989999999999998        1.3788584522003213        8.2834548130582400E-002  -0.0000000000000000     
  0.28179999999999999        1.3887859911831484        8.4697949843287865E-002  -0.0000000000000000     
  0.28370000000000001        1.3987261888820544        8.6593073626038422E-002  -0.0000000000000000     
  0.28559999999999997        1.4086791740946900        8.8520239746693472E-002  -0.0000000000000000     
  0.28750000000000003        1.4186450760341645        9.0479766455162147E-002  -0.0000000000000000     
  0.28939999999999999        1.4286240243066382        9.2471969774507001E-002  -0.0000000000000000     
  0.29130000000000000        1.4386161488884432        9.4497163288486605E-002  -0.0000000000000000     
  0.29320000000000002        1.4486215801019988        9.6555657925633712E-002  -0.0000000000000000     
  0.29509999999999997        1.4586404485914115        9.8647761740613196E-002  -0.0000000000000000     
  0.29699999999999999        1.4686728852968307       0.10077377969298788       -0.0000000000000000     
  0.29890000000000000        1.4787190214282495       0.10293401342424334       -0.0000000000000000     
  0.30080000000000001        1.4887789884385798       0.10512876103320497       -0.0000000000000000     
  0.30269999999999997        1.4988529179958385       0.10735831685061194       -0.0000000000000000     
  0.30460000000000004        1.5089409419547470       0.10962297121326477       -0.0000000000000000     
  0.30649999999999999        1.5190431923275327       0.11192301023831046       -0.0000000000000000     
  0.30840000000000001        1.5291598012540737       0.11425871559821821       -0.0000000000000000     
  0.31030000000000002        1.5392909009714040       0.11663036429699492       -0.0000000000000000     
  0.31219999999999998        1.5494366237826140       0.11903822844823699       -0.0000000000000000     
  0.31409999999999999        1.5595971020250754       0.12148257505553325       -0.0000000000000000     
  0.31600000000000000        1.5697724680381895       0.12396366579585548       -0.0000000000000000     
  0.31790000000000002        1.5799628541306050       0.12648175680645712       -0.0000000000000000     
  0.31979999999999997        1.5901683925469041       0.12903709847586234       -0.0000000000000000     
  0.32170000000000004        1.6003892154338921       0.13162993523952435       -0.0000000000000000     
  0.32360000000000000        1.6106254548064671       0.13426050538063847       -0.0000000000000000     
  0.32549999999999996        1.6208772425131293       0.13692904083675381       -0.0000000000000000     
  0.32740000000000002        1.6311447102012053       0.13963576701260114       -0.0000000000000000     
  0.32929999999999998        1.6414279892872370       0.14238090260064737       -0.0000000000000000     
  0.33119999999999999        1.6517272108992829       0.14516465940414786       -0.0000000000000000     
  0.33310000000000001        1.6620425058759700       0.14798724217754569       -0.0000000000000000     
  0.33500000000000002        1.6723740047073399       0.15084884846528213       -0.0000000000000000     
  0.33689999999999998        1.6827218375053590       0.15374966845418583       -0.0000000000000000     
  0.33879999999999999        1.6930861339682752       0.15668988483370100       -0.0000000000000000     
  0.34070000000000000        1.7034670233449145       0.15966967266557108       -0.0000000000000000     
  0.34259999999999996        1.7138646343992563       0.16268919926307324       -0.0000000000000000     
  0.34450000000000003        1.7242790953750462       0.16574862408030691       -0.0000000000000000     
  0.34639999999999999        1.7347105339606446       0.16884809861156846       -0.0000000000000000     
  0.34830000000000000        1.7451590772541523       0.17198776630125809       -0.0000000000000000     
  0.35020000000000001        1.7556248517286956       0.17516776246436222       -0.0000000000000000     
  0.35210000000000002        1.7661079831982691       0.17838821421771939       -0.0000000000000000     
  0.35399999999999998        1.7766085967837897       0.18164924042216299       -0.0000000000000000     
  0.35589999999999999        1.7871268168796843       0.18495095163564604       -0.0000000000000000     
  0.35780000000000001        1.7976627671209693       0.18829345007738574       -0.0000000000000000     
  0.35969999999999996        1.8082165703564881       0.19167682960447172       -0.0000000000000000     
  0.36160000000000003        1.8187883485938110       0.19510117569191260       -0.0000000000000000     
  0.36349999999999999        1.8293782230040239       0.19856656543901774       -0.0000000000000000     
  0.36540000000000000        1.8399863138668151       0.20207306757098611       -0.0000000000000000     
  0.36730000000000002        1.8506127405464681       0.20562074245891651       -0.0000000000000000     
  0.36920000000000003        1.8612576214631329       0.20920964214894000       -0.0000000000000000     
  0.37109999999999999        1.8719210740644208       0.21283981040155611       -0.0000000000000000     
  0.37300000000000000        1.8826032147979728       0.21651128274111381       -0.0000000000000000     
  0.37490000000000001        1.8933041590847686       0.22022408651502715       -0.0000000000000000     
  0.37679999999999997        1.9040240212934221       0.22397824096266178       -0.0000000000000000     
  0.37870000000000004        1.9147629147152119       0.22777375729334765       -0.0000000000000000     
  0.38059999999999999        1.9255209515401790       0.23161063877335702       -0.0000000000000000     
  0.38250000000000001        1.9362982428402382       0.23548888082357489       -0.0000000000000000     
  0.38440000000000002        1.9470948985213135       0.23940847111432717       -0.0000000000000000     
  0.38629999999999998        1.9579110273426250       0.24336938969073926       -0.0000000000000000     
  0.38819999999999999        1.9687467368686182       0.24737160908214831       -0.0000000000000000     
  0.39010000000000000        1.9796021334568561       0.25141509443044630       -0.0000000000000000     
  0.39200000000000002        1.9904773222401804       0.25549980362265462       -0.0000000000000000     
  0.39389999999999997        2.0013724071094559       0.25962568742957393       -0.0000000000000000     
  0.39580000000000004        2.0122874906975747       0.26379268965019809       -0.0000000000000000     
  0.39770000000000000        2.0232226743643298       0.26800074726136530       -0.0000000000000000     
  0.39959999999999996        2.0341780581824311       0.27224979057232906       -0.0000000000000000     
  0.40150000000000002        2.0451537409244476       0.27653974338365273       -0.0000000000000000     
  0.40339999999999998        2.0561498200565058       0.28087052315264011       -0.0000000000000000     
  0.40529999999999999        2.0671663917031240       0.28524204114924367       -0.0000000000000000     
  0.40720000000000001        2.0782035506755236       0.28965420264220459       -0.0000000000000000     
  0.40910000000000002        2.0892613904355355       0.29410690705964893       -0.0000000000000000     
  0.41099999999999998        2.1003400030947184       0.29860004816669572       -0.0000000000000000     
  0.41290000000000004        2.1114394794072955       0.30313351424181384       -0.0000000000000000     
  0.41480000000000000        2.1225599087640501       0.30770718825467125       -0.0000000000000000     
  0.41669999999999996        2.1337013791870243       0.31232094804511679       -0.0000000000000000     
  0.41860000000000003        2.1448639773253322       0.31697466650283240       -0.0000000000000000     
  0.42049999999999998        2.1560477884582365       0.32166821175081800       -0.0000000000000000     
  0.42240000000000005        2.1672528964651656       0.32640144731107484       -0.0000000000000000     
  0.42430000000000007        2.1784793838676992       0.33117423230699738       -0.0000000000000000     
  0.42620000000000002        2.1897273317978385       0.33598642162668929       -0.0000000000000000     
  0.42809999999999998        2.2009968200062757       0.34083786610528649       -0.0000000000000000     
  0.43000000000000005        2.2122879268631666       0.34572841270203536       -0.0000000000000000     
  0.43190000000000006        2.2236007293596747       0.35065790467583907       -0.0000000000000000     
  0.43380000000000002        2.2349353031102703       0.35562618175905908       -0.0000000000000000     
  0.43570000000000003        2.2462917223557892       0.36063308032947522       -0.0000000000000000     
  0.43759999999999999        2.2576700599735764       0.36567843358412466       -0.0000000000000000     
  0.43950000000000006        2.2690703874546876       0.37076207168917574       -0.0000000000000000     
  0.44140000000000007        2.2804927749517874       0.37588382197210030       -0.0000000000000000     
  0.44330000000000003        2.2919372912547207       0.38104350906463619       -0.0000000000000000     
  0.44519999999999998        2.3034040038047685       0.38624095506697792       -0.0000000000000000     
  0.44710000000000000        2.3148929787012489       0.39147597970385922       -0.0000000000000000     
  0.44900000000000007        2.3264042807090388       0.39674840047753218       -0.0000000000000000     
  0.45090000000000002        2.3379379732664654       0.40205803281751812       -0.0000000000000000     
  0.45280000000000004        2.3494941184934990       0.40740469022691639       -0.0000000000000000     
  0.45469999999999999        2.3610727772007536       0.41278818442527032       -0.0000000000000000     
  0.45660000000000006        2.3726740088986635       0.41820832548798148       -0.0000000000000000     
  0.45850000000000007        2.3842978718129979       0.42366492198709277       -0.0000000000000000     
  0.46040000000000003        2.3959444228708087       0.42915778110249242       -0.0000000000000000     
  0.46229999999999999        2.4076137177487174       0.43468670878296140       -0.0000000000000000     
  0.46420000000000000        2.4193058108572663       0.44025150984829586       -0.0000000000000000     
  0.46610000000000007        2.4310207553590626       0.44585198811630677       -0.0000000000000000     
  0.46800000000000003        2.4427586031802546       0.45148794652010499       -0.0000000000000000     
  0.46990000000000004        2.4545194050220873       0.45715918722155352       -0.0000000000000000     
  0.47180000000000011        2.4663032103730869       0.46286551172124402       -0.0000000000000000     
  0.47370000000000007        2.4781100675211531       0.46860672096450273       -0.0000000000000000     
  0.47560000000000008        2.4899400235660583       0.47438261544392263       -0.0000000000000000     
  0.47750000000000004        2.5017931244321256       0.48019299529810294       -0.0000000000000000     
  0.47939999999999999        2.5136694148809995       0.48603766040681579       -0.0000000000000000     
  0.48130000000000006        2.5255689385247249       0.49191641048258694       -0.0000000000000000     
  0.48320000000000007        2.5374917378388839       0.49782904515877385       -0.0000000000000000     
  0.48510000000000003        2.5494378541796059       0.50377536408024726       -0.0000000000000000     
  0.48700000000000004        2.5614073277814500       0.50975516695922429       -0.0000000000000000     
  0.48890000000000011        2.5734001977950829       0.51576825369200741       -0.0000000000000000     
  0.49080000000000007        2.5854165022841835       0.52181442440679771       -0.0000000000000000     
  0.49270000000000008        2.5974562782434569       0.52789347954170807       -0.0000000000000000     
  0.49460000000000004        2.6095195616121130       0.53400521991277339       -0.0000000000000000     
  0.49650000000000000        2.6216063872880446       0.54014944677893972       -0.0000000000000000     
  0.49840000000000007        2.6337167891412534       0.54632596190391314       -0.0000000000000000     
  0.50030000000000008        2.6458508000279992       0.55253456761513609       -0.0000000000000000     
  0.50220000000000009        2.6580084518043128       0.55877506685971412       -0.0000000000000000     
  0.50409999999999999        2.6701897753399293       0.56504726325775634       -0.0000000000000000     
  0.50600000000000001        2.6823948005322089       0.57135096115282868       -0.0000000000000000     
  0.50790000000000013        2.6946235563197942       0.57768596565978170       -0.0000000000000000     
  0.50980000000000003        2.7068760706964228       0.58405208271002407       -0.0000000000000000     
  0.51170000000000004        2.7191523707246152       0.59044911909418518       -0.0000000000000000     
  0.51360000000000006        2.7314524825493698       0.59687688250254112       -0.0000000000000000     
  0.51550000000000007        2.7437764314117019       0.60333518156289456       -0.0000000000000000     
  0.51740000000000008        2.7561242416622762       0.60982382587629436       -0.0000000000000000     
  0.51930000000000009        2.7684959367746873       0.61634262605047385       -0.0000000000000000     
  0.52120000000000000        2.7808915393591742       0.62289139373129376       -0.0000000000000000     
  0.52310000000000001        2.7933110711727127       0.62946994163938841       -0.0000000000000000     
  0.52500000000000013        2.8057545531437191       0.63607808356718543       -0.0000000000000000     
  0.52690000000000003        2.8182220053686073       0.64271563445084312       -0.0000000000000000     
  0.52880000000000005        2.8307134471353304       0.64938241036194966       -0.0000000000000000     
  0.53070000000000006        2.8432288969339066       0.65607822853769604       -0.0000000000000000     
  0.53260000000000007        2.8557683724691896       0.66280290740086589       -0.0000000000000000     
  0.53450000000000009        2.8683318906734541       0.66955626657827028       -0.0000000000000000     
  0.53640000000000010        2.8809194677192407       0.67633812691776629       -0.0000000000000000     
  0.53830000000000000        2.8935311190313842       0.68314831050344327       -0.0000000000000000     
  0.54020000000000001        2.9061668592995735       0.68998664066975202       -0.0000000000000000     
  0.54210000000000014        2.9188267024904957       0.69685294201396697       -0.0000000000000000     
  0.54400000000000004        2.9315106618602371       0.70374704040760405       -0.0000000000000000     
  0.54590000000000005        2.9442187499653358       0.71066876300602266       -0.0000000000000000     
  0.54780000000000006        2.9569509786755663       0.71761793825758302       -0.0000000000000000     
  0.54970000000000008        2.9697073591848797       0.72459439591091135       -0.0000000000000000     
  0.55160000000000009        2.9824879020237285       0.73159796702182234       -0.0000000000000000     
  0.55350000000000010        2.9952926170693575       0.73862848395820202       -0.0000000000000000     
  0.55540000000000000        3.0081215135578994       0.74568578040489297       -0.0000000000000000     
  0.55730000000000002        3.0209746000954283       0.75276969136707284       -0.0000000000000000     
  0.55920000000000014        3.0338518846683353       0.75988005317256813       -0.0000000000000000     
  0.56110000000000004        3.0467533746548479       0.76701670347396822       -0.0000000000000000     
  0.56300000000000006        3.0596790768351969       0.77417948124910763       -0.0000000000000000     
  0.56490000000000007        3.0726289974025640       0.78136822680155549       -0.0000000000000000     
  0.56680000000000008        3.0856031419731229       0.78858278175959939       -0.0000000000000000     
  0.56870000000000009        3.0986015155964273       0.79582298907513394       -0.0000000000000000     
  0.57060000000000011        3.1116241227656207       0.80308869302160180       -0.0000000000000000     
  0.57250000000000001        3.1246709674272486       0.81037973919134798       -0.0000000000000000     
  0.57440000000000002        3.1377420529911251       0.81769597449237197       -0.0000000000000000     
  0.57630000000000015        3.1508373823401907       0.82503724714464155       -0.0000000000000000     
  0.57820000000000005        3.1639569578397482       0.83240340667563129       -0.0000000000000000     
  0.58010000000000006        3.1771007813469874       0.83979430391555321       -0.0000000000000000     
  0.58200000000000007        3.1902688541868649       0.84720979100056426       -0.0000000000000000     
  0.58389999999999997        3.2034611772953761       0.85464972133308470       -0.0000000000000000     
  0.58580000000000010        3.2166777510268005       0.86211394962701937       -0.0000000000000000     
  0.58770000000000011        3.2299185752971846       0.86960233186674496       -0.0000000000000000     
  0.58960000000000001        3.2431836495594766       0.87711472530866341       -0.0000000000000000     
  0.59150000000000003        3.2564729728122139       0.88465098847451851       -0.0000000000000000     
  0.59340000000000015        3.2697865436070819       0.89221098114324149       -0.0000000000000000     
  0.59530000000000005        3.2831243600590576       0.89979456434394134       -0.0000000000000000     
  0.59720000000000006        3.2964864198523252       0.90740160034691086       -0.0000000000000000     
  0.59910000000000008        3.3098727202499267       0.91503195265590931       -0.0000000000000000     
  0.60099999999999998        3.3232832581013989       0.92268548599956923       -0.0000000000000000     
  0.60290000000000010        3.3367180298499659       0.93036206632225849       -0.0000000000000000     
  0.60480000000000012        3.3501770315405595       0.93806156077543679       -0.0000000000000000     
  0.60670000000000002        3.3636602588279820       0.94578383770858698       -0.0000000000000000     
  0.60860000000000003        3.3771677069828416       0.95352876665927355       -0.0000000000000000     
  0.61050000000000015        3.3906993709004061       0.96129621834460521       -0.0000000000000000     
  0.61240000000000006        3.4042552451071164       0.96908606465109715       -0.0000000000000000     
  0.61430000000000007        3.4178353237668744       0.97689817862470307       -0.0000000000000000     
  0.61620000000000008        3.4314396006891248       0.98473243446171765       -0.0000000000000000     
  0.61809999999999998        3.4450680693356808       0.99258870749843253       -0.0000000000000000     
  0.62000000000000011        3.4587207228266532        1.0004668742010936       -0.0000000000000000     
  0.62190000000000012        3.4723975539470904        1.0083668121560203       -0.0000000000000000     
  0.62380000000000002        3.4860985551541650        1.0162884000594317       -0.0000000000000000     
  0.62570000000000003        3.4998237185830678        1.0242315177073287       -0.0000000000000000     
  0.62760000000000005        3.5135730360534319        1.0321960459852078       -0.0000000000000000     
  0.62950000000000006        3.5273464990749024        1.0401818668576668       -0.0000000000000000     
  0.63140000000000007        3.5411440988542298        1.0481888633586072       -0.0000000000000000     
  0.63330000000000009        3.5549658263005655        1.0562169195805517       -0.0000000000000000     
  0.63519999999999999        3.5688116720311576        1.0642659206644316       -0.0000000000000000     
  0.63710000000000011        3.5826816263775498        1.0723357527894750       -0.0000000000000000     
  0.63900000000000012        3.5965756793907824        1.0804263031626342       -0.0000000000000000     
  0.64090000000000003        3.6104938208473540        1.0885374600086282       -0.0000000000000000     
  0.64280000000000004        3.6244360402544942        1.0966691125596060       -0.0000000000000000     
  0.64470000000000005        3.6384023268553887        1.1048211510447146       -0.0000000000000000     
  0.64660000000000006        3.6523926696345574        1.1129934666802783       -0.0000000000000000     
  0.64850000000000008        3.6664070573229446        1.1211859516592932       -0.0000000000000000     
  0.65040000000000009        3.6804454784032323        1.1293984991415285       -0.0000000000000000     
  0.65229999999999999        3.6945079211148211        1.1376310032435557       -0.0000000000000000     
  0.65420000000000011        3.7085943734579030        1.1458833590282831       -0.0000000000000000     
  0.65610000000000013        3.7227048231997824        1.1541554624955186       -0.0000000000000000     
  0.65800000000000003        3.7368392578780534        1.1624472105717139       -0.0000000000000000     
  0.65990000000000004        3.7509976648065058        1.1707585011002772       -0.0000000000000000     
  0.66180000000000005        3.7651800310786552        1.1790892328314786       -0.0000000000000000     
  0.66370000000000007        3.7793863435733686        1.1874393054134456       -0.0000000000000000     
  0.66560000000000008        3.7936165889580007        1.1958086193815587       -0.0000000000000000     
  0.66750000000000009        3.8078707536936029        1.2041970761495651       -0.0000000000000000     
  0.66940000000000000        3.8221488240388837        1.2126045779996575       -0.0000000000000000     
  0.67130000000000012        3.8364507860545642        1.2210310280734920       -0.0000000000000000     
  0.67320000000000013        3.8507766256070961        1.2294763303621323       -0.0000000000000000     
  0.67510000000000003        3.8651263283731829        1.2379403896975283       -0.0000000000000000     
  0.67700000000000005        3.8794998798429883        1.2464231117425191       -0.0000000000000000     
  0.67890000000000006        3.8938972653252888        1.2549244029826851       -0.0000000000000000     
  0.68080000000000007        3.9083184699501556        1.2634441707162658       -0.0000000000000000     
  0.68270000000000008        3.9227634786725027        1.2719823230457494       -0.0000000000000000     
  0.68460000000000010        3.9372322762772143        1.2805387688689547       -0.0000000000000000     
  0.68650000000000000        3.9517248473817244        1.2891134178704478       -0.0000000000000000     
  0.68840000000000012        3.9662411764391083        1.2977061805121002       -0.0000000000000000     
  0.69030000000000014        3.9807812477430851        1.3063169680252980       -0.0000000000000000     
  0.69220000000000004        3.9953450454298132        1.3149456924018788       -0.0000000000000000     
  0.69410000000000005        4.0099325534825061        1.3235922663859891       -0.0000000000000000     
  0.69600000000000006        4.0245437557342711        1.3322566034656718       -0.0000000000000000     
  0.69790000000000008        4.0391786358707007        1.3409386178640645       -0.0000000000000000     
  0.69980000000000009        4.0538371774344473        1.3496382245322505       -0.0000000000000000     
  0.70170000000000010        4.0685193638273436        1.3583553391402314       -0.0000000000000000     
  0.70360000000000000        4.0832251783134055        1.3670898780693619       -0.0000000000000000     
  0.70550000000000002        4.0979546040227621        1.3758417584044018       -0.0000000000000000     
  0.70740000000000014        4.1127076239536349        1.3846108979253826       -0.0000000000000000     
  0.70930000000000004        4.1274842209761946        1.3933972151006018       -0.0000000000000000     
  0.71120000000000005        4.1422843778341951        1.4022006290779665       -0.0000000000000000     
  0.71310000000000007        4.1571080771490490        1.4110210596781623       -0.0000000000000000     
  0.71500000000000008        4.1719553014219350        1.4198584273871042       -0.0000000000000000     
  0.71690000000000009        4.1868260330363301        1.4287126533479109       -0.0000000000000000     
  0.71880000000000011        4.2017202542615104        1.4375836593546505       -0.0000000000000000     
  0.72070000000000001        4.2166379472543714        1.4464713678443040       -0.0000000000000000     
  0.72260000000000002        4.2315790940619795        1.4553757018896933       -0.0000000000000000     
  0.72450000000000014        4.2465436766249001        1.4642965851929037       -0.0000000000000000     
  0.72640000000000005        4.2615316767788363        1.4732339420779355       -0.0000000000000000     
  0.72830000000000006        4.2765430762577115        1.4821876974840738       -0.0000000000000000     
  0.73020000000000007        4.2915778566950511        1.4911577769584203       -0.0000000000000000     
  0.73210000000000008        4.3066359996279999        1.5001441066504941       -0.0000000000000000     
  0.73400000000000010        4.3217174864980290        1.5091466133042515       -0.0000000000000000     
  0.73590000000000011        4.3368222986538427        1.5181652242521699       -0.0000000000000000     
  0.73780000000000001        4.3519504173541996        1.5271998674090903       -0.0000000000000000     
  0.73970000000000002        4.3671018237686257        1.5362504712648692       -0.0000000000000000     
  0.74160000000000015        4.3822764989812555        1.5453169648792111       -0.0000000000000000     
  0.74350000000000005        4.3974744239915884        1.5543992778745515       -0.0000000000000000     
  0.74540000000000006        4.4126955797174725        1.5634973404302532       -0.0000000000000000     
  0.74730000000000008        4.4279399469965570        1.5726110832766325       -0.0000000000000000     
  0.74919999999999998        4.4432075065888146        1.5817404376889899       -0.0000000000000000     
  0.75110000000000010        4.4584982391780388        1.5908853354812338       -0.0000000000000000     
  0.75300000000000011        4.4738121253736418        1.6000457090004039       -0.0000000000000000     
  0.75490000000000002        4.4891491457136317        1.6092214911211180       -0.0000000000000000     
  0.75680000000000003        4.5045092806650686        1.6184126152393330       -0.0000000000000000     
  0.75870000000000015        4.5198925106269092        1.6276190152671197       -0.0000000000000000     
  0.76060000000000005        4.5352988159312906        1.6368406256270132       -0.0000000000000000     
  0.76250000000000007        4.5507281768452037        1.6460773812461966       -0.0000000000000000     
  0.76440000000000008        4.5661805735729910        1.6553292175518448       -0.0000000000000000     
  0.76629999999999998        4.5816559862572257        1.6645960704649574       -0.0000000000000000     
  0.76820000000000010        4.5971543949809215        1.6738778763957076       -0.0000000000000000     
  0.77010000000000012        4.6126757797685913        1.6831745722377771       -0.0000000000000000     
  0.77200000000000002        4.6282201205884377        1.6924860953634329       -0.0000000000000000     
  0.77390000000000003        4.6437873973540604        1.7018123836187649       -0.0000000000000000     
  0.77580000000000016        4.6593775899249419        1.7111533753177421       -0.0000000000000000     
  0.77770000000000006        4.6749906781095980        1.7205090092385964       -0.0000000000000000     
  0.77960000000000007        4.6906266416655615        1.7298792246175840       -0.0000000000000000     
  0.78150000000000008        4.7062854603017517        1.7392639611452014       -0.0000000000000000     
  0.78339999999999999        4.7219671136798249        1.7486631589609407       -0.0000000000000000     
  0.78530000000000011        4.7376715814151877        1.7580767586485864       -0.0000000000000000     
  0.78720000000000012        4.7533988430790144        1.7675047012318308       -0.0000000000000000     
  0.78910000000000002        4.7691488781991183        1.7769469281695447       -0.0000000000000000     
  0.79100000000000004        4.7849216662612974        1.7864033813510878       -0.0000000000000000     
  0.79290000000000016        4.8007171867112621        1.7958740030922944       -0.0000000000000000     
  0.79480000000000006        4.8165354189550831        1.8053587361305758       -0.0000000000000000     
  0.79670000000000007        4.8323763423616883        1.8148575236211739       -0.0000000000000000     
  0.79860000000000009        4.8482399362622122        1.8243703091320445       -0.0000000000000000     
  0.80049999999999999        4.8641261799533257        1.8338970366404390       -0.0000000000000000     
  0.80240000000000011        4.8800350526971679        1.8434376505283503       -0.0000000000000000     
  0.80430000000000013        4.8959665337229543        1.8529920955783195       -0.0000000000000000     
  0.80620000000000003        4.9119206022279664        1.8625603169695222       -0.0000000000000000     
  0.80810000000000004        4.9278972373790806        1.8721422602738271       -0.0000000000000000     
  0.81000000000000016        4.9438964183130878        1.8817378714513975       -0.0000000000000000     
  0.81190000000000007        4.9599181241391994        1.8913470968474240       -0.0000000000000000     
  0.81380000000000008        4.9759623339386962        1.9009698831877802       -0.0000000000000000     
  0.81570000000000009        4.9920290267667538        1.9106061775752472       -0.0000000000000000     
  0.81759999999999999        5.0081181816534750        1.9202559274859632       -0.0000000000000000     
  0.81950000000000012        5.0242297776046323        1.9299190807654902       -0.0000000000000000     
  0.82140000000000013        5.0403637936032215        1.9395955856253779       -0.0000000000000000     
  0.82330000000000003        5.0565202086096415        1.9492853906392127       -0.0000000000000000     
  0.82520000000000004        5.0726990015634774        1.9589884447393493       -0.0000000000000000     
  0.82710000000000006        5.0889001513840864        1.9687046972131323       -0.0000000000000000     
  0.82900000000000007        5.1051236369717241        1.9784340976996939       -0.0000000000000000     
  0.83090000000000008        5.1213694372079095        1.9881765961860201       -0.0000000000000000     
  0.83280000000000010        5.1376375309572575        1.9979321430041734       -0.0000000000000000     
  0.83470000000000000        5.1539278970678923        2.0077006888274833       -0.0000000000000000     
  0.83660000000000012        5.1702405143720114        2.0174821846674016       -0.0000000000000000     
  0.83850000000000013        5.1865753616875692        2.0272765818701033       -0.0000000000000000     
  0.84040000000000004        5.2029324178182117        2.0370838321133866       -0.0000000000000000     
  0.84230000000000005        5.2193116615549195        2.0469038874035355       -0.0000000000000000     
  0.84420000000000006        5.2357130716763152        2.0567367000718755       -0.0000000000000000     
  0.84609999999999996        5.2521366269494836        2.0665822227718817       -0.0000000000000000     
  0.84799999999999998        5.2685823061313632        2.0764404084762011       -0.0000000000000000     
  0.84989999999999999        5.2850500879687559        2.0863112104734105       -0.0000000000000000     
  0.85180000000000000        5.3015399511995813        2.0961945823650212       -0.0000000000000000     
  0.85370000000000013        5.3180518745533494        2.1060904780626042       -0.0000000000000000     
  0.85560000000000014        5.3345858367520336        2.1159988517847999       -0.0000000000000000     
  0.85750000000000004        5.3511418165108857        2.1259196580545132       -0.0000000000000000     
  0.85940000000000005        5.3677197925393410        2.1358528516961521       -0.0000000000000000     
  0.86130000000000007        5.3843197435407184        2.1457983878322944       -0.0000000000000000     
  0.86319999999999997        5.4009416482144381        2.1557562218816515       -0.0000000000000000     
  0.86509999999999998        5.4175854852552074        2.1657263095555868       -0.0000000000000000     
  0.86699999999999999        5.4342512333553126        2.1757086068563019       -0.0000000000000000     
  0.86890000000000001        5.4509388712033466        2.1857030700729476       -0.0000000000000000     
  0.87079999999999991        5.4676483774861619        2.1957096557798623       -0.0000000000000000     
  0.87270000000000014        5.4843797308894260        2.2057283208338552       -0.0000000000000000     
  0.87460000000000004        5.5011329100978958        2.2157590223712753       -0.0000000000000000     
  0.87650000000000006        5.5179078937962078        2.2258017178059331       -0.0000000000000000     
  0.87840000000000007        5.5347046606693340        2.2358563648259904       -0.0000000000000000     
  0.88029999999999997        5.5515231894031150        2.2459229213918608       -0.0000000000000000     
  0.88219999999999998        5.5683634586851696        2.2560013457336718       -0.0000000000000000     
  0.88410000000000000        5.5852254472050777        2.2660915963487849       -0.0000000000000000     
  0.88600000000000001        5.6021091336554010        2.2761936319994756       -0.0000000000000000     
  0.88789999999999991        5.6190144967317108        2.2863074117103710       -0.0000000000000000     
  0.88980000000000015        5.6359415151334353        2.2964328947662551       -0.0000000000000000     
  0.89170000000000005        5.6528901675642720        2.3065700407097300       -0.0000000000000000     
  0.89360000000000006        5.6698604327329463        2.3167188093389059       -0.0000000000000000     
  0.89550000000000007        5.6868522893533191        2.3268791607050185       -0.0000000000000000     
  0.89739999999999998        5.7038657161451409        2.3370510551103911       -0.0000000000000000     
  0.89929999999999999        5.7209006918346565        2.3472344531060734       -0.0000000000000000     
  0.90120000000000000        5.7379571951547490        2.3574293154897124       -0.0000000000000000     
  0.90309999999999990        5.7550352048456359        2.3676356033032770       -0.0000000000000000     
  0.90499999999999992        5.7721346996554450        2.3778532778311439       -0.0000000000000000     
  0.90689999999999993        5.7892556583402328        2.3880823005977234       -0.0000000000000000     
  0.90879999999999994        5.8063980596649243        2.3983226333655021       -0.0000000000000000     
  0.91070000000000007        5.8235618824037134        2.4085742381331467       -0.0000000000000000     
  0.91260000000000008        5.8407471053401698        2.4188370771331282       -0.0000000000000000     
  0.91449999999999998        5.8579537072675842        2.4291111128297467       -0.0000000000000000     
  0.91639999999999999        5.8751816669899393        2.4393963079173857       -0.0000000000000000     
  0.91830000000000001        5.8924309633220622        2.4496926253184865       -0.0000000000000000     
  0.92019999999999991        5.9097015750898132        2.4600000281813426       -0.0000000000000000     
  0.92209999999999992        5.9269934811306761        2.4703184798783369       -0.0000000000000000     
  0.92399999999999993        5.9443066602940782        2.4806479440041262       -0.0000000000000000     
  0.92589999999999995        5.9616410914420737        2.4909883843737415       -0.0000000000000000     
  0.92780000000000007        5.9789967534490032        2.5013397650203655       -0.0000000000000000     
  0.92970000000000008        5.9963736252026427        2.5117020501939762       -0.0000000000000000     
  0.93159999999999998        6.0137716856043362        2.5220752043594241       -0.0000000000000000     
  0.93350000000000000        6.0311909135686834        2.5324591921941288       -0.0000000000000000     
  0.93540000000000001        6.0486312880252004        2.5428539785871846       -0.0000000000000000     
  0.93729999999999991        6.0660927879173672        2.5532595286367665       -0.0000000000000000     
  0.93919999999999992        6.0835753922036782        2.5636758076488095       -0.0000000000000000     
  0.94109999999999994        6.1010790798576933        2.5741027811351795       -0.0000000000000000     
  0.94299999999999995        6.1186038298687446        2.5845404148121078       -0.0000000000000000     
  0.94490000000000007        6.1361496212417119        2.5949886745983100       -0.0000000000000000     
  0.94680000000000009        6.1537164329978022        2.6054475266134327       -0.0000000000000000     
  0.94869999999999999        6.1713042441742649        2.6159169371762543       -0.0000000000000000     
  0.95060000000000000        6.1889130338253748        2.6263968728032103       -0.0000000000000000     
  0.95250000000000001        6.2065427810224358        2.6368873002068667       -0.0000000000000000     
  0.95439999999999992        6.2241934648539976        2.6473881862941315       -0.0000000000000000     
  0.95629999999999993        6.2418650644261415        2.6578994981646136       -0.0000000000000000     
  0.95819999999999994        6.2595575588627987        2.6684212031093848       -0.0000000000000000     
  0.96009999999999995        6.2772709273061897        2.6789532686091122       -0.0000000000000000     
  0.96199999999999986        6.2950051489167569        2.6894956623326802       -0.0000000000000000     
  0.96390000000000009        6.3127602028735170        2.7000483521355818       -0.0000000000000000     
  0.96579999999999999        6.3305360683747924        2.7106113060586927       -0.0000000000000000     
  0.96770000000000000        6.3483327246376406        2.7211844923263886       -0.0000000000000000     
  0.96960000000000002        6.3661501508988119        2.7317678793454578       -0.0000000000000000     
  0.97149999999999992        6.3839883264146158        2.7423614357032879       -0.0000000000000000     
  0.97339999999999993        6.4018472304611844        2.7529651301667508       -0.0000000000000000     
  0.97529999999999994        6.4197268423347449        2.7635789316805850       -0.0000000000000000     
  0.97719999999999996        6.4376271413521629        2.7742028093661886       -0.0000000000000000     
  0.97909999999999986        6.4555481068507214        2.7848367325200711       -0.0000000000000000     
  0.98100000000000009        6.4734897181882083        2.7954806706123070       -0.0000000000000000     
  0.98290000000000000        6.4914519547439129        2.8061345932857091       -0.0000000000000000     
  0.98480000000000001        6.5094347959178567        2.8167984703538296       -0.0000000000000000     
  0.98670000000000002        6.5274382211318747        2.8274722718002585       -0.0000000000000000     
  0.98859999999999992        6.5454622098292559        2.8381559677767698       -0.0000000000000000     
  0.99049999999999994        6.5635067414750541        2.8488495286023214       -0.0000000000000000     
  0.99239999999999995        6.5815717955564708        2.8595529247617697       -0.0000000000000000     
  0.99429999999999996        6.5996573515828523        2.8702661269043936       -0.0000000000000000     
  0.99619999999999986        6.6177633890858019        2.8809891058427675       -0.0000000000000000     
  0.99810000000000010        6.6358898876197623        2.8917218325514984       -0.0000000000000000     
   1.0000000000000000        6.6540368267617556        2.9024642781660814       -0.0000000000000000     
