   5.0000000000000003E-002  0.23934730106796503        9.8309632056474416E-004  -0.0000000000000000     
   5.1899999999999995E-002  0.24848155280401188        1.0785214041278135E-003  -0.0000000000000000     
   5.3800000000000001E-002  0.25761938484467695        1.1791339065703873E-003  -0.0000000000000000     
   5.5700000000000006E-002  0.26676085397354299        1.2849499169510484E-003  -0.0000000000000000     
   5.7599999999999998E-002  0.27590601333830167        1.3959827247102940E-003  -0.0000000000000000     
   5.9499999999999997E-002  0.28505491317142101        1.5122437903277120E-003  -0.0000000000000000     
   6.1400000000000003E-002  0.29420760072949592        1.6337436840304937E-003  -0.0000000000000000     
   6.3300000000000009E-002  0.30336412066984003        1.7604929107965955E-003  -0.0000000000000000     
   6.5200000000000008E-002  0.31252451535799697        1.8925026614403594E-003  -0.0000000000000000     
   6.7099999999999993E-002  0.32168882496031481        2.0297854993674719E-003  -0.0000000000000000     
   6.9000000000000006E-002  0.33085708776612799        2.1723559659562173E-003  -0.0000000000000000     
   7.0900000000000005E-002  0.34002934036367810        2.3202311266860075E-003  -0.0000000000000000     
   7.2799999999999990E-002  0.34920561793019461        2.4734310543001472E-003  -0.0000000000000000     
   7.4700000000000003E-002  0.35838595431410208        2.6319792591759043E-003  -0.0000000000000000     
   7.6600000000000001E-002  0.36757038229992234        2.7959030649634155E-003  -0.0000000000000000     
   7.8500000000000000E-002  0.37675893376995351        2.9652339382254893E-003  -0.0000000000000000     
   8.0400000000000013E-002  0.38595163987298825        3.1400077740959174E-003  -0.0000000000000000     
   8.2300000000000012E-002  0.39514853118479593        3.3202651420355827E-003  -0.0000000000000000     
   8.4199999999999997E-002  0.40434963785734884        3.5060514951225632E-003  -0.0000000000000000     
   8.6099999999999996E-002  0.41355498974104776        3.6974173461442701E-003  -0.0000000000000000     
   8.7999999999999995E-002  0.42276461659399844        3.8944184136261656E-003  -0.0000000000000000     
   8.9899999999999994E-002  0.43197854809157632        4.0971157404159726E-003  -0.0000000000000000     
   9.1800000000000007E-002  0.44119681401593208        4.3055757878149945E-003  -0.0000000000000000     
   9.3700000000000006E-002  0.45041944434541964        4.5198705074332131E-003  -0.0000000000000000     
   9.5600000000000004E-002  0.45964646935473868        4.7400773932183438E-003  -0.0000000000000000     
   9.7500000000000017E-002  0.46887791970779874        4.9662795156280790E-003  -0.0000000000000000     
   9.9400000000000002E-002  0.47811382654380391        5.1985655399611847E-003  -0.0000000000000000     
  0.10130000000000000       0.48735422155734137        5.4370297306257573E-003  -0.0000000000000000     
  0.10320000000000000       0.49659913707195602        5.6817719428451097E-003  -0.0000000000000000     
  0.10510000000000000       0.50584860610792703        5.9328976034348519E-003  -0.0000000000000000     
  0.10700000000000000       0.51510266244589376        6.1905176819851363E-003  -0.0000000000000000     
  0.10890000000000001       0.52436134068369400        6.4547486535083340E-003  -0.0000000000000000     
  0.11080000000000001       0.53362467628949839        6.7257124539083614E-003  -0.0000000000000000     
  0.11270000000000001       0.54289270565102055        7.0035364291651881E-003  -0.0000000000000000     
  0.11460000000000002       0.55216546283250667        7.2870919902829675E-003  -0.0000000000000000     
  0.11649999999999999       0.56144292012935404        7.5721702002758432E-003  -0.0000000000000000     
  0.11840000000000001       0.57072504822419956        7.8615440529074977E-003  -0.0000000000000000     
  0.12030000000000000       0.58001185006414302        8.1562450876475241E-003  -0.0000000000000000     
  0.12220000000000000       0.58930334055402667        8.4568530175308590E-003  -0.0000000000000000     
  0.12410000000000000       0.59859954179375918        8.7637939675112037E-003  -0.0000000000000000     
  0.12600000000000000       0.60790048110747519        9.0774202933913625E-003  -0.0000000000000000     
  0.12790000000000001       0.61720618997000509        9.3980430294863526E-003  -0.0000000000000000     
  0.12980000000000003       0.62651670333949439        9.7259479730698994E-003  -0.0000000000000000     
  0.13169999999999998       0.63583205920643671        1.0061404688175827E-002  -0.0000000000000000     
  0.13360000000000000       0.64515229827075560        1.0404671982963723E-002  -0.0000000000000000     
  0.13550000000000001       0.65447746369992221        1.0756001450111269E-002  -0.0000000000000000     
  0.13739999999999999       0.66380760094192426        1.1115639863523062E-002  -0.0000000000000000     
  0.13930000000000001       0.67314275757643194        1.1483830860680460E-002  -0.0000000000000000     
  0.14120000000000002       0.68248298319321743        1.1860816158613102E-002  -0.0000000000000000     
  0.14310000000000000       0.69182832929191485        1.2246836454063008E-002  -0.0000000000000000     
  0.14500000000000002       0.70117884919691509        1.2642132103243487E-002  -0.0000000000000000     
  0.14690000000000000       0.71053459798491847        1.3046943643986092E-002  -0.0000000000000000     
  0.14879999999999999       0.71989563242199506        1.3461512202413036E-002  -0.0000000000000000     
  0.15070000000000000       0.72926201090862153        1.3886079813900505E-002  -0.0000000000000000     
  0.15260000000000001       0.73863379343108404        1.4320889679040756E-002  -0.0000000000000000     
  0.15450000000000000       0.74801104151818654        1.4766186369721327E-002  -0.0000000000000000     
  0.15640000000000001       0.75739381820223839        1.5222215996641666E-002  -0.0000000000000000     
  0.15830000000000002       0.76678218798395270        1.5689226346411133E-002  -0.0000000000000000     
  0.16020000000000001       0.77617621680054483        1.6167466994680354E-002  -0.0000000000000000     
  0.16210000000000002       0.78557597199627938        1.6657189400186140E-002  -0.0000000000000000     
  0.16400000000000001       0.79498152229602093        1.7158646983331471E-002  -0.0000000000000000     
  0.16589999999999999       0.80439293777996679        1.7672095192353014E-002  -0.0000000000000000     
  0.16780000000000000       0.81381028986111192        1.8197791559427245E-002  -0.0000000000000000     
  0.16970000000000002       0.82323365126374415        1.8735995748361958E-002  -0.0000000000000000     
  0.17160000000000000       0.83266309600374155        1.9286969595604268E-002  -0.0000000000000000     
  0.17350000000000002       0.84209869936974535        1.9850977145526420E-002  -0.0000000000000000     
  0.17540000000000003       0.85154053790622208        2.0428284680995269E-002  -0.0000000000000000     
  0.17730000000000001       0.86098868939683193        2.1019160750058281E-002  -0.0000000000000000     
  0.17920000000000003       0.87044323284038416        2.1623876189170586E-002  -0.0000000000000000     
  0.18110000000000001       0.87990424847138327        2.2242704143456332E-002  -0.0000000000000000     
  0.18300000000000000       0.88937181769419749        2.2875920084809990E-002  -0.0000000000000000     
  0.18490000000000001       0.89884602310478512        2.3523801827350473E-002  -0.0000000000000000     
  0.18680000000000002       0.90832694846983364        2.4186629541061461E-002  -0.0000000000000000     
  0.18870000000000001       0.91781467871524214        2.4864685763543445E-002  -0.0000000000000000     
  0.19060000000000002       0.92730929991504696        2.5558255409987261E-002  -0.0000000000000000     
  0.19250000000000003       0.93681089928096928        2.6267625781466006E-002  -0.0000000000000000     
  0.19439999999999999       0.94631956515247018        2.6993086571533650E-002  -0.0000000000000000     
  0.19630000000000000       0.95583538698717441        2.7734929871115772E-002  -0.0000000000000000     
  0.19820000000000002       0.96535845535174547        2.8493450171694100E-002  -0.0000000000000000     
  0.20010000000000000       0.97488886191315904        2.9268944366659656E-002  -0.0000000000000000     
  0.20200000000000001       0.98442669943029948        3.0061711750772657E-002  -0.0000000000000000     
  0.20390000000000003       0.99397206174583908        3.0872054017646672E-002  -0.0000000000000000     
  0.20580000000000001        1.0035250437783840        3.1700275255019568E-002  -0.0000000000000000     
  0.20770000000000002        1.0130857415149512        3.2546681937843949E-002  -0.0000000000000000     
  0.20960000000000004        1.0226542520034629        3.3411582918848826E-002  -0.0000000000000000     
  0.21149999999999999        1.0322306733456645        3.4295289416540822E-002  -0.0000000000000000     
  0.21340000000000001        1.0418151046899411        3.5198115000371975E-002  -0.0000000000000000     
  0.21529999999999999        1.0514076462243924        3.6120375572962334E-002  -0.0000000000000000     
  0.21720000000000000        1.0610083991699599        3.7062389349085373E-002  -0.0000000000000000     
  0.21909999999999999        1.0706174657735357        3.8024476831290871E-002  -0.0000000000000000     
  0.22100000000000003        1.0802349493011605        3.9006960781888408E-002  -0.0000000000000000     
  0.22289999999999999        1.0898609540311539        4.0010166191149131E-002  -0.0000000000000000     
  0.22479999999999997        1.0994955852472486        4.1034420241404718E-002  -0.0000000000000000     
  0.22670000000000001        1.1091389492314971        4.2080052266909848E-002  -0.0000000000000000     
  0.22860000000000000        1.1187911532572701        4.3147393709208226E-002  -0.0000000000000000     
  0.23050000000000001        1.1284523055819007        4.4236778067787669E-002  -0.0000000000000000     
  0.23240000000000000        1.1381225154392713        4.5348540845783276E-002  -0.0000000000000000     
  0.23430000000000001        1.1478018930321383        4.6483019490559808E-002  -0.0000000000000000     
  0.23619999999999999        1.1574905495241674        4.7640553328929684E-002  -0.0000000000000000     
  0.23810000000000003        1.1671885970317450        4.8821483496789456E-002  -0.0000000000000000     
  0.23999999999999999        1.1768961486154228        5.0026152863025246E-002  -0.0000000000000000     
  0.24189999999999998        1.1866133182710392        5.1254905947461633E-002  -0.0000000000000000     
  0.24380000000000002        1.1963402209203613        5.2508088832670628E-002  -0.0000000000000000     
  0.24570000000000000        1.2060769724014759        5.3786049069546565E-002  -0.0000000000000000     
  0.24760000000000001        1.2158236894585106        5.5089135576403145E-002  -0.0000000000000000     
  0.24950000000000000        1.2255804897310740        5.6417698531499055E-002  -0.0000000000000000     
  0.25140000000000001        1.2353474917430074        5.7772089258905125E-002  -0.0000000000000000     
  0.25330000000000003        1.2451248148906455        5.9152660107553358E-002  -0.0000000000000000     
  0.25519999999999998        1.2549125794305900        6.0559764323436856E-002  -0.0000000000000000     
  0.25710000000000000        1.2647109064666551        6.1993755914861663E-002  -0.0000000000000000     
  0.25900000000000001        1.2745199179363758        6.3454989510720275E-002  -0.0000000000000000     
  0.26090000000000002        1.2843397365967368        6.4943820211812664E-002  -0.0000000000000000     
  0.26279999999999998        1.2941704860092325        6.6460603435141430E-002  -0.0000000000000000     
  0.26469999999999999        1.3040122905242018        6.8005694751320928E-002  -0.0000000000000000     
  0.26660000000000000        1.3138652752644200        6.9579449715041333E-002  -0.0000000000000000     
  0.26849999999999996        1.3237295661078814        7.1182223688780896E-002  -0.0000000000000000     
  0.27040000000000003        1.3336052896699204        7.2814371659840726E-002  -0.0000000000000000     
  0.27229999999999999        1.3434925732842955        7.4476248050815791E-002  -0.0000000000000000     
  0.27420000000000000        1.3533915449837104        7.6168206523756804E-002  -0.0000000000000000     
  0.27610000000000001        1.3633023334792798        7.7890599778139780E-002  -0.0000000000000000     
  0.27799999999999997        1.3732250681392626        7.9643779342957327E-002  -0.0000000000000000     
  0.27989999999999998        1.3831598789668973        8.1428095363141981E-002  -0.0000000000000000     
  0.28179999999999999        1.3931068965773497        8.3243896380651092E-002  -0.0000000000000000     
  0.28370000000000001        1.4030662521792387        8.5091529110899192E-002  -0.0000000000000000     
  0.28559999999999997        1.4130380775278226        8.6971338212679911E-002  -0.0000000000000000     
  0.28750000000000003        1.4230225049327043        8.8883666057506805E-002  -0.0000000000000000     
  0.28939999999999999        1.4330196672087956        9.0828852491401477E-002  -0.0000000000000000     
  0.29130000000000000        1.4430296976545334        9.2807234595110324E-002  -0.0000000000000000     
  0.29320000000000002        1.4530527300235307        9.4819146440996080E-002  -0.0000000000000000     
  0.29509999999999997        1.4630888984955082        9.6864918847516968E-002  -0.0000000000000000     
  0.29699999999999999        1.4731383376462484        9.8944879131692198E-002  -0.0000000000000000     
  0.29890000000000000        1.4832011824167173       0.10105935086025092       -0.0000000000000000     
  0.30080000000000001        1.4932775680814576       0.10320865359990729       -0.0000000000000000     
  0.30269999999999997        1.5033676302161629       0.10539310266739542       -0.0000000000000000     
  0.30460000000000004        1.5134715046645244       0.10761300887981420       -0.0000000000000000     
  0.30649999999999999        1.5235893275042474       0.10986867830593611       -0.0000000000000000     
  0.30840000000000001        1.5337212350123925       0.11216041201905508       -0.0000000000000000     
  0.31030000000000002        1.5438673636301714       0.11448850585203538       -0.0000000000000000     
  0.31219999999999998        1.5540278499269244       0.11685325015513506       -0.0000000000000000     
  0.31409999999999999        1.5642028305636557       0.11925492955730779       -0.0000000000000000     
  0.31600000000000000        1.5743924422559215       0.12169382273156253       -0.0000000000000000     
  0.31790000000000002        1.5845968217362376       0.12417020216497031       -0.0000000000000000     
  0.31979999999999997        1.5948161057160173       0.12668433393406847       -0.0000000000000000     
  0.32170000000000004        1.6050504308471107       0.12923647748612477       -0.0000000000000000     
  0.32360000000000000        1.6152999336829135       0.13182688542692378       -0.0000000000000000     
  0.32549999999999996        1.6255647506392494       0.13445580331567489       -0.0000000000000000     
  0.32740000000000002        1.6358450179549009       0.13712346946755494       -0.0000000000000000     
  0.32929999999999998        1.6461408716519816       0.13983011476445673       -0.0000000000000000     
  0.33119999999999999        1.6564524474961282       0.14257596247444354       -0.0000000000000000     
  0.33310000000000001        1.6667798809620200       0.14536122808139293       -0.0000000000000000     
  0.33500000000000002        1.6771233071711542       0.14818611911922669       -0.0000000000000000     
  0.33689999999999998        1.6874828608862380       0.15105083502651276       -0.0000000000000000     
  0.33879999999999999        1.6978586764478094       0.15395556700110230       -0.0000000000000000     
  0.34070000000000000        1.7082508877405316       0.15690049787083729       -0.0000000000000000     
  0.34259999999999996        1.7186596281538269       0.15988580197444835       -0.0000000000000000     
  0.34450000000000003        1.7290850305423600       0.16291164505371089       -0.0000000000000000     
  0.34639999999999999        1.7395272271871187       0.16597818415738702       -0.0000000000000000     
  0.34830000000000000        1.7499863497567827       0.16908556755697687       -0.0000000000000000     
  0.35020000000000001        1.7604625292695004       0.17223393467449319       -0.0000000000000000     
  0.35210000000000002        1.7709558960551739       0.17542341602237219       -0.0000000000000000     
  0.35399999999999998        1.7814665797181788       0.17865413315558509       -0.0000000000000000     
  0.35589999999999999        1.7919947091007959       0.18192619863599638       -0.0000000000000000     
  0.35780000000000001        1.8025404122471054       0.18523971600892522       -0.0000000000000000     
  0.35969999999999996        1.8131038163677036       0.18859477979189448       -0.0000000000000000     
  0.36160000000000003        1.8236850478108673       0.19199147547705575       -0.0000000000000000     
  0.36349999999999999        1.8342842320046009       0.19542987953738530       -0.0000000000000000     
  0.36540000000000000        1.8449014934609014       0.19891005946134310       -0.0000000000000000     
  0.36730000000000002        1.8555369557179173       0.20243207378212075       -0.0000000000000000     
  0.36920000000000003        1.8661907413153156       0.20599597212688286       -0.0000000000000000     
  0.37109999999999999        1.8768629717636731       0.20960179527522879       -0.0000000000000000     
  0.37300000000000000        1.8875537675151144       0.21324957522850738       -0.0000000000000000     
  0.37490000000000001        1.8982632479348891       0.21693933528951961       -0.0000000000000000     
  0.37679999999999997        1.9089915312738763       0.22067109015230277       -0.0000000000000000     
  0.37870000000000004        1.9197387346421868       0.22444484600155518       -0.0000000000000000     
  0.38059999999999999        1.9305049739838001       0.22826060062140924       -0.0000000000000000     
  0.38250000000000001        1.9412903640522556       0.23211834351296814       -0.0000000000000000     
  0.38440000000000002        1.9520950183934702       0.23601805602252804       -0.0000000000000000     
  0.38629999999999998        1.9629190492985928       0.23995971146643638       -0.0000000000000000     
  0.38819999999999999        1.9737625678222015       0.24394327528660434       -0.0000000000000000     
  0.39010000000000000        1.9846256837353804       0.24796870518929837       -0.0000000000000000     
  0.39200000000000002        1.9955085055138710       0.25203595130253814       -0.0000000000000000     
  0.39389999999999997        2.0064111403204725       0.25614495633707712       -0.0000000000000000     
  0.39580000000000004        2.0173336939887263       0.26029565575299313       -0.0000000000000000     
  0.39770000000000000        2.0282762710075506       0.26448797793124051       -0.0000000000000000     
  0.39959999999999996        2.0392389745070068       0.26872184434976709       -0.0000000000000000     
  0.40150000000000002        2.0502219062452807       0.27299716976370808       -0.0000000000000000     
  0.40339999999999998        2.0612251665966914       0.27731386238916456       -0.0000000000000000     
  0.40529999999999999        2.0722488545460789       0.28167182409250613       -0.0000000000000000     
  0.40720000000000001        2.0832930676569159       0.28607095056961573       -0.0000000000000000     
  0.40910000000000002        2.0943579020977885       0.29051113155377056       -0.0000000000000000     
  0.41099999999999998        2.1054434526098165       0.29499225099766596       -0.0000000000000000     
  0.41290000000000004        2.1165498125067801       0.29951418727115237       -0.0000000000000000     
  0.41480000000000000        2.1276770736694264       0.30407681335677572       -0.0000000000000000     
  0.41669999999999996        2.1388253265410588       0.30867999704592208       -0.0000000000000000     
  0.41860000000000003        2.1499946601238267       0.31332360113487684       -0.0000000000000000     
  0.42049999999999998        2.1611851619761682       0.31800748362076220       -0.0000000000000000     
  0.42240000000000005        2.1723969182167004       0.32273149789988470       -0.0000000000000000     
  0.42430000000000007        2.1836300134997666       0.32749549294871827       -0.0000000000000000     
  0.42620000000000002        2.1948845310531966       0.33229931353784459       -0.0000000000000000     
  0.42809999999999998        2.2061605526526011       0.33714280040853095       -0.0000000000000000     
  0.43000000000000005        2.2174581586302708       0.34202579046613729       -0.0000000000000000     
  0.43190000000000006        2.2287774278777053       0.34694811696739103       -0.0000000000000000     
  0.43380000000000002        2.2401184378490613       0.35190960970537460       -0.0000000000000000     
  0.43570000000000003        2.2514812645652600       0.35691009519182310       -0.0000000000000000     
  0.43759999999999999        2.2628659826188215       0.36194939683663213       -0.0000000000000000     
  0.43950000000000006        2.2742726651848675       0.36702733512812380       -0.0000000000000000     
  0.44140000000000007        2.2857013840042835       0.37214372779040739       -0.0000000000000000     
  0.44330000000000003        2.2971522094269465       0.37729838997831044       -0.0000000000000000     
  0.44519999999999998        2.3086252103935911       0.38249113442627591       -0.0000000000000000     
  0.44710000000000000        2.3201204544504508       0.38772177161584870       -0.0000000000000000     
  0.44900000000000007        2.3316380077579835       0.39299010993469341       -0.0000000000000000     
  0.45090000000000002        2.3431779350998672       0.39829595583187843       -0.0000000000000000     
  0.45280000000000004        2.3547402998925691       0.40363911396915070       -0.0000000000000000     
  0.45469999999999999        2.3663251641954761       0.40901938736841270       -0.0000000000000000     
  0.45660000000000006        2.3779325887212188       0.41443657755499658       -0.0000000000000000     
  0.45850000000000007        2.3895626328467410       0.41989048469697343       -0.0000000000000000     
  0.46040000000000003        2.4012153546292128       0.42538090774485765       -0.0000000000000000     
  0.46229999999999999        2.4128908107979656       0.43090764454393810       -0.0000000000000000     
  0.46420000000000000        2.4245890567974766       0.43647049199037319       -0.0000000000000000     
  0.46610000000000007        2.4363101467779509       0.44206924613381299       -0.0000000000000000     
  0.46800000000000003        2.4480541336137742       0.44770370230146650       -0.0000000000000000     
  0.46990000000000004        2.4598210689160989       0.45337365521253675       -0.0000000000000000     
  0.47180000000000011        2.4716110030463732       0.45907889908896893       -0.0000000000000000     
  0.47370000000000007        2.4834239851292685       0.46481922776189549       -0.0000000000000000     
  0.47560000000000008        2.4952600630664352       0.47059443477417273       -0.0000000000000000     
  0.47750000000000004        2.5071192835502334       0.47640431347904583       -0.0000000000000000     
  0.47939999999999999        2.5190016920775866       0.48224865713483700       -0.0000000000000000     
  0.48130000000000006        2.5309073329640488       0.48812725899585468       -0.0000000000000000     
  0.48320000000000007        2.5428362493579875       0.49403991239955197       -0.0000000000000000     
  0.48510000000000003        2.5547884832582461       0.49998641085616174       -0.0000000000000000     
  0.48700000000000004        2.5667640755143504       0.50596654810296204       -0.0000000000000000     
  0.48890000000000011        2.5787630658632898       0.51198011822000222       -0.0000000000000000     
  0.49080000000000007        2.5907854929283025       0.51802691567571324       -0.0000000000000000     
  0.49270000000000008        2.6028313942378496       0.52410673540351815       -0.0000000000000000     
  0.49460000000000004        2.6149008062398558       0.53021937286763698       -0.0000000000000000     
  0.49650000000000000        2.6269937643167864       0.53636462412625330       -0.0000000000000000     
  0.49840000000000007        2.6391103027998883       0.54254228589089770       -0.0000000000000000     
  0.50030000000000008        2.6512504549841518       0.54875215558337320       -0.0000000000000000     
  0.50220000000000009        2.6634142531426752       0.55499403138921211       -0.0000000000000000     
  0.50409999999999999        2.6756017285414262       0.56126771230856920       -0.0000000000000000     
  0.50600000000000001        2.6878129114538525       0.56757299820420115       -0.0000000000000000     
  0.50790000000000013        2.7000478311753109       0.57390968984666513       -0.0000000000000000     
  0.50980000000000003        2.7123065160375952       0.58027758895699544       -0.0000000000000000     
  0.51170000000000004        2.7245889934233616       0.58667649824678092       -0.0000000000000000     
  0.51360000000000006        2.7368952897803669       0.59310622145573200       -0.0000000000000000     
  0.51550000000000007        2.7492254306359829       0.59956656338699810       -0.0000000000000000     
  0.51740000000000008        2.7615794406110679       0.60605732994003569       -0.0000000000000000     
  0.51930000000000009        2.7739573434342746       0.61257832814139490       -0.0000000000000000     
  0.52120000000000000        2.7863591619560135       0.61912936617331538       -0.0000000000000000     
  0.52310000000000001        2.7987849181588240       0.62571025340758979       -0.0000000000000000     
  0.52500000000000013        2.8112346331848443       0.63232080040018268       -0.0000000000000000     
  0.52690000000000003        2.8237083273291157       0.63896081895968160       -0.0000000000000000     
  0.52880000000000005        2.8362060200666988       0.64563012213708448       -0.0000000000000000     
  0.53070000000000006        2.8487277300626168       0.65232852425280774       -0.0000000000000000     
  0.53260000000000007        2.8612734751852287       0.65905584091402669       -0.0000000000000000     
  0.53450000000000009        2.8738432725193674       0.66581188903057631       -0.0000000000000000     
  0.53640000000000010        2.8864371383793102       0.67259648682910245       -0.0000000000000000     
  0.53830000000000000        2.8990550883218900       0.67940945386609564       -0.0000000000000000     
  0.54020000000000001        2.9116971371588845       0.68625061103886831       -0.0000000000000000     
  0.54210000000000014        2.9243632989699888       0.69311978059598367       -0.0000000000000000     
  0.54400000000000004        2.9370535871150678       0.70001678614570373       -0.0000000000000000     
  0.54590000000000005        2.9497680142466836       0.70694145266377484       -0.0000000000000000     
  0.54780000000000006        2.9625065923217728       0.71389360649940492       -0.0000000000000000     
  0.54970000000000008        2.9752693326143729       0.72087307538089951       -0.0000000000000000     
  0.55160000000000009        2.9880562457269155       0.72787968841950612       -0.0000000000000000     
  0.55350000000000010        3.0008673416024050       0.73491327611275481       -0.0000000000000000     
  0.55540000000000000        3.0137026295353739       0.74197367034651074       -0.0000000000000000     
  0.55730000000000002        3.0265621181841671       0.74906070439647543       -0.0000000000000000     
  0.55920000000000014        3.0394458155812560       0.75617421292829590       -0.0000000000000000     
  0.56110000000000004        3.0523537291451461       0.76331403199748904       -0.0000000000000000     
  0.56300000000000006        3.0652858656908974       0.77047999904806863       -0.0000000000000000     
  0.56490000000000007        3.0782422314408859       0.77767195291061642       -0.0000000000000000     
  0.56680000000000008        3.0912228320357817       0.78488973379985416       -0.0000000000000000     
  0.56870000000000009        3.1042276725448490       0.79213318331123272       -0.0000000000000000     
  0.57060000000000011        3.1172567574761354       0.79940214441710611       -0.0000000000000000     
  0.57250000000000001        3.1303100907870021       0.80669646146230201       -0.0000000000000000     
  0.57440000000000002        3.1433876758938939       0.81401598015905896       -0.0000000000000000     
  0.57630000000000015        3.1564895156823618       0.82136054758157306       -0.0000000000000000     
  0.57820000000000005        3.1696156125168176       0.82873001216001863       -0.0000000000000000     
  0.58010000000000006        3.1827659682500280       0.83612422367399486       -0.0000000000000000     
  0.58200000000000007        3.1959405841988260       0.84354303325421653       -0.0000000000000000     
  0.58389999999999997        3.2091394612887592       0.85098629334107023       -0.0000000000000000     
  0.58580000000000010        3.2223625998599390       0.85845385772855420       -0.0000000000000000     
  0.58770000000000011        3.2356099998116692       0.86594558152183254       -0.0000000000000000     
  0.58960000000000001        3.2488816605776316       0.87346132113744901       -0.0000000000000000     
  0.59150000000000003        3.2621775811343348       0.88100093429476234       -0.0000000000000000     
  0.59340000000000015        3.2754977600093986       0.88856428000703624       -0.0000000000000000     
  0.59530000000000005        3.2888421952910467       0.89615121857267110       -0.0000000000000000     
  0.59720000000000006        3.3022108846350475       0.90376161156528123       -0.0000000000000000     
  0.59910000000000008        3.3156038252739357       0.91139532182470073       -0.0000000000000000     
  0.60099999999999998        3.3290210140245895       0.91905221344684629       -0.0000000000000000     
  0.60290000000000010        3.3424624472965911       0.92673215177422308       -0.0000000000000000     
  0.60480000000000012        3.3559281210989766       0.93443500338519869       -0.0000000000000000     
  0.60670000000000002        3.3694180310488355       0.94216063608431599       -0.0000000000000000     
  0.60860000000000003        3.3829321723786117       0.94990891889162887       -0.0000000000000000     
  0.61050000000000015        3.3964705399435706       0.95767972203276597       -0.0000000000000000     
  0.61240000000000006        3.4100331282284557       0.96547291692742387       -0.0000000000000000     
  0.61430000000000007        3.4236199313550491       0.97328837617946629       -0.0000000000000000     
  0.61620000000000008        3.4372309430897596       0.98112597356610787       -0.0000000000000000     
  0.61809999999999998        3.4508661568493513       0.98898558402670667       -0.0000000000000000     
  0.62000000000000011        3.4645255657088532       0.99686708365247911       -0.0000000000000000     
  0.62190000000000012        3.4782091624073326        1.0047703496751486       -0.0000000000000000     
  0.62380000000000002        3.4919169393549172        1.0126952604561394       -0.0000000000000000     
  0.62570000000000003        3.5056488886393118        1.0206416954759245       -0.0000000000000000     
  0.62760000000000005        3.5194050020313887        1.0286095353224476       -0.0000000000000000     
  0.62950000000000006        3.5331852709928238        1.0365986616810619       -0.0000000000000000     
  0.63140000000000007        3.5469896866808051        1.0446089573226687       -0.0000000000000000     
  0.63330000000000009        3.5608182399542558        1.0526403060932439       -0.0000000000000000     
  0.63519999999999999        3.5746709213805463        1.0606925929027122       -0.0000000000000000     
  0.63710000000000011        3.5885477212406922        1.0687657037143439       -0.0000000000000000     
  0.63900000000000012        3.6024486295348255        1.0768595255333928       -0.0000000000000000     
  0.64090000000000003        3.6163736359883036        1.0849739463966832       -0.0000000000000000     
  0.64280000000000004        3.6303227300571357        1.0931088553615935       -0.0000000000000000     
  0.64470000000000005        3.6442959009328004        1.1012641424952232       -0.0000000000000000     
  0.64660000000000006        3.6582931375481045        1.1094396988638389       -0.0000000000000000     
  0.64850000000000008        3.6723144285824030        1.1176354165220983       -0.0000000000000000     
  0.65040000000000009        3.6863597624663176        1.1258511885024647       -0.0000000000000000     
  0.65229999999999999        3.7004291273874039        1.1340869088048435       -0.0000000000000000     
  0.65420000000000011        3.7145225112939038        1.1423424723856677       -0.0000000000000000     
  0.65610000000000013        3.7286399019010985        1.1506177751481108       -0.0000000000000000     
  0.65800000000000003        3.7427812866946821        1.1589127139310296       -0.0000000000000000     
  0.65990000000000004        3.7569466529368065        1.1672271864994568       -0.0000000000000000     
  0.66180000000000005        3.7711359876693127        1.1755610915338550       -0.0000000000000000     
  0.66370000000000007        3.7853492777191966        1.1839143286201670       -0.0000000000000000     
  0.66560000000000008        3.7995865097022983        1.1922867982397909       -0.0000000000000000     
  0.66750000000000009        3.8138476700285797        1.2006784017598615       -0.0000000000000000     
  0.66940000000000000        3.8281327449055431        1.2090890414230278       -0.0000000000000000     
  0.67130000000000012        3.8424417203429151        1.2175186203380124       -0.0000000000000000     
  0.67320000000000013        3.8567745821563024        1.2259670424695728       -0.0000000000000000     
  0.67510000000000003        3.8711313159718728        1.2344342126292545       -0.0000000000000000     
  0.67700000000000005        3.8855119072298803        1.2429200364658410       -0.0000000000000000     
  0.67890000000000006        3.8999163411887166        1.2514244204556877       -0.0000000000000000     
  0.68080000000000007        3.9143446029283311        1.2599472718935627       -0.0000000000000000     
  0.68270000000000008        3.9287966773551046        1.2684884988837120       -0.0000000000000000     
  0.68460000000000010        3.9432725492041003        1.2770480103300910       -0.0000000000000000     
  0.68650000000000000        3.9577722030436688        1.2856257159279330       -0.0000000000000000     
  0.68840000000000012        3.9722956232791287        1.2942215261547261       -0.0000000000000000     
  0.69030000000000014        3.9868427941551139        1.3028353522607479       -0.0000000000000000     
  0.69220000000000004        4.0014136997604286        1.3114671062613046       -0.0000000000000000     
  0.69410000000000005        4.0160083240301505        1.3201167009270909       -0.0000000000000000     
  0.69600000000000006        4.0306266507505120        1.3287840497766987       -0.0000000000000000     
  0.69790000000000008        4.0452686635602833        1.3374690670670160       -0.0000000000000000     
  0.69980000000000009        4.0599343459551349        1.3461716677856177       -0.0000000000000000     
  0.70170000000000010        4.0746236812910404        1.3548917676424674       -0.0000000000000000     
  0.70360000000000000        4.0893366527863044        1.3636292830613190       -0.0000000000000000     
  0.70550000000000002        4.1040732435252627        1.3723841311720910       -0.0000000000000000     
  0.70740000000000014        4.1188334364612125        1.3811562298024229       -0.0000000000000000     
  0.70930000000000004        4.1336172144195400        1.3899454974704619       -0.0000000000000000     
  0.71120000000000005        4.1484245600999534        1.3987518533763625       -0.0000000000000000     
  0.71310000000000007        4.1632554560794111        1.4075752173947753       -0.0000000000000000     
  0.71500000000000008        4.1781098848159148        1.4164155100676561       -0.0000000000000000     
  0.71690000000000009        4.1929878286498683        1.4252726525963169       -0.0000000000000000     
  0.71880000000000011        4.2078892698073664        1.4341465668339668       -0.0000000000000000     
  0.72070000000000001        4.2228141904032208        1.4430371752788707       -0.0000000000000000     
  0.72260000000000002        4.2377625724422980        1.4519444010662730       -0.0000000000000000     
  0.72450000000000014        4.2527343978235734        1.4608681679622151       -0.0000000000000000     
  0.72640000000000005        4.2677296483415637        1.4698084003557610       -0.0000000000000000     
  0.72830000000000006        4.2827483056892595        1.4787650232523544       -0.0000000000000000     
  0.73020000000000007        4.2977903514600193        1.4877379622667459       -0.0000000000000000     
  0.73210000000000008        4.3128557671506229        1.4967271436164082       -0.0000000000000000     
  0.73400000000000010        4.3279445341629703        1.5057324941145560       -0.0000000000000000     
  0.73590000000000011        4.3430566338064915        1.5147539411637265       -0.0000000000000000     
  0.73780000000000001        4.3581920473009070        1.5237914127492576       -0.0000000000000000     
  0.73970000000000002        4.3733507557772828        1.5328448374325263       -0.0000000000000000     
  0.74160000000000015        4.3885327402817200        1.5419141443450528       -0.0000000000000000     
  0.74350000000000005        4.4037379817760218        1.5509992631817315       -0.0000000000000000     
  0.74540000000000006        4.4189664611403767        1.5601001241948460       -0.0000000000000000     
  0.74730000000000008        4.4342181591757557        1.5692166581880482       -0.0000000000000000     
  0.74919999999999998        4.4494930566054149        1.5783487965100651       -0.0000000000000000     
  0.75110000000000010        4.4647911340766395        1.5874964710487038       -0.0000000000000000     
  0.75300000000000011        4.4801123721633536        1.5966596142253078       -0.0000000000000000     
  0.75490000000000002        4.4954567513678763        1.6058381589885831       -0.0000000000000000     
  0.75680000000000003        4.5108242521221769        1.6150320388089661       -0.0000000000000000     
  0.75870000000000015        4.5262148547904033        1.6242411876730141       -0.0000000000000000     
  0.76060000000000005        4.5416285396701026        1.6334655400775402       -0.0000000000000000     
  0.76250000000000007        4.5570652869946864        1.6427050310246014       -0.0000000000000000     
  0.76440000000000008        4.5725250769346868        1.6519595960156854       -0.0000000000000000     
  0.76629999999999998        4.5880078895990035        1.6612291710460565       -0.0000000000000000     
  0.76820000000000010        4.6035137050378330        1.6705136926002042       -0.0000000000000000     
  0.77010000000000012        4.6190425032431310        1.6798130976458892       -0.0000000000000000     
  0.77200000000000002        4.6345942641507820        1.6891273236293847       -0.0000000000000000     
  0.77390000000000003        4.6501689676422755        1.6984563084702615       -0.0000000000000000     
  0.77580000000000016        4.6657665935458414        1.7077999905563155       -0.0000000000000000     
  0.77770000000000006        4.6813871216382070        1.7171583087384787       -0.0000000000000000     
  0.77960000000000007        4.6970305316462682        1.7265312023262631       -0.0000000000000000     
  0.78150000000000008        4.7126968032485514        1.7359186110827021       -0.0000000000000000     
  0.78339999999999999        4.7283859160758839        1.7453204752192486       -0.0000000000000000     
  0.78530000000000011        4.7440978497141462        1.7547367353918448       -0.0000000000000000     
  0.78720000000000012        4.7598325837045437        1.7641673326954661       -0.0000000000000000     
  0.78910000000000002        4.7755900975456615        1.7736122086600381       -0.0000000000000000     
  0.79100000000000004        4.7913703706945832        1.7830713052457658       -0.0000000000000000     
  0.79290000000000016        4.8071733825677763        1.7925445648384775       -0.0000000000000000     
  0.79480000000000006        4.8229991125434921        1.8020319302455394       -0.0000000000000000     
  0.79670000000000007        4.8388475399617263        1.8115333446911386       -0.0000000000000000     
  0.79860000000000009        4.8547186441266765        1.8210487518123752       -0.0000000000000000     
  0.80049999999999999        4.8706124043072725        1.8305780956547848       -0.0000000000000000     
  0.80240000000000011        4.8865287997379419        1.8401213206678493       -0.0000000000000000     
  0.80430000000000013        4.9024678096216130        1.8496783717017173       -0.0000000000000000     
  0.80620000000000003        4.9184294131286883        1.8592491940022529       -0.0000000000000000     
  0.80810000000000004        4.9344135893993899        1.8688337332073093       -0.0000000000000000     
  0.81000000000000016        4.9504203175450154        1.8784319353429915       -0.0000000000000000     
  0.81190000000000007        4.9664495766485608        1.8880437468195301       -0.0000000000000000     
  0.81380000000000008        4.9825013457658782        1.8976691144272075       -0.0000000000000000     
  0.81570000000000009        4.9985756039267271        1.9073079853328643       -0.0000000000000000     
  0.81759999999999999        5.0146723301366922        1.9169603070762153       -0.0000000000000000     
  0.81950000000000012        5.0307915033763253        1.9266260275654199       -0.0000000000000000     
  0.82140000000000013        5.0469331026040578        1.9363050950742484       -0.0000000000000000     
  0.82330000000000003        5.0630971067566932        1.9459974582381956       -0.0000000000000000     
  0.82520000000000004        5.0792834947495189        1.9557030660505073       -0.0000000000000000     
  0.82710000000000006        5.0954922454781340        1.9654218678589999       -0.0000000000000000     
  0.82900000000000007        5.1117233378192424        1.9751538133626618       -0.0000000000000000     
  0.83090000000000008        5.1279767506314311        1.9848988526078717       -0.0000000000000000     
  0.83280000000000010        5.1442524627563619        1.9946569359852790       -0.0000000000000000     
  0.83470000000000000        5.1605504530189474        2.0044280142261717       -0.0000000000000000     
  0.83660000000000012        5.1768707002294754        2.0142120383996169       -0.0000000000000000     
  0.83850000000000013        5.1932131831831931        2.0240089599085653       -0.0000000000000000     
  0.84040000000000004        5.2095778806618442        2.0338187304870132       -0.0000000000000000     
  0.84230000000000005        5.2259647714346507        2.0436413021969773       -0.0000000000000000     
  0.84420000000000006        5.2423738342586859        2.0534766274248617       -0.0000000000000000     
  0.84609999999999996        5.2588050478795907        2.0633246588784475       -0.0000000000000000     
  0.84799999999999998        5.2752583910332360        2.0731853495843517       -0.0000000000000000     
  0.84989999999999999        5.2917338424453835        2.0830586528842083       -0.0000000000000000     
  0.85180000000000000        5.3082313808331776        2.0929445224322496       -0.0000000000000000     
  0.85370000000000013        5.3247509849057248        2.1028429121920440       -0.0000000000000000     
  0.85560000000000014        5.3412926333646249        2.1127537764336726       -0.0000000000000000     
  0.85750000000000004        5.3578563049053463        2.1226770697309716       -0.0000000000000000     
  0.85940000000000005        5.3744419782167965        2.1326127469583476       -0.0000000000000000     
  0.86130000000000007        5.3910496319832975        2.1425607632883419       -0.0000000000000000     
  0.86319999999999997        5.4076792448841822        2.1525210741884679       -0.0000000000000000     
  0.86509999999999998        5.4243307955952664        2.1624936354187807       -0.0000000000000000     
  0.86699999999999999        5.4410042627892317        2.1724784030290629       -0.0000000000000000     
  0.86890000000000001        5.4576996251358629        2.1824753333559088       -0.0000000000000000     
  0.87079999999999991        5.4744168613039710        2.1924843830208021       -0.0000000000000000     
  0.87270000000000014        5.4911559499598566        2.2025055089262762       -0.0000000000000000     
  0.87460000000000004        5.5079168697703080        2.2125386682545307       -0.0000000000000000     
  0.87650000000000006        5.5246995994014378        2.2225838184641615       -0.0000000000000000     
  0.87840000000000007        5.5415041175204527        2.2326409172880677       -0.0000000000000000     
  0.88029999999999997        5.5583304027951268        2.2427099227304041       -0.0000000000000000     
  0.88219999999999998        5.5751784338955401        2.2527907930648192       -0.0000000000000000     
  0.88410000000000000        5.5920481894938217        2.2628834868314445       -0.0000000000000000     
  0.88600000000000001        5.6089396482649461        2.2729879628348222       -0.0000000000000000     
  0.88789999999999991        5.6258527888874887        2.2831041801413723       -0.0000000000000000     
  0.88980000000000015        5.6427875900438718        2.2932320980771359       -0.0000000000000000     
  0.89170000000000005        5.6597440304208595        2.3033716762253360       -0.0000000000000000     
  0.89360000000000006        5.6767220887104397        2.3135228744242191       -0.0000000000000000     
  0.89550000000000007        5.6937217436099994        2.3236856527647558       -0.0000000000000000     
  0.89739999999999998        5.7107429738228408        2.3338599715883075       -0.0000000000000000     
  0.89929999999999999        5.7277857580590146        2.3440457914846253       -0.0000000000000000     
  0.90120000000000000        5.7448500750351519        2.3542430732892976       -0.0000000000000000     
  0.90309999999999990        5.7619359034759645        2.3644517780822092       -0.0000000000000000     
  0.90499999999999992        5.7790432221131622        2.3746718671845088       -0.0000000000000000     
  0.90689999999999993        5.7961720096876572        2.3849033021574573       -0.0000000000000000     
  0.90879999999999994        5.8133222449487763        2.3951460447996662       -0.0000000000000000     
  0.91070000000000007        5.8304939066551409        2.4054000571453362       -0.0000000000000000     
  0.91260000000000008        5.8476869735749863        2.4156653014620564       -0.0000000000000000     
  0.91449999999999998        5.8649014244867930        2.4259417402489478       -0.0000000000000000     
  0.91639999999999999        5.8821372381796113        2.4362293362347538       -0.0000000000000000     
  0.91830000000000001        5.8993943934533393        2.4465280523755220       -0.0000000000000000     
  0.92019999999999991        5.9166728691189068        2.4568378518527889       -0.0000000000000000     
  0.92209999999999992        5.9339726439997582        2.4671586980721361       -0.0000000000000000     
  0.92399999999999993        5.9512936969303549        2.4774905546603052       -0.0000000000000000     
  0.92589999999999995        5.9686360067584578        2.4878333854642767       -0.0000000000000000     
  0.92780000000000007        5.9859995523446878        2.4981871545490733       -0.0000000000000000     
  0.92970000000000008        6.0033843125622974        2.5085518261955553       -0.0000000000000000     
  0.93159999999999998        6.0207902662988166        2.5189273648992772       -0.0000000000000000     
  0.93350000000000000        6.0382173924551523        2.5293137353680293       -0.0000000000000000     
  0.93540000000000001        6.0556656699468707        2.5397109025205786       -0.0000000000000000     
  0.93729999999999991        6.0731350777039736        2.5501188314846250       -0.0000000000000000     
  0.93919999999999992        6.0906255946713808        2.5605374875950453       -0.0000000000000000     
  0.94109999999999994        6.1081371998094953        2.5709668363924303       -0.0000000000000000     
  0.94299999999999995        6.1256698720942353        2.5814068436211870       -0.0000000000000000     
  0.94490000000000007        6.1432235905173478        2.5918574752278136       -0.0000000000000000     
  0.94680000000000009        6.1607983340867971        2.6023186973593022       -0.0000000000000000     
  0.94869999999999999        6.1783940818271281        2.6127904763615581       -0.0000000000000000     
  0.95060000000000000        6.1960108127800293        2.6232727787778907       -0.0000000000000000     
  0.95250000000000001        6.2136485060037039        2.6337655713469226       -0.0000000000000000     
  0.95439999999999992        6.2313071405741045        2.6442688210014285       -0.0000000000000000     
  0.95629999999999993        6.2489866955849056        2.6547824948667551       -0.0000000000000000     
  0.95819999999999994        6.2666871501475399        2.6653065602590327       -0.0000000000000000     
  0.96009999999999995        6.2844084833920189        2.6758409846838647       -0.0000000000000000     
  0.96199999999999986        6.3021506744662732        2.6863857358344605       -0.0000000000000000     
  0.96390000000000009        6.3199137025375816        2.6969407815907043       -0.0000000000000000     
  0.96579999999999999        6.3376975467920520        2.7075060900170898       -0.0000000000000000     
  0.96770000000000000        6.3555021864347632        2.7180816293614898       -0.0000000000000000     
  0.96960000000000002        6.3733276006906463        2.7286673680537290       -0.0000000000000000     
  0.97149999999999992        6.3911737688044097        2.7392632747042334       -0.0000000000000000     
  0.97339999999999993        6.4090406700401292        2.7498693181020424       -0.0000000000000000     
  0.97529999999999994        6.4269282836830506        2.7604854672143224       -0.0000000000000000     
  0.97719999999999996        6.4448365890379726        2.7711116911840468       -0.0000000000000000     
  0.97909999999999986        6.4627655654309573        2.7817479593293091       -0.0000000000000000     
  0.98100000000000009        6.4807151922087405        2.7923942411415403       -0.0000000000000000     
  0.98290000000000000        6.4986854487388852        2.8030505062841700       -0.0000000000000000     
  0.98480000000000001        6.5166763144108177        2.8137167245916919       -0.0000000000000000     
  0.98670000000000002        6.5346877686350240        2.8243928660677664       -0.0000000000000000     
  0.98859999999999992        6.5527197908436685        2.8350789008841755       -0.0000000000000000     
  0.99049999999999994        6.5707723604911008        2.8457747993796692       -0.0000000000000000     
  0.99239999999999995        6.5888454570537185        2.8564805320585278       -0.0000000000000000     
  0.99429999999999996        6.6069390600299647        2.8671960695891525       -0.0000000000000000     
  0.99619999999999986        6.6250531489411468        2.8779213828031383       -0.0000000000000000     
  0.99810000000000010        6.6431877033305966        2.8886564426934993       -0.0000000000000000     
   1.0000000000000000        6.6613427027652365        2.8994012204142066       -0.0000000000000000     
