5.0000000000000003E-002	0.23898755710795713	6.7429957087585175E-004
5.1899999999999995E-002	0.24809604476706790	7.5053195745304710E-004
5.3800000000000001E-002	0.25720740674494952	8.3176863440064994E-004
5.5700000000000006E-002	0.26632171856907605	9.1805897404119289E-004
5.7599999999999998E-002	0.27543905247549094	1.0094485183682132E-003
5.9499999999999997E-002	0.28455947726530029	1.1059800180931332E-003
6.1400000000000003E-002	0.29368305868239303	1.2076943650941492E-003
6.3300000000000009E-002	0.30280985971230301	1.3146314494432315E-003
6.5200000000000008E-002	0.31193994067934222	1.4268309546025607E-003
6.7099999999999993E-002	0.32107335956836153	1.5443330669019195E-003
6.9000000000000006E-002	0.33021017220662019	1.6671791247860474E-003
7.0900000000000005E-002	0.33935043255976394	1.7954122005966878E-003
7.2799999999999990E-002	0.34849419282553357	1.9290776278898646E-003
7.4700000000000003E-002	0.35764150370651893	2.0682234680056218E-003
7.6600000000000001E-002	0.36679241458335304	2.2129009270170511E-003
7.8500000000000000E-002	0.37594697369451291	2.3631647237159509E-003
8.0400000000000013E-002	0.38510522831007238	2.5190734129223063E-003
8.2300000000000012E-002	0.39426722489279126	2.6806896671458936E-003
8.4199999999999997E-002	0.40343300923307712	2.8480805201008073E-003
8.6099999999999996E-002	0.41260262667388242	3.0213175748628274E-003
8.7999999999999995E-002	0.42177612212919668	3.2004771801861492E-003
8.9899999999999994E-002	0.43095354028873212	3.3856405768080632E-003
9.1800000000000007E-002	0.44013492571999013	3.5768940171181361E-003
9.3700000000000006E-002	0.44932032298045349	3.7743288602676041E-003
9.5600000000000004E-002	0.45850977672231918	3.9780416450757488E-003
9.7500000000000017E-002	0.46770333179089435	4.1881341428018967E-003
9.9400000000000002E-002	0.47690103331548411	4.4047133918358695E-003
0.10130000000000000	0.48610292679377881	4.6278917160936742E-003
0.10320000000000000	0.49530905817125981	4.8577867287887631E-003
0.10510000000000000	0.50451947391266172	5.0945213232017582E-003
0.10700000000000000	0.51373422106994038	5.3382236518692647E-003
0.10890000000000001	0.52295334734425547	5.5890270955452920E-003
0.11080000000000001	0.53217690114273375	5.8470702231522894E-003
0.11270000000000001	0.54140493163040937	6.1124967437755865E-003
0.11460000000000002	0.55063748876278662	6.3854554518843034E-003
0.11649999999999999	0.55987462339311134	6.6661001666208537E-003
0.11840000000000001	0.56911638721711577	6.9545896659317617E-003
0.12030000000000000	0.57836283287223955	7.2510876165502282E-003
0.12220000000000000	0.58761401395496160	7.5557625003571886E-003
0.12410000000000000	0.59686998505025735	7.8687875377993315E-003
0.12600000000000000	0.60613080175828071	8.1903406090585960E-003
0.12790000000000001	0.61539652071827855	8.5206041733295584E-003
0.12980000000000003	0.62466719962958939	8.8597651868462853E-003
0.13169999999999998	0.63394289318568486	9.2066290074372878E-003
0.13360000000000000	0.64322361188841137	9.5585036972407368E-003
0.13550000000000001	0.65250937256437136	9.9176125921491484E-003
0.13739999999999999	0.66180021202451189	1.0284770571697233E-002
0.13930000000000001	0.67109617482042383	1.0660490665927429E-002
0.14120000000000002	0.68039731044706486	1.1045177257838138E-002
0.14310000000000000	0.68970367211335892	1.1439181406397670E-002
0.14500000000000002	0.69901531605850087	1.1842823947397709E-002
0.14690000000000000	0.70833230112091472	1.2256407123322554E-002
0.14879999999999999	0.71765468844280955	1.2680221160586076E-002
0.15070000000000000	0.72698254125654493	1.3114548299743787E-002
0.15260000000000001	0.73631592472228391	1.3559665414333464E-002
0.15450000000000000	0.74565490580110561	1.4015845790683861E-002
0.15640000000000001	0.75499955315264111	1.4483360380926015E-002
0.15830000000000002	0.76434993705060561	1.4962478710508129E-002
0.16020000000000001	0.77370612931196492	1.5453469550969125E-002
0.16210000000000002	0.78306820323608695	1.5956601428550602E-002
0.16400000000000001	0.79243623355252768	1.6472143014996620E-002
0.16589999999999999	0.80181029637491585	1.7000363432003902E-002
0.16780000000000000	0.81119046915965309	1.7541532491523942E-002
0.16970000000000002	0.82057683066978193	1.8095920887143187E-002
0.17160000000000000	0.82996946094170865	1.8663800348338998E-002
0.17350000000000002	0.83936844125531684	1.9245443765339921E-002
0.17540000000000003	0.84877385410634232	1.9841125291519754E-002
0.17730000000000001	0.85818578318138006	2.0451120427409809E-002
0.17920000000000003	0.86760431333422927	2.1075706090350154E-002
0.18110000000000001	0.87702953056432509	2.1715160672412137E-002
0.18300000000000000	0.88646152199664774	2.2369764088705051E-002
0.18490000000000001	0.89590037586260352	2.3039797817930807E-002
0.18680000000000002	0.90534618148236312	2.3725544936203911E-002
0.18870000000000001	0.91479902923925660	2.4427290145563128E-002
0.19060000000000002	0.92425901059946414	2.5145319797519824E-002
0.19250000000000003	0.93372621804395761	2.5879921912765443E-002
0.19439999999999999	0.94320074508974128	2.6631386197088869E-002
0.19630000000000000	0.95268268626746277	2.7400004054103342E-002
0.19820000000000002	0.96217213710868676	2.8186068595003055E-002
0.20010000000000000	0.97166919413353448	2.8989874645496766E-002
0.20200000000000001	0.98117395483901670	2.9811718750084443E-002
0.20390000000000003	0.99068651768773774	3.0651899173727605E-002
0.20580000000000001	1.0002069820970825	3.1510715900939686E-002
0.20770000000000002	1.0097354484286787	3.2388470632272695E-002
0.20960000000000004	1.0192720179783725	3.3285466778149635E-002
0.21149999999999999	1.0288167929663679	3.4202009449989232E-002
0.21340000000000001	1.0383698765276523	3.5138405448490173E-002
0.21529999999999999	1.0479313727026784	3.6094963249013380E-002
0.21720000000000000	1.0575013864282417	3.7071992983833998E-002
0.21909999999999999	1.0670800235284563	3.8069806421224296E-002
0.22100000000000003	1.0766673907058897	3.9088716941136928E-002
0.22289999999999999	1.0862635955327848	4.0129039507350556E-002
0.22479999999999997	1.0958687464422885	4.1191090635898056E-002
0.22670000000000001	1.1054829527197438	4.2275188359622948E-002
0.22860000000000000	1.1151063244939046	4.3381652188636426E-002
0.23050000000000001	1.1247389727281625	4.4510803066558746E-002
0.23240000000000000	1.1343810092116400	4.5662963322330684E-002
0.23430000000000001	1.1440325465501393	4.6838456617405301E-002
0.23619999999999999	1.1536936981570087	4.8037607888213749E-002
0.23810000000000003	1.1633645782437783	4.9260743283637234E-002
0.23999999999999999	1.1730453018105200	5.0508190097445824E-002
0.24189999999999998	1.1827359846360845	5.1780276695436500E-002
0.24380000000000002	1.1924367432679392	5.3077332437243552E-002
0.24570000000000000	1.2021476950117385	5.4399687592586669E-002
0.24760000000000001	1.2118689579205124	5.5747673251897965E-002
0.24950000000000000	1.2216006507835528	5.7121621231247102E-002
0.25140000000000001	1.2313428931147601	5.8521863971386485E-002
0.25330000000000003	1.2410958051407350	5.9948734430955400E-002
0.25519999999999998	1.2508595077881939	6.1402565973660332E-002
0.25710000000000000	1.2606341226710687	6.2883692249547554E-002
0.25900000000000001	1.2704197720769688	6.4392447070183156E-002
0.26090000000000002	1.2802165789531776	6.5929164277860913E-002
0.26279999999999998	1.2900246668920290	6.7494177608837663E-002
0.26469999999999999	1.2998441601157393	6.9087820550574150E-002
0.26660000000000000	1.3096751834667673	7.0710426193441867E-002
0.26849999999999996	1.3195178623662505	7.2362327075095281E-002
0.27040000000000003	1.3293723228350043	7.4043855022217983E-002
0.27229999999999999	1.3392386914500793	7.5755340983674480E-002
0.27420000000000000	1.3491170953328397	7.7497114859859190E-002
0.27610000000000001	1.3590076621297933	7.9269505326450149E-002
0.27799999999999997	1.3689105199927083	8.1072839653265644E-002
0.27989999999999998	1.3788257975580642	8.2907443518334345E-002
0.28179999999999999	1.3887536239258129	8.4773640817528362E-002
0.28370000000000001	1.3986941286371912	8.6671753469923063E-002
0.28559999999999997	1.4086474416521466	8.8602101219364335E-002
0.28750000000000003	1.4186136933257123	9.0565001432373393E-002
0.28939999999999999	1.4285930143838519	9.2560768892985867E-002
0.29130000000000000	1.4385855358984490	9.4589715594635387E-002
0.29320000000000002	1.4485913892617586	9.6652150529688383E-002
0.29509999999999997	1.4586107061598876	9.8748379476994982E-002
0.29699999999999999	1.4686436185457685	0.10087870478780432
0.29890000000000000	1.4786902586114001	0.10304342517064907
0.30080000000000001	1.4887507587593705	0.10524283547550364
0.30269999999999997	1.4988252515737659	0.10747722647783371
0.30460000000000004	1.5089138697905164	0.10974688466302018
0.30649999999999999	1.5190167462669564	0.11205209201151162
0.30840000000000001	1.5291340139510099	0.11439312578545099
0.31030000000000002	1.5392658058496713	0.11677025831709142
0.31219999999999998	1.5494122549970140	0.11918375679967796
0.31409999999999999	1.5595734944217290	0.12163388308117586
0.31600000000000000	1.5697496571141925	0.12412089346152859
0.31790000000000002	1.5799408759930496	0.12664503849380657
0.31979999999999997	1.5901472838715442	0.12920656278989001
0.32170000000000004	1.6003690134234039	0.13180570483110035
0.32360000000000000	1.6106061971484198	0.13444269678435056
0.32549999999999996	1.6208589673378322	0.13711776432422790
0.32740000000000002	1.6311274560450513	0.13983112646248005
0.32929999999999998	1.6414117950277489	0.14258299537963018
0.33119999999999999	1.6517121157477892	0.14537357627350656
0.33310000000000001	1.6620285493120848	0.14820306720579959
0.33500000000000002	1.6723612264433116	0.15107165896161406
0.33689999999999998	1.6827102774450440	0.15397953491664013
0.33879999999999999	1.6930758321661408	0.15692687091290400
0.34070000000000000	1.7034580199658751	0.15991383514385646
0.34259999999999996	1.7138569696790238	0.16294058804875552
0.34450000000000003	1.7242728095811914	0.16600728221670849
0.34639999999999999	1.7347056673543206	0.16911406230059209
0.34830000000000000	1.7451556700526951	0.17226106494100202
0.35020000000000001	1.7556229440690700	0.17544841870040923
0.35210000000000002	1.7661076151013833	0.17867624400758822
0.35399999999999998	1.7766098081198245	0.18194465311246863
0.35589999999999999	1.7871296473344263	0.18525375005140785
0.35780000000000001	1.7976672561691065	0.18860363062441471
0.35969999999999996	1.8082227572059044	0.19199438237509123
0.36160000000000003	1.8187962721920758	0.19542608459664637
0.36349999999999999	1.8293879219843039	0.19889880833233720
0.36540000000000000	1.8399978265257917	0.20241261639392327
0.36730000000000002	1.8506261048176935	0.20596756338877606
0.36920000000000003	1.8612728748912934	0.20956369575669948
0.37109999999999999	1.8719382537809357	0.21320105181639828
0.37300000000000000	1.8826223574978045	0.21687966182140878
0.37490000000000001	1.8933253010044757	0.22059954802513723
0.37679999999999997	1.9040471981904514	0.22436072475480853
0.37870000000000004	1.9147881618484477	0.22816319849396507
0.38059999999999999	1.9255483036517447	0.23200696797323828
0.38250000000000001	1.9363277341379379	0.23589202427097528
0.38440000000000002	1.9471265626646037	0.23981835091143699
0.38629999999999998	1.9579448974264160	0.24378592399083668
0.38819999999999999	1.9687828454103549	0.24779471228885899
0.39010000000000000	1.9796405123844634	0.25184467739767841
0.39200000000000002	1.9905180028809475	0.25593577385460803
0.39389999999999997	2.0014154201802783	0.26006794928055715
0.39580000000000004	2.0123328662960729	0.26424114452353298
0.39770000000000000	2.0232704419612313	0.26845529380704802
0.39959999999999996	2.0342282466148975	0.27271032488291208
0.40150000000000002	2.0452063783969745	0.27700615919071836
0.40339999999999998	2.0562049341096640	0.28134271200670452
0.40529999999999999	2.0672240092507734	0.28571989262524405
0.40720000000000001	2.0782636979741191	0.29013760451257326
0.40910000000000002	2.0893240930895258	0.29459574547870071
0.41099999999999998	2.1004052860555191	0.29909420784801893
0.41290000000000004	2.1115073669731257	0.30363287863155525
0.41480000000000000	2.1226304245805458	0.30821163970043974
0.41669999999999996	2.1337745462486968	0.31283036796025310
0.41860000000000003	2.1449398179776171	0.31748893552594898
0.42049999999999998	2.1561263243997870	0.32218720990006550
0.42240000000000005	2.1673341487529205	0.32692505413459000
0.42430000000000007	2.1785633729192773	0.33170232702633323
0.42620000000000002	2.1898140773966772	0.33651888327611840
0.42809999999999998	2.2010863413069082	0.34137457366560875
0.43000000000000005	2.2123802423968661	0.34626924522889752
0.43190000000000006	2.2236958570406378	0.35120274142269070
0.43380000000000002	2.2350332602422474	0.35617490229469589
0.43570000000000003	2.2463925256391151	0.36118556465011703
0.43759999999999999	2.2577737255122905	0.36623456221988787
0.43950000000000006	2.2691769307652785	0.37132172580625444
0.44140000000000007	2.2806022109703026	0.37644688346799593
0.44330000000000003	2.2920496343454744	0.38160986065924662
0.44519999999999998	2.3035192677689742	0.38681048038827920
0.44710000000000000	2.3150111767860411	0.39204856336849742
0.44900000000000007	2.3265254256165084	0.39732392816637913
0.45090000000000002	2.3380620771630234	0.40263639134643980
0.45280000000000004	2.3496211930193209	0.40798576761266342
0.45469999999999999	2.3612028334794872	0.41337186994685649
0.45660000000000006	2.3728070575471003	0.41879450974336790
0.45850000000000007	2.3844339229509011	0.42425349694539094
0.46040000000000003	2.3960834861311535	0.42974864015267716
0.46229999999999999	2.4077558022873444	0.43527974677716713
0.46420000000000000	2.4194509253631287	0.44084662314202067
0.46610000000000007	2.4311689080642149	0.44644907460454775
0.46800000000000003	2.4429098018700337	0.45208690566966908
0.46990000000000004	2.4546736570452579	0.45775992009995059
0.47180000000000011	2.4664605226518002	0.46346792102203049
0.47370000000000007	2.4782704465610963	0.46921071102938594
0.47560000000000008	2.4901034754664551	0.47498809228173022
0.47750000000000004	2.5019596548957410	0.48079986660068802
0.47939999999999999	2.5138390292240334	0.48664583556216379
0.48130000000000006	2.5257416416866030	0.49252580058512163
0.48320000000000007	2.5376675343920518	0.49843956301709741
0.48510000000000003	2.5496167483393366	0.50438692422236098
0.48700000000000004	2.5615893234150220	0.51036768563572354
0.48890000000000011	2.5735852984316070	0.51638164887654270
0.49080000000000007	2.5856047111238403	0.52242861579475419
0.49270000000000008	2.5976475981664802	0.52850838854689031
0.49460000000000004	2.6097139951884816	0.53462076966233030
0.49650000000000000	2.6218039367857977	0.54076556210636029
0.49840000000000007	2.6339174565358223	0.54694256934049224
0.50030000000000008	2.6460545870105436	0.55315159537996972
0.50220000000000009	2.6582153597905491	0.55939244484823525
0.50409999999999999	2.6703998054784046	0.56566492302890448
0.50600000000000001	2.6826079537126764	0.57196883591511960
0.50790000000000013	2.6948398331812422	0.57830399025609158
0.50980000000000003	2.7070954716350561	0.58467019360143446
0.51170000000000004	2.7193748959017792	0.59106725434294394
0.51360000000000006	2.7316781318990460	0.59749498175393601
0.51550000000000007	2.7440052046481349	0.60395318602653714
0.51740000000000008	2.7563561382872837	0.61044167830653273
0.51930000000000009	2.7687309560849980	0.61696027072631587
0.52120000000000000	2.7811296804532493	0.62350877643550795
0.52310000000000001	2.7935523329581109	0.63008700963732100
0.52500000000000013	2.8059989343430174	0.63669478558511139
0.52690000000000003	2.8184695045264783	0.64333192065345712
0.52880000000000005	2.8309640626250774	0.64999823233025067
0.53070000000000006	2.8434826269638505	0.65669353924608420
0.53260000000000007	2.8560252150880219	0.66341766119390366
0.53450000000000009	2.8685918437774744	0.67017041914780473
0.53640000000000010	2.8811825290570447	0.67695163527916924
0.53830000000000000	2.8937972862101509	0.68376113297231500
0.54020000000000001	2.9064361297904280	0.69059873683821260
0.54210000000000014	2.9190990736340150	0.69746427272708789
0.54400000000000004	2.9317861308715951	0.70435756773963476
0.54590000000000005	2.9444973139395398	0.71127845023687786
0.54780000000000006	2.9572326345923563	0.71822674984913648
0.54970000000000008	2.9699921039139436	0.72520229748376508
0.55160000000000009	2.9827757323286739	0.73220492533143955
0.55350000000000010	2.9955835296130484	0.73923446687204830
0.55540000000000000	3.0084155049065062	0.74629075687906332
0.55730000000000002	3.0212716667229040	0.75337363142338842
0.55920000000000014	3.0341520229608201	0.76048292787591987
0.56110000000000004	3.0470565809143415	0.76761848490954832
0.56300000000000006	3.0599853472839502	0.77478014250019756
0.56490000000000007	3.0729383281867393	0.78196774192731822
0.56680000000000008	3.0859155291665359	0.78918112577328225
0.56870000000000009	3.0989169552043263	0.79642013792236988
0.57060000000000011	3.1119426107281964	0.80368462355919468
0.57250000000000001	3.1249924996228930	0.81097442916601803
0.57440000000000002	3.1380666252400382	0.81828940252012550
0.57630000000000015	3.1511649904072474	0.82562939269013191
0.57820000000000005	3.1642875974379039	0.83299425003210970
0.58010000000000006	3.1774344481402648	0.84038382618493257
0.58200000000000007	3.1906055437940855	0.84779797407410040
0.58389999999999997	3.2038008852905167	0.85523654787122694
0.58580000000000010	3.2170204729439695	0.86269940304130532
0.58770000000000011	3.2302643066331109	0.87018639630103445
0.58960000000000001	3.2435323857755121	0.87769738562078148
0.59150000000000003	3.2568247093366378	0.88523223021807596
0.59340000000000015	3.2701412758386481	0.89279079055024502
0.59530000000000005	3.2834820833679728	0.90037292830724813
0.59720000000000006	3.2968471295833193	0.90797850640333810
0.59910000000000008	3.3102364117240897	0.91560738896950566
0.60099999999999998	3.3236499266185007	0.92325944134523152
0.60290000000000010	3.3370876706905950	0.93093453006974858
0.60480000000000012	3.3505496399676908	0.93863252287360655
0.60670000000000002	3.3640358300887430	0.94635328866970903
0.60860000000000003	3.3775462363113893	0.95409669754465154
0.61050000000000015	3.3910808535186163	0.96186262074904239
0.61240000000000006	3.4046396762262221	0.96965093068859920
0.61430000000000007	3.4182226985902218	0.97746150091471096
0.61620000000000008	3.4318299144135174	0.98529420611506113
0.61809999999999998	3.4454613171515476	0.99314892210328254
0.62000000000000011	3.4591168999208550	1.0010255258103338
0.62190000000000012	3.4727966555038496	1.0089238952738984
0.62380000000000002	3.4865005763570411	1.0168439096291351
0.62570000000000003	3.5002286546153165	1.0247854490983026
0.62760000000000005	3.5139808820996694	1.0327483949810745
0.62950000000000006	3.5277572503230004	1.0407326296447983
0.63140000000000007	3.5415577504954250	1.0487380365139105
0.63330000000000009	3.5553823735312013	1.0567645000606340
0.63519999999999999	3.5692311100538845	1.0648119057944563
0.63710000000000011	3.5831039504015312	1.0728801402520423
0.63900000000000012	3.5970008846340518	1.0809690909878489
0.64090000000000003	3.6109219025365982	1.0890786465633144
0.64280000000000004	3.6248669936264939	1.0972086965375019
0.64470000000000005	3.6388361471577046	1.1053591314566211
0.64660000000000006	3.6528293521268127	1.1135298428445901
0.64850000000000008	3.6668465972770599	1.1217207231924522
0.65040000000000009	3.6808878711048076	1.1299316659493772
0.65229999999999999	3.6949531618631619	1.1381625655118446
0.65420000000000011	3.7090424575674210	1.1464133172145594
0.65610000000000013	3.7231557460002653	1.1546838173204197
0.65800000000000003	3.7372930147155903	1.1629739630107041
0.65990000000000004	3.7514542510436764	1.1712836523757173
0.66180000000000005	3.7656394420962478	1.1796127844051341
0.66370000000000007	3.7798485747692605	1.1879612589781527
0.66560000000000008	3.7940816357488476	1.1963289768543370
0.66750000000000009	3.8083386115153512	1.2047158396641970
0.66940000000000000	3.8226194883468181	1.2131217498997022
0.67130000000000012	3.8369242523240628	1.2215466109052928
0.67320000000000013	3.8512528893337552	1.2299903268682353
0.67510000000000003	3.8656053850737804	1.2384528028101149
0.67700000000000005	3.8799817250554742	1.2469339445771090
0.67890000000000006	3.8943818946094635	1.2554336588318558
0.68080000000000007	3.9088058788872182	1.2639518530434968
0.68270000000000008	3.9232536628669630	1.2724884354800621
0.68460000000000010	3.9377252313557660	1.2810433151986698
0.68650000000000000	3.9522205689937073	1.2896164020376049
0.68840000000000012	3.9667396602581535	1.2982076066076986
0.69030000000000014	3.9812824894655425	1.3068168402833236
0.69220000000000004	3.9958490407762337	1.3154440151943800
0.69410000000000005	4.0104392981975439	1.3240890442182669
0.69600000000000006	4.0250532455862089	1.3327518409709025
0.69790000000000008	4.0396908666535678	1.3414323197996729
0.69980000000000009	4.0543521449661046	1.3501303957740105
0.70170000000000010	4.0690370639503737	1.3588459846783587
0.70360000000000000	4.0837456068959277	1.3675790030043513
0.70550000000000002	4.0984777569580046	1.3763293679424862
0.70740000000000014	4.1132334971601363	1.3850969973747693
0.70930000000000004	4.1280128103977063	1.3938818098668433
0.71120000000000005	4.1428156794402682	1.4026837246606234
0.71310000000000007	4.1576420869348167	1.4115026616667776
0.71500000000000008	4.1724920154084675	1.4203385414575094
0.71690000000000009	4.1873654472707855	1.4291912852589790
0.71880000000000011	4.2022623648165194	1.4380608149440768
0.72070000000000001	4.2171827502285897	1.4469470530258275
0.72260000000000002	4.2321265855806862	1.4558499226498032
0.72450000000000014	4.2470938528390612	1.4647693475873436
0.72640000000000005	4.2620845338656368	1.4737052522286855
0.72830000000000006	4.2770986104203210	1.4826575615761943
0.73020000000000007	4.2921360641634569	1.4916262012377288
0.73210000000000008	4.3071968766580637	1.5006110974199183
0.73400000000000010	4.3222810293715197	1.5096121769213180
0.73590000000000011	4.3373885036794482	1.5186293671266877
0.73780000000000001	4.3525192808660940	1.5276625959998589
0.73970000000000002	4.3676733421279428	1.5367117920778546
0.74160000000000015	4.3828506685748332	1.5457768844644837
0.74350000000000005	4.3980512412326727	1.5548578028241884
0.74540000000000006	4.4132750410453188	1.5639544773759675
0.74730000000000008	4.4285220488767019	1.5730668388875102
0.74919999999999998	4.4437922455125110	1.5821948186690438
0.75110000000000010	4.4590856116627418	1.5913383485676571
0.75300000000000011	4.4744021279631490	1.6004973609615272
0.75490000000000002	4.4897417749771575	1.6096717887539445
0.75680000000000003	4.5051045331978967	1.6188615653679084
0.75870000000000015	4.5204903830498981	1.6280666247405520
0.76060000000000005	4.5358993048912497	1.6372869013177016
0.76250000000000007	4.5513312790145877	1.6465223300481324
0.76440000000000008	4.5667862856495676	1.6557728463784480
0.76629999999999998	4.5822643049646272	1.6650383862481122
0.76820000000000010	4.5977653170677559	1.6743188860834313
0.77010000000000012	4.6132893020090320	1.6836142827930467
0.77200000000000002	4.6288362397819984	1.6929245137627067
0.77390000000000003	4.6444061103250123	1.7022495168500413
0.77580000000000016	4.6599988935228875	1.7115892303797573
0.77770000000000006	4.6756145692089346	1.7209435931388721
0.77960000000000007	4.6912531171655916	1.7303125443714584
0.78150000000000008	4.7069145171263775	1.7396960237742805
0.78339999999999999	4.7225987487775534	1.7490939714918641
0.78530000000000011	4.7383057917591787	1.7585063281119981
0.78720000000000012	4.7540356256667167	1.7679330346609525
0.78910000000000002	4.7697882300522405	1.7773740325991749
0.79100000000000004	4.7855635844257938	1.7868292638163583
0.79290000000000016	4.8013616682570763	1.7962986706277271
0.79480000000000006	4.8171824609760918	1.8057821957689428
0.79670000000000007	4.8330259419754817	1.8152797823924893
0.79860000000000009	4.8488920906102297	1.8247913740626422
0.80049999999999999	4.8647808862004736	1.8343169147519549
0.80240000000000011	4.8806923080319571	1.8438563488369490
0.80430000000000013	4.8966263353570261	1.8534096210936817
0.80620000000000003	4.9125829473961566	1.8629766766938780
0.80810000000000004	4.9285621233392067	1.8725574612012996
0.81000000000000016	4.9445638423462093	1.8821519205672825
0.81190000000000007	4.9605880835488074	1.8917600011271607
0.81380000000000008	4.9766348260511251	1.9013816495963545
0.81570000000000009	4.9927040489306274	1.9110168130663814
0.81759999999999999	5.0087957312403297	1.9206654390017537
0.81950000000000012	5.0249098520079514	1.9303274752352670
0.82140000000000013	5.0410463902385123	1.9400028699652694
0.82330000000000003	5.0572053249144604	1.9496915717514771
0.82520000000000004	5.0733866349976138	1.9593935295119680
0.82710000000000006	5.0895902994284903	1.9691086925188770
0.82900000000000007	5.1058162971291594	1.9788370103957391
0.83090000000000008	5.1220646070028284	1.9885784331136713
0.83280000000000010	5.1383352079353104	1.9983329109878765
0.83470000000000000	5.1546280787956782	2.0081003946745142
0.83660000000000012	5.1709431984374836	2.0178808351674409
0.83850000000000013	5.1872805456994344	2.0276741837948404
0.84040000000000004	5.2036400994060790	2.0374803922159237
0.84230000000000005	5.2200218383688402	2.0472994124178125
0.84420000000000006	5.2364257413866211	2.0571311967125352
0.84609999999999996	5.2528517872477511	2.0669756977340965
0.84799999999999998	5.2692999547286394	2.0768328684346842
0.84989999999999999	5.2857702225963905	2.0867026620822928
0.85180000000000000	5.3022625696086783	2.0965850322576269
0.85370000000000013	5.3187769745149325	2.1064799328510024
0.85560000000000014	5.3353134160571800	2.1163873180597399
0.85750000000000004	5.3518718729700216	2.1263071423848352
0.85940000000000005	5.3684523239819111	2.1362393606282990
0.86130000000000007	5.3850547478158042	2.1461839278905344
0.86319999999999997	5.4016791231902124	2.1561407995674733
0.86509999999999998	5.4183254288189291	2.1661099313476733
0.86699999999999999	5.4349936434128905	2.1760912792099396
0.86890000000000001	5.4516837456794232	2.1860847994200499
0.87079999999999991	5.4683957143243296	2.1960904485289299
0.87270000000000014	5.4851295280515284	2.2061081833693583
0.87460000000000004	5.5018851655641106	2.2161379610536902
0.87650000000000006	5.5186626055647654	2.2261797389713154
0.87840000000000007	5.5354618267565927	2.2362334747861170
0.88029999999999997	5.5522828078437323	2.2462991264340633
0.88219999999999998	5.5691255275311260	2.2563766521202888
0.88410000000000000	5.5859899645262363	2.2664660103173278
0.88600000000000001	5.6028760975392746	2.2765671597624890
0.88789999999999991	5.6197839052830165	2.2866800594551613
0.88980000000000015	5.6367133664743854	2.2968046686548629
0.89170000000000005	5.6536644598341770	2.3069409468787576
0.89360000000000006	5.6706371640880278	2.3170888538993486
0.89550000000000007	5.6876314579668810	2.3272483497424727
0.89739999999999998	5.7046473202070453	2.3374193946843871
0.89929999999999999	5.7216847295518072	2.3476019492507336
0.90120000000000000	5.7387436647500332	2.3577959742128556
0.90309999999999990	5.7558241045587772	2.3680014305870407
0.90499999999999992	5.7729260277422734	2.3782182796315543
0.90689999999999993	5.7900494130729179	2.3884464828447829
0.90879999999999994	5.8071942393314293	2.3986860019629810
0.91070000000000007	5.8243604853081354	2.4089367989586727
0.91260000000000008	5.8415481298018692	2.4191988360378560
0.91449999999999998	5.8587571516223491	2.4294720756390227
0.91639999999999999	5.8759875295885617	2.4397564804298519
0.91830000000000001	5.8932392425311422	2.4500520133067458
0.92019999999999991	5.9105122692909191	2.4603586373914128
0.92209999999999992	5.9278065887206184	2.4706763160299703
0.92399999999999993	5.9451221796851286	2.4810050127908894
0.92589999999999995	5.9624590210609183	2.4913446914624142
0.92780000000000007	5.9798170917377069	2.5016953160517592
0.92970000000000008	5.9971963706174218	2.5120568507822036
0.93159999999999998	6.0145968366164650	2.5224292600923870
0.93350000000000000	6.0320184686640896	2.5328125086335445
0.93540000000000001	6.0494612457035899	2.5432065612680312
0.93729999999999991	6.0669251466930323	2.5536113830679033
0.93919999999999992	6.0844101506052182	2.5640269393128539
0.94109999999999994	6.1019162364276882	2.5744531954884153
0.94299999999999995	6.1194433831637021	2.5848901172845959
0.94490000000000007	6.1369915698318094	2.5953376705937949
0.94680000000000009	6.1545607754669023	2.6057958215094672
0.94869999999999999	6.1721509791203060	2.6162645363244477
0.95060000000000000	6.1897621598594004	2.6267437815289609
0.95250000000000001	6.2073942967691664	2.6372335238095737
0.95439999999999992	6.2250473689510821	2.6477337300470318
0.95629999999999993	6.2427213555247656	2.6582443673152287
0.95819999999999994	6.2604162356272530	2.6687654028792251
0.96009999999999995	6.2781319884134836	2.6792968041937897
0.96199999999999986	6.2958685930568512	2.6898385389020425
0.96390000000000009	6.3136260287493968	2.7003905748339210
0.96579999999999999	6.3314042747018400	2.7109528800044456
0.96770000000000000	6.3492033101439924	2.7215254226124994
0.96960000000000002	6.3670231143250104	2.7321081710392905
0.97149999999999992	6.3848636665135432	2.7427010938467880
0.97339999999999993	6.4027249459981439	2.7533041597765116
0.97529999999999994	6.4206069320871650	2.7639173377478583
0.97719999999999996	6.4385096041096164	2.7745405968570349
0.97909999999999986	6.4564329414145512	2.7851739063752841
0.98100000000000009	6.4743769233719730	2.7958172357477364
0.98290000000000000	6.4923415293727098	2.8064705545920949
0.98480000000000001	6.5103267388285815	2.8171338326970696
0.98670000000000002	6.5283325311731879	2.8278070400213990
0.98859999999999992	6.5463588858610748	2.8384901466920951
0.99049999999999994	6.5644057823688842	2.8491831230034745
0.99239999999999995	6.5824732001952349	2.8598859394158072
0.99429999999999996	6.6005611188605542	2.8705985665539044
0.99619999999999986	6.6186695179077777	2.8813209752059472
0.99810000000000010	6.6367983769022221	2.8920531363222355
1.0000000000000000	6.6549476754321644	2.9027950210141054
