5.0000000000000003E-002	0.23912469582289819	7.6325804830178873E-004
5.1899999999999995E-002	0.24824182235431791	8.4193422493231227E-004
5.3800000000000001E-002	0.25736190567032174	9.2523910399975923E-004
5.5700000000000006E-002	0.26648500516078505	1.0132025483902431E-003
5.7599999999999998E-002	0.27561117682574898	1.1058530247833559E-003
5.9499999999999997E-002	0.28474047407483738	1.2032185795166639E-003
6.1400000000000003E-002	0.29387294769657396	1.3053277674764561E-003
6.3300000000000009E-002	0.30300864623919449	1.4122104618341962E-003
6.5200000000000008E-002	0.31214761632422916	1.5238985806720930E-003
6.7099999999999993E-002	0.32128990275263941	1.6404267414437592E-003
6.9000000000000006E-002	0.33043554882800003	1.7618328283270687E-003
7.0900000000000005E-002	0.33958459655728290	1.8881584935248920E-003
7.2799999999999990E-002	0.34873708683930627	2.0194495924819962E-003
7.4700000000000003E-002	0.35789305975312963	2.1557565566829059E-003
7.6600000000000001E-002	0.36705255461836395	2.2971347145323605E-003
7.8500000000000000E-002	0.37621561025393924	2.4436445576163472E-003
8.0400000000000013E-002	0.38538226512460155	2.5953519623622390E-003
8.2300000000000012E-002	0.39455255749461010	2.7523283689723575E-003
8.4199999999999997E-002	0.40372652557290978	2.9146509221614145E-003
8.6099999999999996E-002	0.41290420762661084	3.0824025771498450E-003
8.7999999999999995E-002	0.42208564218202771	3.2556721743981819E-003
8.9899999999999994E-002	0.43127086802708076	3.4345544867150995E-003
9.1800000000000007E-002	0.44045992438975795	3.6191502409809078E-003
9.3700000000000006E-002	0.44965285101737446	3.8095661177664415E-003
9.5600000000000004E-002	0.45884968826623618	4.0059147312422405E-003
9.7500000000000017E-002	0.46805047718197190	4.2083145915864329E-003
9.9400000000000002E-002	0.47725525957443166	4.4168900522060690E-003
0.10130000000000000	0.48646407808506320	4.6317712435602681E-003
0.10320000000000000	0.49567697624765700	4.8530939954695438E-003
0.10510000000000000	0.50489399854260353	5.0809997493783529E-003
0.10700000000000000	0.51411519044758991	5.3156354623917152E-003
0.10890000000000001	0.52334059848071612	5.5571535039516656E-003
0.11080000000000001	0.53257027023870640	5.8057115466976939E-003
0.11270000000000001	0.54180425443411828	6.0614724526255525E-003
0.11460000000000002	0.55104260092277280	6.3246041552597375E-003
0.11649999999999999	0.56028536071554980	6.5952795390752115E-003
0.11840000000000001	0.56953258606299006	6.8736763166128336E-003
0.12030000000000000	0.57878433038203869	7.1599769045381546E-003
0.12220000000000000	0.58804064833283531	7.4543682986757329E-003
0.12410000000000000	0.59730159581678466	7.7570419490827396E-003
0.12600000000000000	0.60656722998670498	8.0681936354550874E-003
0.12790000000000001	0.61583758716060377	8.3843041608061015E-003
0.12980000000000003	0.62511266794598663	8.7062310975536510E-003
0.13169999999999998	0.63439250085504362	9.0353962009280062E-003
0.13360000000000000	0.64367712637794183	9.3724318402701283E-003
0.13550000000000001	0.65296659140647673	9.7177956106634933E-003
0.13739999999999999	0.66226094733991347	1.0071869030760842E-002
0.13930000000000001	0.67156024912386270	1.0434992851369645E-002
0.14120000000000002	0.68086455467296880	1.0807483393893504E-002
0.14310000000000000	0.69017392448669290	1.1189641300257618E-002
0.14500000000000002	0.69948842137521283	1.1581756691665919E-002
0.14690000000000000	0.70880811025343327	1.1984112425009680E-002
0.14879999999999999	0.71813305798047233	1.2396986256589571E-002
0.15070000000000000	0.72746333323008450	1.2820652337790476E-002
0.15260000000000001	0.73679900638372897	1.3255382282485018E-002
0.15450000000000000	0.74614014944046148	1.3701445948830788E-002
0.15640000000000001	0.75548683593939236	1.4159112024424866E-002
0.15830000000000002	0.76483914089215699	1.4628648472707209E-002
0.16020000000000001	0.77419714072364765	1.5110322879082486E-002
0.16210000000000002	0.78356091321904120	1.5604402723394074E-002
0.16400000000000001	0.79293053747576059	1.6111155597373829E-002
0.16589999999999999	0.80230609386062712	1.6630849380567740E-002
0.16780000000000000	0.81168766397039094	1.7163752384498319E-002
0.16970000000000002	0.82107533059560012	1.7710133472334105E-002
0.17160000000000000	0.83046917768745609	1.8270262159675275E-002
0.17350000000000002	0.83986929032689417	1.8844408700314726E-002
0.17540000000000003	0.84927575469615857	1.9432844160682004E-002
0.17730000000000001	0.85868865805228711	2.0035840484745573E-002
0.17920000000000003	0.86810808870237333	2.0653670552043236E-002
0.18110000000000001	0.87753413597134178	2.1286608229739119E-002
0.18300000000000000	0.88696689021662245	2.1934928420048228E-002
0.18490000000000001	0.89640644275373638	2.2598907104254246E-002
0.18680000000000002	0.90585288587328894	2.3278821383428478E-002
0.18870000000000001	0.91530631281427688	2.3974949516851779E-002
0.19060000000000002	0.92476681774735503	2.4687570958326254E-002
0.19250000000000003	0.93423449575920103	2.5416966390698334E-002
0.19439999999999999	0.94370944283776681	2.6163417758834823E-002
0.19630000000000000	0.95319175585848448	2.6927208301083378E-002
0.19820000000000002	0.96268153257130795	2.7708622579357592E-002
0.20010000000000000	0.97217887158842298	2.8507946507796252E-002
0.20200000000000001	0.98168387237285548	2.9325467379990887E-002
0.20390000000000003	0.99119663522765200	3.0161473894690368E-002
0.20580000000000001	1.0007172612857178	3.1016256179846189E-002
0.20770000000000002	1.0102458525002966	3.1890105814914096E-002
0.20960000000000004	1.0197825116359138	3.2783315851203108E-002
0.21149999999999999	1.0293273422598732	3.3696180830096727E-002
0.21340000000000001	1.0388804487342365	3.4628996798991708E-002
0.21529999999999999	1.0484419362081430	3.5582061324665668E-002
0.21720000000000000	1.0580119106106056	3.6555673503907815E-002
0.21909999999999999	1.0675904786435917	3.7550133971191113E-002
0.22100000000000003	1.0771777477753424	3.8565744903047067E-002
0.22289999999999999	1.0867738262340887	3.9602810019015972E-002
0.22479999999999997	1.0963788230018006	4.0661634578863209E-002
0.22670000000000001	1.1059928478082570	4.1742525375778411E-002
0.22860000000000000	1.1156160111251672	4.2845790725382735E-002
0.23050000000000001	1.1252484241603897	4.3971740450223888E-002
0.23240000000000000	1.1348901988521529	4.5120685859532120E-002
0.23430000000000001	1.1445414478634153	4.6292939723992267E-002
0.23619999999999999	1.1542022845760034	4.7488816245322557E-002
0.23810000000000003	1.1638728230847977	4.8708631020345436E-002
0.23999999999999999	1.1735531781917521	4.9952700999422180E-002
0.24189999999999998	1.1832434653997264	5.1221344438965540E-002
0.24380000000000002	1.1929438009062048	5.2514880847871107E-002
0.24570000000000000	1.2026543015966231	5.3833630927644892E-002
0.24760000000000001	1.2123750850375445	5.5177916506073718E-002
0.24950000000000000	1.2221062694694294	5.6548060464270952E-002
0.25140000000000001	1.2318479737990915	5.7944386656944631E-002
0.25330000000000003	1.2416003175917039	5.9367219825766857E-002
0.25519999999999998	1.2513634210624209	6.0816885505745412E-002
0.25710000000000000	1.2611374050674682	6.2293709924500305E-002
0.25900000000000001	1.2709223910947516	6.3798019894368910E-002
0.26090000000000002	1.2807185012539264	6.5330142697344384E-002
0.26279999999999998	1.2905258582658741	6.6890405962749422E-002
0.26469999999999999	1.3003445854515570	6.8479137537741569E-002
0.26660000000000000	1.3101748067202705	7.0096665350601259E-002
0.26849999999999996	1.3200166465571974	7.1743317266914977E-002
0.27040000000000003	1.3298702300102501	7.3419420938720045E-002
0.27229999999999999	1.3397356826762676	7.5125303646709815E-002
0.27420000000000000	1.3496131306924839	7.6861292136053361E-002
0.27610000000000001	1.3595027006964735	7.8627712443671061E-002
0.27799999999999997	1.3694045198474585	8.0424889722943316E-002
0.27989999999999998	1.3793187157841238	8.2253148058380438E-002
0.28179999999999999	1.3892454166132568	8.4112810276289057E-002
0.28370000000000001	1.3991847508911646	8.6004197749434033E-002
0.28559999999999997	1.4091368476042234	8.7927630196323867E-002
0.28750000000000003	1.4191018361486150	8.9883425475584755E-002
0.28939999999999999	1.4290798463092864	9.1871899375621915E-002
0.29130000000000000	1.4390710082379352	9.3893365400159592E-002
0.29320000000000002	1.4490754524302010	9.5948134549986047E-002
0.29509999999999997	1.4590933097020433	9.8036515101240285E-002
0.29699999999999999	1.4691247111653190	0.10015881238101094
0.29890000000000000	1.4791697882024382	0.10231532854040928
0.30080000000000001	1.4892286724402450	0.10450636232583506
0.30269999999999997	1.4993014957230677	0.10673220884892975
0.30460000000000004	1.5093883900851346	0.10899315935574223
0.30649999999999999	1.5194894877220371	0.11128950099564144
0.30840000000000001	1.5296049209615858	0.11362151659061941
0.31030000000000002	1.5397348222339582	0.11598948440556216
0.31219999999999998	1.5498793240410742	0.11839367791998937
0.31409999999999999	1.5600385589254475	0.12083436560198264
0.31600000000000000	1.5702126594383605	0.12331181068483454
0.31790000000000002	1.5804017581073968	0.12582627094700752
0.31979999999999997	1.5906059874036396	0.12837799849603915
0.32170000000000004	1.6008254797081418	0.13096723955696010
0.32360000000000000	1.6110603672781181	0.13359423426579056
0.32549999999999996	1.6213107822126407	0.13625921646873035
0.32740000000000002	1.6315768564180204	0.13896241352752461
0.32929999999999998	1.6418587215787164	0.14170404613265933
0.33119999999999999	1.6521565090980388	0.14448432811853221
0.33310000000000001	1.6624703500997602	0.14730346629707849
0.33500000000000002	1.6728003753672727	0.15016166028882799
0.33689999999999998	1.6831467153142143	0.15305910236803399
0.33879999999999999	1.6935094999491354	0.15599597731596621
0.34070000000000000	1.7038888588393757	0.15897246228347500
0.34259999999999996	1.7142849210755329	0.16198872666350003
0.34450000000000003	1.7246978152358947	0.16504493197368353
0.34639999999999999	1.7351276693509665	0.16814123174942966
0.34830000000000000	1.7455746108684236	0.17127777144760750
0.35020000000000001	1.7560387666180439	0.17445468836116326
0.35210000000000002	1.7665202627772392	0.17767211154473034
0.35399999999999998	1.7770192248367638	0.18093016175146659
0.35589999999999999	1.7875357775669569	0.18422895138111423
0.35780000000000001	1.7980700449844320	0.18756858443941049
0.35969999999999996	1.8086221503252997	0.19094915651043315
0.36160000000000003	1.8191922159880343	0.19437075473201745
0.36349999999999999	1.8297803635403842	0.19783345779921419
0.36540000000000000	1.8403867136620424	0.20133733596181463
0.36730000000000002	1.8510113861211908	0.20488245104158873
0.36920000000000003	1.8616544997448243	0.20846885645856231
0.37109999999999999	1.8723161723901058	0.21209659726798241
0.37300000000000000	1.8829965209164015	0.21576571020769611
0.37490000000000001	1.8936956611582321	0.21947622375571774
0.37679999999999997	1.9044137078989980	0.22322815819760933
0.37870000000000004	1.9151507748456411	0.22702152570343831
0.38059999999999999	1.9259069746042887	0.23085633041399478
0.38250000000000001	1.9366824186567153	0.23473256853581301
0.38440000000000002	1.9474772173433816	0.23865022844668060
0.38629999999999998	1.9582914798187645	0.24260929079897137
0.38819999999999999	1.9691253140673377	0.24660972865193256
0.39010000000000000	1.9799788268583733	0.25065150758916915
0.39200000000000002	1.9908521237342778	0.25473458585437780
0.39389999999999997	2.0017453089930113	0.25885891449110210
0.39580000000000004	2.0126584856717127	0.26302443748842241
0.39770000000000000	2.0235917555312395	0.26723109193210021
0.39959999999999996	2.0345452190418127	0.27147880816080100
0.40150000000000002	2.0455189753696605	0.27576750992684201
0.40339999999999998	2.0565131223707933	0.28009711456381792
0.40529999999999999	2.0675277565538108	0.28446753314376327
0.40720000000000001	2.0785629731107247	0.28887867066691048
0.40910000000000002	2.0896188658786223	0.29333042622373595
0.41099999999999998	2.1006955273390595	0.29782269317519267
0.41290000000000004	2.1117930486108412	0.30235535933170044
0.41480000000000000	2.1229115194435613	0.30692830713357977
0.41669999999999996	2.1340510282122551	0.31154141383265982
0.41860000000000003	2.1452116619129065	0.31619455167469684
0.42049999999999998	2.1563935061589348	0.32088758808213541
0.42240000000000005	2.1675966451839699	0.32562038583994468
0.42430000000000007	2.1788211618170110	0.33039280326561221
0.42620000000000002	2.1900671375181804	0.33520469441084816
0.42809999999999998	2.2013346523525374	0.34005590922866474
0.43000000000000005	2.2126237849978030	0.34494629375680169
0.43190000000000006	2.2239346127457820	0.34987569029602344
0.43380000000000002	2.2352672115047070	0.35484393758665966
0.43570000000000003	2.2466216558020138	0.35985087098309654
0.43759999999999999	2.2579980187881783	0.36489632262612631
0.43950000000000006	2.2693963722465611	0.36998012161655491
0.44140000000000007	2.2808167865751816	0.37510209416695667
0.44330000000000003	2.2922593308290229	0.38026206379045169
0.44519999999999998	2.3037240727005712	0.38545985144533534
0.44710000000000000	2.3152110785333266	0.39069527569786039
0.44900000000000007	2.3267204133292330	0.39596815287744408
0.45090000000000002	2.3382521407566972	0.40127829722862057
0.45280000000000004	2.3498063231587545	0.40662552105931832
0.45469999999999999	2.3613830215622023	0.41200963488583192
0.45660000000000006	2.3729822956867657	0.41743044757404446
0.45850000000000007	2.3846042039608193	0.42288776648229209
0.46040000000000003	2.3962488035068863	0.42838139757353838
0.46229999999999999	2.4079161501908222	0.43391114557921273
0.46420000000000000	2.4196062986056810	0.43947681410220762
0.46610000000000007	2.4313193020900985	0.44507820574556145
0.46800000000000003	2.4430552127398246	0.45071512223106985
0.46990000000000004	2.4548140814195127	0.45638736451425982
0.47180000000000011	2.4665959577747105	0.46209473289546016
0.47370000000000007	2.4784008902443677	0.46783702712716940
0.47560000000000008	2.4902289260733217	0.47361404651757560
0.47750000000000004	2.5020801113250046	0.47942559003039914
0.47939999999999999	2.5139544908944420	0.48527145638103975
0.48130000000000006	2.5258521085213723	0.49115144412904127
0.48320000000000007	2.5377730068035462	0.49706535176701244
0.48510000000000003	2.5497172272138728	0.50301297781225518
0.48700000000000004	2.5616848100981784	0.50899412086271267
0.48890000000000011	2.5736757947135507	0.51500857971521607
0.49080000000000007	2.5856902192246762	0.52105615341333311
0.49270000000000008	2.5977281207224756	0.52713664132600813
0.49460000000000004	2.6097895352375069	0.53324984321615065
0.49650000000000000	2.6218744977542343	0.53939555930596161
0.49840000000000007	2.6339830422247412	0.54557359033924335
0.50030000000000008	2.6461152015827820	0.55178373764060695
0.50220000000000009	2.6582710077575080	0.55802580317185235
0.50409999999999999	2.6704504916876122	0.56429958958533433
0.50600000000000001	2.6826536833351868	0.57060490027483601
0.50790000000000013	2.6948806116996664	0.57694153942345572
0.50980000000000003	2.7071313048315742	0.58330931204896319
0.51170000000000004	2.7194057898464887	0.58970802404672817
0.51360000000000006	2.7317040929387510	0.59613748223001128
0.51550000000000007	2.7440262393951818	0.60259749436805077
0.51740000000000008	2.7563722536086361	0.60908786922163671
0.51930000000000009	2.7687421590918020	0.61560841657670518
0.52120000000000000	2.7811359784904917	0.62215894727553367
0.52310000000000001	2.7935537335941274	0.62873927325356138
0.52500000000000013	2.8059954453609195	0.63534920753603619
0.52690000000000003	2.8184611339134502	0.64198856430987283
0.52880000000000005	2.8309508185633949	0.64865715891567299
0.53070000000000006	2.8434645178217770	0.65535480787724054
0.53260000000000007	2.8560022494116462	0.66208132892157323
0.53450000000000009	2.8685640302809259	0.66883654099715462
0.53640000000000010	2.8811498766150758	0.67562026429059918
0.53830000000000000	2.8937598038499086	0.68243232024211908
0.54020000000000001	2.9063938266834608	0.68927253155891710
0.54210000000000014	2.9190519590885993	0.69614072222759582
0.54400000000000004	2.9317342143252767	0.70303671752545449
0.54590000000000005	2.9444406049522689	0.70996034402982910
0.54780000000000006	2.9571711428391700	0.71691142962680721
0.54970000000000008	2.9699258391780687	0.72388980351858245
0.55160000000000009	2.9827047044954176	0.73089529622968896
0.55350000000000010	2.9955077486630262	0.73792773961203484
0.55540000000000000	3.0083349809098929	0.74498696684934052
0.55730000000000002	3.0211864098327501	0.75207281246001867
0.55920000000000014	3.0340620434078240	0.75918511229985508
0.56110000000000004	3.0469618890011860	0.76632370356306034
0.56300000000000006	3.0598859533798057	0.77348842478318935
0.56490000000000007	3.0728342427217905	0.78067911583272609
0.56680000000000008	3.0858067626272883	0.78789561792232821
0.56870000000000009	3.0988035181284186	0.79513777359910753
0.57060000000000011	3.1118245136997498	0.80240542674448123
0.57250000000000001	3.1248697532678880	0.80969842257103031
0.57440000000000002	3.1379392402219408	0.81701660761933670
0.57630000000000015	3.1510329774227248	0.82435982975356925
0.57820000000000005	3.1641509672125681	0.83172793815715018
0.58010000000000006	3.1772932114249346	0.83912078332760887
0.58200000000000007	3.1904597113594644	0.84653821707934729
0.58389999999999997	3.2036504679271829	0.85398009250387985
0.58580000000000010	3.2168654814555202	0.86144626401488200
0.58770000000000011	3.2301047518329420	0.86893658730637802
0.58960000000000001	3.2433682784847209	0.87645091935517583
0.59150000000000003	3.2566560603806192	0.88398911841253403
0.59340000000000015	3.2699680960428337	0.89155104399683294
0.59530000000000005	3.2833043835558455	0.89913655688563121
0.59720000000000006	3.2966649205737575	0.90674551910706402
0.59910000000000008	3.3100497043284682	0.91437779393148610
0.60099999999999998	3.3234587316375586	0.92203324586247171
0.60290000000000010	3.3368919989119563	0.92971174062804696
0.60480000000000012	3.3503495021640588	0.93741314517132357
0.60670000000000002	3.3638312370154138	0.94513732764129521
0.60860000000000003	3.3773371987033349	0.95288415738303045
0.61050000000000015	3.3908673820890751	0.96065350492839552
0.61240000000000006	3.4044217816645364	0.96844524198593829
0.61430000000000007	3.4180003915594659	0.97625924143107523
0.61620000000000008	3.4316032055483960	0.98409537729625007
0.61809999999999998	3.4452302170577918	0.99195352476048149
0.62000000000000011	3.4588814191722532	0.99983356013962899
0.62190000000000012	3.4725568046413580	1.0077353608756106
0.62380000000000002	3.4862563658867667	1.0156588055268287
0.62570000000000003	3.4999800950070563	1.0236037737569701
0.62760000000000005	3.5137279837859126	1.0315701463253308
0.62950000000000006	3.5275000236964744	1.0395578050758987
0.63140000000000007	3.5412962059090747	1.0475666329274065
0.63330000000000009	3.5551165212962759	1.0555965138626042
0.63519999999999999	3.5689609604388068	1.0636473329177827
0.63710000000000011	3.5828295136309065	1.0717189761723906
0.63900000000000012	3.5967221708870953	1.0798113307386836
0.64090000000000003	3.6106389219471176	1.0879242847513446
0.64280000000000004	3.6245797562807653	1.0960577273567709
0.64470000000000005	3.6385446630944465	1.1042115487032427
0.64660000000000006	3.6525336313358192	1.1123856399302630
0.64850000000000008	3.6665466496986903	1.1205798931581090
0.65040000000000009	3.6805837066288905	1.1287942014780796
0.65229999999999999	3.6946447903284589	1.1370284589419193
0.65420000000000011	3.7087298887613165	1.1452825605518104
0.65610000000000013	3.7228389896572716	1.1535564022502267
0.65800000000000003	3.7369720805173259	1.1618498809098596
0.65990000000000004	3.7511291486183054	1.1701628943238762
0.66180000000000005	3.7653101810177181	1.1784953411959789
0.66370000000000007	3.7795151645568374	1.1868471211301039
0.66560000000000008	3.7937440858670768	1.1952181346213469
0.66750000000000009	3.8079969313731250	1.2036082830458761
0.66940000000000000	3.8222736872971055	1.2120174686512246
0.67130000000000012	3.8365743396635734	1.2204455945471255
0.67320000000000013	3.8508988743031196	1.2288925646958244
0.67510000000000003	3.8652472768561879	1.2373582839025239
0.67700000000000005	3.8796195327772813	1.2458426578063995
0.67890000000000006	3.8940156273396238	1.2543455928714868
0.68080000000000007	3.9084355456372672	1.2628669963769610
0.68270000000000008	3.9228792725902770	1.2714067764086683
0.68460000000000010	3.9373467929482575	1.2799648418499601
0.68650000000000000	3.9518380912930482	1.2885411023728295
0.68840000000000012	3.9663531520434110	1.2971354684290017
0.69030000000000014	3.9808919594578991	1.3057478512414880
0.69220000000000004	3.9954544976385091	1.3143781627959821
0.69410000000000005	4.0100407505337028	1.3230263158318361
0.69600000000000006	4.0246507019422033	1.3316922238343669
0.69790000000000008	4.0392843355161929	1.3403758010261739
0.69980000000000009	4.0539416347639730	1.3490769623586272
0.70170000000000010	4.0686225830539540	1.3577956235043060
0.70360000000000000	4.0833271636166035	1.3665317008482532
0.70550000000000002	4.0980553595490345	1.3752851114807989
0.70740000000000014	4.1128071538160382	1.3840557731886660
0.70930000000000004	4.1275825292547799	1.3928436044482158
0.71120000000000005	4.1423814685766889	1.4016485244170889
0.71310000000000007	4.1572039543705159	1.4104704529266903
0.71500000000000008	4.1720499691055677	1.4193093104751251
0.71690000000000009	4.1869194951326358	1.4281650182186132
0.71880000000000011	4.2018125146895953	1.4370374979656779
0.72070000000000001	4.2167290099015524	1.4459266721688042
0.72260000000000002	4.2316689627841217	1.4548324639173149
0.72450000000000014	4.2466323552466934	1.4637547969309341
0.72640000000000005	4.2616191690939669	1.4726935955521603
0.72830000000000006	4.2766293860287314	1.4816487847394881
0.73020000000000007	4.2916629876546484	1.4906202900609515
0.73210000000000008	4.3067199554778020	1.4996080376867578
0.73400000000000010	4.3218002709097503	1.5086119543831435
0.73590000000000011	4.3369039152694295	1.5176319675055205
0.73780000000000001	4.3520308697855672	1.5266680049920469
0.73970000000000002	4.3671811155983171	1.5357199953570797
0.74160000000000015	4.3823546337627022	1.5447878676853606
0.74350000000000005	4.3975514052486764	1.5538715516246748
0.74540000000000006	4.4127714109456786	1.5629709773810927
0.74730000000000008	4.4280146316627675	1.5720860757117776
0.74919999999999998	4.4432810481309346	1.5812167779191288
0.75110000000000010	4.4585706410059691	1.5903630158452182
0.75300000000000011	4.4738833908697959	1.5995247218659283
0.75490000000000002	4.4892192782321825	1.6087018288846753
0.75680000000000003	4.5045782835322603	1.6178942703267041
0.75870000000000015	4.5199603871422065	1.6271019801343991
0.76060000000000005	4.5353655693668564	1.6363248927604852
0.76250000000000007	4.5507938104462475	1.6455629431629510
0.76440000000000008	4.5662450905580920	1.6548160668001333
0.76629999999999998	4.5817193898181836	1.6640841996245332
0.76820000000000010	4.5972166882833010	1.6733672780781106
0.77010000000000012	4.6127369659521795	1.6826652390869206
0.77200000000000002	4.6282802027668000	1.6919780200555177
0.77390000000000003	4.6438463786151560	1.7013055588628119
0.77580000000000016	4.6594354733314907	1.7106477938559617
0.77770000000000006	4.6750474666986932	1.7200046638460968
0.77960000000000007	4.6906823384495517	1.7293761081034242
0.78150000000000008	4.7063400682680578	1.7387620663519183
0.78339999999999999	4.7220206357910115	1.7481624787649344
0.78530000000000011	4.7377240206096980	1.7575772859606047
0.78720000000000012	4.7534502022707015	1.7670064289966760
0.78910000000000002	4.7691991602780339	1.7764498493666128
0.79100000000000004	4.7849708740936947	1.7859074889943025
0.79290000000000016	4.8007653231396201	1.7953792902304060
0.79480000000000006	4.8165824867984410	1.8048651958470645
0.79670000000000007	4.8324223444155825	1.8143651490343702
0.79860000000000009	4.8482848752997612	1.8238790933956504
0.80049999999999999	4.8641700587243646	1.8334069729430693
0.80240000000000011	4.8800778739288742	1.8429487320938189
0.80430000000000013	4.8960083001199202	1.8525043156657062
0.80620000000000003	4.9119613164727429	1.8620736688733668
0.80810000000000004	4.9279369021319113	1.8716567373238511
0.81000000000000016	4.9439350362126770	1.8812534670129655
0.81190000000000007	4.9599556978019566	1.8908638043210917
0.81380000000000008	4.9759988659599186	1.9004876960096286
0.81570000000000009	4.9920645197202553	1.9101250892168695
0.81759999999999999	5.0081526380916834	1.9197759314542679
0.81950000000000012	5.0242632000593801	1.9294401706030233
0.82140000000000013	5.0403961845851661	1.9391177549099869
0.82330000000000003	5.0565515706091055	1.9488086329842191
0.82520000000000004	5.0727293370500357	1.9585127537933424
0.82710000000000006	5.0889294628073349	1.9682300666602066
0.82900000000000007	5.1051519267606125	1.9779605212590081
0.83090000000000008	5.1213967077721119	1.9877040676122628
0.83280000000000010	5.1376637846864179	1.9974606560871113
0.83470000000000000	5.1539531363319071	2.0072302373919668
0.83660000000000012	5.1702647415215361	2.0170127625734020
0.83850000000000013	5.1865985790538129	2.0268081830125912
0.84040000000000004	5.2029546277134955	2.0366164504222577
0.84230000000000005	5.2193328662726337	2.0464375168435436
0.84420000000000006	5.2357332734908608	2.0562713346424912
0.84609999999999996	5.2521558281170471	2.0661178565073484
0.84799999999999998	5.2686005088893406	2.0759770354452565
0.84989999999999999	5.2850672945364661	2.0858488247792102
0.85180000000000000	5.3015561637779047	2.0957331781451005
0.85370000000000013	5.3180670953256675	2.1056300494889340
0.85560000000000014	5.3346000678836853	2.1155393930633122
0.85750000000000004	5.3511550601496927	2.1254611634253915
0.85940000000000005	5.3677320508153086	2.1353953154332617
0.86130000000000007	5.3843310185670195	2.1453418042435493
0.86319999999999997	5.4009519420866772	2.1553005853084972
0.86509999999999998	5.4175948000521448	2.1652716143731099
0.86699999999999999	5.4342595711385533	2.1752548474728881
0.86890000000000001	5.4509462340177537	2.1852502409303076
0.87079999999999991	5.4676547673603011	2.1952577513530231
0.87270000000000014	5.4843851498352931	2.2052773356307425
0.87460000000000004	5.5011373601112208	2.2153089509328887
0.87650000000000006	5.5179113768563672	2.2253525547057489
0.87840000000000007	5.5347071787398017	2.2354081046702943
0.88029999999999997	5.5515247444315126	2.2454755588193702
0.88219999999999998	5.5683640526032070	2.2555548754153314
0.88410000000000000	5.5852250819291944	2.2656460129878897
0.88600000000000001	5.6021078110860829	2.2757489303311300
0.88789999999999991	5.6190122187544791	2.2858635865017121
0.88980000000000015	5.6359382836185103	2.2959899408161655
0.89170000000000005	5.6528859843667822	2.3061279528485059
0.89360000000000006	5.6698552996930456	2.3162775824283415
0.89550000000000007	5.6868462082961804	2.3264387896381256
0.89739999999999998	5.7038586888817031	2.3366115348113845
0.89929999999999999	5.7208927201610429	2.3467957785300917
0.90120000000000000	5.7379482808525797	2.3569914816225279
0.90309999999999990	5.7550253496822847	2.3671986051614304
0.90499999999999992	5.7721239053840332	2.3774171104615491
0.90689999999999993	5.7892439267001725	2.3876469590777432
0.90879999999999994	5.8063853923813182	2.3978881128024976
0.91070000000000007	5.8235482811881099	2.4081405336645139
0.91260000000000008	5.8407325718901646	2.4184041839259929
0.91449999999999998	5.8579382432672409	2.4286790260809568
0.91639999999999999	5.8751652741101541	2.4389650228533379
0.91830000000000001	5.8924136432201371	2.4492621371947410
0.92019999999999991	5.9096833294097975	2.4595703322826878
0.92209999999999992	5.9269743115037912	2.4698895715186957
0.92399999999999993	5.9442865683383825	2.4802198185261246
0.92589999999999995	5.9616200787625697	2.4905610371485261
0.92780000000000007	5.9789748216383138	2.5009131914478568
0.92970000000000008	5.9963507758404342	2.5112762457022435
0.93159999999999998	6.0137479202577859	2.5216501644047011
0.93350000000000000	6.0311662337925096	2.5320349122606940
0.93540000000000001	6.0486056953618448	2.5424304541871114
0.93729999999999991	6.0660662838971824	2.5528367553099440
0.93919999999999992	6.0835479783445612	2.5632537809623663
0.94109999999999994	6.1010507576658757	2.5736814966838315
0.94299999999999995	6.1185746008382846	2.5841198682175808
0.94490000000000007	6.1361194868550246	2.5945688615094009
0.94680000000000009	6.1536853947254020	2.6050284427056773
0.94869999999999999	6.1712723034751464	2.6154985781519162
0.95060000000000000	6.1888801921473213	2.6259792343912425
0.95250000000000001	6.2065090398014302	2.6364703781623153
0.95439999999999992	6.2241588255148939	2.6469719763983446
0.95629999999999993	6.2418295283823770	2.6574839962249053
0.95819999999999994	6.2595211275170035	2.6680064049589549
0.96009999999999995	6.2772336020498205	2.6785391701068924
0.96199999999999986	6.2949669311301584	2.6890822593629502
0.96390000000000009	6.3127210939266121	2.6996356406082809
0.96579999999999999	6.3304960696264381	2.7101992819088112
0.96770000000000000	6.3482918374362063	2.7207731515139404
0.96960000000000002	6.3661083765819377	2.7313572178552854
0.97149999999999992	6.3839456663096872	2.7419514495451556
0.97339999999999993	6.4018036858850236	2.7525558153748277
0.97529999999999994	6.4196824145941349	2.7631702843135892
0.97719999999999996	6.4375818317434792	2.7737948255069851
0.97909999999999986	6.4555019166599639	2.7844294082755074
0.98100000000000009	6.4734426486919467	2.7950740021134584
0.98290000000000000	6.4914040072083772	2.8057285766871871
0.98480000000000001	6.5093859715994160	2.8163931018339268
0.98670000000000002	6.5273885212774188	2.8270675475608513
0.98859999999999992	6.5454116356756140	2.8377518840429152
0.99049999999999994	6.5634552942495974	2.8484460816222703
0.99239999999999995	6.5815194764771174	2.8591501108068451
0.99429999999999996	6.5996041618578953	2.8698639422686583
0.99619999999999986	6.6177093299144190	2.8805875468431252
0.99810000000000010	6.6358349601915121	2.8913208955273078
1.0000000000000000	6.6539810322572759	2.9020639594791628
