5.0000000000000003E-002	0.23922331173817138	8.9297617241737440E-004
5.1899999999999995E-002	0.24834935756563967	9.8472465863525828E-004
5.3800000000000001E-002	0.25747885339908566	1.0818954866154296E-003
5.5700000000000006E-002	0.26661186903004175	1.1845255278424784E-003
5.7599999999999998E-002	0.27574847086614218	1.2926475408984268E-003
5.9499999999999997E-002	0.28488872184200509	1.4062911837943739E-003
6.1400000000000003E-002	0.29403268178185465	1.5254839255971486E-003
6.3300000000000009E-002	0.30318040770116295	1.6502518841480865E-003
6.5200000000000008E-002	0.31233195389163337	1.7806206027888426E-003
6.7099999999999993E-002	0.32148737223908247	1.9166157457147903E-003
6.9000000000000006E-002	0.33064671240094695	2.0582637347013009E-003
7.0900000000000005E-002	0.33981002209621791	2.2055923214691704E-003
7.2799999999999990E-002	0.34897734719477741	2.3586311071541830E-003
7.4700000000000003E-002	0.35814873198525365	2.5174120043334278E-003
7.6600000000000001E-002	0.36732421934429427	2.6819696512151801E-003
7.8500000000000000E-002	0.37650385091341876	2.8523417793730379E-003
8.0400000000000013E-002	0.38568766726759923	3.0285695386184051E-003
8.2300000000000012E-002	0.39487570807592526	3.2106977825153687E-003
8.4199999999999997E-002	0.40406801223167482	3.3987753173381225E-003
8.6099999999999996E-002	0.41326461807603021	3.5928551177760596E-003
8.7999999999999995E-002	0.42246556341469221	3.7929945118624075E-003
8.9899999999999994E-002	0.43167088572140794	3.9992553379067548E-003
9.1800000000000007E-002	0.44088062223835139	4.2117040759005438E-003
9.3700000000000006E-002	0.45009481008745272	4.4304119556515956E-003
9.5600000000000004E-002	0.45931348637579217	4.6554550438619559E-003
9.7500000000000017E-002	0.46853668829242173	4.8869143120902781E-003
9.9400000000000002E-002	0.47776445320058447	5.1248756875696315E-003
0.10130000000000000	0.48699681872243256	5.3694300884790432E-003
0.10320000000000000	0.49623382281857492	5.6206734454424621E-003
0.10510000000000000	0.50547550386144668	5.8787067105320542E-003
0.10700000000000000	0.51472190070431179	6.1436358553492894E-003
0.10890000000000001	0.52397305274433059	6.4155718593505370E-003
0.11080000000000001	0.53322899998179207	6.6946306894570843E-003
0.11270000000000001	0.54248978307454421	6.9809332722867842E-003
0.11460000000000002	0.55175544337123827	7.2746054596041273E-003
0.11649999999999999	0.56102602302174598	7.5757779884606689E-003
0.11840000000000001	0.57030156412995714	7.8840442432605920E-003
0.12030000000000000	0.57958206048908878	8.1945682660490727E-003
0.12220000000000000	0.58886748404699940	8.5097888092010975E-003
0.12410000000000000	0.59815784156554852	8.8308898490627886E-003
0.12600000000000000	0.60745315224917129	9.1584805372420079E-003
0.12790000000000001	0.61675344240853280	9.4929960535205960E-003
0.12980000000000003	0.62605874337584122	9.8347911287565877E-003
0.13169999999999998	0.63536909040580825	1.0184176278739271E-002
0.13360000000000000	0.64468452200769233	1.0541435287936614E-002
0.13550000000000001	0.65400507950051401	1.0906834826639044E-002
0.13739999999999999	0.66333080669832756	1.1280630230248931E-002
0.13930000000000001	0.67266174967761494	1.1663069201831461E-002
0.14120000000000002	0.68199795659840468	1.2054394302399881E-002
0.14310000000000000	0.69133947756343062	1.2454844690805527E-002
0.14500000000000002	0.70068636450446320	1.2864657377434682E-002
0.14690000000000000	0.71003867108843821	1.3284068150521449E-002
0.14879999999999999	0.71939645263936969	1.3713312275414736E-002
0.15070000000000000	0.72875976607162973	1.4152625031954037E-002
0.15260000000000001	0.73812866983287362	1.4602242134160202E-002
0.15450000000000000	0.74750322385436330	1.5062400062367337E-002
0.15640000000000001	0.75688348950749895	1.5533336329658115E-002
0.15830000000000002	0.76626952956505689	1.6015289697710641E-002
0.16020000000000001	0.77566140816728490	1.6508500353979015E-002
0.16210000000000002	0.78505919079092246	1.7013210058108498E-002
0.16400000000000001	0.79446294422144637	1.7529662264587884E-002
0.16589999999999999	0.80387273652782731	1.8058102226068962E-002
0.16780000000000000	0.81328863703992182	1.8598777081642565E-002
0.16970000000000002	0.82271071632725334	1.9151935932509273E-002
0.17160000000000000	0.83213904617997181	1.9717829907870285E-002
0.17350000000000002	0.84157369959102868	2.0296712222434152E-002
0.17540000000000003	0.85101475074021704	2.0888838227435917E-002
0.17730000000000001	0.86046227497862382	2.1494465455932206E-002
0.17920000000000003	0.86991634881507052	2.2113853663525938E-002
0.18110000000000001	0.87937704990298937	2.2747264865303200E-002
0.18300000000000000	0.88884445701950932	2.3394963369263888E-002
0.18490000000000001	0.89831865008977396	2.4057215807009865E-002
0.18680000000000002	0.90779971012342642	2.4734291161982561E-002
0.18870000000000001	0.91728771924013008	2.5426460795301576E-002
0.19060000000000002	0.92678276065170928	2.6133998469654102E-002
0.19250000000000003	0.93628491865366881	2.6857180371211115E-002
0.19439999999999999	0.94579427861721233	2.7596285129700953E-002
0.19630000000000000	0.95531092698187825	2.8351593836674779E-002
0.19820000000000002	0.96483495124843388	2.9123390061893260E-002
0.20010000000000000	0.97436643997240191	2.9911959867900496E-002
0.20200000000000001	0.98390548275785994	3.0717591822629065E-002
0.20390000000000003	0.99345217025157517	3.1540577009953802E-002
0.20580000000000001	1.0030065941374766	3.2381209038080401E-002
0.20770000000000002	1.0125688471314405	3.3239784045678650E-002
0.20960000000000004	1.0221390229761691	3.4116600705484688E-002
0.21149999999999999	1.0317172164365114	3.5011960225317940E-002
0.21340000000000001	1.0413035232947414	3.5926166346261376E-002
0.21529999999999999	1.0508980403460455	3.6859525337805427E-002
0.21720000000000000	1.0605008653941730	3.7812345989755074E-002
0.21909999999999999	1.0701120972470584	3.8784939600702333E-002
0.22100000000000003	1.0797318357125918	3.9777619962772223E-002
0.22289999999999999	1.0893601815942289	4.0790703342486051E-002
0.22479999999999997	1.0989972366867660	4.1824508457442185E-002
0.22670000000000001	1.1086431037718807	4.2879356448596938E-002
0.22860000000000000	1.1182978866136795	4.3955570847905044E-002
0.23050000000000001	1.1279616899540093	4.5053477541069455E-002
0.23240000000000000	1.1376346195077038	4.6173404725135050E-002
0.23430000000000001	1.1473167819575232	4.7315682860741698E-002
0.23619999999999999	1.1570082849489087	4.8480644618722597E-002
0.23810000000000003	1.1667092370844028	4.9668624820884730E-002
0.23999999999999999	1.1764197479178060	5.0879960374709494E-002
0.24189999999999998	1.1861399279479465	5.2114990201741214E-002
0.24380000000000002	1.1958698886120180	5.3374055159529595E-002
0.24570000000000000	1.2056097422785856	5.4657497956819179E-002
0.24760000000000001	1.2153596022400295	5.5965663061911648E-002
0.24950000000000000	1.2251195827045473	5.7298896603957081E-002
0.25140000000000001	1.2348897987875769	5.8657546267074742E-002
0.25330000000000003	1.2446703665027010	6.0041961177111212E-002
0.25519999999999998	1.2544614027518826	6.1452491781000276E-002
0.25710000000000000	1.2642630253151090	6.2889489718554500E-002
0.25900000000000001	1.2740753528393352	6.4353307686648070E-002
0.26090000000000002	1.2838985048267710	6.5844299295780492E-002
0.26279999999999998	1.2937326016223354	6.7362818918917877E-002
0.26469999999999999	1.3035777644004694	6.8909221532693563E-002
0.26660000000000000	1.3134341151510625	7.0483862550957885E-002
0.26849999999999996	1.3233017766646016	7.2087097650750914E-002
0.27040000000000003	1.3331808725164713	7.3719282590794341E-002
0.27229999999999999	1.3430715270504132	7.5380773022598588E-002
0.27420000000000000	1.3529738653610290	7.7071924294384656E-002
0.27610000000000001	1.3628880132754473	7.8793091247968072E-002
0.27799999999999997	1.3728140973340837	8.0544628008827598E-002
0.27989999999999998	1.3827522447703291	8.2326887769646237E-002
0.28179999999999999	1.3927025834951898	8.4140222567930079E-002
0.28370000000000001	1.4026652420520263	8.5984983055862510E-002
0.28559999999999997	1.4126403496284543	8.7861518268209565E-002
0.28750000000000003	1.4226280360087620	8.9770175381361506E-002
0.28939999999999999	1.4326284315548334	9.1711299469440608E-002
0.29130000000000000	1.4426416671800499	9.3685233255617603E-002
0.29320000000000002	1.4526678743224712	9.5692316859686627E-002
0.29509999999999997	1.4627071849168263	9.7732887542175365E-002
0.29699999999999999	1.4727597313657146	9.9807279445662062E-002
0.29890000000000000	1.4828256465097134	0.10191582333387707
0.30080000000000001	1.4929050635967851	0.10405884632907085
0.30269999999999997	1.5029981162505957	0.10623667164834619
0.30460000000000004	1.5131049384381081	0.10844961833951842
0.30649999999999999	1.5232256644362221	0.11069800101723659
0.30840000000000001	1.5333604287976101	0.11298212959983529
0.31030000000000002	1.5435093663158526	0.11530230904786827
0.31219999999999998	1.5536726119897479	0.11765883910469832
0.31409999999999999	1.5638503009869500	0.12005201404009161
0.31600000000000000	1.5740425686069146	0.12248212239724814
0.31790000000000002	1.5842495502432332	0.12494944674418709
0.31979999999999997	1.5944713813454274	0.12745426343000016
0.32170000000000004	1.6047081973801196	0.12999684234669037
0.32360000000000000	1.6149601337918309	0.13257744669731064
0.32549999999999996	1.6252273259632748	0.13519633277093579
0.32740000000000002	1.6355099091753074	0.13785374972519210
0.32929999999999998	1.6458080185665827	0.14054993937689611
0.33119999999999999	1.6561217890929285	0.14328513600139950
0.33310000000000001	1.6664513554865392	0.14605956614118820
0.33500000000000002	1.6767968522201020	0.14887344842521125
0.33689999999999998	1.6871584134448017	0.15172699339364323
0.33879999999999999	1.6975361729816387	0.15462040334316920
0.34070000000000000	1.7079302642581560	0.15755387217347319
0.34259999999999996	1.7183408202734993	0.16052758525032432
0.34450000000000003	1.7287679735575561	0.16354171927940653
0.34639999999999999	1.7392118561303871	0.16659644219235112
0.34830000000000000	1.7496725994621776	0.16969191304516798
0.35020000000000001	1.7601503344333642	0.17282828192927308
0.35210000000000002	1.7706451912952079	0.17600568989527171
0.35399999999999998	1.7811572996308664	0.17922426888962778
0.35589999999999999	1.7916867883170340	0.18248414170429883
0.35780000000000001	1.8022337854860557	0.18578542193928213
0.35969999999999996	1.8127984184887895	0.18912821397817553
0.36160000000000003	1.8233808138581025	0.19251261297657588
0.36349999999999999	1.8339810972784991	0.19593870486476603
0.36540000000000000	1.8445993935289402	0.19940656635530696
0.36730000000000002	1.8552358264830910	0.20291626497879103
0.36920000000000003	1.8658905190527257	0.20646785911583754
0.37109999999999999	1.8765635931610150	0.21006139804897780
0.37300000000000000	1.8872551697113600	0.21369692202464818
0.37490000000000001	1.8979653685569879	0.21737446232648366
0.37679999999999997	1.9086943084716010	0.22109404135944419
0.37870000000000004	1.9194421071210017	0.22485567274451962
0.38059999999999999	1.9302088810359077	0.22865936142356869
0.38250000000000001	1.9409947455857361	0.23250510377373179
0.38440000000000002	1.9517998149535793	0.23639288773114778
0.38629999999999998	1.9626242021177038	0.24032269292533170
0.38819999999999999	1.9734680188060907	0.24429449081140667
0.39010000000000000	1.9843313755106766	0.24830824483163164
0.39200000000000002	1.9952143814416807	0.25236391056177143
0.39389999999999997	2.0061171445150441	0.25646143587574199
0.39580000000000004	2.0170397713342618	0.26060076111403480
0.39770000000000000	2.0279823671735513	0.26478181925775185
0.39959999999999996	2.0389450359620152	0.26900453610775249
0.40150000000000002	2.0499278802691294	0.27326883046842076
0.40339999999999998	2.0609310012912734	0.27757461433543790
0.40529999999999999	2.0719544988451584	0.28192179308979060
0.40720000000000001	2.0829984713327296	0.28631026568115436
0.40910000000000002	2.0940630157692297	0.29073992484219874
0.41099999999999998	2.1051482277473132	0.29521065727549478
0.41290000000000004	2.1162542014364614	0.29972234385733043
0.41480000000000000	2.1273810295762563	0.30427485983951985
0.41669999999999996	2.1385288034706478	0.30886807505192443
0.41860000000000003	2.1496976129833634	0.31350185410526987
0.42049999999999998	2.1608875465342483	0.31817605659384657
0.42240000000000005	2.1720986911026015	0.32289053730111084
0.42430000000000007	2.1833311322001037	0.32764514638680181
0.42620000000000002	2.1945849539105140	0.33243972960957913
0.42809999999999998	2.2058602388609847	0.33727412850983773
0.43000000000000005	2.2171570682309762	0.34214818061063784
0.43190000000000006	2.2284755217539063	0.34706171961235655
0.43380000000000002	2.2398156777199700	0.35201457558495186
0.43570000000000003	2.2511776129795771	0.35700657515753775
0.43759999999999999	2.2625614029476093	0.36203754170513547
0.43950000000000006	2.2739671216140751	0.36710729553626925
0.44140000000000007	2.2853948415259624	0.37221565405675372
0.44330000000000003	2.2968446338312241	0.37736243197260338
0.44519999999999998	2.3083165682592535	0.38254744144520947
0.44710000000000000	2.3198107131356380	0.38777049226565125
0.44900000000000007	2.3313271353901808	0.39303139202041593
0.45090000000000002	2.3428659005657906	0.39832994625310836
0.45280000000000004	2.3544270728276877	0.40366595862213045
0.45469999999999999	2.3660107149731622	0.40903923105422779
0.45660000000000006	2.3776168884419429	0.41444956389387638
0.45850000000000007	2.3892456533267503	0.41989675604833154
0.46040000000000003	2.4008970683891957	0.42538060513315151
0.46229999999999999	2.4125711910516272	0.43090090758956995
0.46420000000000000	2.4242680774397427	0.43645745884650089
0.46610000000000007	2.4359877823732958	0.44205005342788106
0.46800000000000003	2.4477303593844151	0.44767848508171754
0.46990000000000004	2.4594958607301205	0.45334254689934456
0.47180000000000011	2.4712843374056508	0.45904203143063682
0.47370000000000007	2.4830958391575830	0.46477673079483689
0.47560000000000008	2.4949304144976088	0.47054643678740199
0.47750000000000004	2.5067881107160219	0.47635094098246206
0.47939999999999999	2.5186689738958488	0.48219003483152456
0.48130000000000006	2.5305730489267892	0.48806350975792367
0.48320000000000007	2.5425003795195762	0.49397115724749241
0.48510000000000003	2.5544510082233751	0.49991276894150705
0.48700000000000004	2.5664249764271769	0.50588813669414312
0.48890000000000011	2.5784223243948241	0.51189705269095820
0.49080000000000007	2.5904430912654899	0.51793930949770484
0.49270000000000008	2.6024873150719454	0.52401470013922280
0.49460000000000004	2.6145550327552542	0.53012301816805374
0.49650000000000000	2.6266462801798403	0.53626405772974539
0.49840000000000007	2.6387610921477926	0.54243761362462728
0.50030000000000008	2.6508995024142181	0.54864348136679753
0.50220000000000009	2.6630615437014216	0.55488145723943749
0.50409999999999999	2.6752472477141316	0.56115133834774200
0.50600000000000001	2.6874566451539450	0.56745292266843084
0.50790000000000013	2.6996897657342065	0.57378600909660549
0.50980000000000003	2.7119466381944899	0.58015039748997665
0.51170000000000004	2.7242272903152278	0.58654588871016722
0.51360000000000006	2.7365317489323449	0.59297228466177765
0.51550000000000007	2.7488600399514356	0.59942938832863113
0.51740000000000008	2.7612121883623248	0.60591700380787883
0.51930000000000009	2.7735882182532849	0.61243493634178214
0.52120000000000000	2.7859881528251020	0.61898299234706833
0.52310000000000001	2.7984120144013982	0.62556097944960254
0.52500000000000013	2.8108598244579475	0.63216870648045786
0.52690000000000003	2.8233316036135063	0.63880598354385221
0.52880000000000005	2.8358273716586915	0.64547262200822164
0.53070000000000006	2.8483471475658613	0.65216843453376661
0.53260000000000007	2.8608909495025827	0.65889323509010878
0.53450000000000009	2.8734587948451460	0.66564683897273025
0.53640000000000010	2.8860507001911544	0.67242906281735959
0.53830000000000000	2.8986666813735473	0.67923972461326676
0.54020000000000001	2.9113067534724224	0.68607864371474148
0.54210000000000014	2.9239709308288604	0.69294564085145949
0.54400000000000004	2.9366592270567673	0.69984053813726110
0.54590000000000005	2.9493716550556179	0.70676315907780007
0.54780000000000006	2.9621082270230787	0.71371332857713388
0.54970000000000008	2.9748689544666860	0.72069087294271406
0.55160000000000009	2.9876538482160844	0.72769561988975140
0.55350000000000010	3.0004629184351659	0.73472739854439784
0.55540000000000000	3.0132961746333882	0.74178603944565358
0.55730000000000002	3.0261536256774795	0.74887137454683983
0.55920000000000014	3.0390352798028526	0.75598323721567384
0.56110000000000004	3.0519411446250690	0.76312146223399513
0.56300000000000006	3.0648712271504834	0.77028588579617174
0.56490000000000007	3.0778255337876090	0.77747634550727751
0.56680000000000008	3.0908040703577022	0.78469268038010498
0.56870000000000009	3.1038068421053646	0.79193473083179544
0.57060000000000011	3.1168338537091191	0.79920233867976376
0.57250000000000001	3.1298851092917359	0.80649534713694659
0.57440000000000002	3.1429606124302762	0.81381360080661092
0.57630000000000015	3.1560603661662001	0.82115694567654285
0.57820000000000005	3.1691843730153302	0.82852522911281690
0.58010000000000006	3.1823326349772363	0.83591829985302957
0.58200000000000007	3.1955051535100769	0.84333600800690001
0.58389999999999997	3.2087019296803549	0.85077820501739954
0.58580000000000010	3.2219229639611719	0.85824474370045156
0.58770000000000011	3.2351682563818698	0.86573547820419505
0.58960000000000001	3.2484378065026416	0.87325026400914008
0.59150000000000003	3.2617316134222269	0.88078895791860023
0.59340000000000015	3.2750496757875092	0.88835141804998496
0.59530000000000005	3.2883919918015652	0.89593750382521042
0.59720000000000006	3.3017585592322005	0.90354707596086214
0.59910000000000008	3.3151493754201273	0.91117999645852643
0.60099999999999998	3.3285644372873664	0.91883612859477148
0.60290000000000010	3.3420037413450192	0.92651533691075494
0.60480000000000012	3.3554672837011181	0.93421748720186260
0.60670000000000002	3.3689550600682883	0.94194244650699710
0.60860000000000003	3.3824670657716802	0.94969008309837466
0.61050000000000015	3.3960032957559205	0.95746026646995741
0.61240000000000006	3.4095637445929303	0.96525286732740823
0.61430000000000007	3.4231484064893114	0.97306775757672781
0.61620000000000008	3.4367572752921869	0.98090481031274690
0.61809999999999998	3.4503903444979511	0.98876389980919033
0.62000000000000011	3.4640476072578217	0.99664490150621365
0.62190000000000012	3.4777290563851180	1.0045476920001652
0.62380000000000002	3.4914346843611597	1.0124721490315873
0.62570000000000003	3.5051644833438407	1.0204181514750874
0.62760000000000005	3.5189184451707129	1.0283855793265391
0.62950000000000006	3.5326965613686028	1.0363743136933918
0.63140000000000007	3.5464988231571790	1.0443842367821863
0.63330000000000009	3.5603252214569006	1.0524152318880875
0.63519999999999999	3.5741757468933177	1.0604671833832018
0.63710000000000011	3.5880503898046610	1.0685399767059096
0.63900000000000012	3.6019491402459400	1.0766334983489569
0.64090000000000003	3.6158719879958574	1.0847476358491177
0.64280000000000004	3.6298189225614337	1.0928822777754601
0.64470000000000005	3.6437899331842467	1.1010373137188671
0.64660000000000006	3.6577850088449790	1.1092126342807032
0.64850000000000008	3.6718041382692972	1.1174081310619470
0.65040000000000009	3.6858473099326674	1.1256236966525119
0.65229999999999999	3.6999145120655794	1.1338592246201917
0.65420000000000011	3.7140057326586549	1.1421146095003849
0.65610000000000013	3.7281209594668567	1.1503897467847968
0.65800000000000003	3.7422601800153288	1.1586845329114290
0.65990000000000004	3.7564233816034802	1.1669988652541026
0.66180000000000005	3.7706105513092378	1.1753326421114565
0.66370000000000007	3.7848216759945474	1.1836857626971684
0.66560000000000008	3.7990567423093631	1.1920581271298143
0.66750000000000009	3.8133157366955475	1.2004496364220465
0.66940000000000000	3.8275986453922437	1.2088601924712723
0.67130000000000012	3.8419054544390834	1.2172896980492731
0.67320000000000013	3.8562361496809814	1.2257380567924001
0.67510000000000003	3.8705907167718983	1.2342051731917623
0.67700000000000005	3.8849691411789173	1.2426909525836947
0.67890000000000006	3.8993714081862949	1.2511953011399484
0.68080000000000007	3.9137975028993885	1.2597181258584866
0.68270000000000008	3.9282474102479252	1.2682593345537114
0.68460000000000010	3.9427211149902659	1.2768188358473429
0.68650000000000000	3.9572186017171300	1.2853965391594078
0.68840000000000012	3.9717398548544982	1.2939923546987466
0.69030000000000014	3.9862848586678665	1.3026061934543258
0.69220000000000004	4.0008535972653574	1.3112379671861984
0.69410000000000005	4.0154460546013127	1.3198875884167007
0.69600000000000006	4.0300622144793543	1.3285549704218114
0.69790000000000008	4.0447020605558839	1.3372400272223508
0.69980000000000009	4.0593655763433061	1.3459426735758115
0.70170000000000010	4.0740527452130335	1.3546628249675490
0.70360000000000000	4.0887635503986637	1.3634003976028048
0.70550000000000002	4.1034979749991756	1.3721553083982794
0.70740000000000014	4.1182560019816847	1.3809274749740583
0.70930000000000004	4.1330376141846283	1.3897168156458046
0.71120000000000005	4.1478427943203009	1.3985232494163697
0.71310000000000007	4.1626715249781654	1.4073466959685277
0.71500000000000008	4.1775237886271963	1.4161870756568176
0.71690000000000009	4.1923995676188381	1.4250443095000562
0.71880000000000011	4.2072988441897365	1.4339183191739244
0.72070000000000001	4.2222216004643842	1.4428090270032925
0.72260000000000002	4.2371678184570660	1.4517163559548973
0.72450000000000014	4.2521374800758975	1.4606402296304661
0.72640000000000005	4.2671305671235977	1.4695805722589472
0.72830000000000006	4.2821470613009192	1.4785373086898153
0.73020000000000007	4.2971869442089332	1.4875103643859442
0.73210000000000008	4.3122501973517240	1.4964996654170581
0.73400000000000010	4.3273368021374239	1.5055051384521323
0.73590000000000011	4.3424467398820976	1.5145267107535196
0.73780000000000001	4.3575799918110807	1.5235643101698793
0.73970000000000002	4.3727365390614388	1.5326178651296851
0.74160000000000015	4.3879163626838809	1.5416873046347692
0.74350000000000005	4.4031194436450294	1.5507725582537915
0.74540000000000006	4.4183457628299783	1.5598735561165915
0.74730000000000008	4.4335953010433631	1.5689902289068534
0.74919999999999998	4.4488680390123818	1.5781225078571863
0.75110000000000010	4.4641639573880187	1.5872703247420834
0.75300000000000011	4.4794830367473333	1.5964336118725342
0.75490000000000002	4.4948252575953216	1.6056123020898656
0.75680000000000003	4.5101906003666175	1.6148063287600138
0.75870000000000015	4.5255790454279321	1.6240156257679519
0.76060000000000005	4.5409905730788793	1.6332401275115749
0.76250000000000007	4.5564251635545441	1.6424797688965433
0.76440000000000008	4.5718827970269009	1.6517344853305107
0.76629999999999998	4.5873634536066614	1.6610042127179345
0.76820000000000010	4.6028671133448587	1.6702888874543824
0.77010000000000012	4.6183937562344868	1.6795884464215118
0.77200000000000002	4.6339433622121335	1.6889028269815571
0.77390000000000003	4.6495159111596429	1.6982319669725094
0.77580000000000016	4.6651113829055815	1.7075758047027041
0.77770000000000006	4.6807297572269562	1.7169342789460642
0.77960000000000007	4.6963710138504133	1.7263073289368680
0.78150000000000008	4.7120351324540737	1.7356948943650936
0.78339999999999999	4.7277220926685750	1.7450969153714675
0.78530000000000011	4.7434318740792021	1.7545133325427955
0.78720000000000012	4.7591644562262303	1.7639440869069798
0.78910000000000002	4.7749198186074153	1.7733891199288403
0.79100000000000004	4.7906979406786450	1.7828483735051346
0.79290000000000016	4.8064988018555646	1.7923217899603150
0.79480000000000006	4.8223223815144705	1.8018093120416718
0.79670000000000007	4.8381686589944799	1.8113108829155984
0.79860000000000009	4.8540376135978702	1.8208264461626096
0.80049999999999999	4.8699292245914325	1.8303559457731653
0.80240000000000011	4.8858434712087089	1.8398993261439935
0.80430000000000013	4.9017803326498601	1.8494565320731979
0.80620000000000003	4.9177397880833862	1.8590275087564807
0.80810000000000004	4.9337218166474957	1.8686122017830409
0.81000000000000016	4.9497263974511947	1.8782105571317180
0.81190000000000007	4.9657535095748093	1.8878225211666508
0.81380000000000008	4.9818031320719296	1.8974480406337353
0.81570000000000009	4.9978752439698608	1.9070870626565470
0.81759999999999999	5.0139698242710447	1.9167395347326968
0.81950000000000012	5.0300868519539899	1.9264054047300498
0.82140000000000013	5.0462263059740424	1.9360846208827143
0.82330000000000003	5.0623881652646707	1.9457771317877979
0.82520000000000004	5.0785724087387081	1.9554828864016991
0.82710000000000006	5.0947790152885037	1.9652018340362638
0.82900000000000007	5.1110079637876504	1.9749339243555306
0.83090000000000008	5.1272592330917268	1.9846791073722752
0.83280000000000010	5.1435328020387754	1.9944373334443710
0.83470000000000000	5.1598286494509091	2.0042085532716154
0.83660000000000012	5.1761467541348924	2.0139927178923602
0.83850000000000013	5.1924870948824262	2.0237897786798538
0.84040000000000004	5.2088496504721471	2.0335996873395721
0.84230000000000005	5.2252343996693691	2.0434223959055062
0.84420000000000006	5.2416413212276796	2.0532578567372579
0.84609999999999996	5.2580703938896427	2.0631060225168865
0.84799999999999998	5.2745215963869114	2.0729668462456363
0.84989999999999999	5.2909949074418057	2.0828402812410114
0.85180000000000000	5.3074903057677441	2.0927262811336536
0.85370000000000013	5.3240077700701978	2.1026247998647101
0.85560000000000014	5.3405472790471631	2.1125357916823582
0.85750000000000004	5.3571088113896339	2.1224592111391334
0.85940000000000005	5.3736923457836658	2.1323950130894769
0.86130000000000007	5.3902978609088663	2.1423431526858656
0.86319999999999997	5.4069253354411355	2.1523035853771542
0.86509999999999998	5.4235747480523377	2.1622762669051179
0.86699999999999999	5.4402460774112509	2.1722611533019727
0.86890000000000001	5.4569393021836907	2.1822582008874849
0.87079999999999991	5.4736544010342234	2.1922673662665653
0.87270000000000014	5.4903913526258368	2.2022886063265061
0.87460000000000004	5.5071501356206198	2.2123218782341594
0.87650000000000006	5.5239307286811306	2.2223671394338380
0.87840000000000007	5.5407331104701916	2.2324243476443546
0.88029999999999997	5.5575572596519809	2.2424934608568359
0.88219999999999998	5.5744031548921429	2.2525744373319214
0.88410000000000000	5.5912707748591099	2.2626672355976849
0.88600000000000001	5.6081600982236219	2.2727718144468283
0.88789999999999991	5.6250711036600718	2.2828881329345334
0.88980000000000015	5.6420037698469718	2.2930161503762023
0.89170000000000005	5.6589580754670061	2.3031558263447511
0.89360000000000006	5.6759339992080564	2.3133071206687181
0.89550000000000007	5.6929315197633983	2.3234699934297032
0.89739999999999998	5.7099506158322040	2.3336444049601313
0.89929999999999999	5.7269912661205895	2.3438303158414655
0.90120000000000000	5.7440534493411546	2.3540276869012624
0.90309999999999990	5.7611371442140245	2.3642364792114772
0.90499999999999992	5.7782423294674157	2.3744566540864369
0.90689999999999993	5.7953689838379985	2.3846881730804457
0.90879999999999994	5.8125170860707867	2.3949309979855657
0.91070000000000007	5.8296866149205284	2.4051850908299883
0.91260000000000008	5.8468775491515492	2.4154504138757571
0.91449999999999998	5.8640898675381425	2.4257269296164976
0.91639999999999999	5.8813235488650699	2.4360146007757688
0.91830000000000001	5.8985785719284420	2.4463133903051504
0.92019999999999991	5.9158549155352240	2.4566232613818015
0.92209999999999992	5.9331525585042018	2.4669441774069405
0.92399999999999993	5.9504714796667280	2.4772761020039527
0.92589999999999995	5.9678116578661768	2.4876189990163016
0.92780000000000007	5.9851730719588954	2.4979728325056607
0.92970000000000008	6.0025557008144501	2.5083375667501309
0.93159999999999998	6.0199595233163130	2.5187131662426703
0.93350000000000000	6.0373845183613692	2.5290995956887121
0.93540000000000001	6.0548306648613313	2.5394968200049770
0.93729999999999991	6.0722979417422103	2.5499048043172956
0.93919999999999992	6.0897863279449940	2.5603235139590614
0.94109999999999994	6.1072958024260480	2.5707529144693972
0.94299999999999995	6.1248263441575661	2.5811929715917099
0.94490000000000007	6.1423779321271965	2.5916436512714922
0.94680000000000009	6.1599505453393029	2.6021049196553001
0.94869999999999999	6.1775441628145247	2.6125767430885127
0.95060000000000000	6.1951587635902792	2.6230590881139979
0.95250000000000001	6.2127943267213830	2.6335519214705712
0.95439999999999992	6.2304508312798932	2.6440552100911994
0.95629999999999993	6.2481282563556224	2.6545689211014842
0.95819999999999994	6.2658265810563405	2.6650930218181892
0.96009999999999995	6.2835457845079512	2.6756274797474791
0.96199999999999986	6.3012858458550198	2.6861722625836468
0.96390000000000009	6.3190467442610450	2.6967273382076264
0.96579999999999999	6.3368284589080197	2.7072926746849610
0.96770000000000000	6.3546309689977933	2.7178682402651400
0.96960000000000002	6.3724542537514699	2.7284540033794982
0.97149999999999992	6.3902982924098390	2.7390499326400133
0.97339999999999993	6.4081630642338059	2.7496559968378134
0.97529999999999994	6.4260485485044816	2.7602721649418118
0.97719999999999996	6.4439547245235111	2.7708984060974133
0.97909999999999986	6.4618815716130955	2.7815346896247441
0.98100000000000009	6.4798290691163709	2.7921809850177057
0.98290000000000000	6.4977971963975847	2.8028372619423298
0.98480000000000001	6.5157859328423573	2.8135034902356186
0.98670000000000002	6.5337952578577374	2.8241796399040560
0.98859999999999992	6.5518251508726886	2.8348656811224657
0.99049999999999994	6.5698755913376639	2.8455615842323994
0.99239999999999995	6.5879465587257320	2.8562673197412933
0.99429999999999996	6.6060380325320436	2.8669828583208159
0.99619999999999986	6.6241499922740825	2.8777081708056667
0.99810000000000010	6.6422824174924502	2.8884432281926524
1.0000000000000000	6.6604352877499382	2.8991880016388150
