5.0000000000000003E-002  0.23941745801330613  1.0260087452541122E-003
5.1899999999999995E-002  0.24855602115901082  1.1221823206224129E-003
5.3800000000000001E-002  0.25769818758979607  1.2232941429656493E-003
5.5700000000000006E-002  0.26684400419390258  1.3293473037741357E-003
5.7599999999999998E-002  0.27599351454061410  1.4403433207178505E-003
5.9499999999999997E-002  0.28514675952186286  1.5562831125935060E-003
6.1400000000000003E-002  0.29430377734638163  1.6771679182928524E-003
6.3300000000000009E-002  0.30346460391168711  1.8030001047984706E-003
6.5200000000000008E-002  0.31262927311665584  1.9337838934809812E-003
6.7099999999999993E-002  0.32179781697328480  2.0695260145943417E-003
6.9000000000000006E-002  0.33097026592738732  2.2102362798997965E-003
7.0900000000000005E-002  0.34014664906114955  2.3559280909569201E-003
7.2799999999999990E-002  0.34932699428315045  2.5066188840907350E-003
7.4700000000000003E-002  0.35851132861261142  2.6623305162959653E-003
7.6600000000000001E-002  0.36769967824794542  2.8230896007683864E-003
7.8500000000000000E-002  0.37689206882353993  2.9889277915733621E-003
8.0400000000000013E-002  0.38608852555784345  3.1598820254764297E-003
8.2300000000000012E-002  0.39528907341053776  3.3359947235866915E-003
8.4199999999999997E-002  0.40449373722925847  3.5173139568489575E-003
8.6099999999999996E-002  0.41370254188555783  3.7038935788531627E-003
8.7999999999999995E-002  0.42291551238397607  3.8957933291821783E-003
8.9899999999999994E-002  0.43213267405633010  4.0930789108007699E-003
9.1800000000000007E-002  0.44135405255797316  4.2958220433358500E-003
9.3700000000000006E-002  0.45057967404340515  4.5041004958446340E-003
9.5600000000000004E-002  0.45980956524182703  4.7179981007681050E-003
9.7500000000000017E-002  0.46904375354343991  4.9376047515070449E-003
9.9400000000000002E-002  0.47828226707912280  5.1630163854384133E-003
0.10130000000000000  0.48752513479263498  5.3943349542620667E-003
0.10320000000000000  0.49677238650798722  5.6316683833227852E-003
0.10510000000000000  0.50602405299039410  5.8751305212405595E-003
0.10700000000000000  0.51528016600129301  6.1248410813165245E-003
0.10890000000000001  0.52454075834954805  6.3809255759574414E-003
0.11080000000000001  0.53380586393687923  6.6435152449158931E-003
0.11270000000000001  0.54307551477448568  6.9115621869784193E-003
0.11460000000000002  0.55234968162630915  7.1808315883012501E-003
0.11649999999999999  0.56162833220190156  7.4540805979437632E-003
0.11840000000000001  0.57091146756727795  7.7323561390962312E-003
0.12030000000000000  0.58019910119372431  8.0162465956251996E-003
0.12220000000000000  0.58949125396074176  8.3061856358842071E-003
0.12410000000000000  0.59878795223128001  8.6025327927638229E-003
0.12600000000000000  0.60808922672060084  8.9056061155017661E-003
0.12790000000000001  0.61739511180771978  9.2156983274439205E-003
0.12980000000000003  0.62670564506870574  9.5330858595707776E-003
0.13169999999999998  0.63602086694099047  9.8580343398531490E-003
0.13360000000000000  0.64534082047093821  1.0190802137382084E-002
0.13550000000000001  0.65466555111725400  1.0531642758365534E-002
0.13739999999999999  0.66399510659386229  1.0880806525402216E-002
0.13930000000000001  0.67332953674123175  1.1238541788913212E-002
0.14120000000000002  0.68266889341875692  1.1605095821851281E-002
0.14310000000000000  0.69201323041345486  1.1980715493359159E-002
0.14500000000000002  0.70136260336186540  1.2365647784564681E-002
0.14690000000000000  0.71071706968103632  1.2760140188621594E-002
0.14879999999999999  0.72007668850872419  1.3164441024962246E-002
0.15070000000000000  0.72944152064933754  1.3578799688391071E-002
0.15260000000000001  0.73881162852628990  1.4003466848418758E-002
0.15450000000000000  0.74818707613793745  1.4438694609945625E-002
0.15640000000000001  0.75756792901860937  1.4884736643763904E-002
0.15830000000000002  0.76695425420191843  1.5341848292979129E-002
0.16020000000000001  0.77634612018791205  1.5810286660612988E-002
0.16210000000000002  0.78574359691199203  1.6290310681783122E-002
0.16400000000000001  0.79514675571629745  1.6782181183697044E-002
0.16589999999999999  0.80455566932353129  1.7286160935651197E-002
0.16780000000000000  0.81397041181166940  1.7802514690897237E-002
0.16970000000000002  0.82339105859087347  1.8331509221955578E-002
0.17160000000000000  0.83281768638173759  1.8873413350375626E-002
0.17350000000000002  0.84225037319445162  1.9428497972115742E-002
0.17540000000000003  0.85168919830946721  1.9997036079082674E-002
0.17730000000000001  0.86113424225062762  2.0579302777704891E-002
0.17920000000000003  0.87058558680205378  2.1175575304453197E-002
0.18110000000000001  0.88004331494018784  2.1786133039829965E-002
0.18300000000000000  0.88950751085233848  2.2411257519687377E-002
0.18490000000000001  0.89897825991328473  2.3051232445170003E-002
0.18680000000000002  0.90845564867100781  2.3706343690993462E-002
0.18870000000000001  0.91793976483320849  2.4376879312298136E-002
0.19060000000000002  0.92743069725439553  2.5063129550072817E-002
0.19250000000000003  0.93692853592340286  2.5765386835238512E-002
0.19439999999999999  0.94643337195172239  2.6483945791363945E-002
0.19630000000000000  0.95594529756202384  2.7219103235984417E-002
0.19820000000000002  0.96546440607727335  2.7971158180424963E-002
0.20010000000000000  0.97499079191026050  2.8740411828155576E-002
0.20200000000000001  0.98452455055347732  2.9527167571393401E-002
0.20390000000000003  0.99406577856934142  3.0331730986060373E-002
0.20580000000000001  1.0036145735807094  3.1154409824702196E-002
0.20770000000000002  1.0131710342617530  3.1995514007452014E-002
0.20960000000000004  1.0227352603289515  3.2855355610699570E-002
0.21149999999999999  1.0323073525323962  3.3734248853390464E-002
0.21340000000000001  1.0418874126472422  3.4632510080704504E-002
0.21529999999999999  1.0514755434652960  3.5550457744965298E-002
0.21720000000000000  1.0610718487867701  3.6488412383536138E-002
0.21909999999999999  1.0706764334120369  3.7446696593524065E-002
0.22100000000000003  1.0802894031335422  3.8425635003049068E-002
0.22289999999999999  1.0899108647275728  3.9425554238886627E-002
0.22479999999999997  1.0995409259462905  4.0446782890235275E-002
0.22670000000000001  1.1091796955093292  4.1489651468386700E-002
0.22860000000000000  1.1188272830956860  4.2554492362137257E-002
0.23050000000000001  1.1284837993353229  4.3641639788609125E-002
0.23240000000000000  1.1381493558005216  4.4751429739359277E-002
0.23430000000000001  1.1478240649972944  4.5884199921531900E-002
0.23619999999999999  1.1575080403563862  4.7040289693804679E-002
0.23810000000000003  1.1672013962241383  4.8220039997002868E-002
0.23999999999999999  1.1769042478529705  4.9423793279101666E-002
0.24189999999999998  1.1866167113916486  5.0651893414539483E-002
0.24380000000000002  1.1963389038751480  5.1904685617549379E-002
0.24570000000000000  1.2060709432140835  5.3182516349400563E-002
0.24760000000000001  1.2158129481838584  5.4485733219479943E-002
0.24950000000000000  1.2255650384132217  5.5814684879922957E-002
0.25140000000000001  1.2353273343723969  5.7169720913806073E-002
0.25330000000000003  1.2450999573607391  5.8551191716765850E-002
0.25519999999999998  1.2548830294937929  5.9959448371949185E-002
0.25710000000000000  1.2646766736897646  6.1394842518243911E-002
0.25900000000000001  1.2744810136554761  6.2857726211788395E-002
0.26090000000000002  1.2842961738715546  6.4348451780689056E-002
0.26279999999999998  1.2941222795771339  6.5867371673008171E-002
0.26469999999999999  1.3039594567536961  6.7414838298045232E-002
0.26660000000000000  1.3138078321083226  6.8991203860945163E-002
0.26849999999999996  1.3236675330562166  7.0596820190768600E-002
0.27040000000000003  1.3335386877023905  7.2232038562141096E-002
0.27229999999999999  1.3434214248226699  7.3897209510561432E-002
0.27420000000000000  1.3533158738438815  7.5592682641636502E-002
0.27610000000000001  1.3632221648232390  7.7318806434395454E-002
0.27799999999999997  1.3731404284269166  7.9075928038919149E-002
0.27989999999999998  1.3830707959078161  8.0864393068570919E-002
0.28179999999999999  1.3930133990824736  8.2684545387095257E-002
0.28370000000000001  1.4029683703126754  8.4536726891354275E-002
0.28559999999999997  1.4129358424584086  8.6421277287595188E-002
0.28750000000000003  1.4229159488861016  8.8338533867691929E-002
0.28939999999999999  1.4329088234193592  9.0288831277649431E-002
0.29130000000000000  1.4429146003175206  9.2272501285043412E-002
0.29320000000000002  1.4529334142475261  9.4289872543173850E-002
0.29509999999999997  1.4629654002550452  9.6341270352999442E-002
0.29699999999999999  1.4730106937347569  9.8427016423301220E-002
0.29890000000000000  1.4830694303998482  0.10054742862960186
0.30080000000000001  1.4931417462507883  0.10270282077242002
0.30269999999999997  1.5032277775433025  0.10489350233532241
0.30460000000000004  1.5133276607557444  0.10711977824353211
0.30649999999999999  1.5234415325555348  0.10938194862347764
0.30840000000000001  1.5335695297651444  0.11168030856398181
0.31030000000000002  1.5437117893273820  0.11401514787974081
0.31219999999999998  1.5538684482700957  0.11638675087761124
0.31409999999999999  1.5640396436702924  0.11879539612636056
0.31600000000000000  1.5742255126177493  0.12124135623045106
0.31790000000000002  1.5844261921781440  0.12372489760857058
0.31979999999999997  1.5946418193557914  0.12624628027731810
0.32170000000000004  1.6048725310559087  0.12880575764084998
0.32360000000000000  1.6151184640466192  0.13140357628687416
0.32549999999999996  1.6253797549206310  0.13403997578965221
0.32740000000000002  1.6356565400566918  0.13671518852053743
0.32929999999999998  1.6459489555808446  0.13942943946650788
0.33119999999999999  1.6562571373275490  0.14218294605728093
0.33310000000000001  1.6665812208061361  0.14497591800238657
0.33500000000000002  1.6769213411396946  0.14780855713259683
0.33689999999999998  1.6872776330602079  0.15068105726153516
0.33879999999999999  1.6976502308463515  0.15359360404699812
0.34070000000000000  1.7080392682907735  0.15654637486813061
0.34259999999999996  1.7184448786617912  0.15953953871249621
0.34450000000000003  1.7288671946648178  0.16257325607403653
0.34639999999999999  1.7393063484046034  0.16564767886259951
0.34830000000000000  1.7497624713476330  0.16876295032485150
0.35020000000000001  1.7602356942849411  0.17191920497695196
0.35210000000000002  1.7707261472954798  0.17511656854895830
0.35399999999999998  1.7812339597098947  0.17835515794109028
0.35589999999999999  1.7917592600750474  0.18163508119190422
0.35780000000000001  1.8023021761189550  0.18495643745825194
0.35969999999999996  1.8128628347165454  0.18831931700711430
0.36160000000000003  1.8234413618618133  0.19172380122069654
0.36349999999999999  1.8340378826112427  0.19516996260497071
0.36540000000000000  1.8446525210885361  0.19865786482621753
0.36730000000000002  1.8552854004283035  0.20218756274195024
0.36920000000000003  1.8659366427520789  0.20575910245127449
0.37109999999999999  1.8766063691388837  0.20937252135429088
0.37300000000000000  1.8872946995968536  0.21302784822192541
0.37490000000000001  1.8980017530356468  0.21672510327577280
0.37679999999999997  1.9087276472399639  0.22046429827777686
0.37870000000000004  1.9194724988440768  0.22424543662919119
0.38059999999999999  1.9302364233072655  0.22806851347854659
0.38250000000000001  1.9410195348904973  0.23193351583819238
0.38440000000000002  1.9518219466399016  0.23584042271109426
0.38629999999999998  1.9626437703408550  0.23978920521420369
0.38819999999999999  1.9734851165364791  0.24377982673201432
0.39010000000000000  1.9843460944817490  0.24781224305329708
0.39200000000000002  1.9952268121323045  0.25188640252618555
0.39389999999999997  2.0061273761276919  0.25600224621666534
0.39580000000000004  2.0170478917756420  0.26015970807242722
0.39770000000000000  2.0279884630373561  0.26435871509155445
0.39959999999999996  2.0389491925139973  0.26859918749562073
0.40150000000000002  2.0499301814342190  0.27288103890670734
0.40339999999999998  2.0609315296427630  0.27720417652785723
0.40529999999999999  2.0719533355953010  0.28156850132893058
0.40720000000000001  2.0829956963275866  0.28597390822259272
0.40910000000000002  2.0940587074816284  0.29042028626819777
0.41099999999999998  2.1051424632741749  0.29490751885046507
0.41290000000000004  2.1162470564970701  0.29943548387340618
0.41480000000000000  2.1273725785121673  0.30400405395216928
0.41669999999999996  2.1385191192470567  0.30861309660532066
0.41860000000000003  2.1496867671919606  0.31326247444723748
0.42049999999999998  2.1608756093974142  0.31795204538014765
0.42240000000000005  2.1720857314784681  0.32268166278871868
0.42430000000000007  2.1833172175907594  0.32745117571744220
0.42620000000000002  2.1945701504682158  0.33226042908052716
0.42809999999999998  2.2058446113978487  0.33710926383500872
0.43000000000000005  2.2171406802287428  0.34199751717038629
0.43190000000000006  2.2284584353750194  0.34692502269240078
0.43380000000000002  2.2397979538192816  0.35189161060435331
0.43570000000000003  2.2511593111170023  0.35689710788600776
0.43759999999999999  2.2625425814015090  0.36194133846963694
0.43950000000000006  2.2739478373950730  0.36702412341693186
0.44140000000000007  2.2853751503923205  0.37214528107324635
0.44330000000000003  2.2968245903035309  0.37730462725912672
0.44519999999999998  2.3082962256364183  0.38250197541632230
0.44710000000000000  2.3197901235112135  0.38773713677217703
0.44900000000000007  2.3313063496691599  0.39300992049574951
0.45090000000000002  2.3428449684816584  0.39832013385030707
0.45280000000000004  2.3544060429599569  0.40366758234190631
0.45469999999999999  2.3659896347651603  0.40905206986421089
0.45660000000000006  2.3775958042187493  0.41447339883925532
0.45850000000000007  2.3892246103192574  0.41993137035958106
0.46040000000000003  2.4008761107296199  0.42542578429943612
0.46229999999999999  2.4125503618262183  0.43095643947719736
0.46420000000000000  2.4242474186847742  0.43652313375700480
0.46610000000000007  2.4359673350995705  0.44212566417559440
0.46800000000000003  2.4477101635958789  0.44776382705899020
0.46990000000000004  2.4594759554428882  0.45343741813537602
0.47180000000000011  2.4712647606665832  0.45914623264377280
0.47370000000000007  2.4830766280633614  0.46489006543902989
0.47560000000000008  2.4949116052131846  0.47066871109270064
0.47750000000000004  2.5067697384934591  0.47648196399020476
0.47939999999999999  2.5186510730927636  0.48232961842411820
0.48130000000000006  2.5305556530248992  0.48821146868376242
0.48320000000000007  2.5424835211429300  0.49412730914105951
0.48510000000000003  2.5544347191569954  0.50007693433910416
0.48700000000000004  2.5664092876337161  0.50606013904503366
0.48890000000000011  2.5784072660337194  0.51207671836500590
0.49080000000000007  2.5904286927102529  0.51812646778892502
0.49270000000000008  2.6024736049274790  0.52420918326578103
0.49460000000000004  2.6145420388751317  0.53032466126894573
0.49650000000000000  2.6266340296832449  0.53647269885832227
0.49840000000000007  2.6387496114365598  0.54265309373927051
0.50030000000000008  2.6508888171889495  0.54886564431856055
0.50220000000000009  2.6630516789781256  0.55511014975753714
0.50409999999999999  2.6752382278402558  0.56138641002226641
0.50600000000000001  2.6874484938240522  0.56769422593104069
0.50790000000000013  2.6996825060055940  0.57403339919913443
0.50980000000000003  2.7119402925025282  0.58040373248111632
0.51170000000000004  2.7242218804882681  0.58680502941041224
0.51360000000000006  2.7365272962066056  0.59323709463673591
0.51550000000000007  2.7488565649854602  0.59969973386090603
0.51740000000000008  2.7612097112512148  0.60619275386762961
0.51930000000000009  2.7735867585426126  0.61271596255595906
0.52120000000000000  2.7859877295247295  0.61926916896771989
0.52310000000000001  2.7984126459995995  0.62585218332141590
0.52500000000000013  2.8108615289320822  0.63246481700595358
0.52690000000000003  2.8233343984455401  0.63910688265015769
0.52880000000000005  2.8358312738468059  0.64577819411160575
0.53070000000000006  2.8483521736371222  0.65247856650390945
0.53260000000000007  2.8608971155245175  0.65920781621379987
0.53450000000000009  2.8734661164381228  0.66596576091739568
0.53640000000000010  2.8860591925396313  0.67275221959398457
0.53830000000000000  2.8986763592376170  0.67956701253920393
0.54020000000000001  2.9113176311987341  0.68640996137612142
0.54210000000000014  2.9239830223613534  0.69328088906562602
0.54400000000000004  2.9366725459475091  0.70017961991510969
0.54590000000000005  2.9493862144750107  0.70710597958593668
0.54780000000000006  2.9621240397698672  0.71405979510009654
0.54970000000000008  2.9748860329779410  0.72104089484542455
0.55160000000000009  2.9876722045768882  0.72804910857986416
0.55350000000000010  3.0004825643876378  0.73508426743467936
0.55540000000000000  3.0133171215863270  0.74214620391710984
0.55730000000000002  3.0261758847150766  0.74923475191133426
0.55920000000000014  3.0390588616935137  0.75634974667935506
0.56110000000000004  3.0519660598297667  0.76349102486062093
0.56300000000000006  3.0648974858312563  0.77065842447108313
0.56490000000000007  3.0778531458154363  0.77785178490133877
0.56680000000000008  3.0908330453207111  0.78507094691440127
0.56870000000000009  3.1038371893162893  0.79231575264235965
0.57060000000000011  3.1168655822129625  0.79958604558284463
0.57250000000000001  3.1299182278728792  0.80688167059469673
0.57440000000000002  3.1429951296198491  0.81420247389317268
0.57630000000000015  3.1560962902489265  0.82154830304460824
0.57820000000000005  3.1692217120361832  0.82891900696051490
0.58010000000000006  3.1823713967482883  0.83631443589149157
0.58200000000000007  3.1955453456185792  0.84373444142926157
0.58389999999999997  3.2087435594893754  0.85117887646361856
0.58580000000000010  3.2219660386215261  0.85864759522986700
0.58770000000000011  3.2352127828359025  0.86614045326356592
0.58960000000000001  3.2484837914901568  0.87365730740247294
0.59150000000000003  3.2617790634863693  0.88119801577779211
0.59340000000000015  3.2750985972796975  0.88876243780525288
0.59530000000000005  3.2884423908870595  0.89635043417656080
0.59720000000000006  3.3018104418955119  0.90396186685021562
0.59910000000000008  3.3152027474697610  0.91159659904182033
0.60099999999999998  3.3286193043608430  0.91925449521473601
0.60290000000000010  3.3420601089141826  0.92693542107072213
0.60480000000000012  3.3555251570755562  0.93463924353872341
0.60670000000000002  3.3690144444010790  0.94236583076649516
0.60860000000000003  3.3825279660629697  0.95011505210924319
0.61050000000000015  3.3960657168581188  0.95788677811985035
0.61240000000000006  3.4096276912138568  0.96568088053812251
0.61430000000000007  3.4232138831966195  0.97349723228056795
0.61620000000000008  3.4368242865182368  0.98133570743003862
0.61809999999999998  3.4504588945418018  0.98919618122415276
0.62000000000000011  3.4641177002908852  0.99707853004597480
0.62190000000000012  3.4778006964533899  1.0049826314120749
0.62380000000000002  3.4915078753898370  1.0129083639622325
0.62570000000000003  3.5052392291394057  1.0208556074489359
0.62760000000000005  3.5189947494259530  1.0288242427261298
0.62950000000000006  3.5327744276641226  1.0368141517382627
0.63140000000000007  3.5465782549662523  1.0448252175102752
0.63330000000000009  3.5604062221471970  1.0528573241358696
0.63519999999999999  3.5742583197309301  1.0609103567670903
0.63710000000000011  3.5881345379558325  1.0689842016036264
0.63900000000000012  3.6020348667815005  1.0770787458821196
0.64090000000000003  3.6159592958923117  1.0851938778650234
0.64280000000000004  3.6299078147047279  1.0933294868302095
0.64470000000000005  3.6438804123720594  1.1014854630605637
0.64660000000000006  3.6578770777891272  1.1096616978327933
0.64850000000000008  3.6718977995981370  1.1178580834072951
0.65040000000000009  3.6859425661940080  1.1260745130177465
0.65229999999999999  3.7000113657284053  1.1343108808602915
0.65420000000000011  3.7141041861155331  1.1425670820835316
0.65610000000000013  3.7282210150366852  1.1508430127780660
0.65800000000000003  3.7423618399445653  1.1591385699661478
0.65990000000000004  3.7565266480686792  1.1674536515918004
0.66180000000000005  3.7707154264194029  1.1757881565106141
0.66370000000000007  3.7849281617925410  1.1841419844794465
0.66560000000000008  3.7991648407739693  1.1925150361471104
0.66750000000000009  3.8134254497437672  1.2009072130439848
0.66940000000000000  3.8277099748801890  1.2093184175723812
0.67130000000000012  3.8420184021647072  1.2177485529970629
0.67320000000000013  3.8563507173851836  1.2261975234355096
0.67510000000000003  3.8707069061402533  1.2346652338482611
0.67700000000000005  3.8850869538434232  1.2431515900297023
0.67890000000000006  3.8994908457273652  1.2516564985990108
0.68080000000000007  3.9139185668462337  1.2601798669902000
0.68270000000000008  3.9283701020809447  1.2687216034434239
0.68460000000000010  3.9428454361424601  1.2772816169960393
0.68650000000000000  3.9573445535747616  1.2858598174733431
0.68840000000000012  3.9718674387596895  1.2944561154801224
0.69030000000000014  3.9864140759187174  1.3030704223912055
0.69220000000000004  4.0009844491181088  1.3117026503435278
0.69410000000000005  4.0155785422708705  1.3203527122269618
0.69600000000000006  4.0301963391411606  1.3290205216762097
0.69790000000000008  4.0448378233466045  1.3377059930621888
0.69980000000000009  4.0595029783620040  1.3464090414838352
0.70170000000000010  4.0741917875227323  1.3551295827599730
0.70360000000000000  4.0889042340270878  1.3638675334209502
0.70550000000000002  4.1036403009398761  1.3726228107008358
0.70740000000000014  4.1183999711950587  1.3813953325294106
0.70930000000000004  4.1331832275986073  1.3901850175242625
0.71120000000000005  4.1479900528322160  1.3989917849833584
0.71310000000000007  4.1628204294546309  1.4078155548769116
0.71500000000000008  4.1776743399055380  1.4166562478401561
0.71690000000000009  4.1925517665081919  1.4255137851659061
0.71880000000000011  4.2074526914714596  1.4343880887969662
0.72070000000000001  4.2223770968929353  1.4432790813189114
0.72260000000000002  4.2373249647615587  1.4521866859531132
0.72450000000000014  4.2522962769596528  1.4611108265492803
0.72640000000000005  4.2672910152659194  1.4700514275786878
0.72830000000000006  4.2823091613575199  1.4790084141271702
0.73020000000000007  4.2973506968126873  1.4879817118882666
0.73210000000000008  4.3124156031129610  1.4969712471564178
0.73400000000000010  4.3275038616456065  1.5059769468205431
0.73590000000000011  4.3426154537054789  1.5149987383569266
0.73780000000000001  4.3577503604976453  1.5240365498231563
0.73970000000000002  4.3729085631399425  1.5330903098518398
0.74160000000000015  4.3880900426642118  1.5421599476437748
0.74350000000000005  4.4032947800186983  1.5512453929618211
0.74540000000000006  4.4185227560705282  1.5603465761248783
0.74730000000000008  4.4337739516076331  1.5694634280019437
0.74919999999999998  4.4490483473401241  1.5785958800055271
0.75110000000000010  4.4643459239032977  1.5877438640863413
0.75300000000000011  4.4796666618583911  1.5969073127269204
0.75490000000000002  4.4950105416955184  1.6060861589362014
0.75680000000000003  4.5103775438346725  1.6152803362434331
0.75870000000000015  4.5257676486283733  1.6244897786930479
0.76060000000000005  4.5411808363628161  1.6337144208385628
0.76250000000000007  4.5566170872598466  1.6429541977374569
0.76440000000000008  4.5720763814787846  1.6522090449454656
0.76629999999999998  4.5875586991179347  1.6614788985115088
0.76820000000000010  4.6030640202163893  1.6707636949721210
0.77010000000000012  4.6185923247556815  1.6800633713465027
0.77200000000000002  4.6341435926613928  1.6893778651311377
0.77390000000000003  4.6497178038045055  1.6987071142948404
0.77580000000000016  4.6653149380034282  1.7080510572738561
0.77770000000000006  4.6809349750248064  1.7174096329665398
0.77960000000000007  4.6965778945862198  1.7267827807289822
0.78150000000000008  4.7122436763560831  1.7361704403696929
0.78339999999999999  4.7279322999559925  1.7455725521449383
0.78530000000000011  4.7436437449625970  1.7549890567546034
0.78720000000000012  4.7593779909081304  1.7644198953368166
0.78910000000000002  4.7751350172819524  1.7738650094637460
0.79100000000000004  4.7909148035323108  1.7833243411369777
0.79290000000000016  4.8067173290674932  1.7927978327833374
0.79480000000000006  4.8225425732564169  1.8022854272497972
0.79670000000000007  4.8383905154313522  1.8117870678001273
0.79860000000000009  4.8542611348880209  1.8213026981098226
0.80049999999999999  4.8701544108868147  1.8308322622619939
0.80240000000000011  4.8860703226548257  1.8403757047436038
0.80430000000000013  4.9020088493864655  1.8499329704410172
0.80620000000000003  4.9179699702445010  1.8595040046358198
0.80810000000000004  4.9339536643618702  1.8690887530012683
0.81000000000000016  4.9499599108420078  1.8786871615977976
0.81190000000000007  4.9659886887605262  1.8882991768694990
0.81380000000000008  4.9820399771660107  1.8979247456400976
0.81570000000000009  4.9981137550813317  1.9075638151091776
0.81759999999999999  5.0142100015040869  1.9172163328481540
0.81950000000000012  5.0303286954089570  1.9268822467973152
0.82140000000000013  5.0464698157467263  1.9365615052610601
0.82330000000000003  5.0626333414477136  1.9462540569055382
0.82520000000000004  5.0788192514203647  1.9559598507537543
0.82710000000000006  5.0950275245538865  1.9656788361831654
0.82900000000000007  5.1112581397186094  1.9754109629216405
0.83090000000000008  5.1275110757663329  1.9851561810437843
0.83280000000000010  5.1437863115327502  1.9949144409684776
0.83470000000000000  5.1600838258367121  2.0046856934544137
0.83660000000000012  5.1764035974819178  2.0144698895974531
0.83850000000000013  5.1927456052579304  2.0242669808273197
0.84040000000000004  5.2091098279406554  2.0340769189041881
0.84230000000000005  5.2254962442930601  2.0438996559154243
0.84420000000000006  5.2419048330668137  2.0537351442729506
0.84609999999999996  5.2583355730018484  2.0635833367093834
0.84799999999999998  5.2747884428282159  2.0734441862756037
0.84989999999999999  5.2912634212661702  2.0833176463373517
0.85180000000000000  5.3077604870276875  2.0932036705725632
0.85370000000000013  5.3242796188163375  2.1031022129680315
0.85560000000000014  5.3408207953284546  2.1130132278166891
0.85750000000000004  5.3573839952543008  2.1229366697149796
0.85940000000000005  5.3739691972775558  2.1328724935592813
0.86130000000000007  5.3905763800773645  2.1428206545439927
0.86319999999999997  5.4072055223284279  2.1527811081582371
0.86509999999999998  5.4238566027013402  2.1627538101830197
0.86699999999999999  5.4405295998639529  2.1727387166889849
0.86890000000000001  5.4572244924815356  2.1827357840333348
0.87079999999999991  5.4739412592175505  2.1927449688573128
0.87270000000000014  5.4906798787342597  2.2027662280836151
0.87460000000000004  5.5074403296932823  2.2127995189137386
0.87650000000000006  5.5242225907567386  2.2228447988258218
0.87840000000000007  5.5410266405867956  2.2329020255713101
0.88029999999999997  5.5578524578471695  2.2429711571732902
0.88219999999999998  5.5747000212034274  2.2530521519236677
0.88410000000000000  5.5915693093235692  2.2631449683807587
0.88600000000000001  5.6084603008781206  2.2732495653667981
0.88789999999999991  5.6253729745415804  2.2833659019658641
0.88980000000000015  5.6423073089920539  2.2934939375211543
0.89170000000000005  5.6592632829123364  2.3036336316329744
0.89360000000000006  5.6762408749904472  2.3137849441565010
0.89550000000000007  5.6932400639197187  2.3239478351990925
0.89739999999999998  5.7102608283996004  2.3341222651184954
0.89929999999999999  5.7273031471359692  2.3443081945203912
0.90120000000000000  5.7443669988421364  2.3545055842564175
0.90309999999999990  5.7614523622384732  2.3647143954218315
0.90499999999999992  5.7785592160533579  2.3749345893532987
0.90689999999999993  5.7956875390240032  2.3851661276272837
0.90879999999999994  5.8128373098957127  2.3954089720571679
0.91070000000000007  5.8300085074238792  2.4056630846919980
0.91260000000000008  5.8472011103731916  2.4159284278139412
0.91449999999999998  5.8644150975185916  2.4262049639364842
0.91639999999999999  5.8816504476455354  2.4364926558023017
0.91830000000000001  5.8989071395504338  2.4467914663814176
0.92019999999999991  5.9161851520411899  2.4571013588693069
0.92209999999999992  5.9334844639374396  2.4674222966847856
0.92399999999999993  5.9508050540710640  2.4777542434683735
0.92589999999999995  5.9681469012859552  2.4880971630798565
0.92780000000000007  5.9855099844396635  2.4984510195974363
0.92970000000000008  6.0028942824024591  2.5088157773148034
0.93159999999999998  6.0202997740585564  2.5191914007401230
0.93350000000000000  6.0377264383058122  2.5295778545936960
0.93540000000000001  6.0551742540567721  2.5399751038065990
0.93729999999999991  6.0726432002385344  2.5503831135187829
0.93919999999999992  6.0901332557927219  2.5608018490769320
0.94109999999999994  6.1076443996772296  2.5712312760337599
0.94299999999999995  6.1251766108647692  2.5816713601451440
0.94490000000000007  6.1427298683440945  2.5921220673690732
0.94680000000000009  6.1603041511206484  2.6025833638641362
0.94869999999999999  6.1778994382160937  2.6130552159874014
0.95060000000000000  6.1955157086691051  2.6235375902931239
0.95250000000000001  6.2131529415354487  2.6340304535310404
0.95439999999999992  6.2308111158883932  2.6445337726448397
0.95629999999999993  6.2484902108186295  2.6550475147702874
0.95819999999999994  6.2661902054351435  2.6655716472341924
0.96009999999999995  6.2839110788653265  2.6761061375525985
0.96199999999999986  6.3016528102546561  2.6866509534290191
0.96390000000000009  6.3194153787677694  2.6972060627534238
0.96579999999999999  6.3371987635879794  2.7077714336003051
0.96770000000000000  6.3550029439183024  2.7183470342275222
0.96960000000000002  6.3728278989808977  2.7289328330746292
0.97149999999999992  6.3906736080182673  2.7395287987617563
0.97339999999999993  6.4085400502919532  2.7501349000874660
0.97529999999999994  6.4264272050847833  2.7607511060283305
0.97719999999999996  6.4443350516994640  2.7713773857367618
0.97909999999999986  6.4622635694593846  2.7820137085398731
0.98100000000000009  6.4802127377090839  2.7926600439382709
0.98290000000000000  6.4981825358142480  2.8033163616045611
0.98480000000000001  6.5161729431615036  2.8139826313818017
0.98670000000000002  6.5341839391592940  2.8246588232825292
0.98859999999999992  6.5522155032378935  2.8353449074874004
0.99049999999999994  6.5702676148490884  2.8460408543434856
0.99239999999999995  6.5883402534673579  2.8567466343636654
0.99429999999999996  6.6064333985890169  2.8674622182247069
0.99619999999999986  6.6245470297329447  2.8781875767663081
0.99810000000000010  6.6426811264410119  2.8889226809899764
1.0000000000000000  6.6608356682775920  2.8996675020575009
