   5.0000000000000003E-002  0.23907158879835080        7.2605031610628481E-004  -0.0000000000000000     
   5.1899999999999995E-002  0.24818525618300366        8.0329664227361884E-004  -0.0000000000000000     
   5.3800000000000001E-002  0.25730182990038736        8.8526985928065590E-004  -0.0000000000000000     
   5.5700000000000006E-002  0.26642137448775455        9.7200621354466457E-004  -0.0000000000000000     
   5.7599999999999998E-002  0.27554395122795483        1.0635398010200772E-003  -0.0000000000000000     
   5.9499999999999997E-002  0.28466961857404571        1.1599035706078285E-003  -0.0000000000000000     
   6.1400000000000003E-002  0.29379843217513840        1.2611302660909829E-003  -0.0000000000000000     
   6.3300000000000009E-002  0.30293044525920210        1.3672532516246897E-003  -0.0000000000000000     
   6.5200000000000008E-002  0.31206570894325991        1.4783072592321573E-003  -0.0000000000000000     
   6.7099999999999993E-002  0.32120427233273052        1.5943290686918467E-003  -0.0000000000000000     
   6.9000000000000006E-002  0.33034618284364886        1.7153581003368707E-003  -0.0000000000000000     
   7.0900000000000005E-002  0.33949148638268550        1.8414369455112796E-003  -0.0000000000000000     
   7.2799999999999990E-002  0.34864022763891783        1.9726118294080448E-003  -0.0000000000000000     
   7.4700000000000003E-002  0.35779245016678551        2.1089330186936004E-003  -0.0000000000000000     
   7.6600000000000001E-002  0.36694819665091849        2.2504551701859128E-003  -0.0000000000000000     
   7.8500000000000000E-002  0.37610750906757467        2.3972376309902366E-003  -0.0000000000000000     
   8.0400000000000013E-002  0.38527042885246976        2.5493446918849381E-003  -0.0000000000000000     
   8.2300000000000012E-002  0.39443699705810659        2.7068457983720302E-003  -0.0000000000000000     
   8.4199999999999997E-002  0.40360725450220036        2.8698157231507432E-003  -0.0000000000000000     
   8.6099999999999996E-002  0.41278124188516163        3.0383347034324878E-003  -0.0000000000000000     
   8.7999999999999995E-002  0.42195899999781428        3.2124885464142714E-003  -0.0000000000000000     
   8.9899999999999994E-002  0.43114056972377118        3.3923687063902360E-003  -0.0000000000000000     
   9.1800000000000007E-002  0.44032599222615548        3.5780723356266834E-003  -0.0000000000000000     
   9.3700000000000006E-002  0.44951530903082743        3.7697023123381096E-003  -0.0000000000000000     
   9.5600000000000004E-002  0.45870856212116096        3.9673672479336218E-003  -0.0000000000000000     
   9.7500000000000017E-002  0.46790579402421328        4.1711814758572576E-003  -0.0000000000000000     
   9.9400000000000002E-002  0.47710704789052238        4.3812650241743956E-003  -0.0000000000000000     
  0.10130000000000000       0.48631236756699447        4.5977435737581396E-003  -0.0000000000000000     
  0.10320000000000000       0.49552179766297916        4.8207484039012654E-003  -0.0000000000000000     
  0.10510000000000000       0.50473538361105663        5.0504163270032060E-003  -0.0000000000000000     
  0.10700000000000000       0.51395317172174360        5.2868896136872255E-003  -0.0000000000000000     
  0.10890000000000001       0.52317520923257466        5.5303159099093597E-003  -0.0000000000000000     
  0.11080000000000001       0.53240154435339604        5.7808481470282402E-003  -0.0000000000000000     
  0.11270000000000001       0.54163222630589891        6.0386444462389713E-003  -0.0000000000000000     
  0.11460000000000002       0.55086730535906880        6.3038680180877464E-003  -0.0000000000000000     
  0.11649999999999999       0.56010683284479168        6.5766870583339994E-003  -0.0000000000000000     
  0.11840000000000001       0.56935086124866841        6.8572746405122457E-003  -0.0000000000000000     
  0.12030000000000000       0.57859944414059439        7.1458086066177465E-003  -0.0000000000000000     
  0.12220000000000000       0.58785263625733608        7.4424714558693969E-003  -0.0000000000000000     
  0.12410000000000000       0.59711049350544199        7.7474502327067448E-003  -0.0000000000000000     
  0.12600000000000000       0.60637307297593324        8.0609364142711221E-003  -0.0000000000000000     
  0.12790000000000001       0.61564043295709714        8.3831257980339132E-003  -0.0000000000000000     
  0.12980000000000003       0.62491261614053006        8.7110436180153818E-003  -0.0000000000000000     
  0.13169999999999998       0.63418962517516186        9.0447264968266591E-003  -0.0000000000000000     
  0.13360000000000000       0.64347148836659163        9.3858248818771105E-003  -0.0000000000000000     
  0.13550000000000001       0.65275824689113271        9.7349931314782492E-003  -0.0000000000000000     
  0.13739999999999999       0.66204994839425058        1.0092695747389442E-002  -0.0000000000000000     
  0.13930000000000001       0.67134664500800401        1.0459317087853434E-002  -0.0000000000000000     
  0.14120000000000002       0.68064839236944252        1.0835199245704230E-002  -0.0000000000000000     
  0.14310000000000000       0.68995524903945593        1.1220659265077055E-002  -0.0000000000000000     
  0.14500000000000002       0.69926727612017447        1.1615998260281953E-002  -0.0000000000000000     
  0.14690000000000000       0.70858453698371038        1.2021506751829806E-002  -0.0000000000000000     
  0.14879999999999999       0.71790709707064226        1.2437468016833974E-002  -0.0000000000000000     
  0.15070000000000000       0.72723502373335991        1.2864160306310086E-002  -0.0000000000000000     
  0.15260000000000001       0.73656838611059350        1.3301858373389314E-002  -0.0000000000000000     
  0.15450000000000000       0.74590725502419974        1.3750834561307410E-002  -0.0000000000000000     
  0.15640000000000001       0.75525170289297050        1.4211359598925721E-002  -0.0000000000000000     
  0.15830000000000002       0.76460180365820540        1.4683703195055594E-002  -0.0000000000000000     
  0.16020000000000001       0.77395763272002893        1.5168134491263103E-002  -0.0000000000000000     
  0.16210000000000002       0.78331926688066267        1.5664922412318292E-002  -0.0000000000000000     
  0.16400000000000001       0.79268678429459938        1.6174335941540049E-002  -0.0000000000000000     
  0.16589999999999999       0.80206026442337230        1.6696644339971208E-002  -0.0000000000000000     
  0.16780000000000000       0.81143978799523486        1.7232117323130031E-002  -0.0000000000000000     
  0.16970000000000002       0.82082543696807753        1.7781025205232035E-002  -0.0000000000000000     
  0.17160000000000000       0.83021729449561643        1.8343639018240352E-002  -0.0000000000000000     
  0.17350000000000002       0.83961544489628992        1.8920230611327943E-002  -0.0000000000000000     
  0.17540000000000003       0.84901997362465309        1.9511072734935804E-002  -0.0000000000000000     
  0.17730000000000001       0.85843096724430745        2.0116439112629496E-002  -0.0000000000000000     
  0.17920000000000003       0.86784851340373259        2.0736604503397552E-002  -0.0000000000000000     
  0.18110000000000001       0.87727270081258868        2.1371844756000916E-002  -0.0000000000000000     
  0.18300000000000000       0.88670361921131635        2.2022436857303800E-002  -0.0000000000000000     
  0.18490000000000001       0.89614135938700268        2.2688658975257146E-002  -0.0000000000000000     
  0.18680000000000002       0.90558601310038633        2.3370790498066653E-002  -0.0000000000000000     
  0.18870000000000001       0.91503767310391249        2.4069112069589886E-002  -0.0000000000000000     
  0.19060000000000002       0.92449643311593455        2.4783905621971483E-002  -0.0000000000000000     
  0.19250000000000003       0.93396238780509877        2.5515454405737593E-002  -0.0000000000000000     
  0.19439999999999999       0.94343563277535059        2.6264043017647787E-002  -0.0000000000000000     
  0.19630000000000000       0.95291626455196143        2.7029957426549615E-002  -0.0000000000000000     
  0.19820000000000002       0.96240438056825306        2.7813484997315365E-002  -0.0000000000000000     
  0.20010000000000000       0.97190007915316534        2.8614914512988435E-002  -0.0000000000000000     
  0.20200000000000001       0.98140345951934682        2.9434536195098917E-002  -0.0000000000000000     
  0.20390000000000003       0.99091462175199951        3.0272641722128006E-002  -0.0000000000000000     
  0.20580000000000001        1.0004336667982612        3.1129524246113281E-002  -0.0000000000000000     
  0.20770000000000002        1.0099606964571246        3.2005478407200819E-002  -0.0000000000000000     
  0.20960000000000004        1.0194958133698584        3.2900800346098873E-002  -0.0000000000000000     
  0.21149999999999999        1.0290391210108731        3.3815787714254184E-002  -0.0000000000000000     
  0.21340000000000001        1.0385907236790179        3.4750739681556730E-002  -0.0000000000000000     
  0.21529999999999999        1.0481507264891865        3.5705956941482514E-002  -0.0000000000000000     
  0.21720000000000000        1.0577192353643472        3.6681741713348058E-002  -0.0000000000000000     
  0.21909999999999999        1.0672963570278029        3.7678397741583138E-002  -0.0000000000000000     
  0.22100000000000003        1.0768821989956612        3.8696230291737008E-002  -0.0000000000000000     
  0.22289999999999999        1.0864768695696367        3.9735546143054183E-002  -0.0000000000000000     
  0.22479999999999997        1.0960804778298443        4.0796653577325308E-002  -0.0000000000000000     
  0.22670000000000001        1.1056931336279670        4.1879862363826195E-002  -0.0000000000000000     
  0.22860000000000000        1.1153149475802302        4.2985483740136506E-002  -0.0000000000000000     
  0.23050000000000001        1.1249460310606683        4.4113830388557672E-002  -0.0000000000000000     
  0.23240000000000000        1.1345864961942551        4.5265216407921562E-002  -0.0000000000000000     
  0.23430000000000001        1.1442364558500790        4.6439957280582131E-002  -0.0000000000000000     
  0.23619999999999999        1.1538960236344400        4.7638369834356875E-002  -0.0000000000000000     
  0.23810000000000003        1.1635653138838002        4.8860772199218597E-002  -0.0000000000000000     
  0.23999999999999999        1.1732444416576635        5.0107483758491861E-002  -0.0000000000000000     
  0.24189999999999998        1.1829335227311875        5.1378825094438800E-002  -0.0000000000000000     
  0.24380000000000002        1.1926326735876669        5.2675117927945783E-002  -0.0000000000000000     
  0.24570000000000000        1.2023420114106584        5.3996685052251303E-002  -0.0000000000000000     
  0.24760000000000001        1.2120616540759030        5.5343850260470069E-002  -0.0000000000000000     
  0.24950000000000000        1.2217917201428579        5.6716938266803810E-002  -0.0000000000000000     
  0.25140000000000001        1.2315323288458742        5.8116274621308694E-002  -0.0000000000000000     
  0.25330000000000003        1.2412836000849545        5.9542185618125111E-002  -0.0000000000000000     
  0.25519999999999998        1.2510456544161244        6.0994998197040635E-002  -0.0000000000000000     
  0.25710000000000000        1.2608186130412706        6.2475039838349122E-002  -0.0000000000000000     
  0.25900000000000001        1.2706025977974800        6.3982638450929954E-002  -0.0000000000000000     
  0.26090000000000002        1.2803977311459065        6.5518122253539299E-002  -0.0000000000000000     
  0.26279999999999998        1.2902041361599705        6.7081819649294744E-002  -0.0000000000000000     
  0.26469999999999999        1.3000219365130445        6.8674059093360565E-002  -0.0000000000000000     
  0.26660000000000000        1.3098512564654921        7.0295168953905585E-002  -0.0000000000000000     
  0.26849999999999996        1.3196922208510111        7.1945477366355343E-002  -0.0000000000000000     
  0.27040000000000003        1.3295449550623777        7.3625312081086164E-002  -0.0000000000000000     
  0.27229999999999999        1.3394095850425287        7.5335000304996833E-002  -0.0000000000000000     
  0.27420000000000000        1.3492862372442995        7.7074868534951796E-002  -0.0000000000000000     
  0.27610000000000001        1.3591750386511623        7.8845242388684761E-002  -0.0000000000000000     
  0.27799999999999997        1.3690761167350347        8.0646446426212146E-002  -0.0000000000000000     
  0.27989999999999998        1.3789895994445855        8.2478803967171804E-002  -0.0000000000000000     
  0.28179999999999999        1.3889156151865125        8.4342636902562787E-002  -0.0000000000000000     
  0.28370000000000001        1.3988542928060979        8.6238265501139014E-002  -0.0000000000000000     
  0.28559999999999997        1.4088057615667557        8.8166008210995045E-002  -0.0000000000000000     
  0.28750000000000003        1.4187701511289852        9.0126181456662166E-002  -0.0000000000000000     
  0.28939999999999999        1.4287475915284382        9.2119099431999571E-002  -0.0000000000000000     
  0.29130000000000000        1.4387382131531876        9.4145073889320446E-002  -0.0000000000000000     
  0.29320000000000002        1.4487421467201280        9.6204413925150181E-002  -0.0000000000000000     
  0.29509999999999997        1.4587595232508015        9.8297425763156795E-002  -0.0000000000000000     
  0.29699999999999999        1.4687904740461637       0.10042441253442638       -0.0000000000000000     
  0.29890000000000000        1.4788351306607606       0.10258567405597281       -0.0000000000000000     
  0.30080000000000001        1.4888936248760045       0.10478150660755789       -0.0000000000000000     
  0.30269999999999997        1.4989660886728466       0.10701220270771415       -0.0000000000000000     
  0.30460000000000004        1.5090526542036242       0.10927805088918244       -0.0000000000000000     
  0.30649999999999999        1.5191534537632501       0.11157933547452034       -0.0000000000000000     
  0.30840000000000001        1.5292686197596914       0.11391633635232754       -0.0000000000000000     
  0.31030000000000002        1.5393982846838148       0.11628932875469539       -0.0000000000000000     
  0.31219999999999998        1.5495425810785544       0.11869858303640769       -0.0000000000000000     
  0.31409999999999999        1.5597016415076124       0.12114436445653229       -0.0000000000000000     
  0.31600000000000000        1.5698755985234574       0.12362693296285901       -0.0000000000000000     
  0.31790000000000002        1.5800645846348496       0.12614654297990741       -0.0000000000000000     
  0.31979999999999997        1.5902687322739235       0.12870344320090152       -0.0000000000000000     
  0.32170000000000004        1.6004881737627898       0.13129787638444027       -0.0000000000000000     
  0.32360000000000000        1.6107230412797071       0.13393007915625099       -0.0000000000000000     
  0.32549999999999996        1.6209734668249498       0.13660028181671829       -0.0000000000000000     
  0.32740000000000002        1.6312395821863479       0.13930870815458729       -0.0000000000000000     
  0.32929999999999998        1.6415215189100709       0.14205557526837928       -0.0000000000000000     
  0.33119999999999999        1.6518194082428996       0.14484109339012036       -0.0000000000000000     
  0.33310000000000001        1.6621333811321850       0.14766546572671871       -0.0000000000000000     
  0.33500000000000002        1.6724635681665503       0.15052888829933231       -0.0000000000000000     
  0.33689999999999998        1.6828100995468052       0.15343154979648577       -0.0000000000000000     
  0.33879999999999999        1.6931731050507561       0.15637363143500491       -0.0000000000000000     
  0.34070000000000000        1.7035527139976616       0.15935530683020535       -0.0000000000000000     
  0.34259999999999996        1.7139490552131122       0.16237674187581508       -0.0000000000000000     
  0.34450000000000003        1.7243622569940320       0.16543809463368120       -0.0000000000000000     
  0.34639999999999999        1.7347924470737603       0.16853951523373983       -0.0000000000000000     
  0.34830000000000000        1.7452397525874057       0.17168114578430271       -0.0000000000000000     
  0.35020000000000001        1.7557043000375805       0.17486312029299672       -0.0000000000000000     
  0.35210000000000002        1.7661862152603394       0.17808556459835950       -0.0000000000000000     
  0.35399999999999998        1.7766856233916630       0.18134859631237005       -0.0000000000000000     
  0.35589999999999999        1.7872026488341997       0.18465232477382304       -0.0000000000000000     
  0.35780000000000001        1.7977374152247170       0.18799685101273722       -0.0000000000000000     
  0.35969999999999996        1.8082900454075821       0.19138226772720709       -0.0000000000000000     
  0.36160000000000003        1.8188606613796960       0.19480865926351412       -0.0000000000000000     
  0.36349999999999999        1.8294493842959236       0.19827610162279388       -0.0000000000000000     
  0.36540000000000000        1.8400563344141800       0.20178466246260976       -0.0000000000000000     
  0.36730000000000002        1.8506816310717784       0.20533440111706461       -0.0000000000000000     
  0.36920000000000003        1.8613253926567968       0.20892536862591621       -0.0000000000000000     
  0.37109999999999999        1.8719877365800706       0.21255760777391083       -0.0000000000000000     
  0.37300000000000000        1.8826687792478871       0.21623115314019226       -0.0000000000000000     
  0.37490000000000001        1.8933686360355921       0.21994603115744507       -0.0000000000000000     
  0.37679999999999997        1.9040874212620000       0.22370226018060826       -0.0000000000000000     
  0.37870000000000004        1.9148252481647725       0.22749985056474609       -0.0000000000000000     
  0.38059999999999999        1.9255822288766229       0.23133880475182830       -0.0000000000000000     
  0.38250000000000001        1.9363584744087290       0.23521911736817119       -0.0000000000000000     
  0.38440000000000002        1.9471540946028809       0.23914077531893055       -0.0000000000000000     
  0.38629999999999998        1.9579691981511864       0.24310375791327055       -0.0000000000000000     
  0.38819999999999999        1.9688038925480498       0.24710803697338143       -0.0000000000000000     
  0.39010000000000000        1.9796582840783601       0.25115357696252022       -0.0000000000000000     
  0.39200000000000002        1.9905324777996507       0.25524033511713229       -0.0000000000000000     
  0.39389999999999997        2.0014265775252005       0.25936826158518483       -0.0000000000000000     
  0.39580000000000004        2.0123406858080846       0.26353729957007510       -0.0000000000000000     
  0.39770000000000000        2.0232749039262670       0.26774738547989541       -0.0000000000000000     
  0.39959999999999996        2.0342293318687616       0.27199844908149862       -0.0000000000000000     
  0.40150000000000002        2.0452040683226840       0.27629041365890283       -0.0000000000000000     
  0.40339999999999998        2.0561992106672538       0.28062319617829018       -0.0000000000000000     
  0.40529999999999999        2.0672148549384390       0.28499670744321959       -0.0000000000000000     
  0.40720000000000001        2.0782510958577514       0.28941085228044977       -0.0000000000000000     
  0.40910000000000002        2.0893080267961497       0.29386552969986229       -0.0000000000000000     
  0.41099999999999998        2.1003857397732477       0.29836063307153898       -0.0000000000000000     
  0.41290000000000004        2.1114843254504154       0.30289605030153582       -0.0000000000000000     
  0.41480000000000000        2.1226038731247363       0.30747166400917697       -0.0000000000000000     
  0.41669999999999996        2.1337444707239044       0.31208735170546265       -0.0000000000000000     
  0.41860000000000003        2.1449062048020866       0.31674298597211248       -0.0000000000000000     
  0.42049999999999998        2.1560891605431558       0.32143843464451355       -0.0000000000000000     
  0.42240000000000005        2.1672934217305624       0.32617356097660766       -0.0000000000000000     
  0.42430000000000007        2.1785190707898168       0.33094822384305067       -0.0000000000000000     
  0.42620000000000002        2.1897661887565869       0.33576227790161134       -0.0000000000000000     
  0.42809999999999998        2.2010348552851120       0.34061557377506579       -0.0000000000000000     
  0.43000000000000005        2.2123251486490294       0.34550795822762459       -0.0000000000000000     
  0.43190000000000006        2.2236371457430550       0.35043927433991234       -0.0000000000000000     
  0.43380000000000002        2.2349709220852256       0.35540936168217346       -0.0000000000000000     
  0.43570000000000003        2.2463265518201796       0.36041805648565822       -0.0000000000000000     
  0.43759999999999999        2.2577041077293898       0.36546519181594456       -0.0000000000000000     
  0.43950000000000006        2.2691036612080353       0.37055059772204491       -0.0000000000000000     
  0.44140000000000007        2.2805252823135698       0.37567410142832036       -0.0000000000000000     
  0.44330000000000003        2.2919690397409389       0.38083552747669247       -0.0000000000000000     
  0.44519999999999998        2.3034350008369269       0.38603469789036154       -0.0000000000000000     
  0.44710000000000000        2.3149232316069148       0.39127143232928302       -0.0000000000000000     
  0.44900000000000007        2.3264337967224376       0.39654554824277299       -0.0000000000000000     
  0.45090000000000002        2.3379667595288907       0.40185686101854712       -0.0000000000000000     
  0.45280000000000004        2.3495221820541783       0.40720518412871187       -0.0000000000000000     
  0.45469999999999999        2.3611001250173733       0.41259032927209643       -0.0000000000000000     
  0.45660000000000006        2.3727006478380970       0.41801210651307952       -0.0000000000000000     
  0.45850000000000007        2.3843238086520593       0.42347032442208277       -0.0000000000000000     
  0.46040000000000003        2.3959696642969943       0.42896479018612721       -0.0000000000000000     
  0.46229999999999999        2.4076382703609056       0.43449530976956557       -0.0000000000000000     
  0.46420000000000000        2.4193296811667273       0.44006168801583656       -0.0000000000000000     
  0.46610000000000007        2.4310439497901455       0.44566372877391547       -0.0000000000000000     
  0.46800000000000003        2.4427811280712364       0.45130123501519276       -0.0000000000000000     
  0.46990000000000004        2.4545412666261588       0.45697400894666751       -0.0000000000000000     
  0.47180000000000011        2.4663244148591179       0.46268185212037660       -0.0000000000000000     
  0.47370000000000007        2.4781306209745781       0.46842456553918405       -0.0000000000000000     
  0.47560000000000008        2.4899599319899552       0.47420194975889035       -0.0000000000000000     
  0.47750000000000004        2.5018123937479340       0.48001380498657109       -0.0000000000000000     
  0.47939999999999999        2.5136880509295798       0.48585993117552639       -0.0000000000000000     
  0.48130000000000006        2.5255869470673074       0.49174012811651863       -0.0000000000000000     
  0.48320000000000007        2.5375091245579231       0.49765419552542856       -0.0000000000000000     
  0.48510000000000003        2.5494546246798806       0.50360193313387136       -0.0000000000000000     
  0.48700000000000004        2.5614234875908282       0.50958314074440614       -0.0000000000000000     
  0.48890000000000011        2.5734157523656207       0.51559761834736473       -0.0000000000000000     
  0.49080000000000007        2.5854314569930605       0.52164516616817402       -0.0000000000000000     
  0.49270000000000008        2.5974706383938631       0.52772558474522768       -0.0000000000000000     
  0.49460000000000004        2.6095333324343821       0.53383867499753146       -0.0000000000000000     
  0.49650000000000000        2.6216195739404666       0.53998423828967601       -0.0000000000000000     
  0.49840000000000007        2.6337293967111250       0.54616207649324433       -0.0000000000000000     
  0.50030000000000008        2.6458628335324734       0.55237199204564202       -0.0000000000000000     
  0.50220000000000009        2.6580199161914111       0.55861378800595873       -0.0000000000000000     
  0.50409999999999999        2.6702006754895748       0.56488726810792256       -0.0000000000000000     
  0.50600000000000001        2.6824051412570520       0.57119223681027764       -0.0000000000000000     
  0.50790000000000013        2.6946333423662492       0.57752849934447703       -0.0000000000000000     
  0.50980000000000003        2.7068853067455181       0.58389586175963260       -0.0000000000000000     
  0.51170000000000004        2.7191610613929784       0.59029413096522365       -0.0000000000000000     
  0.51360000000000006        2.7314606323900432       0.59672311477118478       -0.0000000000000000     
  0.51550000000000007        2.7437840449152788       0.60318262192582961       -0.0000000000000000     
  0.51740000000000008        2.7561313232575655       0.60967246215123549       -0.0000000000000000     
  0.51930000000000009        2.7685024908297828       0.61619244617673075       -0.0000000000000000     
  0.52120000000000000        2.7808975701822538       0.62274238577014018       -0.0000000000000000     
  0.52310000000000001        2.7933165830130142       0.62932209377435633       -0.0000000000000000     
  0.52500000000000013        2.8057595501923234       0.63593138410408467       -0.0000000000000000     
  0.52690000000000003        2.8182264917593245       0.64257007181793147       -0.0000000000000000     
  0.52880000000000005        2.8307174269454585       0.64923797310985010       -0.0000000000000000     
  0.53070000000000006        2.8432323741851491       0.65593490533927679       -0.0000000000000000     
  0.53260000000000007        2.8557713511287099       0.66266068705106862       -0.0000000000000000     
  0.53450000000000009        2.8683343746546246       0.66941513799378249       -0.0000000000000000     
  0.53640000000000010        2.8809214608819045       0.67619807913655383       -0.0000000000000000     
  0.53830000000000000        2.8935326251835716       0.68300933268457686       -0.0000000000000000     
  0.54020000000000001        2.9061678821974168       0.68984872209256487       -0.0000000000000000     
  0.54210000000000014        2.9188272458398377       0.69671607207780495       -0.0000000000000000     
  0.54400000000000004        2.9315107293165190       0.70361120863089643       -0.0000000000000000     
  0.54590000000000005        2.9442183451352517       0.71053395902591943       -0.0000000000000000     
  0.54780000000000006        2.9569501051171874       0.71748415182900271       -0.0000000000000000     
  0.54970000000000008        2.9697060204088563       0.72446161690602984       -0.0000000000000000     
  0.55160000000000009        2.9824861014933717       0.73146618542889608       -0.0000000000000000     
  0.55350000000000010        2.9952903582021126       0.73849768988108377       -0.0000000000000000     
  0.55540000000000000        3.0081187997255920       0.74555596406190539       -0.0000000000000000     
  0.55730000000000002        3.0209714346249594       0.75264084309020585       -0.0000000000000000     
  0.55920000000000014        3.0338482708427659       0.75975216340659535       -0.0000000000000000     
  0.56110000000000004        3.0467493157136514       0.76688976277532672       -0.0000000000000000     
  0.56300000000000006        3.0596745759751989       0.77405348028505672       -0.0000000000000000     
  0.56490000000000007        3.0726240577784054       0.78124315634902086       -0.0000000000000000     
  0.56680000000000008        3.0855977666979788       0.78845863270422500       -0.0000000000000000     
  0.56870000000000009        3.0985957077427710       0.79569975241022450       -0.0000000000000000     
  0.57060000000000011        3.1116178853657597       0.80296635984705744       -0.0000000000000000     
  0.57250000000000001        3.1246643034738173       0.81025830071252292       -0.0000000000000000     
  0.57440000000000002        3.1377349654379985       0.81757542201909084       -0.0000000000000000     
  0.57630000000000015        3.1508298741027891       0.82491757208996319       -0.0000000000000000     
  0.57820000000000005        3.1639490317956986       0.83228460055481712       -0.0000000000000000     
  0.58010000000000006        3.1770924403369309       0.83967635834499943       -0.0000000000000000     
  0.58200000000000007        3.1902601010150389       0.84709269769673445       -0.0000000000000000     
  0.58389999999999997        3.2034520147291468       0.85453347211083430       -0.0000000000000000     
  0.58580000000000010        3.2166681817988731       0.86199853639920854       -0.0000000000000000     
  0.58770000000000011        3.2299086021050027       0.86948774664258266       -0.0000000000000000     
  0.58960000000000001        3.2431732750664155       0.87700096019309015       -0.0000000000000000     
  0.59150000000000003        3.2564621996474337       0.88453803566658995       -0.0000000000000000     
  0.59340000000000015        3.2697753743665392       0.89209883293510561       -0.0000000000000000     
  0.59530000000000005        3.2831127973056820       0.89968321311974986       -0.0000000000000000     
  0.59720000000000006        3.2964744661170879       0.90729103858181248       -0.0000000000000000     
  0.59910000000000008        3.3098603780315239       0.91492217291474098       -0.0000000000000000     
  0.60099999999999998        3.3232705298677097       0.92257648093587541       -0.0000000000000000     
  0.60290000000000010        3.3367049180373773       0.93025382867704409       -0.0000000000000000     
  0.60480000000000012        3.3501635385555821       0.93795408337612474       -0.0000000000000000     
  0.60670000000000002        3.3636463870468623       0.94567711346803418       -0.0000000000000000     
  0.60860000000000003        3.3771534587524723       0.95342278857447271       -0.0000000000000000     
  0.61050000000000015        3.3906847485388631       0.96119097949581733       -0.0000000000000000     
  0.61240000000000006        3.4042402509028653       0.96898155820030707       -0.0000000000000000     
  0.61430000000000007        3.4178199599814212       0.97679439781533128       -0.0000000000000000     
  0.61620000000000008        3.4314238695557657       0.98462937261679140       -0.0000000000000000     
  0.61809999999999998        3.4450519730602491       0.99248635801996088       -0.0000000000000000     
  0.62000000000000011        3.4587042635879519        1.0003652305688704       -0.0000000000000000     
  0.62190000000000012        3.4723807338975741        1.0082658679266789       -0.0000000000000000     
  0.62380000000000002        3.4860813764202634        1.0161881488653424       -0.0000000000000000     
  0.62570000000000003        3.4998061832653935        1.0241319532556532       -0.0000000000000000     
  0.62760000000000005        3.5135551462268415        1.0320971620566828       -0.0000000000000000     
  0.62950000000000006        3.5273282567897759        1.0400836573060583       -0.0000000000000000     
  0.63140000000000007        3.5411255061363098        1.0480913221093440       -0.0000000000000000     
  0.63330000000000009        3.5549468851509882        1.0561200406298139       -0.0000000000000000     
  0.63519999999999999        3.5687923844273870        1.0641696980782620       -0.0000000000000000     
  0.63710000000000011        3.5826619942733458        1.0722401807028281       -0.0000000000000000     
  0.63900000000000012        3.5965557047169301        1.0803313757783961       -0.0000000000000000     
  0.64090000000000003        3.6104735055114658        1.0884431715966740       -0.0000000000000000     
  0.64280000000000004        3.6244153861420285        1.0965754574560158       -0.0000000000000000     
  0.64470000000000005        3.6383813358292474        1.1047281236506836       -0.0000000000000000     
  0.64660000000000006        3.6523713435358163        1.1129010614612735       -0.0000000000000000     
  0.64850000000000008        3.6663853979712351        1.1210941631443172       -0.0000000000000000     
  0.65040000000000009        3.6804234875969999        1.1293073219222349       -0.0000000000000000     
  0.65229999999999999        3.6944856006311664        1.1375404319730138       -0.0000000000000000     
  0.65420000000000011        3.7085717250538859        1.1457933884206992       -0.0000000000000000     
  0.65610000000000013        3.7226818486113835        1.1540660873248483       -0.0000000000000000     
  0.65800000000000003        3.7368159588217726        1.1623584256713184       -0.0000000000000000     
  0.65990000000000004        3.7509740429788336        1.1706703013617827       -0.0000000000000000     
  0.66180000000000005        3.7651560881564681        1.1790016132040892       -0.0000000000000000     
  0.66370000000000007        3.7793620812143640        1.1873522609030789       -0.0000000000000000     
  0.66560000000000008        3.7935920088012405        1.1957221450503899       -0.0000000000000000     
  0.66750000000000009        3.8078458573588909        1.2041111671146534       -0.0000000000000000     
  0.66940000000000000        3.8221236131281175        1.2125192294327700       -0.0000000000000000     
  0.67130000000000012        3.8364252621512964        1.2209462352000267       -0.0000000000000000     
  0.67320000000000013        3.8507507902768525        1.2293920884605070       -0.0000000000000000     
  0.67510000000000003        3.8651001831639253        1.2378566940984010       -0.0000000000000000     
  0.67700000000000005        3.8794734262852941        1.2463399578281036       -0.0000000000000000     
  0.67890000000000006        3.8938705049325462        1.2548417861860273       -0.0000000000000000     
  0.68080000000000007        3.9082914042184469        1.2633620865204420       -0.0000000000000000     
  0.68270000000000008        3.9227361090819586        1.2719007669834916       -0.0000000000000000     
  0.68460000000000010        3.9372046042908670        1.2804577365216880       -0.0000000000000000     
  0.68650000000000000        3.9516968744465744        1.2890329048676623       -0.0000000000000000     
  0.68840000000000012        3.9662129039861869        1.2976261825307505       -0.0000000000000000     
  0.69030000000000014        3.9807526771873718        1.3062374807892294       -0.0000000000000000     
  0.69220000000000004        3.9953161781709738        1.3148667116810810       -0.0000000000000000     
  0.69410000000000005        4.0099033909046433        1.3235137879959531       -0.0000000000000000     
  0.69600000000000006        4.0245142992062384        1.3321786232667832       -0.0000000000000000     
  0.69790000000000008        4.0391488867469381        1.3408611317614101       -0.0000000000000000     
  0.69980000000000009        4.0538071370539654        1.3495612284741030       -0.0000000000000000     
  0.70170000000000010        4.0684890335144104        1.3582788291181656       -0.0000000000000000     
  0.70360000000000000        4.0831945593788728        1.3670138501178377       -0.0000000000000000     
  0.70550000000000002        4.0979236977625542        1.3757662085995104       -0.0000000000000000     
  0.70740000000000014        4.1126764316498390        1.3845358223847659       -0.0000000000000000     
  0.70930000000000004        4.1274527438969058        1.3933226099826672       -0.0000000000000000     
  0.71120000000000005        4.1422526172343739        1.4021264905816853       -0.0000000000000000     
  0.71310000000000007        4.1570760342698678        1.4109473840421412       -0.0000000000000000     
  0.71500000000000008        4.1719229774912252        1.4197852108890707       -0.0000000000000000     
  0.71690000000000009        4.1867934292690911        1.4286398923046209       -0.0000000000000000     
  0.71880000000000011        4.2016873718595251        1.4375113501208723       -0.0000000000000000     
  0.72070000000000001        4.2166047874068662        1.4463995068125337       -0.0000000000000000     
  0.72260000000000002        4.2315456579455883        1.4553042854897693       -0.0000000000000000     
  0.72450000000000014        4.2465099654037397        1.4642256098912754       -0.0000000000000000     
  0.72640000000000005        4.2614976916047205        1.4731634043773707       -0.0000000000000000     
  0.72830000000000006        4.2765088182702815        1.4821175939229194       -0.0000000000000000     
  0.73020000000000007        4.2915433270223655        1.4910881041107176       -0.0000000000000000     
  0.73210000000000008        4.3066011993859883        1.5000748611247698       -0.0000000000000000     
  0.73400000000000010        4.3216824167909609        1.5090777917435325       -0.0000000000000000     
  0.73590000000000011        4.3367869605749840        1.5180968233336545       -0.0000000000000000     
  0.73780000000000001        4.3519148119845505        1.5271318838430232       -0.0000000000000000     
  0.73970000000000002        4.3670659521787512        1.5361829017949389       -0.0000000000000000     
  0.74160000000000015        4.3822403622302515        1.5452498062815598       -0.0000000000000000     
  0.74350000000000005        4.3974380231279557        1.5543325269575972       -0.0000000000000000     
  0.74540000000000006        4.4126589157785672        1.5634309940342959       -0.0000000000000000     
  0.74730000000000008        4.4279030210094623        1.5725451382734150       -0.0000000000000000     
  0.74919999999999998        4.4431703195696350        1.5816748909809080       -0.0000000000000000     
  0.75110000000000010        4.4584607921327066        1.5908201840015737       -0.0000000000000000     
  0.75300000000000011        4.4737744192979703        1.5999809497127058       -0.0000000000000000     
  0.75490000000000002        4.4891111815932589        1.6091571210186990       -0.0000000000000000     
  0.75680000000000003        4.5044710594753496        1.6183486313449196       -0.0000000000000000     
  0.75870000000000015        4.5198540333335702        1.6275554146325517       -0.0000000000000000     
  0.76060000000000005        4.5352600834901002        1.6367774053326913       -0.0000000000000000     
  0.76250000000000007        4.5506891902025792        1.6460145384012170       -0.0000000000000000     
  0.76440000000000008        4.5661413336657359        1.6552667492930826       -0.0000000000000000     
  0.76629999999999998        4.5816164940125255        1.6645339739569769       -0.0000000000000000     
  0.76820000000000010        4.5971146513168017        1.6738161488303696       -0.0000000000000000     
  0.77010000000000012        4.6126357855940592        1.6831132108340017       -0.0000000000000000     
  0.77200000000000002        4.6281798768033173        1.6924250973667279       -0.0000000000000000     
  0.77390000000000003        4.6437469048489612        1.7017517463007805       -0.0000000000000000     
  0.77580000000000016        4.6593368495820586        1.7110930959764463       -0.0000000000000000     
  0.77770000000000006        4.6749496908019479        1.7204490851972565       -0.0000000000000000     
  0.77960000000000007        4.6905854082578644        1.7298196532250774       -0.0000000000000000     
  0.78150000000000008        4.7062439816501032        1.7392047397754029       -0.0000000000000000     
  0.78339999999999999        4.7219253906319274        1.7486042850124441       -0.0000000000000000     
  0.78530000000000011        4.7376296148102206        1.7580182295443456       -0.0000000000000000     
  0.78720000000000012        4.7533566337480391        1.7674465144189904       -0.0000000000000000     
  0.78910000000000002        4.7691064269649175        1.7768890811190223       -0.0000000000000000     
  0.79100000000000004        4.7848789739390414        1.7863458715575276       -0.0000000000000000     
  0.79290000000000016        4.8006742541077516        1.7958168280735016       -0.0000000000000000     
  0.79480000000000006        4.8164922468694487        1.8053018934273752       -0.0000000000000000     
  0.79670000000000007        4.8323329315851149        1.8148010107970509       -0.0000000000000000     
  0.79860000000000009        4.8481962875784292        1.8243141237730056       -0.0000000000000000     
  0.80049999999999999        4.8640822941385364        1.8338411763547244       -0.0000000000000000     
  0.80240000000000011        4.8799909305199893        1.8433821129460080       -0.0000000000000000     
  0.80430000000000013        4.8959221759443698        1.8529368783510876       -0.0000000000000000     
  0.80620000000000003        4.9118760096019853        1.8625054177705578       -0.0000000000000000     
  0.80810000000000004        4.9278524106521715        1.8720876767973991       -0.0000000000000000     
  0.81000000000000016        4.9438513582250945        1.8816836014128662       -0.0000000000000000     
  0.81190000000000007        4.9598728314221452        1.8912931379824991       -0.0000000000000000     
  0.81380000000000008        4.9759168093183286        1.9009162332528653       -0.0000000000000000     
  0.81570000000000009        4.9919832709614020        1.9105528343467415       -0.0000000000000000     
  0.81759999999999999        5.0080721953749121        1.9202028887603566       -0.0000000000000000     
  0.81950000000000012        5.0241835615578267        1.9298663443588708       -0.0000000000000000     
  0.82140000000000013        5.0403173484863517        1.9395431493733686       -0.0000000000000000     
  0.82330000000000003        5.0564735351144954        1.9492332523967502       -0.0000000000000000     
  0.82520000000000004        5.0726521003751728        1.9589366023803014       -0.0000000000000000     
  0.82710000000000006        5.0888530231813576        1.9686531486302961       -0.0000000000000000     
  0.82900000000000007        5.1050762824267952        1.9783828408043667       -0.0000000000000000     
  0.83090000000000008        5.1213218569868815        1.9881256289080169       -0.0000000000000000     
  0.83280000000000010        5.1375897257199767        1.9978814632914295       -0.0000000000000000     
  0.83470000000000000        5.1538798674678876        2.0076502946459303       -0.0000000000000000     
  0.83660000000000012        5.1701922610570019        2.0174320740007619       -0.0000000000000000     
  0.83850000000000013        5.1865268852987567        2.0272267527196068       -0.0000000000000000     
  0.84040000000000004        5.2028837189911785        2.0370342824976548       -0.0000000000000000     
  0.84230000000000005        5.2192627409195715        2.0468546153585372       -0.0000000000000000     
  0.84420000000000006        5.2356639298563223        2.0566877036504283       -0.0000000000000000     
  0.84609999999999996        5.2520872645630039        2.0665335000436662       -0.0000000000000000     
  0.84799999999999998        5.2685327237904929        2.0763919575273659       -0.0000000000000000     
  0.84989999999999999        5.2850002862803853        2.0862630294067190       -0.0000000000000000     
  0.85180000000000000        5.3014899307647161        2.0961466692993902       -0.0000000000000000     
  0.85370000000000013        5.3180016359676312        2.1060428311330570       -0.0000000000000000     
  0.85560000000000014        5.3345353806057521        2.1159514691423240       -0.0000000000000000     
  0.85750000000000004        5.3510911433887474        2.1258725378657162       -0.0000000000000000     
  0.85940000000000005        5.3676689030205855        2.1358059921431325       -0.0000000000000000     
  0.86130000000000007        5.3842686381996518        2.1457517871127094       -0.0000000000000000     
  0.86319999999999997        5.4008903276199662        2.1557098782082411       -0.0000000000000000     
  0.86509999999999998        5.4175339499712702        2.1656802211563106       -0.0000000000000000     
  0.86699999999999999        5.4341994839400245        2.1756627719735402       -0.0000000000000000     
  0.86890000000000001        5.4508869082105367        2.1856574869642689       -0.0000000000000000     
  0.87079999999999991        5.4675962014645512        2.1956643227173531       -0.0000000000000000     
  0.87270000000000014        5.4843273423825005        2.2056832361038015       -0.0000000000000000     
  0.87460000000000004        5.5010803096445633        2.2157141842744834       -0.0000000000000000     
  0.87650000000000006        5.5178550819302057        2.2257571246570405       -0.0000000000000000     
  0.87840000000000007        5.5346516379194544        2.2358120149535354       -0.0000000000000000     
  0.88029999999999997        5.5514699562940342        2.2458788131385159       -0.0000000000000000     
  0.88219999999999998        5.5683100157364906        2.2559574774555777       -0.0000000000000000     
  0.88410000000000000        5.5851717949317807        2.2660479664155848       -0.0000000000000000     
  0.88600000000000001        5.6020552725679087        2.2761502387941581       -0.0000000000000000     
  0.88789999999999991        5.6189604273356952        2.2862642536291298       -0.0000000000000000     
  0.88980000000000015        5.6358872379305085        2.2963899702185873       -0.0000000000000000     
  0.89170000000000005        5.6528356830512960        2.3065273481178439       -0.0000000000000000     
  0.89360000000000006        5.6698057414024632        2.3166763471379364       -0.0000000000000000     
  0.89550000000000007        5.6867973916932337        2.3268369273426814       -0.0000000000000000     
  0.89739999999999998        5.7038106126395878        2.3370090490471020       -0.0000000000000000     
  0.89929999999999999        5.7208453829630290        2.3471926728145851       -0.0000000000000000     
  0.90120000000000000        5.7379016813923345        2.3573877594549839       -0.0000000000000000     
  0.90309999999999990        5.7549794866635882        2.3675942700225434       -0.0000000000000000     
  0.90499999999999992        5.7720787775208553        2.3778121658137201       -0.0000000000000000     
  0.90689999999999993        5.7891995327159584        2.3880414083646975       -0.0000000000000000     
  0.90879999999999994        5.8063417310099767        2.3982819594499274       -0.0000000000000000     
  0.91070000000000007        5.8235053511727903        2.4085337810795844       -0.0000000000000000     
  0.91260000000000008        5.8406903719839915        2.4187968354976532       -0.0000000000000000     
  0.91449999999999998        5.8578967722332465        2.4290710851800639       -0.0000000000000000     
  0.91639999999999999        5.8751245307206004        2.4393564928324949       -0.0000000000000000     
  0.91830000000000001        5.8923736262568287        2.4496530213884511       -0.0000000000000000     
  0.92019999999999991        5.9096440376639885        2.4599606340073668       -0.0000000000000000     
  0.92209999999999992        5.9269357437759718        2.4702792940727041       -0.0000000000000000     
  0.92399999999999993        5.9442487234383616        2.4806089651898930       -0.0000000000000000     
  0.92589999999999995        5.9615829555093409        2.4909496111846519       -0.0000000000000000     
  0.92780000000000007        5.9789384188600074        2.5013011961010596       -0.0000000000000000     
  0.92970000000000008        5.9963150923741839        2.5116636841994442       -0.0000000000000000     
  0.93159999999999998        6.0137129549496002        2.5220370399550887       -0.0000000000000000     
  0.93350000000000000        6.0311319854976650        2.5324212280559570       -0.0000000000000000     
  0.93540000000000001        6.0485721629439073        2.5428162134010917       -0.0000000000000000     
  0.93729999999999991        6.0660334662285438        2.5532219610989420       -0.0000000000000000     
  0.93919999999999992        6.0835158743066868        2.5636384364655198       -0.0000000000000000     
  0.94109999999999994        6.1010193661485603        2.5740656050226618       -0.0000000000000000     
  0.94299999999999995        6.1185439207397669        2.5845034324962906       -0.0000000000000000     
  0.94490000000000007        6.1360895170821008        2.5949518848149169       -0.0000000000000000     
  0.94680000000000009        6.1536561341932980        2.6054109281078182       -0.0000000000000000     
  0.94869999999999999        6.1712437511074940        2.6158805287033688       -0.0000000000000000     
  0.95060000000000000        6.1888523468756542        2.6263606531274837       -0.0000000000000000     
  0.95250000000000001        6.2064819005658567        2.6368512681020810       -0.0000000000000000     
  0.95439999999999992        6.2241323912634599        2.6473523405432622       -0.0000000000000000     
  0.95629999999999993        6.2418037980714010        2.6578638375599608       -0.0000000000000000     
  0.95819999999999994        6.2594961001105327        2.6683857264522470       -0.0000000000000000     
  0.96009999999999995        6.2772092765196703        2.6789179747097176       -0.0000000000000000     
  0.96199999999999986        6.2949433064567071        2.6894605500104403       -0.0000000000000000     
  0.96390000000000009        6.3126981690972457        2.7000134202185095       -0.0000000000000000     
  0.96579999999999999        6.3304738436368266        2.7105765533837323       -0.0000000000000000     
  0.96770000000000000        6.3482703092893082        2.7211499177389791       -0.0000000000000000     
  0.96960000000000002        6.3660875452886279        2.7317334816997096       -0.0000000000000000     
  0.97149999999999992        6.3839255308881704        2.7423272138618846       -0.0000000000000000     
  0.97339999999999993        6.4017842453611964        2.7529310830006941       -0.0000000000000000     
  0.97529999999999994        6.4196636680010375        2.7635450580693068       -0.0000000000000000     
  0.97719999999999996        6.4375637781217812        2.7741691081973681       -0.0000000000000000     
  0.97909999999999986        6.4554845550577662        2.7848032026895222       -0.0000000000000000     
  0.98100000000000009        6.4734259781640686        2.7954473110240277       -0.0000000000000000     
  0.98290000000000000        6.4913880268171456        2.8061014028516262       -0.0000000000000000     
  0.98480000000000001        6.5093706804146079        2.8167654479940660       -0.0000000000000000     
  0.98670000000000002        6.5273739183750878        2.8274394164424868       -0.0000000000000000     
  0.98859999999999992        6.5453977201396141        2.8381232783567931       -0.0000000000000000     
  0.99049999999999994        6.5634420651703049        2.8488170040634775       -0.0000000000000000     
  0.99239999999999995        6.5815069329519114        2.8595205640551464       -0.0000000000000000     
  0.99429999999999996        6.5995923029911436        2.8702339289887155       -0.0000000000000000     
  0.99619999999999986        6.6176981548170755        2.8809570696842557       -0.0000000000000000     
  0.99810000000000010        6.6358244679815419        2.8916899571238734       -0.0000000000000000     
   1.0000000000000000        6.6539712220588170        2.9024325624502723       -0.0000000000000000     
