   5.0000000000000003E-002  0.23921054083570467        8.2741728396025635E-004  -0.0000000000000000     
   5.1899999999999995E-002  0.24833342008912818        9.0887067194604188E-004  -0.0000000000000000     
   5.3800000000000001E-002  0.25745935514169566        9.9480073436176444E-004  -0.0000000000000000     
   5.5700000000000006E-002  0.26658839620490288        1.0852214453430124E-003  -0.0000000000000000     
   5.7599999999999998E-002  0.27572059023776507        1.1801460492281597E-003  -0.0000000000000000     
   5.9499999999999997E-002  0.28485598169379744        1.2795880512160940E-003  -0.0000000000000000     
   6.1400000000000003E-002  0.29399461253451098        1.3835621452635489E-003  -0.0000000000000000     
   6.3300000000000009E-002  0.30313652260874951        1.4920850253876442E-003  -0.0000000000000000     
   6.5200000000000008E-002  0.31228174996858771        1.6051761095575762E-003  -0.0000000000000000     
   6.7099999999999993E-002  0.32143033099597101        1.7228581867754346E-003  -0.0000000000000000     
   6.9000000000000006E-002  0.33058230072525541        1.8451579775553145E-003  -0.0000000000000000     
   7.0900000000000005E-002  0.33973769305184448        1.9721066257186669E-003  -0.0000000000000000     
   7.2799999999999990E-002  0.34889654092621081        2.1037401230419050E-003  -0.0000000000000000     
   7.4700000000000003E-002  0.35805887663931257        2.2400996711278674E-003  -0.0000000000000000     
   7.6600000000000001E-002  0.36722473189703575        2.3812319902682443E-003  -0.0000000000000000     
   7.8500000000000000E-002  0.37639413807521305        2.5271895742227826E-003  -0.0000000000000000     
   8.0400000000000013E-002  0.38556712636902413        2.6780309000521145E-003  -0.0000000000000000     
   8.2300000000000012E-002  0.39474372794941032        2.8338205955997812E-003  -0.0000000000000000     
   8.4199999999999997E-002  0.40392397410868336        2.9946295691271065E-003  -0.0000000000000000     
   8.6099999999999996E-002  0.41310789639468382        3.1605351046983198E-003  -0.0000000000000000     
   8.7999999999999995E-002  0.42229552671603354        3.3316209271210787E-003  -0.0000000000000000     
   8.9899999999999994E-002  0.43148689753491143        3.5079772394584147E-003  -0.0000000000000000     
   9.1800000000000007E-002  0.44068204185853405        3.6897007363562357E-003  -0.0000000000000000     
   9.3700000000000006E-002  0.44988099341049309        3.8768945956987265E-003  -0.0000000000000000     
   9.5600000000000004E-002  0.45908378670160649        4.0696684513283595E-003  -0.0000000000000000     
   9.7500000000000017E-002  0.46829045711095496        4.2681383490130783E-003  -0.0000000000000000     
   9.9400000000000002E-002  0.47750104095924945        4.4724266878489018E-003  -0.0000000000000000     
  0.10130000000000000       0.48671557557627620        4.6826621489475433E-003  -0.0000000000000000     
  0.10320000000000000       0.49593409936077043        4.8989796131862617E-003  -0.0000000000000000     
  0.10510000000000000       0.50515665183497394        5.1215200695558507E-003  -0.0000000000000000     
  0.10700000000000000       0.51438327369338788        5.3504305155843025E-003  -0.0000000000000000     
  0.10890000000000001       0.52361400684590409        5.5858638509944042E-003  -0.0000000000000000     
  0.11080000000000001       0.53284889445642603        5.8279787659130397E-003  -0.0000000000000000     
  0.11270000000000001       0.54208798097676048        6.0769396245496619E-003  -0.0000000000000000     
  0.11460000000000002       0.55133131217628140        6.3329163453088458E-003  -0.0000000000000000     
  0.11649999999999999       0.56057893516724844        6.5960842781251127E-003  -0.0000000000000000     
  0.11840000000000001       0.56983089841170420        6.8666240799347264E-003  -0.0000000000000000     
  0.12030000000000000       0.57908725180061271        7.1447215884717840E-003  -0.0000000000000000     
  0.12220000000000000       0.58834804657885154        7.4305676959093847E-003  -0.0000000000000000     
  0.12410000000000000       0.59761332412768831        7.7218982044669551E-003  -0.0000000000000000     
  0.12600000000000000       0.60688307835783151        8.0175540638056913E-003  -0.0000000000000000     
  0.12790000000000001       0.61615732546185265        8.3195483346225115E-003  -0.0000000000000000     
  0.12980000000000003       0.62543609843130310        8.6286054075071818E-003  -0.0000000000000000     
  0.13169999999999998       0.63471943791227914        8.9452194536681889E-003  -0.0000000000000000     
  0.13360000000000000       0.64400738976185468        9.2697925378801456E-003  -0.0000000000000000     
  0.13550000000000001       0.65330000388170428        9.6026794024831816E-003  -0.0000000000000000     
  0.13739999999999999       0.66259733353916928        9.9442072245550916E-003  -0.0000000000000000     
  0.13930000000000001       0.67189943492438009        1.0294685891278991E-002  -0.0000000000000000     
  0.14120000000000002       0.68120636683821967        1.0654413936422594E-002  -0.0000000000000000     
  0.14310000000000000       0.69051819046123064        1.1023682231659171E-002  -0.0000000000000000     
  0.14500000000000002       0.69983496917431443        1.1402776409202347E-002  -0.0000000000000000     
  0.14690000000000000       0.70915676841474540        1.1791978519043110E-002  -0.0000000000000000     
  0.14879999999999999       0.71848365555831362        1.2191568199893628E-002  -0.0000000000000000     
  0.15070000000000000       0.72781569982007499        1.2601823528310810E-002  -0.0000000000000000     
  0.15260000000000001       0.73715297216919851        1.3023021647485334E-002  -0.0000000000000000     
  0.15450000000000000       0.74649554525497674        1.3455439241214189E-002  -0.0000000000000000     
  0.15640000000000001       0.75584349334177559        1.3899352896088776E-002  -0.0000000000000000     
  0.15830000000000002       0.76519689225054155        1.4355039381926903E-002  -0.0000000000000000     
  0.16020000000000001       0.77455581930652473        1.4822775870952581E-002  -0.0000000000000000     
  0.16210000000000002       0.78392035329189180        1.5302840110848160E-002  -0.0000000000000000     
  0.16400000000000001       0.79329057440191797        1.5795510562259377E-002  -0.0000000000000000     
  0.16589999999999999       0.80266656420487470        1.6301066509004033E-002  -0.0000000000000000     
  0.16780000000000000       0.81204840560503377        1.6819788146995803E-002  -0.0000000000000000     
  0.16970000000000002       0.82143618280795228        1.7351956656319806E-002  -0.0000000000000000     
  0.17160000000000000       0.83082998128840058        1.7897854260092813E-002  -0.0000000000000000     
  0.17350000000000002       0.84022988776008400        1.8457764273023394E-002  -0.0000000000000000     
  0.17540000000000003       0.84963599014704783        1.9031971141380659E-002  -0.0000000000000000     
  0.17730000000000001       0.85904837755718744        1.9620760476429900E-002  -0.0000000000000000     
  0.17920000000000003       0.86846714024776039        2.0224419082514770E-002  -0.0000000000000000     
  0.18110000000000001       0.87789236963693262        2.0843234980530891E-002  -0.0000000000000000     
  0.18300000000000000       0.88732415822826194        2.1477497428491782E-002  -0.0000000000000000     
  0.18490000000000001       0.89676259962410110        2.2127496938582899E-002  -0.0000000000000000     
  0.18680000000000002       0.90620778849636485        2.2793525292134055E-002  -0.0000000000000000     
  0.18870000000000001       0.91565982056699124        2.3475875552532815E-002  -0.0000000000000000     
  0.19060000000000002       0.92511879258929264        2.4174842076384876E-002  -0.0000000000000000     
  0.19250000000000003       0.93458480233014973        2.4890720523113558E-002  -0.0000000000000000     
  0.19439999999999999       0.94405794855307579        2.5623807863185782E-002  -0.0000000000000000     
  0.19630000000000000       0.95353833100185537        2.6374402384968982E-002  -0.0000000000000000     
  0.19820000000000002       0.96302605038509836        2.7142803700274085E-002  -0.0000000000000000     
  0.20010000000000000       0.97252120836122824        2.7929312748570721E-002  -0.0000000000000000     
  0.20200000000000001       0.98202390752420732        2.8734231799843264E-002  -0.0000000000000000     
  0.20390000000000003       0.99153425138978402        2.9557864455969286E-002  -0.0000000000000000     
  0.20580000000000001        1.0010523443822359        3.0400515650534306E-002  -0.0000000000000000     
  0.20770000000000002        1.0105782918216135        3.1262491646962910E-002  -0.0000000000000000     
  0.20960000000000004        1.0201121999114895        3.2144100034815971E-002  -0.0000000000000000     
  0.21149999999999999        1.0296541757269562        3.3045649724095627E-002  -0.0000000000000000     
  0.21340000000000001        1.0392043272031835        3.3967450937352130E-002  -0.0000000000000000     
  0.21529999999999999        1.0487627631241219        3.4909815199469965E-002  -0.0000000000000000     
  0.21720000000000000        1.0583295931116938        3.5873055324871977E-002  -0.0000000000000000     
  0.21909999999999999        1.0679049276150445        3.6857485401970980E-002  -0.0000000000000000     
  0.22100000000000003        1.0774888779001963        3.7863420774663925E-002  -0.0000000000000000     
  0.22289999999999999        1.0870815560397458        3.8891178020644852E-002  -0.0000000000000000     
  0.22479999999999997        1.0966830749028040        3.9941074926302729E-002  -0.0000000000000000     
  0.22670000000000001        1.1062935481450102        4.1013430458060655E-002  -0.0000000000000000     
  0.22860000000000000        1.1159130901986802        4.2108564729826922E-002  -0.0000000000000000     
  0.23050000000000001        1.1255418162628463        4.3226798966459784E-002  -0.0000000000000000     
  0.23240000000000000        1.1351798422935275        4.4368455462952816E-002  -0.0000000000000000     
  0.23430000000000001        1.1448272849937660        4.5533857539193250E-002  -0.0000000000000000     
  0.23619999999999999        1.1544842618037112        4.6723329490059723E-002  -0.0000000000000000     
  0.23810000000000003        1.1641508908905871        4.7937196530676622E-002  -0.0000000000000000     
  0.23999999999999999        1.1738272911384953        4.9175784736649374E-002  -0.0000000000000000     
  0.24189999999999998        1.1835135821380431        5.0439420979131261E-002  -0.0000000000000000     
  0.24380000000000002        1.1932098841758272        5.1728432854491198E-002  -0.0000000000000000     
  0.24570000000000000        1.2029163182235632        5.3043148608530731E-002  -0.0000000000000000     
  0.24760000000000001        1.2126330059270551        5.4383897055020163E-002  -0.0000000000000000     
  0.24950000000000000        1.2223600695948305        5.5751007488554112E-002  -0.0000000000000000     
  0.25140000000000001        1.2320976321863006        5.7144809591462599E-002  -0.0000000000000000     
  0.25330000000000003        1.2418458172997733        5.8565633334881913E-002  -0.0000000000000000     
  0.25519999999999998        1.2516047491599038        6.0013808873734614E-002  -0.0000000000000000     
  0.25710000000000000        1.2613745526047282        6.1489666435740026E-002  -0.0000000000000000     
  0.25900000000000001        1.2711553530722670        6.2993536204280026E-002  -0.0000000000000000     
  0.26090000000000002        1.2809472765866645        6.4525748195245952E-002  -0.0000000000000000     
  0.26279999999999998        1.2907504497436999        6.6086632127763154E-002  -0.0000000000000000     
  0.26469999999999999        1.3005649996959032        6.7676517288964538E-002  -0.0000000000000000     
  0.26660000000000000        1.3103910541369619        6.9295732392722353E-002  -0.0000000000000000     
  0.26849999999999996        1.3202287412856730        7.0944605432589278E-002  -0.0000000000000000     
  0.27040000000000003        1.3300781898691472        7.2623463528912482E-002  -0.0000000000000000     
  0.27229999999999999        1.3399395291054850        7.4332632770384641E-002  -0.0000000000000000     
  0.27420000000000000        1.3498128886917156        7.6072438050466845E-002  -0.0000000000000000     
  0.27610000000000001        1.3596983987611710        7.7843202896695732E-002  -0.0000000000000000     
  0.27799999999999997        1.3695961899004150        7.9645249298640697E-002  -0.0000000000000000     
  0.27989999999999998        1.3795063931048746        8.1478897527378066E-002  -0.0000000000000000     
  0.28179999999999999        1.3894291397641414        8.3344465952185809E-002  -0.0000000000000000     
  0.28370000000000001        1.3993645616407537        8.5242270852638913E-002  -0.0000000000000000     
  0.28559999999999997        1.4093127908478773        8.7172626226790687E-002  -0.0000000000000000     
  0.28750000000000003        1.4192739598266726        8.9135843595659223E-002  -0.0000000000000000     
  0.28939999999999999        1.4292482013225867        9.1132231804504318E-002  -0.0000000000000000     
  0.29130000000000000        1.4392356483612585        9.3162096821231805E-002  -0.0000000000000000     
  0.29320000000000002        1.4492364342235060        9.5225741532293434E-002  -0.0000000000000000     
  0.29509999999999997        1.4592506924197146        9.7323465536527168E-002  -0.0000000000000000     
  0.29699999999999999        1.4692785566636384        9.9455564937438110E-002  -0.0000000000000000     
  0.29890000000000000        1.4793201608453268       0.10162233213424270       -0.0000000000000000     
  0.30080000000000001        1.4893756390034874       0.10382405561229328       -0.0000000000000000     
  0.30269999999999997        1.4994451252972989       0.10606101973322939       -0.0000000000000000     
  0.30460000000000004        1.5095287539775482       0.10833350452548643       -0.0000000000000000     
  0.30649999999999999        1.5196266593571282       0.11064178547556340       -0.0000000000000000     
  0.30840000000000001        1.5297389757810602       0.11298613332061677       -0.0000000000000000     
  0.31030000000000002        1.5398658375959038       0.11536681384286383       -0.0000000000000000     
  0.31219999999999998        1.5500073791187059       0.11778408766637086       -0.0000000000000000     
  0.31409999999999999        1.5601637346054460       0.12023821005666503       -0.0000000000000000     
  0.31600000000000000        1.5703350382190335       0.12272943072379072       -0.0000000000000000     
  0.31790000000000002        1.5805214239969165       0.12525799362923215       -0.0000000000000000     
  0.31979999999999997        1.5907230258183238       0.12782413679730040       -0.0000000000000000     
  0.32170000000000004        1.6009399773711370       0.13042809213138748       -0.0000000000000000     
  0.32360000000000000        1.6111724121184923       0.13307008523569622       -0.0000000000000000     
  0.32549999999999996        1.6214204632651339       0.13575033524280963       -0.0000000000000000     
  0.32740000000000002        1.6316842637295390       0.13846905464869336       -0.0000000000000000     
  0.32929999999999998        1.6419639460854789       0.14122644914923979       -0.0000000000000000     
  0.33119999999999999        1.6522596425653797       0.14402271749462764       -0.0000000000000000     
  0.33310000000000001        1.6625714850004603       0.14685805134060928       -0.0000000000000000     
  0.33500000000000002        1.6728996047931275       0.14973263511321205       -0.0000000000000000     
  0.33689999999999998        1.6832441328828185       0.15264664588074692       -0.0000000000000000     
  0.33879999999999999        1.6936051997118087       0.15560025323448218       -0.0000000000000000     
  0.34070000000000000        1.7039829351911633       0.15859361917826578       -0.0000000000000000     
  0.34259999999999996        1.7143774686669035       0.16162689802750205       -0.0000000000000000     
  0.34450000000000003        1.7247889288863967       0.16470023631754629       -0.0000000000000000     
  0.34639999999999999        1.7352174439649510       0.16781377272188377       -0.0000000000000000     
  0.34830000000000000        1.7456631413528214       0.17096763798013509       -0.0000000000000000     
  0.35020000000000001        1.7561261478024137       0.17416195483611269       -0.0000000000000000     
  0.35210000000000002        1.7666065893360565       0.17739683798600159       -0.0000000000000000     
  0.35399999999999998        1.7771045912141066       0.18067239403677782       -0.0000000000000000     
  0.35589999999999999        1.7876202779035688       0.18398872147484122       -0.0000000000000000     
  0.35780000000000001        1.7981537730534529       0.18734591064655498       -0.0000000000000000     
  0.35969999999999996        1.8087051994389545       0.19074404374074366       -0.0000000000000000     
  0.36160000000000003        1.8192746789712804       0.19418319479822171       -0.0000000000000000     
  0.36349999999999999        1.8298623326415688       0.19766342971421946       -0.0000000000000000     
  0.36540000000000000        1.8404682804996133       0.20118480625964508       -0.0000000000000000     
  0.36730000000000002        1.8510926416259779       0.20474737411011959       -0.0000000000000000     
  0.36920000000000003        1.8617355341053448       0.20835117488495603       -0.0000000000000000     
  0.37109999999999999        1.8723970750003260       0.21199624219532295       -0.0000000000000000     
  0.37300000000000000        1.8830773803262864       0.21568260170182887       -0.0000000000000000     
  0.37490000000000001        1.8937765650268117       0.21941027118086678       -0.0000000000000000     
  0.37679999999999997        1.9044947429501962       0.22317926059977172       -0.0000000000000000     
  0.37870000000000004        1.9152320268266729       0.22698957220027177       -0.0000000000000000     
  0.38059999999999999        1.9259885282466531       0.23084120059001684       -0.0000000000000000     
  0.38250000000000001        1.9367643576456732       0.23473413284390515       -0.0000000000000000     
  0.38440000000000002        1.9475596242598385       0.23866834860211952       -0.0000000000000000     
  0.38629999999999998        1.9583744361455189       0.24264382019717579       -0.0000000000000000     
  0.38819999999999999        1.9692089001341964       0.24666051276485720       -0.0000000000000000     
  0.39010000000000000        1.9800631218223932       0.25071838437313887       -0.0000000000000000     
  0.39200000000000002        1.9909372055556465       0.25481738615459776       -0.0000000000000000     
  0.39389999999999997        2.0018312544132542       0.25895746244420742       -0.0000000000000000     
  0.39580000000000004        2.0127453701941178       0.26313855092221650       -0.0000000000000000     
  0.39770000000000000        2.0236796534035313       0.26736058276170077       -0.0000000000000000     
  0.39959999999999996        2.0346342032408842       0.27162348278028597       -0.0000000000000000     
  0.40150000000000002        2.0456091175951894       0.27592716959872260       -0.0000000000000000     
  0.40339999999999998        2.0566044930063563       0.28027155578778745       -0.0000000000000000     
  0.40529999999999999        2.0676204247006198       0.28465654804937990       -0.0000000000000000     
  0.40720000000000001        2.0786570065506380       0.28908204736799770       -0.0000000000000000     
  0.40910000000000002        2.0897143310763835       0.29354794918123145       -0.0000000000000000     
  0.41099999999999998        2.1007924894384225       0.29805414354857251       -0.0000000000000000     
  0.41290000000000004        2.1118915714324156       0.30260051532191307       -0.0000000000000000     
  0.41480000000000000        2.1230116654843010       0.30718694431700744       -0.0000000000000000     
  0.41669999999999996        2.1341528586463907       0.31181330548585523       -0.0000000000000000     
  0.41860000000000003        2.1453152365943833       0.31647946908952235       -0.0000000000000000     
  0.42049999999999998        2.1564988836313717       0.32118530087435720       -0.0000000000000000     
  0.42240000000000005        2.1677038826603545       0.32593066223111444       -0.0000000000000000     
  0.42430000000000007        2.1789303152251764       0.33071541038885449       -0.0000000000000000     
  0.42620000000000002        2.1901782614814351       0.33553939857139592       -0.0000000000000000     
  0.42809999999999998        2.2014478002051789       0.34040247617181957       -0.0000000000000000     
  0.43000000000000005        2.2127390087947836       0.34530448892178173       -0.0000000000000000     
  0.43190000000000006        2.2240519632732929       0.35024527905926756       -0.0000000000000000     
  0.43380000000000002        2.2353867382916643       0.35522468549463670       -0.0000000000000000     
  0.43570000000000003        2.2467434071324361       0.36024254397462313       -0.0000000000000000     
  0.43759999999999999        2.2581220417207284       0.36529868724840492       -0.0000000000000000     
  0.43950000000000006        2.2695227126025173       0.37039294521010074       -0.0000000000000000     
  0.44140000000000007        2.2809454889924079       0.37552514508251428       -0.0000000000000000     
  0.44330000000000003        2.2923904387503153       0.38069511155294422       -0.0000000000000000     
  0.44519999999999998        2.3038576283962064       0.38590266692973840       -0.0000000000000000     
  0.44710000000000000        2.3153471231172982       0.39114763129086388       -0.0000000000000000     
  0.44900000000000007        2.3268589867759504       0.39642982262968868       -0.0000000000000000     
  0.45090000000000002        2.3383932819179605       0.40174905699736119       -0.0000000000000000     
  0.45280000000000004        2.3499500697813107       0.40710514864218039       -0.0000000000000000     
  0.45469999999999999        2.3615294103054012       0.41249791014553794       -0.0000000000000000     
  0.45660000000000006        2.3731313621407217       0.41792715255457102       -0.0000000000000000     
  0.45850000000000007        2.3847559826645308       0.42339268551628545       -0.0000000000000000     
  0.46040000000000003        2.3964033279670915       0.42889431738266659       -0.0000000000000000     
  0.46229999999999999        2.4080734529000440       0.43443185536492396       -0.0000000000000000     
  0.46420000000000000        2.4197664110616115       0.44000510563016382       -0.0000000000000000     
  0.46610000000000007        2.4314822548140200       0.44561387342208164       -0.0000000000000000     
  0.46800000000000003        2.4432210352957568       0.45125796317280742       -0.0000000000000000     
  0.46990000000000004        2.4549828024331255       0.45693717861082689       -0.0000000000000000     
  0.47180000000000011        2.4667676049523739       0.46265132286561028       -0.0000000000000000     
  0.47370000000000007        2.4785754903920112       0.46840019856853349       -0.0000000000000000     
  0.47560000000000008        2.4904065051153972       0.47418360795054110       -0.0000000000000000     
  0.47750000000000004        2.5022606943233292       0.48000135293610008       -0.0000000000000000     
  0.47939999999999999        2.5141381020669935       0.48585323523387292       -0.0000000000000000     
  0.48130000000000006        2.5260387712609309       0.49173905642395371       -0.0000000000000000     
  0.48320000000000007        2.5379627436961902       0.49765861804173128       -0.0000000000000000     
  0.48510000000000003        2.5499100600576887       0.50361172166478230       -0.0000000000000000     
  0.48700000000000004        2.5618807599207138       0.50959816896448951       -0.0000000000000000     
  0.48890000000000011        2.5738748817904611       0.51561776181967900       -0.0000000000000000     
  0.49080000000000007        2.5858924630976188       0.52167030236062928       -0.0000000000000000     
  0.49270000000000008        2.5979335402166197       0.52775559304399922       -0.0000000000000000     
  0.49460000000000004        2.6099981484791366       0.53387343671753695       -0.0000000000000000     
  0.49650000000000000        2.6220863221877675       0.54002363668230324       -0.0000000000000000     
  0.49840000000000007        2.6341980946298995       0.54620599675160120       -0.0000000000000000     
  0.50030000000000008        2.6463334980913884       0.55242032130740870       -0.0000000000000000     
  0.50220000000000009        2.6584925638698724       0.55866641535370687       -0.0000000000000000     
  0.50409999999999999        2.6706753222889072       0.56494408456752943       -0.0000000000000000     
  0.50600000000000001        2.6828818027116390       0.57125313534727529       -0.0000000000000000     
  0.50790000000000013        2.6951120335539978       0.57759337485827011       -0.0000000000000000     
  0.50980000000000003        2.7073660422986747       0.58396461107619579       -0.0000000000000000     
  0.51170000000000004        2.7196438555086537       0.59036665282803169       -0.0000000000000000     
  0.51360000000000006        2.7319454988405663       0.59679930983061302       -0.0000000000000000     
  0.51550000000000007        2.7442709970582086       0.60326239272694226       -0.0000000000000000     
  0.51740000000000008        2.7566203740459883       0.60975571312054200       -0.0000000000000000     
  0.51930000000000009        2.7689936528220627       0.61627908360743178       -0.0000000000000000     
  0.52120000000000000        2.7813908555515989       0.62283231780626802       -0.0000000000000000     
  0.52310000000000001        2.7938120035578455       0.62941523039422087       -0.0000000000000000     
  0.52500000000000013        2.8062571173436646       0.63602763710169963       -0.0000000000000000     
  0.52690000000000003        2.8187262165916085       0.64266935478476450       -0.0000000000000000     
  0.52880000000000005        2.8312193201856344       0.64934020141545190       -0.0000000000000000     
  0.53070000000000006        2.8437364462210621       0.65603999611067931       -0.0000000000000000     
  0.53260000000000007        2.8562776120176623       0.66276855915187372       -0.0000000000000000     
  0.53450000000000009        2.8688428341319909       0.66952571200259769       -0.0000000000000000     
  0.53640000000000010        2.8814321283700028       0.67631127732506835       -0.0000000000000000     
  0.53830000000000000        2.8940455097987847       0.68312507899460750       -0.0000000000000000     
  0.54020000000000001        2.9066829927594711       0.68996694211359300       -0.0000000000000000     
  0.54210000000000014        2.9193445908785605       0.69683669302317164       -0.0000000000000000     
  0.54400000000000004        2.9320303170802107       0.70373415931451211       -0.0000000000000000     
  0.54590000000000005        2.9447401835978679       0.71065916983812083       -0.0000000000000000     
  0.54780000000000006        2.9574742019858173       0.71761155471246829       -0.0000000000000000     
  0.54970000000000008        2.9702323831309578       0.72459114533157021       -0.0000000000000000     
  0.55160000000000009        2.9830147372636664       0.73159777437096196       -0.0000000000000000     
  0.55350000000000010        2.9958212739696171       0.73863127579328236       -0.0000000000000000     
  0.55540000000000000        3.0086520022002587       0.74569148485245884       -0.0000000000000000     
  0.55730000000000002        3.0215069302843092       0.75277823809716882       -0.0000000000000000     
  0.55920000000000014        3.0343860659380550       0.75989137337348989       -0.0000000000000000     
  0.56110000000000004        3.0472894162765174       0.76703072982645493       -0.0000000000000000     
  0.56300000000000006        3.0602169878235745       0.77419614790111868       -0.0000000000000000     
  0.56490000000000007        3.0731687865225035       0.78138746934258330       -0.0000000000000000     
  0.56680000000000008        3.0861448177461872       0.78860453719553503       -0.0000000000000000     
  0.56870000000000009        3.0991450863073049       0.79584719580302954       -0.0000000000000000     
  0.57060000000000011        3.1121695964682652       0.80311529080459743       -0.0000000000000000     
  0.57250000000000001        3.1252183519507364       0.81040866913372767       -0.0000000000000000     
  0.57440000000000002        3.1382913559458414       0.81772717901487613       -0.0000000000000000     
  0.57630000000000015        3.1513886111233482       0.82507066995991130       -0.0000000000000000     
  0.57820000000000005        3.1645101196411720       0.83243899276389455       -0.0000000000000000     
  0.58010000000000006        3.1776558831544688       0.83983199950053511       -0.0000000000000000     
  0.58200000000000007        3.1908259027932671       0.84724954352667547       -0.0000000000000000     
  0.58389999999999997        3.2040201792989693       0.85469147943865154       -0.0000000000000000     
  0.58580000000000010        3.2172387128410973       0.86215766312417408       -0.0000000000000000     
  0.58770000000000011        3.2304815031544312       0.86964795171704501       -0.0000000000000000     
  0.58960000000000001        3.2437485495152356       0.87716220360061359       -0.0000000000000000     
  0.59150000000000003        3.2570398507507137       0.88470027840102117       -0.0000000000000000     
  0.59340000000000015        3.2703554052453616       0.89226203697932216       -0.0000000000000000     
  0.59530000000000005        3.2836952109513184       0.89984734142459621       -0.0000000000000000     
  0.59720000000000006        3.2970592653946169       0.90745605504593008       -0.0000000000000000     
  0.59910000000000008        3.3104475656845742       0.91508804236440111       -0.0000000000000000     
  0.60099999999999998        3.3238601085203574       0.92274316910477483       -0.0000000000000000     
  0.60290000000000010        3.3372968901999185       0.93042130218725994       -0.0000000000000000     
  0.60480000000000012        3.3507579066263014       0.93812230971863042       -0.0000000000000000     
  0.60670000000000002        3.3642431533160826       0.94584606098350177       -0.0000000000000000     
  0.60860000000000003        3.3777526254062145       0.95359242643531006       -0.0000000000000000     
  0.61050000000000015        3.3912863176613337       0.96136127768739277       -0.0000000000000000     
  0.61240000000000006        3.4048442244803963       0.96915248750316418       -0.0000000000000000     
  0.61430000000000007        3.4184263399043582       0.97696592978736574       -0.0000000000000000     
  0.61620000000000008        3.4320326576228144       0.98480147957630182       -0.0000000000000000     
  0.61809999999999998        3.4456631709804304       0.99265901302815884       -0.0000000000000000     
  0.62000000000000011        3.4593178729835490        1.0005384074135280       -0.0000000000000000     
  0.62190000000000012        3.4729967563071131        1.0084395411054683       -0.0000000000000000     
  0.62380000000000002        3.4866998133009468        1.0163622935699477       -0.0000000000000000     
  0.62570000000000003        3.5004270359958345        1.0243065453558979       -0.0000000000000000     
  0.62760000000000005        3.5141784161093028        1.0322721780849666       -0.0000000000000000     
  0.62950000000000006        3.5279539450532496        1.0402590744424121       -0.0000000000000000     
  0.63140000000000007        3.5417536139380106        1.0482671181663099       -0.0000000000000000     
  0.63330000000000009        3.5555774135790306        1.0562961940378441       -0.0000000000000000     
  0.63519999999999999        3.5694253345035780        1.0643461878717253       -0.0000000000000000     
  0.63710000000000011        3.5832973669544366        1.0724169865055770       -0.0000000000000000     
  0.63900000000000012        3.5971935008973470        1.0805084777903917       -0.0000000000000000     
  0.64090000000000003        3.6111137260252821        1.0886205505804285       -0.0000000000000000     
  0.64280000000000004        3.6250580317648198        1.0967530947233015       -0.0000000000000000     
  0.64470000000000005        3.6390264072801242        1.1049060010499057       -0.0000000000000000     
  0.64660000000000006        3.6530188414791769        1.1130791613644899       -0.0000000000000000     
  0.64850000000000008        3.6670353230190482        1.1212724684352715       -0.0000000000000000     
  0.65040000000000009        3.6810758403098758        1.1294858159838268       -0.0000000000000000     
  0.65229999999999999        3.6951403815207464        1.1377190986759049       -0.0000000000000000     
  0.65420000000000011        3.7092289345841074        1.1459722121113234       -0.0000000000000000     
  0.65610000000000013        3.7233414872005333        1.1542450528145103       -0.0000000000000000     
  0.65800000000000003        3.7374780268435210        1.1625375182246089       -0.0000000000000000     
  0.65990000000000004        3.7516385407642159        1.1708495066860563       -0.0000000000000000     
  0.66180000000000005        3.7658230159955264        1.1791809174389236       -0.0000000000000000     
  0.66370000000000007        3.7800314393569243        1.1875316506095313       -0.0000000000000000     
  0.66560000000000008        3.7942637974588020        1.1959016072010473       -0.0000000000000000     
  0.66750000000000009        3.8085200767063472        1.2042906890838756       -0.0000000000000000     
  0.66940000000000000        3.8228002633042530        1.2126987989866713       -0.0000000000000000     
  0.67130000000000012        3.8371043432606671        1.2211258404871213       -0.0000000000000000     
  0.67320000000000013        3.8514323023910699        1.2295717180025640       -0.0000000000000000     
  0.67510000000000003        3.8657841263223278        1.2380363367809879       -0.0000000000000000     
  0.67700000000000005        3.8801598004968723        1.2465196028922740       -0.0000000000000000     
  0.67890000000000006        3.8945593101765570        1.2550214232189645       -0.0000000000000000     
  0.68080000000000007        3.9089826404459416        1.2635417054477565       -0.0000000000000000     
  0.68270000000000008        3.9234297762163206        1.2720803580602922       -0.0000000000000000     
  0.68460000000000010        3.9379007022296175        1.2806372903249315       -0.0000000000000000     
  0.68650000000000000        3.9523954030613573        1.2892124122877282       -0.0000000000000000     
  0.68840000000000012        3.9669138631252130        1.2978056347646052       -0.0000000000000000     
  0.69030000000000014        3.9814560666751033        1.3064168693319278       -0.0000000000000000     
  0.69220000000000004        3.9960219978093852        1.3150460283188834       -0.0000000000000000     
  0.69410000000000005        4.0106116404744636        1.3236930247990739       -0.0000000000000000     
  0.69600000000000006        4.0252249784674889        1.3323577725822082       -0.0000000000000000     
  0.69790000000000008        4.0398619954399235        1.3410401862060397       -0.0000000000000000     
  0.69980000000000009        4.0545226749003929        1.3497401809285634       -0.0000000000000000     
  0.70170000000000010        4.0692070002180198        1.3584576727195274       -0.0000000000000000     
  0.70360000000000000        4.0839149546253717        1.3671925782532643       -0.0000000000000000     
  0.70550000000000002        4.0986465212217134        1.3759448149004534       -0.0000000000000000     
  0.70740000000000014        4.1134016829757396        1.3847143007208613       -0.0000000000000000     
  0.70930000000000004        4.1281804227282084        1.3935009544551338       -0.0000000000000000     
  0.71120000000000005        4.1429827231953453        1.4023046955180116       -0.0000000000000000     
  0.71310000000000007        4.1578085669710854        1.4111254439903271       -0.0000000000000000     
  0.71500000000000008        4.1726579365304834        1.4199631206120567       -0.0000000000000000     
  0.71690000000000009        4.1875308142314989        1.4288176467748011       -0.0000000000000000     
  0.71880000000000011        4.2024271823183525        1.4376889445146890       -0.0000000000000000     
  0.72070000000000001        4.2173470229244074        1.4465769365057652       -0.0000000000000000     
  0.72260000000000002        4.2322903180730815        1.4554815460517001       -0.0000000000000000     
  0.72450000000000014        4.2472570496826147        1.4644026970805795       -0.0000000000000000     
  0.72640000000000005        4.2622471995668363        1.4733403141367676       -0.0000000000000000     
  0.72830000000000006        4.2772607494383070        1.4822943223746863       -0.0000000000000000     
  0.73020000000000007        4.2922976809105533        1.4912646475519336       -0.0000000000000000     
  0.73210000000000008        4.3073579755007083        1.5002512160232333       -0.0000000000000000     
  0.73400000000000010        4.3224416146308009        1.5092539547328379       -0.0000000000000000     
  0.73590000000000011        4.3375485796311999        1.5182727912091085       -0.0000000000000000     
  0.73780000000000001        4.3526788517424349        1.5273076535579182       -0.0000000000000000     
  0.73970000000000002        4.3678324121168952        1.5363584704559048       -0.0000000000000000     
  0.74160000000000015        4.3830092418214184        1.5454251711447289       -0.0000000000000000     
  0.74350000000000005        4.3982093218397944        1.5545076854250142       -0.0000000000000000     
  0.74540000000000006        4.4134326330736737        1.5636059436498044       -0.0000000000000000     
  0.74730000000000008        4.4286791563455337        1.5727198767190755       -0.0000000000000000     
  0.74919999999999998        4.4439488724005241        1.5818494160735419       -0.0000000000000000     
  0.75110000000000010        4.4592417619080402        1.5909944936889719       -0.0000000000000000     
  0.75300000000000011        4.4745578054641832        1.6001550420703665       -0.0000000000000000     
  0.75490000000000002        4.4898969835929359        1.6093309942463734       -0.0000000000000000     
  0.75680000000000003        4.5052592767491033        1.6185222837635982       -0.0000000000000000     
  0.75870000000000015        4.5206446653187324        1.6277288446809235       -0.0000000000000000     
  0.76060000000000005        4.5360531296220969        1.6369506115643218       -0.0000000000000000     
  0.76250000000000007        4.5514846499146815        1.6461875194812010       -0.0000000000000000     
  0.76440000000000008        4.5669392063894838        1.6554395039952239       -0.0000000000000000     
  0.76629999999999998        4.5824167791783088        1.6647065011611462       -0.0000000000000000     
  0.76820000000000010        4.5979173483534934        1.6739884475192344       -0.0000000000000000     
  0.77010000000000012        4.6134408939296483        1.6832852800903990       -0.0000000000000000     
  0.77200000000000002        4.6289873958656464        1.6925969363714195       -0.0000000000000000     
  0.77390000000000003        4.6445568340649599        1.7019233543290946       -0.0000000000000000     
  0.77580000000000016        4.6601491883787984        1.7112644723963126       -0.0000000000000000     
  0.77770000000000006        4.6757644386062616        1.7206202294662536       -0.0000000000000000     
  0.77960000000000007        4.6914025644970874        1.7299905648884268       -0.0000000000000000     
  0.78150000000000008        4.7070635457517200        1.7393754184630728       -0.0000000000000000     
  0.78339999999999999        4.7227473620240845        1.7487747304371415       -0.0000000000000000     
  0.78530000000000011        4.7384539929223592        1.7581884414994902       -0.0000000000000000     
  0.78720000000000012        4.7541834180104443        1.7676164927761340       -0.0000000000000000     
  0.78910000000000002        4.7699356168090192        1.7770588258256612       -0.0000000000000000     
  0.79100000000000004        4.7857105687975823        1.7865153826351274       -0.0000000000000000     
  0.79290000000000016        4.8015082534151841        1.7959861056154611       -0.0000000000000000     
  0.79480000000000006        4.8173286500620875        1.8054709375970495       -0.0000000000000000     
  0.79670000000000007        4.8331717381007691        1.8149698218255821       -0.0000000000000000     
  0.79860000000000009        4.8490374968574521        1.8244827019577543       -0.0000000000000000     
  0.80049999999999999        4.8649259056229912        1.8340095220570038       -0.0000000000000000     
  0.80240000000000011        4.8808369436544314        1.8435502265895443       -0.0000000000000000     
  0.80430000000000013        4.8967705901758842        1.8531047604201951       -0.0000000000000000     
  0.80620000000000003        4.9127268243800533        1.8626730688083251       -0.0000000000000000     
  0.80810000000000004        4.9287056254291510        1.8722550974041035       -0.0000000000000000     
  0.81000000000000016        4.9447069724559656        1.8818507922441701       -0.0000000000000000     
  0.81190000000000007        4.9607308445653144        1.8914600997482043       -0.0000000000000000     
  0.81380000000000008        4.9767772208344399        1.9010829667146829       -0.0000000000000000     
  0.81570000000000009        4.9928460803149672        1.9107193403175007       -0.0000000000000000     
  0.81759999999999999        5.0089374020333075        1.9203691681019404       -0.0000000000000000     
  0.81950000000000012        5.0250511649920462        1.9300323979812388       -0.0000000000000000     
  0.82140000000000013        5.0411873481704683        1.9397089782325647       -0.0000000000000000     
  0.82330000000000003        5.0573459305264361        1.9493988574940906       -0.0000000000000000     
  0.82520000000000004        5.0735268909963134        1.9591019847606128       -0.0000000000000000     
  0.82710000000000006        5.0897302084968601        1.9688183093808704       -0.0000000000000000     
  0.82900000000000007        5.1059558619254819        1.9785477810534220       -0.0000000000000000     
  0.83090000000000008        5.1222038301614932        1.9882903498236009       -0.0000000000000000     
  0.83280000000000010        5.1384740920672520        1.9980459660802745       -0.0000000000000000     
  0.83470000000000000        5.1547666264884437        2.0078145805520222       -0.0000000000000000     
  0.83660000000000012        5.1710814122554680        2.0175961443042514       -0.0000000000000000     
  0.83850000000000013        5.1874184281841824        2.0273906087358831       -0.0000000000000000     
  0.84040000000000004        5.2037776530765347        2.0371979255760007       -0.0000000000000000     
  0.84230000000000005        5.2201590657217816        2.0470180468809298       -0.0000000000000000     
  0.84420000000000006        5.2365626448970044        2.0568509250307989       -0.0000000000000000     
  0.84609999999999996        5.2529883693681008        2.0666965127268755       -0.0000000000000000     
  0.84799999999999998        5.2694362178902150        2.0765547629878971       -0.0000000000000000     
  0.84989999999999999        5.2859061692094551        2.0864256291478958       -0.0000000000000000     
  0.85180000000000000        5.3023982020621014        2.0963090648523166       -0.0000000000000000     
  0.85370000000000013        5.3189122951770571        2.1062050240558667       -0.0000000000000000     
  0.85560000000000014        5.3354484272752734        2.1161134610190535       -0.0000000000000000     
  0.85750000000000004        5.3520065770712764        2.1260343303056310       -0.0000000000000000     
  0.85940000000000005        5.3685867232735456        2.1359675867797372       -0.0000000000000000     
  0.86130000000000007        5.3851888445849792        2.1459131856027418       -0.0000000000000000     
  0.86319999999999997        5.4018129197043194        2.1558710822312470       -0.0000000000000000     
  0.86509999999999998        5.4184589273262995        2.1658412324136060       -0.0000000000000000     
  0.86699999999999999        5.4351268461417259        2.1758235921872981       -0.0000000000000000     
  0.86890000000000001        5.4518166548396918        2.1858181178769578       -0.0000000000000000     
  0.87079999999999991        5.4685283321070726        2.1958247660910377       -0.0000000000000000     
  0.87270000000000014        5.4852618566289300        2.2058434937193141       -0.0000000000000000     
  0.87460000000000004        5.5020172070900557        2.2158742579305377       -0.0000000000000000     
  0.87650000000000006        5.5187943621749405        2.2259170161698378       -0.0000000000000000     
  0.87840000000000007        5.5355933005686770        2.2359717261561403       -0.0000000000000000     
  0.88029999999999997        5.5524140009573744        2.2460383458797644       -0.0000000000000000     
  0.88219999999999998        5.5692564420288244        2.2561168335999793       -0.0000000000000000     
  0.88410000000000000        5.5861206024727252        2.2662071478421821       -0.0000000000000000     
  0.88600000000000001        5.6030064609818293        2.2763092473962745       -0.0000000000000000     
  0.88789999999999991        5.6199139962523867        2.2864230913138899       -0.0000000000000000     
  0.88980000000000015        5.6368431869840316        2.2965486389057026       -0.0000000000000000     
  0.89170000000000005        5.6537940118810681        2.3066858497398419       -0.0000000000000000     
  0.89360000000000006        5.6707664496525734        2.3168346836390459       -0.0000000000000000     
  0.89550000000000007        5.6877604790130372        2.3269951006786256       -0.0000000000000000     
  0.89739999999999998        5.7047760786830208        2.3371670611844007       -0.0000000000000000     
  0.89929999999999999        5.7218132273890934        2.3473505257300151       -0.0000000000000000     
  0.90120000000000000        5.7388719038649096        2.3575454551352371       -0.0000000000000000     
  0.90309999999999990        5.7559520868518330        2.3677518104638153       -0.0000000000000000     
  0.90499999999999992        5.7730537550981742        2.3779695530207596       -0.0000000000000000     
  0.90689999999999993        5.7901768873613495        2.3881986443510064       -0.0000000000000000     
  0.90879999999999994        5.8073214624070273        2.3984390462368954       -0.0000000000000000     
  0.91070000000000007        5.8244874590099895        2.4086907206960677       -0.0000000000000000     
  0.91260000000000008        5.8416748559549712        2.4189536299798102       -0.0000000000000000     
  0.91449999999999998        5.8588836320362576        2.4292277365705757       -0.0000000000000000     
  0.91639999999999999        5.8761137660589169        2.4395130031804646       -0.0000000000000000     
  0.91830000000000001        5.8933652368386715        2.4498093927489664       -0.0000000000000000     
  0.92019999999999991        5.9106380232023925        2.4601168684409709       -0.0000000000000000     
  0.92209999999999992        5.9279321039888853        2.4704353936451997       -0.0000000000000000     
  0.92399999999999993        5.9452474580486117        2.4807649319718159       -0.0000000000000000     
  0.92589999999999995        5.9625840642445471        2.4911054472510252       -0.0000000000000000     
  0.92780000000000007        5.9799419014526123        2.5014569035310048       -0.0000000000000000     
  0.92970000000000008        5.9973209485615628        2.5118192650759088       -0.0000000000000000     
  0.93159999999999998        6.0147211844738937        2.5221924963645046       -0.0000000000000000     
  0.93350000000000000        6.0321425881056481        2.5325765620877494       -0.0000000000000000     
  0.93540000000000001        6.0495851383875081        2.5429714271477657       -0.0000000000000000     
  0.93729999999999991        6.0670488142641856        2.5533770566553682       -0.0000000000000000     
  0.93919999999999992        6.0845335946955501        2.5637934159288669       -0.0000000000000000     
  0.94109999999999994        6.1020394586565851        2.5742204704919551       -0.0000000000000000     
  0.94299999999999995        6.1195663851379036        2.5846581860724465       -0.0000000000000000     
  0.94490000000000007        6.1371143531457193        2.5951065286002204       -0.0000000000000000     
  0.94680000000000009        6.1546833417024605        2.6055654642055348       -0.0000000000000000     
  0.94869999999999999        6.1722733298470382        2.6160349592178269       -0.0000000000000000     
  0.95060000000000000        6.1898842966352534        2.6265149801637198       -0.0000000000000000     
  0.95250000000000001        6.2075162211394845        2.6370054937653644       -0.0000000000000000     
  0.95439999999999992        6.2251690824498613        2.6475064669391490       -0.0000000000000000     
  0.95629999999999993        6.2428428596739547        2.6580178667939460       -0.0000000000000000     
  0.95819999999999994        6.2605375319371648        2.6685396606295519       -0.0000000000000000     
  0.96009999999999995        6.2782530783831110        2.6790718159351852       -0.0000000000000000     
  0.96199999999999986        6.2959894781736496        2.6896143003879081       -0.0000000000000000     
  0.96390000000000009        6.3137467104896476        2.7001670818513674       -0.0000000000000000     
  0.96579999999999999        6.3315247545305224        2.7107301283738177       -0.0000000000000000     
  0.96770000000000000        6.3493235895152136        2.7213034081872736       -0.0000000000000000     
  0.96960000000000002        6.3671431946816393        2.7318868897054163       -0.0000000000000000     
  0.97149999999999992        6.3849835492878171        2.7424805415226476       -0.0000000000000000     
  0.97339999999999993        6.4028446326113357        2.7530843324123371       -0.0000000000000000     
  0.97529999999999994        6.4207264239501791        2.7636982313256686       -0.0000000000000000     
  0.97719999999999996        6.4386289026225594        2.7743222073900982       -0.0000000000000000     
  0.97909999999999986        6.4565520479673522        2.7849562299079884       -0.0000000000000000     
  0.98100000000000009        6.4744958393438719        2.7956002683549896       -0.0000000000000000     
  0.98290000000000000        6.4924602561330484        2.8062542923794096       -0.0000000000000000     
  0.98480000000000001        6.5104452777363493        2.8169182717999282       -0.0000000000000000     
  0.98670000000000002        6.5284508835774115        2.8275921766051346       -0.0000000000000000     
  0.98859999999999992        6.5464770531008254        2.8382759769515244       -0.0000000000000000     
  0.99049999999999994        6.5645237657734876        2.8489696431626661       -0.0000000000000000     
  0.99239999999999995        6.5825910010839914        2.8596731457276574       -0.0000000000000000     
  0.99429999999999996        6.6006787385432784        2.8703864552999341       -0.0000000000000000     
  0.99619999999999986        6.6187869576846685        2.8811095426960995       -0.0000000000000000     
  0.99810000000000010        6.6369156380641430        2.8918423788945860       -0.0000000000000000     
   1.0000000000000000        6.6550647592600995        2.9025849350341830       -0.0000000000000000     
