2.19237 12.5232 12.5232
2.1967411111111113 12.585026131687243 12.585026131687243
2.201112222222222 12.666630983883008 12.716360656394016
2.2054833333333335 12.740551383905558 12.782417803639552
2.2098544444444443 12.81449557718579 12.847090966530054
2.2142255555555557 12.744160343647875 12.91916677167042
2.2185966666666666 12.8070106276229 12.994338551912566
2.222967777777778 12.867782681919648 13.09192808157331
2.2273388888888888 12.927388153273805 13.205674263583632
2.23171 12.990722992957748 13.32648508908046
2.236081111111111 13.062052347112184 13.463882746556955
2.2404522222222223 12.997751412528915 13.590561211077581
2.244823333333333 13.052115531049918 13.752483559027766
2.2491944444444445 13.101800205174118 13.952704671543026
2.2535655555555554 13.147862146307654 13.624247996492613
2.2579366666666667 13.200617621143596 13.73359936797417
2.2623077777777776 13.255885770802506 13.849486749249246
2.266678888888889 13.190035361211976 13.915723193594793
2.27105 13.234775617555302 14.04601231829573
2.275421111111111 13.235692870519795 14.15177502742575
2.279792222222222 13.251613479707247 13.91848741810954
2.2841633333333333 13.30615809335963 14.009521279569892
2.288534444444444 13.354740985419806 14.112167524623901
2.2929055555555555 13.38378506896319 14.198940811881444
2.2972766666666664 13.378134032090767 13.891688368702033
2.3016477777777777 13.425012576312575 13.938687462863932
2.3060188888888886 13.355443638834364 13.999018445688687
2.31039 13.375472456438589 14.048206884541194
2.314761111111111 13.419394414746177 14.11893060425431
2.319132222222222 13.437087811955264 14.184142782407408
2.323503333333333 13.458855093800043 14.252984229192542
2.3278744444444444 13.496018334208912 14.338010247285233
2.3322455555555557 13.536374947273663 14.423105337586389
2.3366166666666666 13.522443315139702 14.188301757452573
2.3409877777777774 13.52863958818111 14.135852977562024
2.3453588888888888 13.566073353483016 14.168083274528914
2.34973 13.609356862244898 14.218665501836833
2.354101111111111 13.64532957262985 14.274503929320424
2.3584722222222223 13.684067100000002 14.335439058674673
2.362843333333333 13.671007836683415 14.397215923056171
2.3672144444444445 13.704275582881978 14.379582989734702
2.3715855555555554 13.721715062944718 14.393569425925921
2.3759566666666667 13.746774983980137 14.404507233642205
2.3803277777777776 13.755012376640629 14.425640428888887
2.384698888888889 13.763028943089433 14.372875341851852
2.38907 13.774196348039213 14.420999738822488
2.393441111111111 13.807731345973453 14.36476981298899
2.397812222222222 13.83134493254436 14.320952299218526
2.4021833333333333 13.816506609235065 14.3593507419466
2.406554444444444 13.846714454719729 14.417082089003866
2.4109255555555555 13.85472629452419 14.400641127436955
2.4152966666666664 13.882197216692994 14.388028747082295
2.4196677777777778 13.882645348219032 14.425594493608653
2.4240388888888886 13.882719950517316 14.461011623528332
2.42841 13.899375 14.374514901738749
2.432781111111111 13.928299232610897 14.404666684704857
2.437152222222222 13.950819839995319 14.435852023452213
2.441523333333333 13.941634909237234 14.45573622614451
2.4458944444444444 13.96866584246218 14.415440556233847
2.4502655555555553 13.994062197831388 14.423578126094828
2.4546366666666666 13.992760825027684 14.43637794398991
2.459007777777778 14.00080636512422 14.447704001069713
2.463378888888889 14.01381681341719 14.435925673583661
2.4677499999999997 14.01039244025157 14.45146907221425
2.472121111111111 14.036186451335057 14.440182691772591
2.4764922222222223 14.055186902139734 14.442478847905283
2.480863333333333 14.066499902593128 14.451254546839523
2.485234444444444 14.074592730463777 14.43007418389291
2.4896055555555554 14.08950359075031 14.440238693996415
2.4939766666666667 14.093498197420852 14.454899155654877
2.4983477777777776 14.11073049095607 14.451666666666666
2.502718888888889 14.132377555555555 14.463276397553246
2.50709 14.139031515974786 14.453521168848695
2.511461111111111 14.150922822102997 14.462865321960061
2.515832222222222 14.1492399691358 14.461824193548386
2.5202033333333334 14.17018438271605 14.448300543633763
2.5245744444444442 14.180561781834866 14.458575297879989
2.5289455555555556 14.192143790815738 14.46874448604374
2.5333166666666664 14.202329136671882 14.470138949345026
2.5376877777777778 14.20944072727972 14.473520441857094
2.5420588888888886 14.218456118755046 14.471527341241204
2.54643 14.230459325581393 14.475139848739495
2.550801111111111 14.244789753086419 14.47417261601307
2.555172222222222 14.258107793090248 14.473955835608969
2.559543333333333 14.269940704080128 14.477825171963868
2.5639144444444444 14.28247838203647 14.473045695611578
2.5682855555555553 14.296473202631335 14.47486306698108
2.5726566666666666 14.30874096285435 14.481459321162028
2.5770277777777775 14.322005304930542 14.480009204491722
2.581398888888889 14.327285838430173 14.481057889586896
2.5857699999999997 14.341751849315067 14.480938031390133
2.590141111111111 14.353375510999308 14.483893869131338
2.594512222222222 14.364985055809232 14.484945475208676
2.598883333333333 14.380325757575758 14.487074678809243
2.6032544444444445 14.400977337858222 14.48619270432609
2.6076255555555554 14.42204085960961 14.487534427284427
2.6119966666666663 14.443778362636353 14.49223168824976
2.6163677777777776 14.463967825265561 14.49499909178744
2.620738888888889 14.482849372874504 14.495916382823872
2.62511 14.4991 14.4991
