2.0716 13.3042 13.3042
2.074478484848485 13.350878114478116 13.350878114478116
2.07735696969697 13.403396088154269 13.403396088154269
2.0802354545454547 13.447970165289258 13.447970165289258
2.0831139393939395 13.502875270562773 13.502875270562773
2.0859924242424244 13.553163555194805 13.553163555194805
2.0888709090909092 13.601732854864434 13.601732854864434
2.091749393939394 13.653988695652178 13.653988695652178
2.094627878787879 13.71268652037618 13.71268652037618
2.097506363636364 13.762236209553159 13.762236209553159
2.1003848484848486 13.822279781003315 13.822279781003315
2.1032633333333335 13.875030000000002 13.875030000000002
2.1061418181818183 13.93643509687035 13.93643509687035
2.109020303030303 13.997310051736886 13.997310051736886
2.111898787878788 14.060943466666671 14.060943466666671
2.114777272727273 14.11969275568182 14.11969275568182
2.1176557575757577 14.178864172494174 14.178864172494174
2.1205342424242426 14.24268484848485 14.24268484848485
2.1234127272727275 14.304774830393487 14.304774830393487
2.1262912121212123 14.370185069674857 14.370185069674857
2.129169696969697 14.43400520094563 14.43400520094563
2.132048181818182 13.653258062375583 13.653258062375583
2.134926666666667 13.693427737226278 13.693427737226278
2.1378051515151517 13.724947089601049 13.724947089601049
2.1406836363636366 13.766129090909095 13.766129090909095
2.1435621212121214 13.805171007951861 13.805171007951861
2.1464406060606063 13.842162682771775 13.842162682771775
2.149319090909091 13.794603566919191 13.87304958964647
2.152197575757576 13.829659073224846 13.91337017996982
2.155076060606061 13.858432398619813 13.949844005747106
2.1579545454545457 13.891897078637845 13.990927937827543
2.1608330303030305 13.930347061200239 14.033854055852647
2.1637115151515154 13.749080889572138 14.05883451266775
2.1665900000000002 13.78284424792189 14.10041461538462
2.169468484848485 13.81872507304542 14.136297974428905
2.17234696969697 13.848003855299346 14.177058917880737
2.175225454545455 13.870797028039346 14.213313197065595
2.1781039393939396 13.90525807784069 14.254746208941269
2.1809824242424245 13.935804489810362 14.291199874421729
2.1838609090909094 13.874852905866526 14.322428808103208
2.186739393939394 13.90623485757576 14.36448208616721
2.189617878787879 13.937402789218295 14.407453039375799
2.192496363636364 13.961169424284869 14.296771039644568
2.1953748484848488 13.994906126449312 14.33567747000722
2.1982533333333336 14.030405897163705 14.370958998450218
2.2011318181818185 14.061936467167037 14.405709787493588
2.2040103030303033 14.096688683712125 14.445786479409268
2.206888787878788 13.980082027667988 14.373551299044241
2.209767272727273 13.949260433115274 14.399732731594018
2.212645757575758 13.975116274850418 14.433865261981522
2.2155242424242427 14.001696432681246 14.387209061575224
2.2184027272727276 14.031629053995143 14.424597236188784
2.2212812121212124 14.05975970948617 14.45934092031862
2.2241596969696973 14.03276765770917 14.462944871625279
2.227038181818182 14.054604894725175 14.42047771210395
2.2299166666666665 14.076719800762822 14.358299632685318
2.2327951515151514 14.104774156162856 14.386163498471845
2.2356736363636363 14.104858542834103 14.417896812234599
2.238552121212121 14.133235817302962 14.449603750467077
2.241430606060606 14.0889673715415 14.464850819579725
2.244309090909091 14.114446253119429 14.454283098324106
2.2471875757575757 14.087457172956558 14.408812672657355
2.2500660606060605 14.093133608409397 14.433533729680155
2.2529445454545454 14.120245086474497 14.460898008019555
2.25582303030303 14.145297443658933 14.442769583489593
2.258701515151515 14.17078522681909 14.47362571920144
2.26158 14.185226267962808 14.44432389023406
2.2644584848484848 14.2086310151814 14.416290043586903
2.2673369696969696 14.235010461164794 14.471929053273115
2.2702154545454545 14.216179557535645 14.464514298197255
2.2730939393939393 14.243238768498943 14.475295147952925
2.275972424242424 14.261229316837008 14.48042281500069
2.278850909090909 14.280294951871657 14.45472272324713
2.281729393939394 14.280631926252713 14.416646773707802
2.2846078787878787 14.292829271301628 14.44162462206333
2.2874863636363636 14.317610666069564 14.438023849669882
2.2903648484848484 14.343578231562379 14.470806729116115
2.2932433333333333 14.306282642311146 14.477074729729729
2.296121818181818 14.326376229534667 14.48636569734613
2.299000303030303 14.340391440766043 14.434108557582679
2.301878787878788 14.36277607059607 14.466372010941914
2.3047572727272727 14.38079029235826 14.48696480638282
2.3076357575757576 14.398794458254866 14.485288988052568
2.3105142424242424 14.39417938455146 14.4572017639902
2.3133927272727273 14.337724629054604 14.47409975393277
2.316271212121212 14.362309689171523 14.463083841888125
2.319149696969697 14.387678879198766 14.459629798258833
2.322028181818182 14.404255154958678 14.48201629751464
2.3249066666666667 14.379825545921644 14.4869017002442
2.3277851515151515 14.402089320224718 14.480355242355413
2.3306636363636364 14.417729523977583 14.471774491620113
2.3335421212121212 14.444441422487586 14.494356749539595
2.336420606060606 14.457863890299645 14.457863890299645
2.339299090909091 14.478178181818185 14.478178181818185
2.342177575757576 14.46353060946544 14.46353060946544
2.3450560606060606 14.484824699509058 14.484824699509058
2.3479345454545455 14.468847200821777 14.468847200821777
2.3508130303030303 14.490525127681309 14.490525127681309
2.353691515151515 nan nan
2.35657 14.4918 14.4918
