0.01 3.514 5.351699999999999
0.02 6.2639499999999995 9.798049999999998
0.03 8.83195 13.82
0.04 11.2765 17.43
0.05 13.5965 20.556999999999988
0.060000000000000005 15.780000000000001 23.25
0.06999999999999999 17.856499999999997 25.499999999999996
0.08 19.8065 27.403499999999994
0.09 21.61 28.96
0.09999999999999999 23.249999999999996 30.293499999999995
0.11 24.7365 31.38
0.12 26.03 32.25
0.13 27.27 33.0335
0.14 28.28475 33.71
0.15000000000000002 29.100000000000005 34.36
0.16 29.83 34.98349999999999
0.17 30.413249999999998 35.64
0.18000000000000002 30.8965 36.31
0.19 31.28 37.03
0.2 31.57 37.73
0.21000000000000002 31.8165 38.473499999999994
0.22 32.046499999999995 39.25
0.23 32.216499999999996 40.01
0.24000000000000002 32.3465 40.76349999999999
0.25 32.52 41.52
0.26 32.726499999999994 42.293499999999995
0.27 32.9265 43.073499999999996
0.28 33.1065 43.8535
0.29000000000000004 33.326499999999996 44.61000000000001
0.3 33.6065 45.35
0.31 33.9525 46.11
0.32 34.333000000000006 46.87
0.33 34.836000000000006 47.63
0.34 35.316 48.3835
0.35000000000000003 35.7665 49.150000000000006
0.36000000000000004 36.32 49.9135
0.37 36.91 50.68
0.38 37.5165 51.43
0.39 38.15 52.19349999999999
0.4 38.826499999999996 52.973499999999994
0.41000000000000003 39.53300000000001 53.717
0.42000000000000004 40.26250000000001 54.480000000000004
0.43 41.02 55.21
0.44 41.8165 55.9235
0.45 42.5965 56.66
0.46 43.383 57.36
0.47000000000000003 44.17300000000001 58.080000000000005
0.48000000000000004 45.010000000000005 58.790000000000006
0.49 45.8365 59.49
0.5 46.686499999999995 60.18
0.51 47.5165 60.8835
0.52 48.3865 61.54
0.53 49.2065 62.2
0.54 50.016000000000005 62.840499999999984
0.55 50.839 63.51349999999999
0.56 51.613 64.1335
0.5700000000000001 52.40950000000001 64.7435
0.5800000000000001 53.19300000000001 65.3335
0.59 53.9265 65.95
0.6 54.68 66.57
0.61 55.42 67.11699999999999
0.62 56.11475 67.6835
0.63 56.87 68.24
0.64 57.5965 68.797
0.65 58.2865 69.36
0.66 59.01 69.89
0.67 59.6965 70.3935
0.68 60.39 70.88
0.6900000000000001 61.03600000000001 71.41
0.7000000000000001 61.70000000000001 71.91
0.7100000000000001 62.346500000000006 72.3835
0.72 63.01 72.86175
0.73 63.6365 73.35
0.74 64.23299999999999 73.8235
0.75 64.82 74.317
0.76 65.39 74.75699999999999
0.77 65.95 75.19
0.78 66.48 75.65
0.79 67.03 76.0735
0.8 67.55 76.487
0.81 68.0565 76.9235
0.8200000000000001 68.56 77.3335
0.8300000000000001 69.073 77.7435
0.8400000000000001 69.56649999999999 78.1435
0.85 70.0465 78.52
0.86 70.5365 78.8835
0.87 71.0 79.28
0.88 71.46 79.69024999999999
0.89 71.9 80.05
0.9 72.34649999999999 80.4
0.91 72.79 80.79
0.92 73.23 81.20349999999999
0.93 73.67 81.51399999999998
0.9400000000000001 74.1 81.84349999999999
0.9500000000000001 74.5 82.20349999999999
0.9600000000000001 74.92 82.56
0.97 75.34 82.89
0.98 75.7465 83.23
0.99 76.1465 83.5535
1.0 76.54 83.8695
