0.01 3.477 5.425
0.02 6.194 9.918149999999999
0.03 8.7301 13.96
0.04 11.1085 17.5
0.05 13.3685 20.581499999999995
0.060000000000000005 15.508500000000002 23.191499999999998
0.06999999999999999 17.519999999999996 25.33149999999999
0.08 19.34 27.101499999999998
0.09 21.07 28.61
0.09999999999999999 22.629999999999995 29.869999999999997
0.11 24.08 30.871499999999997
0.12 25.36 31.78
0.13 26.52 32.591499999999996
0.14 27.62 33.39
0.15000000000000002 28.640000000000004 34.15149999999999
0.16 29.59 34.94
0.17 30.48 35.7615
0.18000000000000002 31.350000000000005 36.62
0.19 32.2385 37.56
0.2 33.13 38.57
0.21000000000000002 34.03 39.660000000000004
0.22 35.0385 40.841499999999996
0.23 36.1 42.08
0.24000000000000002 37.26 43.36
0.25 38.53 44.7
0.26 39.91 46.07
0.27 41.33 47.51
0.28 42.79 48.99
0.29000000000000004 44.35850000000001 50.45000000000001
0.3 45.83 51.86
0.31 47.2885 53.25
0.32 48.730000000000004 54.67
0.33 50.06 56.06449999999999
0.34 51.34 57.49
0.35000000000000003 52.55850000000001 58.941500000000005
0.36000000000000004 53.68000000000001 60.403
0.37 54.75 61.701499999999996
0.38 55.7785 62.95
0.39 56.7285 64.19
0.4 57.62 65.38149999999999
0.41000000000000003 58.470000000000006 66.53299999999999
0.42000000000000004 59.28000000000001 67.6715
0.43 60.05 68.65
0.44 60.78 69.5615
0.45 61.4885 70.49449999999999
0.46 62.16425 71.44149999999999
0.47000000000000003 62.81000000000001 72.2315
0.48000000000000004 63.43 72.9345
0.49 64.0285 73.51499999999996
0.5 64.6 74.23749999999998
0.51 65.16 74.88449999999999
0.52 65.69 75.48599999999999
0.53 66.22 76.09299999999999
0.54 66.7285 76.7515
0.55 67.22 77.1445
0.56 67.7 77.64299999999999
0.5700000000000001 68.17 78.11149999999999
0.5800000000000001 68.63 78.5915
0.59 69.08 79.023
0.6 69.51 79.44
0.61 69.9485 79.8415
0.62 70.3685 80.1815
0.63 70.78 80.60449999999999
0.64 71.1885 80.9545
0.65 71.59 81.3715
0.66 71.97 81.7515
0.67 72.36 81.97649999999996
0.68 72.73 82.413
0.6900000000000001 73.1 82.79299999999999
0.7000000000000001 73.47 83.11
0.7100000000000001 73.83 83.38749999999997
0.72 74.18 83.743
0.73 74.53 83.99449999999999
0.74 74.8785 84.29299999999999
0.75 75.22 84.60599999999998
0.76 75.5585 84.8715
0.77 75.89 85.1515
0.78 76.21 85.43899999999998
0.79 76.54 85.82149999999999
0.8 76.86 85.98899999999998
0.81 77.18 86.25899999999997
0.8200000000000001 77.49 86.57449999999999
0.8300000000000001 77.8 86.79599999999999
0.8400000000000001 78.10849999999999 87.0915
0.85 78.41 87.3415
0.86 78.71 87.58149999999999
0.87 79.01 87.83
0.88 79.3 88.05299999999998
0.89 79.6 88.33149999999999
0.9 79.89 88.5445
0.91 80.17 88.78
0.92 80.46 89.0145
0.93 80.74 89.2815
0.9400000000000001 81.02 89.49149999999999
0.9500000000000001 81.3 89.72149999999999
0.9600000000000001 81.58 89.94149999999999
0.97 81.85 90.13149999999999
0.98 82.12 90.36299999999999
0.99 82.39 90.633
1.0 82.66 90.836
