0.01 3.73025 5.77475
0.02 6.703 10.6
0.03 9.436 14.9
0.04 12.03 18.64
0.05 14.45 21.82
0.060000000000000005 16.67 24.44
0.06999999999999999 18.729999999999997 26.579999999999995
0.08 20.61 28.31
0.09 22.27 29.7
0.09999999999999999 23.809999999999995 30.85
0.11 25.17 31.77
0.12 26.39 32.6
0.13 27.42 33.32
0.14 28.36 33.98
0.15000000000000002 29.230000000000004 34.63
0.16 29.99 35.32
0.17 30.72 35.99
0.18000000000000002 31.39 36.71
0.19 32.09 37.51
0.2 32.75 38.35
0.21000000000000002 33.46 39.24
0.22 34.24 40.2
0.23 35.06 41.18
0.24000000000000002 35.95 42.24
0.25 36.94 43.31
0.26 38.0 44.45
0.27 39.15 45.62
0.28 40.36 46.8
0.29000000000000004 41.64000000000001 48.02000000000001
0.3 43.03 49.25
0.31 44.38 50.5
0.32 45.79 51.72
0.33 47.15 52.91
0.34 48.54 54.09
0.35000000000000003 49.900000000000006 55.300000000000004
0.36000000000000004 51.230000000000004 56.435
0.37 52.48 57.55
0.38 53.71 58.65
0.39 54.85 59.74
0.4 55.9 60.76
0.41000000000000003 56.92000000000001 61.77000000000001
0.42000000000000004 57.900000000000006 62.71000000000001
0.43 58.8 63.63
0.44 59.66 64.54
0.45 60.48 65.44
0.46 61.29 66.28
0.47000000000000003 62.040000000000006 67.06
0.48000000000000004 62.77000000000001 67.93
0.49 63.47 68.68
0.5 64.15 69.42
0.51 64.79 70.19
0.52 65.41 70.88
0.53 66.01 71.59
0.54 66.58 72.28
0.55 67.14 72.95
0.56 67.68 73.58
0.5700000000000001 68.22 74.2
0.5800000000000001 68.74 74.78
0.59 69.23 75.38
0.6 69.72 75.89
0.61 70.2 76.44
0.62 70.66 76.91
0.63 71.12 77.39
0.64 71.58 77.92
0.65 72.02 78.41
0.66 72.45 78.84
0.67 72.88 79.35
0.68 73.29 79.76
0.6900000000000001 73.69 80.13
0.7000000000000001 74.09 80.57
0.7100000000000001 74.49 81.01999999999997
0.72 74.88 81.45
0.73 75.26 81.87
0.74 75.63 82.28
0.75 76.0 82.68
0.76 76.36 83.07
0.77 76.72 83.46
0.78 77.07 83.84
0.79 77.42 84.21000000000001
0.8 77.77 84.55
0.81 78.11 84.96
0.8200000000000001 78.45 85.29500000000002
0.8300000000000001 78.78 85.62
0.8400000000000001 79.11 85.97
0.85 79.44 86.32
0.86 79.76 86.66
0.87 80.08 87.04
0.88 80.39 87.28
0.89 80.7 87.73
0.9 81.01 88.06
0.91 81.32 88.26
0.92 81.61 88.55
0.93 81.91 88.96
0.9400000000000001 82.22 89.25
0.9500000000000001 82.51 89.55
0.9600000000000001 82.8 89.78
0.97 83.09 90.09
0.98 83.38 90.36
0.99 83.66 90.68
1.0 83.942 91.02000000000001
