2.7765e-11 5.430498846085567e-06 5.430498846085567e-06
0.020311224516994283 0.0035560568646256416 0.0035560568646256416
0.04062244900622357 0.006798666381277835 0.006798666381277835
0.06093367349545285 0.0220972549668973 0.023183549428506502
0.08124489798468214 0.10103574199753457 0.11063010898570257
0.10155612247391142 0.1582480584582117 0.17680942506153424
0.12186734696314071 0.17494445811834397 0.19899833303607745
0.14217857145237 0.18974841149750143 0.22062734925304175
0.1624897959415993 0.20366387013532805 0.2428379096799605
0.18280102043082858 0.2183580900621967 0.26545339149825214
0.20311224492005786 0.2339700734434331 0.2874081772260129
0.22342346940928715 0.2501927286495098 0.3080882445575607
0.24373469389851643 0.2669692998772255 0.32733895726936024
0.2640459183877457 0.28563400279737305 0.34526925267429676
0.284357142876975 0.3030569194105226 0.36202607690091837
0.3046683673662043 0.32201623161785997 0.37767677652630843
0.32497959185543357 0.34038636071825346 0.39237849330032104
0.34529081634466285 0.3582633643437463 0.40619675888462753
0.36560204083389214 0.37465440031924424 0.41921698100906724
0.3859132653231214 0.3903492979817425 0.43151320089084333
0.4062244898123507 0.40493916529167584 0.44313088088582564
0.42653571430158 0.4186109416511423 0.45412580562877486
0.4468469387908093 0.4316109124327553 0.4645475128002749
0.46715816328003856 0.4439178220753453 0.47443990982906803
0.48746938776926785 0.4555252726728116 0.48383137355171213
0.5077806122584971 0.46651535947576706 0.4927508040627049
0.5280918367477264 0.4771592226596616 0.501236341008544
0.5484030612369557 0.4874311954119922 0.5093050971459564
0.568714285726185 0.4971246144350243 0.5169878777221828
0.5890255102154143 0.5062483908091655 0.5243030694221582
0.6093367347046436 0.5147990288357804 0.5312700459817556
0.6296479591938728 0.5229721447099082 0.5379047860498964
0.6499591836831021 0.5306607889227658 0.5442297582796696
0.6702704081723314 0.5379475578575623 0.5502609118731848
0.6905816326615607 0.5448364796925232 0.5560070107677887
0.71089285715079 0.551403109663323 0.5614862854885639
0.7312040816400193 0.5575494051963789 0.566708893364965
0.7515153061292486 0.5633698330235656 0.5716889690949791
0.7718265306184778 0.568902902806832 0.576436352550198
0.7921377551077071 0.5741363213126027 0.5809627158646397
0.8124489795969364 0.5790948917285812 0.5852757344825009
0.8327602040861657 0.5837780594574775 0.589386462466928
0.853071428575395 0.5882080589835877 0.5933038069954291
0.8733826530646243 0.5924242540052606 0.5970349310337434
0.8936938775538535 0.5964195500286638 0.6005907937031538
0.9140051020430828 0.6001824891426703 0.6040654578145348
0.9343163265323121 0.6037720002693496 0.6083352842403417
0.9546275510215414 0.6071505620785407 0.6123740998282392
0.9749387755107707 0.6103568233790659 0.6161803251250582
0.99525 0.6133954175455072 0.6198769342717352
