2.7765e-11 5.430498846085567e-06 5.430498846085567e-06
0.020311224516994283 0.0035560568646256416 0.0035560568646256416
0.04062244900622357 0.006798666381277835 0.006798666381277835
0.06093367349545285 0.01964903485540263 0.020641430618674662
0.08124489798468214 0.08282953348743775 0.09251315817970444
0.10155612247391142 0.12778835189068544 0.14629347132132192
0.12186734696314071 0.14052562198828294 0.16359657569132396
0.14217857145237 0.15171697320276328 0.17961804441126802
0.1624897959415993 0.16169840630626553 0.19559720231344388
0.18280102043082858 0.17094517348901178 0.21275318237268628
0.20311224492005786 0.18063838153525424 0.2310143354141427
0.22342346940928715 0.19065523337965834 0.24936096247995537
0.24373469389851643 0.19942996736979543 0.2668324137165366
0.2640459183877457 0.20996050061258453 0.2831922445133517
0.284357142876975 0.22118984007183626 0.298494556661029
0.3046683673662043 0.23580904822192286 0.3127720172049511
0.32497959185543357 0.2501005430209414 0.3261458028975635
0.34529081634466285 0.265950064886073 0.33869840640855814
0.36560204083389214 0.28075264709029435 0.3504564022664892
0.3859132653231214 0.29613985895068257 0.36153127613929836
0.4062244898123507 0.3106903753153887 0.3719809714988469
0.42653571430158 0.32424166619147676 0.3818297538053046
0.4468469387908093 0.3371550112038735 0.3911270296345992
0.46715816328003856 0.3493362471308595 0.3999165372073494
0.48746938776926785 0.3609439717969939 0.40822946568580487
0.5077806122584971 0.3724170095534694 0.4160930642661168
0.5280918367477264 0.3829148024916487 0.4235339487707524
0.5484030612369557 0.3933148895818238 0.43057429874909897
0.568714285726185 0.4029652646613191 0.43723141737129134
0.5890255102154143 0.4118536990434922 0.4435389719425316
0.6093367347046436 0.42024211434337355 0.4495037742140526
0.6296479591938728 0.4282670408592064 0.4551510711368525
0.6499591836831021 0.435733710102213 0.4604907903987112
0.6702704081723314 0.44249258089935195 0.46554263587869377
0.6905816326615607 0.4490145116969325 0.4703187697775605
0.71089285715079 0.45487806540254133 0.47483160438498423
0.7312040816400193 0.4605494498070627 0.4790944591554354
0.7515153061292486 0.46578218323367376 0.4831185446486601
0.7718265306184778 0.47078580729380404 0.48691818962244293
0.7921377551077071 0.4753545371046924 0.4904992377628926
0.8124489795969364 0.47965529657821454 0.49387439633685765
0.8327602040861657 0.4837331006556306 0.4970520484533908
0.853071428575395 0.48758488025110897 0.5000422253033561
0.8733826530646243 0.49113878921896403 0.5028538878853089
0.8936938775538535 0.4944394739023653 0.5054971125205748
0.9140051020430828 0.49751908621943425 0.5079751528471369
0.9343163265323121 0.5004084309128063 0.5103019946083344
0.9546275510215414 0.5031517921768172 0.5124794181306915
0.9749387755107707 0.5057194866767378 0.5145182716509946
0.99525 0.5081045356291327 0.516420428138611
