2.7765e-11 5.430498846085567e-06 5.430498846085567e-06
0.020311224516994283 0.0035560568646256416 0.0035560568646256416
0.04062244900622357 0.006798666381277835 0.006798666381277835
0.06093367349545285 0.02143812085860995 0.022511523288627985
0.08124489798468214 0.09608440731300345 0.10485362208575345
0.10155612247391142 0.15010974566193874 0.16633170033111863
0.12186734696314071 0.16645389089311602 0.18660447365282806
0.14217857145237 0.18197833282277823 0.2068881876263639
0.1624897959415993 0.19689343710750928 0.22777709258057624
0.18280102043082858 0.2120646883123735 0.24843792691491492
0.20311224492005786 0.227444292785275 0.2679431173818656
0.22342346940928715 0.2432430949938789 0.2857602357651228
0.24373469389851643 0.2591465484634241 0.3018170043369816
0.2640459183877457 0.2740549106774434 0.31628504256307755
0.284357142876975 0.28909361673461 0.32934485519717305
0.3046683673662043 0.3032849537340371 0.34114127976398867
0.32497959185543357 0.3161183239833068 0.3517844369746998
0.34529081634466285 0.3278668601820703 0.36137884005487386
0.36560204083389214 0.33846330682600456 0.37004024813959857
0.3859132653231214 0.3480302826621141 0.37784612113937416
0.4062244898123507 0.3565535799625754 0.38487423421503586
0.42653571430158 0.3642974973588202 0.39119786716117666
0.4468469387908093 0.3710787441048042 0.39688289177138303
0.46715816328003856 0.37720289768497084 0.40198491911769196
0.48746938776926785 0.3827695192712302 0.4065593538743713
0.5077806122584971 0.3876143492319374 0.4106525115113957
0.5280918367477264 0.39192730982993185 0.41430943059501424
0.5484030612369557 0.39573382799169077 0.4175653102898354
0.568714285726185 0.39919862399039263 0.4204587181703889
0.5890255102154143 0.4023532110020094 0.4230207829290561
0.6093367347046436 0.40522086029825477 0.42528159984644853
0.6296479591938728 0.40766953969322506 0.42726870369461134
0.6499591836831021 0.4099820649747055 0.42900712585073775
0.6702704081723314 0.4120191537816044 0.43051641961258125
0.6905816326615607 0.4137763030641688 0.4318219399413564
0.71089285715079 0.4153351559571005 0.43294026801265906
0.7312040816400193 0.4168565721330363 0.43388769130468485
0.7515153061292486 0.4181112278599992 0.43468087481475814
0.7718265306184778 0.4192776700681605 0.4353336182547709
0.7921377551077071 0.4202507434435408 0.4358575229870881
0.8124489795969364 0.4210617523277047 0.43626800834748647
0.8327602040861657 0.42179365201070795 0.43657270188129416
0.853071428575395 0.42236999735277697 0.43678196471549047
0.8733826530646243 0.42290193329678744 0.43690426230297746
0.8936938775538535 0.42336610686811943 0.4369505521342436
0.9140051020430828 0.4237150736300838 0.4369257176868095
0.9343163265323121 0.4239406093875279 0.43683694309740273
0.9546275510215414 0.4241664155934528 0.4366901853656167
0.9749387755107707 0.4242740172882125 0.4364920715199499
0.99525 0.4243510447520191 0.4362472976536535
