 0.100000E+00   0.327197E+00   0.170940E+03   0.329532E+00   0.209161E-01
 0.129500E+00   0.293492E+00   0.176821E+03   0.295553E+00   0.270697E-01
 0.159000E+00   0.252117E+00   0.182127E+03   0.253828E+00   0.332166E-01
 0.188500E+00   0.181233E+00   0.163487E+03   0.182337E+00   0.393570E-01
 0.218000E+00   0.128020E+00   0.139782E+03   0.128676E+00   0.454912E-01
 0.247500E+00   0.100250E+00   0.115701E+03   0.100672E+00   0.516192E-01
 0.277000E+00   0.905779E-01   0.984975E+02   0.909163E-01   0.577413E-01
 0.306500E+00   0.882583E-01   0.803245E+02   0.885740E-01   0.638576E-01
 0.336000E+00   0.891775E-01   0.638594E+02   0.895084E-01   0.702510E-01
 0.365500E+00   0.954065E-01   0.447371E+02   0.958313E-01   0.763795E-01
 0.395000E+00   0.105322E+00   0.407414E+02   0.105906E+00   0.824981E-01
 0.424500E+00   0.117604E+00   0.343813E+02   0.118403E+00   0.886063E-01
 0.454000E+00   0.131643E+00   0.274807E+02   0.132717E+00   0.947037E-01
 0.483500E+00   0.147035E+00   0.235226E+02   0.148442E+00   0.100790E+00
 0.513000E+00   0.163502E+00   0.210195E+02   0.165303E+00   0.106864E+00
 0.542500E+00   0.180846E+00   0.193300E+02   0.183103E+00   0.112927E+00
 0.572000E+00   0.198918E+00   0.181239E+02   0.201696E+00   0.118977E+00
 0.601500E+00   0.217606E+00   0.172351E+02   0.220971E+00   0.125015E+00
 0.631000E+00   0.236721E+00   0.165714E+02   0.240736E+00   0.131040E+00
 0.660500E+00   0.255779E+00   0.160536E+02   0.260492E+00   0.137052E+00
 0.690000E+00   0.274959E+00   0.156505E+02   0.280425E+00   0.143051E+00
 0.719500E+00   0.294310E+00   0.153199E+02   0.300587E+00   0.149037E+00
 0.749000E+00   0.313855E+00   0.150493E+02   0.321003E+00   0.155010E+00
 0.778500E+00   0.333608E+00   0.148250E+02   0.341690E+00   0.160970E+00
 0.808000E+00   0.353584E+00   0.146327E+02   0.362666E+00   0.166916E+00
 0.837500E+00   0.373796E+00   0.144738E+02   0.383946E+00   0.172849E+00
 0.867000E+00   0.394259E+00   0.143312E+02   0.405547E+00   0.178767E+00
 0.896500E+00   0.414985E+00   0.142056E+02   0.427485E+00   0.184671E+00
 0.926000E+00   0.435987E+00   0.140995E+02   0.449777E+00   0.190561E+00
 0.955500E+00   0.457277E+00   0.140032E+02   0.472438E+00   0.196435E+00
 0.985000E+00   0.478869E+00   0.139092E+02   0.495485E+00   0.202295E+00
 0.101450E+01   0.500772E+00   0.138355E+02   0.518933E+00   0.208139E+00
 0.104400E+01   0.522997E+00   0.137643E+02   0.542795E+00   0.213968E+00
 0.107350E+01   0.545553E+00   0.137038E+02   0.567085E+00   0.219780E+00
 0.110300E+01   0.568448E+00   0.136514E+02   0.591816E+00   0.225576E+00
 0.113250E+01   0.591688E+00   0.135995E+02   0.616997E+00   0.231356E+00
 0.116200E+01   0.615278E+00   0.135533E+02   0.642639E+00   0.237118E+00
 0.119150E+01   0.639220E+00   0.135121E+02   0.668747E+00   0.242863E+00
 0.122100E+01   0.663516E+00   0.134768E+02   0.695328E+00   0.248590E+00
 0.125050E+01   0.688162E+00   0.134417E+02   0.722384E+00   0.254300E+00
 0.128000E+01   0.713156E+00   0.134094E+02   0.749914E+00   0.259990E+00
 0.130950E+01   0.738490E+00   0.133831E+02   0.777917E+00   0.265662E+00
 0.133900E+01   0.764154E+00   0.133570E+02   0.806387E+00   0.271315E+00
 0.136850E+01   0.790138E+00   0.133369E+02   0.835315E+00   0.276948E+00
 0.139800E+01   0.816425E+00   0.133171E+02   0.864688E+00   0.282562E+00
 0.142750E+01   0.842997E+00   0.132905E+02   0.894492E+00   0.288155E+00
 0.145700E+01   0.869834E+00   0.132773E+02   0.924707E+00   0.293727E+00
 0.148650E+01   0.896911E+00   0.132622E+02   0.955311E+00   0.299278E+00
 0.151600E+01   0.924202E+00   0.132454E+02   0.986279E+00   0.304808E+00
 0.154550E+01   0.951677E+00   0.132257E+02   0.101758E+01   0.310316E+00
 0.157500E+01   0.979306E+00   0.132081E+02   0.104918E+01   0.315803E+00
 0.160450E+01   0.100705E+01   0.132047E+02   0.108106E+01   0.321266E+00
 0.163400E+01   0.103489E+01   0.131852E+02   0.111316E+01   0.326707E+00
 0.166350E+01   0.106277E+01   0.131718E+02   0.114544E+01   0.332126E+00
 0.169300E+01   0.109065E+01   0.131608E+02   0.117788E+01   0.337520E+00
 0.172250E+01   0.111851E+01   0.131564E+02   0.121042E+01   0.342892E+00
 0.175200E+01   0.114630E+01   0.131484E+02   0.124302E+01   0.348240E+00
 0.178150E+01   0.117398E+01   0.131333E+02   0.127563E+01   0.353563E+00
 0.181100E+01   0.120152E+01   0.131254E+02   0.130821E+01   0.358863E+00
 0.184050E+01   0.122887E+01   0.131212E+02   0.134072E+01   0.364138E+00
 0.187000E+01   0.125600E+01   0.131025E+02   0.137310E+01   0.369389E+00
 0.189950E+01   0.128287E+01   0.130947E+02   0.140532E+01   0.374615E+00
 0.192900E+01   0.130946E+01   0.130890E+02   0.143733E+01   0.379817E+00
 0.195850E+01   0.133572E+01   0.130846E+02   0.146909E+01   0.384994E+00
 0.198800E+01   0.136163E+01   0.130663E+02   0.150057E+01   0.390146E+00
 0.201750E+01   0.138717E+01   0.130596E+02   0.153172E+01   0.395273E+00
 0.204700E+01   0.141230E+01   0.130550E+02   0.156252E+01   0.400376E+00
 0.207650E+01   0.143701E+01   0.130464E+02   0.159292E+01   0.405454E+00
 0.210600E+01   0.146128E+01   0.130324E+02   0.162291E+01   0.410506E+00
 0.213550E+01   0.148509E+01   0.130201E+02   0.165246E+01   0.415534E+00
 0.216500E+01   0.150842E+01   0.130169E+02   0.168155E+01   0.420538E+00
 0.219450E+01   0.153127E+01   0.130074E+02   0.171014E+01   0.425517E+00
 0.222400E+01   0.155362E+01   0.129953E+02   0.173823E+01   0.430471E+00
 0.225350E+01   0.157547E+01   0.129853E+02   0.176580E+01   0.435401E+00
 0.228300E+01   0.159681E+01   0.129727E+02   0.179284E+01   0.440307E+00
 0.231250E+01   0.161764E+01   0.129600E+02   0.181933E+01   0.445188E+00
 0.234200E+01   0.163795E+01   0.129538E+02   0.184528E+01   0.450046E+00
 0.237150E+01   0.165775E+01   0.129412E+02   0.187066E+01   0.454880E+00
 0.240100E+01   0.167704E+01   0.129253E+02   0.189548E+01   0.459690E+00
 0.243050E+01   0.169581E+01   0.129191E+02   0.191974E+01   0.464477E+00
 0.246000E+01   0.171408E+01   0.129016E+02   0.194343E+01   0.469241E+00
 0.248950E+01   0.173185E+01   0.128911E+02   0.196656E+01   0.473981E+00
 0.251900E+01   0.174913E+01   0.128784E+02   0.198912E+01   0.478699E+00
 0.254850E+01   0.176591E+01   0.128730E+02   0.201113E+01   0.483394E+00
 0.257800E+01   0.178222E+01   0.128588E+02   0.203258E+01   0.488067E+00
 0.260750E+01   0.179805E+01   0.128438E+02   0.205348E+01   0.492718E+00
 0.263700E+01   0.181342E+01   0.128303E+02   0.207384E+01   0.497346E+00
 0.266650E+01   0.182834E+01   0.128216E+02   0.209366E+01   0.501953E+00
 0.269600E+01   0.184281E+01   0.128066E+02   0.211295E+01   0.506539E+00
 0.272550E+01   0.185684E+01   0.127943E+02   0.213173E+01   0.511103E+00
 0.275500E+01   0.187046E+01   0.127839E+02   0.214999E+01   0.515646E+00
 0.278450E+01   0.188365E+01   0.127689E+02   0.216776E+01   0.520168E+00
 0.281400E+01   0.189644E+01   0.127594E+02   0.218503E+01   0.524670E+00
 0.284350E+01   0.190884E+01   0.127392E+02   0.220182E+01   0.529152E+00
 0.287300E+01   0.192086E+01   0.127289E+02   0.221814E+01   0.533613E+00
 0.290250E+01   0.193250E+01   0.127185E+02   0.223400E+01   0.538054E+00
 0.293200E+01   0.194378E+01   0.127026E+02   0.224941E+01   0.542476E+00
 0.296150E+01   0.195470E+01   0.126867E+02   0.226437E+01   0.546879E+00
 0.299100E+01   0.196529E+01   0.126709E+02   0.227891E+01   0.551262E+00
 0.302050E+01   0.197554E+01   0.126586E+02   0.229303E+01   0.555626E+00
 0.305000E+01   0.198546E+01   0.126515E+02   0.230673E+01   0.559972E+00
 0.307950E+01   0.199507E+01   0.126377E+02   0.232004E+01   0.564299E+00
 0.310900E+01   0.200438E+01   0.126180E+02   0.233296E+01   0.568608E+00
 0.313850E+01   0.201339E+01   0.126118E+02   0.234550E+01   0.572899E+00
 0.316800E+01   0.202212E+01   0.125931E+02   0.235767E+01   0.577172E+00
 0.319750E+01   0.203057E+01   0.125828E+02   0.236948E+01   0.581427E+00
 0.322700E+01   0.203875E+01   0.125677E+02   0.238094E+01   0.585665E+00
 0.325650E+01   0.204666E+01   0.125508E+02   0.239207E+01   0.589886E+00
 0.328600E+01   0.205433E+01   0.125366E+02   0.240286E+01   0.594089E+00
 0.331550E+01   0.206175E+01   0.125228E+02   0.241333E+01   0.598276E+00
 0.334500E+01   0.206893E+01   0.125113E+02   0.242348E+01   0.602447E+00
 0.337450E+01   0.207588E+01   0.124958E+02   0.243333E+01   0.606601E+00
 0.340400E+01   0.208261E+01   0.124867E+02   0.244289E+01   0.610738E+00
 0.343350E+01   0.208912E+01   0.124736E+02   0.245216E+01   0.614860E+00
 0.346300E+01   0.209543E+01   0.124572E+02   0.246115E+01   0.618966E+00
 0.349250E+01   0.210153E+01   0.124439E+02   0.246986E+01   0.623057E+00
 0.352200E+01   0.210743E+01   0.124346E+02   0.247831E+01   0.627132E+00
 0.355150E+01   0.211315E+01   0.124167E+02   0.248651E+01   0.631191E+00
 0.358100E+01   0.211868E+01   0.124074E+02   0.249446E+01   0.635236E+00
 0.361050E+01   0.212403E+01   0.124004E+02   0.250216E+01   0.639266E+00
 0.364000E+01   0.212921E+01   0.123852E+02   0.250963E+01   0.643281E+00
 0.366950E+01   0.213422E+01   0.123745E+02   0.251687E+01   0.647282E+00
 0.369900E+01   0.213907E+01   0.123561E+02   0.252389E+01   0.651268E+00
 0.372850E+01   0.214376E+01   0.123415E+02   0.253069E+01   0.655240E+00
 0.375800E+01   0.214830E+01   0.123301E+02   0.253729E+01   0.659198E+00
 0.378750E+01   0.215269E+01   0.123196E+02   0.254367E+01   0.663142E+00
 0.381700E+01   0.215694E+01   0.123025E+02   0.254987E+01   0.667073E+00
 0.384650E+01   0.216105E+01   0.122922E+02   0.255586E+01   0.670989E+00
 0.387600E+01   0.216503E+01   0.122816E+02   0.256168E+01   0.674893E+00
 0.390550E+01   0.216888E+01   0.122733E+02   0.256731E+01   0.678783E+00
 0.393500E+01   0.217260E+01   0.122521E+02   0.257276E+01   0.682660E+00
 0.396450E+01   0.217620E+01   0.122396E+02   0.257804E+01   0.686525E+00
 0.399400E+01   0.217968E+01   0.122271E+02   0.258316E+01   0.690376E+00
 0.402350E+01   0.218304E+01   0.122158E+02   0.258811E+01   0.694215E+00
 0.405300E+01   0.218629E+01   0.122079E+02   0.259291E+01   0.698041E+00
 0.408250E+01   0.218944E+01   0.121968E+02   0.259755E+01   0.701855E+00
 0.411200E+01   0.219248E+01   0.121820E+02   0.260205E+01   0.705657E+00
 0.414150E+01   0.219542E+01   0.121729E+02   0.260640E+01   0.709446E+00
 0.417100E+01   0.219826E+01   0.121565E+02   0.261061E+01   0.713224E+00
 0.420050E+01   0.220100E+01   0.121465E+02   0.261468E+01   0.716990E+00
 0.423000E+01   0.220365E+01   0.121368E+02   0.261862E+01   0.720744E+00
 0.425950E+01   0.220622E+01   0.121275E+02   0.262243E+01   0.724486E+00
 0.428900E+01   0.220869E+01   0.121119E+02   0.262612E+01   0.728217E+00
 0.431850E+01   0.221108E+01   0.120974E+02   0.262968E+01   0.731937E+00
 0.434800E+01   0.221339E+01   0.120898E+02   0.263313E+01   0.735645E+00
 0.437750E+01   0.221561E+01   0.120743E+02   0.263646E+01   0.739342E+00
 0.440700E+01   0.221776E+01   0.120626E+02   0.263967E+01   0.743029E+00
 0.443650E+01   0.221984E+01   0.120593E+02   0.264278E+01   0.746704E+00
 0.446600E+01   0.222184E+01   0.120479E+02   0.264578E+01   0.750369E+00
 0.449550E+01   0.222377E+01   0.120366E+02   0.264868E+01   0.754023E+00
 0.452500E+01   0.222563E+01   0.120228E+02   0.265148E+01   0.757666E+00
 0.455450E+01   0.222742E+01   0.120130E+02   0.265418E+01   0.761299E+00
 0.458400E+01   0.222915E+01   0.119999E+02   0.265678E+01   0.764922E+00
 0.461350E+01   0.223082E+01   0.119924E+02   0.265930E+01   0.768535E+00
 0.464300E+01   0.223242E+01   0.119823E+02   0.266172E+01   0.772137E+00
 0.467250E+01   0.223397E+01   0.119699E+02   0.266405E+01   0.775729E+00
 0.470200E+01   0.223545E+01   0.119563E+02   0.266630E+01   0.779312E+00
 0.473150E+01   0.223688E+01   0.119447E+02   0.266847E+01   0.782884E+00
 0.476100E+01   0.223826E+01   0.119382E+02   0.267055E+01   0.786447E+00
 0.479050E+01   0.223958E+01   0.119275E+02   0.267256E+01   0.790000E+00
 0.482000E+01   0.224085E+01   0.119118E+02   0.267449E+01   0.793544E+00
 0.484950E+01   0.224207E+01   0.119042E+02   0.267634E+01   0.797078E+00
 0.487900E+01   0.224325E+01   0.118952E+02   0.267812E+01   0.800603E+00
 0.490850E+01   0.224437E+01   0.118826E+02   0.267983E+01   0.804119E+00
 0.493800E+01   0.224545E+01   0.118784E+02   0.268148E+01   0.807626E+00
 0.496750E+01   0.224648E+01   0.118619E+02   0.268305E+01   0.811123E+00
 0.499700E+01   0.224747E+01   0.118541E+02   0.268456E+01   0.814611E+00
 0.502650E+01   0.224842E+01   0.118421E+02   0.268601E+01   0.818091E+00
 0.505600E+01   0.224932E+01   0.118381E+02   0.268739E+01   0.821561E+00
 0.508550E+01   0.225019E+01   0.118225E+02   0.268871E+01   0.825023E+00
 0.511500E+01   0.225101E+01   0.118184E+02   0.268998E+01   0.828477E+00
 0.514450E+01   0.225180E+01   0.118114E+02   0.269118E+01   0.831921E+00
 0.517400E+01   0.225255E+01   0.117970E+02   0.269233E+01   0.835357E+00
 0.520350E+01   0.225327E+01   0.117848E+02   0.269343E+01   0.838785E+00
 0.523300E+01   0.225395E+01   0.117734E+02   0.269447E+01   0.842204E+00
 0.526250E+01   0.225459E+01   0.117691E+02   0.269546E+01   0.845615E+00
 0.529200E+01   0.225520E+01   0.117563E+02   0.269641E+01   0.849018E+00
 0.532150E+01   0.225578E+01   0.117483E+02   0.269730E+01   0.852413E+00
 0.535100E+01   0.225633E+01   0.117406E+02   0.269814E+01   0.855799E+00
 0.538050E+01   0.225685E+01   0.117323E+02   0.269894E+01   0.859178E+00
 0.541000E+01   0.225734E+01   0.117241E+02   0.269969E+01   0.862548E+00
 0.543950E+01   0.225779E+01   0.117178E+02   0.270040E+01   0.865911E+00
 0.546900E+01   0.225822E+01   0.117056E+02   0.270106E+01   0.869266E+00
 0.549850E+01   0.225863E+01   0.116998E+02   0.270168E+01   0.872614E+00
 0.552800E+01   0.225900E+01   0.116897E+02   0.270226E+01   0.875953E+00
 0.555750E+01   0.225935E+01   0.116774E+02   0.270281E+01   0.879285E+00
 0.558700E+01   0.225968E+01   0.116700E+02   0.270331E+01   0.882610E+00
 0.561650E+01   0.225997E+01   0.116562E+02   0.270377E+01   0.885927E+00
 0.564600E+01   0.226025E+01   0.116489E+02   0.270420E+01   0.889236E+00
 0.567550E+01   0.226050E+01   0.116438E+02   0.270459E+01   0.892539E+00
 0.570500E+01   0.226073E+01   0.116306E+02   0.270494E+01   0.895834E+00
 0.573450E+01   0.226094E+01   0.116222E+02   0.270526E+01   0.899122E+00
 0.576400E+01   0.226112E+01   0.116183E+02   0.270555E+01   0.902402E+00
 0.579350E+01   0.226128E+01   0.116040E+02   0.270580E+01   0.905676E+00
 0.582300E+01   0.226142E+01   0.116036E+02   0.270602E+01   0.908942E+00
 0.585250E+01   0.226155E+01   0.115908E+02   0.270621E+01   0.912202E+00
 0.588200E+01   0.226165E+01   0.115863E+02   0.270637E+01   0.915454E+00
 0.591150E+01   0.226173E+01   0.115788E+02   0.270650E+01   0.918700E+00
 0.594100E+01   0.226180E+01   0.115723E+02   0.270660E+01   0.921939E+00
 0.597050E+01   0.226184E+01   0.115591E+02   0.270668E+01   0.925171E+00
