 0.100000E+00   0.327197E+00   0.170940E+03   0.329532E+00   0.209161E-01
 0.129500E+00   0.293492E+00   0.176821E+03   0.295553E+00   0.270697E-01
 0.159000E+00   0.250730E+00   0.181163E+03   0.252428E+00   0.332166E-01
 0.188500E+00   0.182668E+00   0.164828E+03   0.183784E+00   0.393570E-01
 0.218000E+00   0.127964E+00   0.139695E+03   0.128619E+00   0.454912E-01
 0.247500E+00   0.998892E-01   0.114611E+03   0.100308E+00   0.516192E-01
 0.277000E+00   0.905610E-01   0.983840E+02   0.908992E-01   0.577413E-01
 0.306500E+00   0.883147E-01   0.840688E+02   0.886345E-01   0.638576E-01
 0.336000E+00   0.880487E-01   0.744519E+02   0.883714E-01   0.702954E-01
 0.365500E+00   0.918048E-01   0.497921E+02   0.921986E-01   0.764304E-01
 0.395000E+00   0.100364E+00   0.403330E+02   0.100901E+00   0.825557E-01
 0.424500E+00   0.111876E+00   0.381971E+02   0.112618E+00   0.886706E-01
 0.454000E+00   0.125531E+00   0.292324E+02   0.126541E+00   0.947746E-01
 0.483500E+00   0.140822E+00   0.243952E+02   0.142163E+00   0.100867E+00
 0.513000E+00   0.157408E+00   0.214627E+02   0.159145E+00   0.106948E+00
 0.542500E+00   0.175043E+00   0.195381E+02   0.177245E+00   0.113017E+00
 0.572000E+00   0.193547E+00   0.181998E+02   0.196283E+00   0.119073E+00
 0.601500E+00   0.212780E+00   0.172361E+02   0.216122E+00   0.125117E+00
 0.631000E+00   0.232633E+00   0.165171E+02   0.236655E+00   0.131147E+00
 0.660500E+00   0.252810E+00   0.159709E+02   0.257578E+00   0.137164E+00
 0.690000E+00   0.272981E+00   0.155568E+02   0.278552E+00   0.143168E+00
 0.719500E+00   0.293310E+00   0.152173E+02   0.299747E+00   0.149159E+00
 0.749000E+00   0.313827E+00   0.149434E+02   0.321195E+00   0.155135E+00
 0.778500E+00   0.334544E+00   0.147155E+02   0.342910E+00   0.161098E+00
 0.808000E+00   0.355469E+00   0.145329E+02   0.364904E+00   0.167047E+00
 0.837500E+00   0.376611E+00   0.143680E+02   0.387187E+00   0.172982E+00
 0.867000E+00   0.397977E+00   0.142353E+02   0.409770E+00   0.178903E+00
 0.896500E+00   0.419578E+00   0.141207E+02   0.432665E+00   0.184808E+00
 0.926000E+00   0.441421E+00   0.140147E+02   0.455883E+00   0.190699E+00
 0.955500E+00   0.463516E+00   0.139248E+02   0.479437E+00   0.196575E+00
 0.985000E+00   0.485872E+00   0.138487E+02   0.503339E+00   0.202435E+00
 0.101450E+01   0.508498E+00   0.137754E+02   0.527603E+00   0.208280E+00
 0.104400E+01   0.531403E+00   0.137171E+02   0.552239E+00   0.214108E+00
 0.107350E+01   0.554594E+00   0.136650E+02   0.577260E+00   0.219920E+00
 0.110300E+01   0.578079E+00   0.136187E+02   0.602676E+00   0.225716E+00
 0.113250E+01   0.601862E+00   0.135657E+02   0.628498E+00   0.231495E+00
 0.116200E+01   0.625948E+00   0.135260E+02   0.654733E+00   0.237256E+00
 0.119150E+01   0.650340E+00   0.134912E+02   0.681388E+00   0.243000E+00
 0.122100E+01   0.675039E+00   0.134646E+02   0.708468E+00   0.248726E+00
 0.125050E+01   0.700043E+00   0.134271E+02   0.735977E+00   0.254434E+00
 0.128000E+01   0.725349E+00   0.134054E+02   0.763914E+00   0.260123E+00
 0.130950E+01   0.750952E+00   0.133813E+02   0.792278E+00   0.265793E+00
 0.133900E+01   0.776842E+00   0.133582E+02   0.821065E+00   0.271443E+00
 0.136850E+01   0.803011E+00   0.133390E+02   0.850266E+00   0.277074E+00
 0.139800E+01   0.829443E+00   0.133206E+02   0.879870E+00   0.282685E+00
 0.142750E+01   0.856123E+00   0.132944E+02   0.909864E+00   0.288276E+00
 0.145700E+01   0.883031E+00   0.132854E+02   0.940231E+00   0.293846E+00
 0.148650E+01   0.910146E+00   0.132682E+02   0.970950E+00   0.299395E+00
 0.151600E+01   0.937443E+00   0.132518E+02   0.100200E+01   0.304922E+00
 0.154550E+01   0.964895E+00   0.132359E+02   0.103334E+01   0.310428E+00
 0.157500E+01   0.992472E+00   0.132313E+02   0.106496E+01   0.315911E+00
 0.160450E+01   0.102014E+01   0.132155E+02   0.109682E+01   0.321372E+00
 0.163400E+01   0.104788E+01   0.132046E+02   0.112888E+01   0.326811E+00
 0.166350E+01   0.107564E+01   0.131959E+02   0.116110E+01   0.332226E+00
 0.169300E+01   0.110339E+01   0.131844E+02   0.119345E+01   0.337618E+00
 0.172250E+01   0.113109E+01   0.131748E+02   0.122588E+01   0.342987E+00
 0.175200E+01   0.115871E+01   0.131649E+02   0.125835E+01   0.348332E+00
 0.178150E+01   0.118621E+01   0.131546E+02   0.129082E+01   0.353653E+00
 0.181100E+01   0.121355E+01   0.131492E+02   0.132325E+01   0.358950E+00
 0.184050E+01   0.124070E+01   0.131412E+02   0.135558E+01   0.364222E+00
 0.187000E+01   0.126762E+01   0.131335E+02   0.138778E+01   0.369471E+00
 0.189950E+01   0.129428E+01   0.131213E+02   0.141981E+01   0.374694E+00
 0.192900E+01   0.132065E+01   0.131164E+02   0.145162E+01   0.379893E+00
 0.195850E+01   0.134669E+01   0.131018E+02   0.148318E+01   0.385068E+00
 0.198800E+01   0.137238E+01   0.130953E+02   0.151445E+01   0.390217E+00
 0.201750E+01   0.139770E+01   0.130802E+02   0.154539E+01   0.395342E+00
 0.204700E+01   0.142261E+01   0.130722E+02   0.157598E+01   0.400442E+00
 0.207650E+01   0.144710E+01   0.130681E+02   0.160617E+01   0.405518E+00
 0.210600E+01   0.147115E+01   0.130594E+02   0.163594E+01   0.410568E+00
 0.213550E+01   0.149474E+01   0.130438E+02   0.166528E+01   0.415594E+00
 0.216500E+01   0.151786E+01   0.130344E+02   0.169415E+01   0.420595E+00
 0.219450E+01   0.154050E+01   0.130312E+02   0.172253E+01   0.425572E+00
 0.222400E+01   0.156265E+01   0.130133E+02   0.175041E+01   0.430524E+00
 0.225350E+01   0.158430E+01   0.130086E+02   0.177777E+01   0.435452E+00
 0.228300E+01   0.160544E+01   0.129996E+02   0.180461E+01   0.440356E+00
 0.231250E+01   0.162608E+01   0.129808E+02   0.183090E+01   0.445235E+00
 0.234200E+01   0.164620E+01   0.129712E+02   0.185664E+01   0.450091E+00
 0.237150E+01   0.166582E+01   0.129613E+02   0.188184E+01   0.454923E+00
 0.240100E+01   0.168493E+01   0.129478E+02   0.190647E+01   0.459731E+00
 0.243050E+01   0.170353E+01   0.129427E+02   0.193054E+01   0.464516E+00
 0.246000E+01   0.172164E+01   0.129282E+02   0.195405E+01   0.469278E+00
 0.248950E+01   0.173924E+01   0.129143E+02   0.197700E+01   0.474017E+00
 0.251900E+01   0.175636E+01   0.128989E+02   0.199939E+01   0.478733E+00
 0.254850E+01   0.177299E+01   0.128927E+02   0.202123E+01   0.483427E+00
 0.257800E+01   0.178915E+01   0.128731E+02   0.204251E+01   0.488098E+00
 0.260750E+01   0.180484E+01   0.128639E+02   0.206325E+01   0.492747E+00
 0.263700E+01   0.182007E+01   0.128549E+02   0.208346E+01   0.497374E+00
 0.266650E+01   0.183486E+01   0.128376E+02   0.210313E+01   0.501979E+00
 0.269600E+01   0.184920E+01   0.128272E+02   0.212228E+01   0.506563E+00
 0.272550E+01   0.186311E+01   0.128124E+02   0.214091E+01   0.511126E+00
 0.275500E+01   0.187660E+01   0.127961E+02   0.215904E+01   0.515667E+00
 0.278450E+01   0.188968E+01   0.127870E+02   0.217666E+01   0.520188E+00
 0.281400E+01   0.190236E+01   0.127729E+02   0.219380E+01   0.524689E+00
 0.284350E+01   0.191465E+01   0.127638E+02   0.221047E+01   0.529169E+00
 0.287300E+01   0.192656E+01   0.127514E+02   0.222666E+01   0.533629E+00
 0.290250E+01   0.193810E+01   0.127316E+02   0.224240E+01   0.538069E+00
 0.293200E+01   0.194927E+01   0.127224E+02   0.225769E+01   0.542490E+00
 0.296150E+01   0.196010E+01   0.127049E+02   0.227254E+01   0.546891E+00
 0.299100E+01   0.197059E+01   0.126983E+02   0.228697E+01   0.551273E+00
 0.302050E+01   0.198075E+01   0.126836E+02   0.230098E+01   0.555636E+00
 0.305000E+01   0.199059E+01   0.126687E+02   0.231458E+01   0.559980E+00
 0.307950E+01   0.200012E+01   0.126572E+02   0.232778E+01   0.564306E+00
 0.310900E+01   0.200935E+01   0.126371E+02   0.234060E+01   0.568614E+00
 0.313850E+01   0.201828E+01   0.126234E+02   0.235305E+01   0.572904E+00
 0.316800E+01   0.202693E+01   0.126092E+02   0.236512E+01   0.577176E+00
 0.319750E+01   0.203530E+01   0.126020E+02   0.237684E+01   0.581430E+00
 0.322700E+01   0.204341E+01   0.125817E+02   0.238822E+01   0.585667E+00
 0.325650E+01   0.205126E+01   0.125667E+02   0.239925E+01   0.589886E+00
 0.328600E+01   0.205886E+01   0.125583E+02   0.240996E+01   0.594089E+00
 0.331550E+01   0.206621E+01   0.125400E+02   0.242035E+01   0.598275E+00
 0.334500E+01   0.207333E+01   0.125303E+02   0.243042E+01   0.602444E+00
 0.337450E+01   0.208022E+01   0.125183E+02   0.244020E+01   0.606598E+00
 0.340400E+01   0.208689E+01   0.125039E+02   0.244968E+01   0.610734E+00
 0.343350E+01   0.209334E+01   0.124896E+02   0.245887E+01   0.614855E+00
 0.346300E+01   0.209959E+01   0.124772E+02   0.246779E+01   0.618960E+00
 0.349250E+01   0.210564E+01   0.124627E+02   0.247643E+01   0.623050E+00
 0.352200E+01   0.211149E+01   0.124523E+02   0.248482E+01   0.627124E+00
 0.355150E+01   0.211715E+01   0.124331E+02   0.249295E+01   0.631183E+00
 0.358100E+01   0.212263E+01   0.124241E+02   0.250083E+01   0.635227E+00
 0.361050E+01   0.212793E+01   0.124158E+02   0.250847E+01   0.639256E+00
 0.364000E+01   0.213307E+01   0.124019E+02   0.251588E+01   0.643270E+00
 0.366950E+01   0.213803E+01   0.123831E+02   0.252306E+01   0.647270E+00
 0.369900E+01   0.214284E+01   0.123718E+02   0.253002E+01   0.651255E+00
 0.372850E+01   0.214749E+01   0.123631E+02   0.253677E+01   0.655227E+00
 0.375800E+01   0.215198E+01   0.123510E+02   0.254330E+01   0.659184E+00
 0.378750E+01   0.215633E+01   0.123345E+02   0.254964E+01   0.663127E+00
 0.381700E+01   0.216054E+01   0.123190E+02   0.255577E+01   0.667057E+00
 0.384650E+01   0.216462E+01   0.123117E+02   0.256172E+01   0.670973E+00
 0.387600E+01   0.216855E+01   0.122935E+02   0.256748E+01   0.674876E+00
 0.390550E+01   0.217236E+01   0.122794E+02   0.257306E+01   0.678766E+00
 0.393500E+01   0.217605E+01   0.122671E+02   0.257847E+01   0.682642E+00
 0.396450E+01   0.217961E+01   0.122587E+02   0.258370E+01   0.686506E+00
 0.399400E+01   0.218306E+01   0.122485E+02   0.258877E+01   0.690356E+00
 0.402350E+01   0.218639E+01   0.122381E+02   0.259368E+01   0.694194E+00
 0.405300E+01   0.218961E+01   0.122180E+02   0.259843E+01   0.698020E+00
 0.408250E+01   0.219272E+01   0.122144E+02   0.260303E+01   0.701833E+00
 0.411200E+01   0.219573E+01   0.121978E+02   0.260749E+01   0.705634E+00
 0.414150E+01   0.219864E+01   0.121880E+02   0.261179E+01   0.709423E+00
 0.417100E+01   0.220145E+01   0.121786E+02   0.261596E+01   0.713200E+00
 0.420050E+01   0.220416E+01   0.121576E+02   0.262000E+01   0.716965E+00
 0.423000E+01   0.220679E+01   0.121487E+02   0.262390E+01   0.720719E+00
 0.425950E+01   0.220932E+01   0.121364E+02   0.262767E+01   0.724461E+00
 0.428900E+01   0.221177E+01   0.121291E+02   0.263132E+01   0.728191E+00
 0.431850E+01   0.221413E+01   0.121115E+02   0.263485E+01   0.731910E+00
 0.434800E+01   0.221641E+01   0.121077E+02   0.263825E+01   0.735618E+00
 0.437750E+01   0.221861E+01   0.120895E+02   0.264155E+01   0.739315E+00
 0.440700E+01   0.222074E+01   0.120774E+02   0.264473E+01   0.743001E+00
 0.443650E+01   0.222279E+01   0.120651E+02   0.264781E+01   0.746675E+00
 0.446600E+01   0.222477E+01   0.120628E+02   0.265077E+01   0.750340E+00
 0.449550E+01   0.222667E+01   0.120519E+02   0.265364E+01   0.753993E+00
 0.452500E+01   0.222851E+01   0.120347E+02   0.265641E+01   0.757636E+00
 0.455450E+01   0.223028E+01   0.120238E+02   0.265907E+01   0.761269E+00
 0.458400E+01   0.223199E+01   0.120167E+02   0.266165E+01   0.764891E+00
 0.461350E+01   0.223364E+01   0.120079E+02   0.266413E+01   0.768503E+00
 0.464300E+01   0.223522E+01   0.119885E+02   0.266652E+01   0.772105E+00
 0.467250E+01   0.223675E+01   0.119782E+02   0.266883E+01   0.775697E+00
 0.470200E+01   0.223821E+01   0.119702E+02   0.267105E+01   0.779279E+00
 0.473150E+01   0.223962E+01   0.119607E+02   0.267318E+01   0.782851E+00
 0.476100E+01   0.224098E+01   0.119476E+02   0.267524E+01   0.786413E+00
 0.479050E+01   0.224228E+01   0.119382E+02   0.267722E+01   0.789966E+00
 0.482000E+01   0.224354E+01   0.119289E+02   0.267912E+01   0.793509E+00
 0.484950E+01   0.224474E+01   0.119225E+02   0.268095E+01   0.797043E+00
 0.487900E+01   0.224589E+01   0.119110E+02   0.268271E+01   0.800568E+00
 0.490850E+01   0.224700E+01   0.119024E+02   0.268439E+01   0.804083E+00
 0.493800E+01   0.224806E+01   0.118909E+02   0.268601E+01   0.807589E+00
 0.496750E+01   0.224908E+01   0.118744E+02   0.268756E+01   0.811086E+00
 0.499700E+01   0.225005E+01   0.118710E+02   0.268904E+01   0.814574E+00
 0.502650E+01   0.225098E+01   0.118548E+02   0.269047E+01   0.818053E+00
 0.505600E+01   0.225187E+01   0.118451E+02   0.269183E+01   0.821523E+00
 0.508550E+01   0.225272E+01   0.118382E+02   0.269313E+01   0.824984E+00
 0.511500E+01   0.225353E+01   0.118258E+02   0.269437E+01   0.828437E+00
 0.514450E+01   0.225430E+01   0.118200E+02   0.269555E+01   0.831882E+00
 0.517400E+01   0.225504E+01   0.118112E+02   0.269668E+01   0.835317E+00
 0.520350E+01   0.225574E+01   0.118025E+02   0.269776E+01   0.838744E+00
 0.523300E+01   0.225640E+01   0.117873E+02   0.269878E+01   0.842163E+00
 0.526250E+01   0.225703E+01   0.117804E+02   0.269975E+01   0.845574E+00
 0.529200E+01   0.225763E+01   0.117706E+02   0.270067E+01   0.848976E+00
 0.532150E+01   0.225820E+01   0.117602E+02   0.270154E+01   0.852371E+00
 0.535100E+01   0.225873E+01   0.117573E+02   0.270237E+01   0.855757E+00
 0.538050E+01   0.225924E+01   0.117485E+02   0.270314E+01   0.859135E+00
 0.541000E+01   0.225971E+01   0.117331E+02   0.270388E+01   0.862505E+00
 0.543950E+01   0.226016E+01   0.117216E+02   0.270457E+01   0.865868E+00
 0.546900E+01   0.226058E+01   0.117192E+02   0.270521E+01   0.869223E+00
 0.549850E+01   0.226097E+01   0.117103E+02   0.270581E+01   0.872569E+00
 0.552800E+01   0.226133E+01   0.117013E+02   0.270638E+01   0.875909E+00
 0.555750E+01   0.226167E+01   0.116892E+02   0.270690E+01   0.879240E+00
 0.558700E+01   0.226198E+01   0.116815E+02   0.270738E+01   0.882565E+00
 0.561650E+01   0.226227E+01   0.116743E+02   0.270783E+01   0.885881E+00
 0.564600E+01   0.226253E+01   0.116666E+02   0.270824E+01   0.889191E+00
 0.567550E+01   0.226277E+01   0.116508E+02   0.270861E+01   0.892493E+00
 0.570500E+01   0.226299E+01   0.116419E+02   0.270895E+01   0.895787E+00
 0.573450E+01   0.226318E+01   0.116372E+02   0.270925E+01   0.899075E+00
 0.576400E+01   0.226336E+01   0.116276E+02   0.270952E+01   0.902355E+00
 0.579350E+01   0.226351E+01   0.116208E+02   0.270976E+01   0.905628E+00
 0.582300E+01   0.226364E+01   0.116153E+02   0.270997E+01   0.908894E+00
 0.585250E+01   0.226376E+01   0.116050E+02   0.271014E+01   0.912154E+00
 0.588200E+01   0.226385E+01   0.115989E+02   0.271028E+01   0.915406E+00
 0.591150E+01   0.226392E+01   0.115833E+02   0.271040E+01   0.918651E+00
 0.594100E+01   0.226398E+01   0.115807E+02   0.271049E+01   0.921890E+00
 0.597050E+01   0.226401E+01   0.115700E+02   0.271054E+01   0.925122E+00
