 0.100000E+00   0.327197E+00   0.170940E+03   0.329532E+00   0.209161E-01
 0.129500E+00   0.293492E+00   0.176821E+03   0.295553E+00   0.270697E-01
 0.159000E+00   0.250278E+00   0.180849E+03   0.251972E+00   0.332166E-01
 0.188500E+00   0.181834E+00   0.164048E+03   0.182942E+00   0.393570E-01
 0.218000E+00   0.129116E+00   0.141467E+03   0.129782E+00   0.454912E-01
 0.247500E+00   0.100202E+00   0.115554E+03   0.100623E+00   0.516192E-01
 0.277000E+00   0.906147E-01   0.987446E+02   0.909534E-01   0.577413E-01
 0.306500E+00   0.882804E-01   0.820416E+02   0.885979E-01   0.638576E-01
 0.336000E+00   0.883754E-01   0.703856E+02   0.887003E-01   0.702814E-01
 0.365500E+00   0.931734E-01   0.469251E+02   0.935795E-01   0.764142E-01
 0.395000E+00   0.102388E+00   0.407200E+02   0.102946E+00   0.825371E-01
 0.424500E+00   0.114339E+00   0.363764E+02   0.115110E+00   0.886496E-01
 0.454000E+00   0.128315E+00   0.283553E+02   0.129360E+00   0.947511E-01
 0.483500E+00   0.143840E+00   0.239214E+02   0.145224E+00   0.100841E+00
 0.513000E+00   0.160596E+00   0.211959E+02   0.162382E+00   0.106920E+00
 0.542500E+00   0.178349E+00   0.193864E+02   0.180606E+00   0.112986E+00
 0.572000E+00   0.196928E+00   0.181111E+02   0.199725E+00   0.119039E+00
 0.601500E+00   0.216200E+00   0.171953E+02   0.219608E+00   0.125080E+00
 0.631000E+00   0.236069E+00   0.164954E+02   0.240159E+00   0.131108E+00
 0.660500E+00   0.256051E+00   0.159697E+02   0.260884E+00   0.137122E+00
 0.690000E+00   0.276077E+00   0.155622E+02   0.281710E+00   0.143124E+00
 0.719500E+00   0.296260E+00   0.152345E+02   0.302753E+00   0.149111E+00
 0.749000E+00   0.316622E+00   0.149684E+02   0.324040E+00   0.155086E+00
 0.778500E+00   0.337175E+00   0.147516E+02   0.345586E+00   0.161046E+00
 0.808000E+00   0.357929E+00   0.145690E+02   0.367401E+00   0.166993E+00
 0.837500E+00   0.378894E+00   0.144099E+02   0.389497E+00   0.172926E+00
 0.867000E+00   0.400079E+00   0.142752E+02   0.411887E+00   0.178844E+00
 0.896500E+00   0.421493E+00   0.141559E+02   0.434582E+00   0.184748E+00
 0.926000E+00   0.443147E+00   0.140546E+02   0.457597E+00   0.190636E+00
 0.955500E+00   0.465051E+00   0.139633E+02   0.480945E+00   0.196510E+00
 0.985000E+00   0.487215E+00   0.138874E+02   0.504639E+00   0.202368E+00
 0.101450E+01   0.509650E+00   0.138138E+02   0.528692E+00   0.208211E+00
 0.104400E+01   0.532363E+00   0.137512E+02   0.553118E+00   0.214038E+00
 0.107350E+01   0.555365E+00   0.136928E+02   0.577929E+00   0.219848E+00
 0.110300E+01   0.578662E+00   0.136390E+02   0.603136E+00   0.225643E+00
 0.113250E+01   0.602260E+00   0.135936E+02   0.628750E+00   0.231420E+00
 0.116200E+01   0.626165E+00   0.135527E+02   0.654779E+00   0.237180E+00
 0.119150E+01   0.650379E+00   0.135227E+02   0.681232E+00   0.242922E+00
 0.122100E+01   0.674905E+00   0.134813E+02   0.708114E+00   0.248647E+00
 0.125050E+01   0.699741E+00   0.134545E+02   0.735429E+00   0.254353E+00
 0.128000E+01   0.724885E+00   0.134208E+02   0.763176E+00   0.260041E+00
 0.130950E+01   0.750332E+00   0.134024E+02   0.791356E+00   0.265710E+00
 0.133900E+01   0.776073E+00   0.133732E+02   0.819964E+00   0.271360E+00
 0.136850E+01   0.802099E+00   0.133502E+02   0.848993E+00   0.276990E+00
 0.139800E+01   0.828395E+00   0.133374E+02   0.878432E+00   0.282600E+00
 0.142750E+01   0.854947E+00   0.133185E+02   0.908267E+00   0.288190E+00
 0.145700E+01   0.881734E+00   0.132996E+02   0.938483E+00   0.293759E+00
 0.148650E+01   0.908735E+00   0.132808E+02   0.969057E+00   0.299307E+00
 0.151600E+01   0.935927E+00   0.132683E+02   0.999968E+00   0.304833E+00
 0.154550E+01   0.963281E+00   0.132492E+02   0.103119E+01   0.310338E+00
 0.157500E+01   0.990769E+00   0.132359E+02   0.106269E+01   0.315821E+00
 0.160450E+01   0.101836E+01   0.132265E+02   0.109443E+01   0.321282E+00
 0.163400E+01   0.104602E+01   0.132126E+02   0.112638E+01   0.326720E+00
 0.166350E+01   0.107371E+01   0.132063E+02   0.115851E+01   0.332135E+00
 0.169300E+01   0.110140E+01   0.131978E+02   0.119077E+01   0.337526E+00
 0.172250E+01   0.112905E+01   0.131815E+02   0.122312E+01   0.342895E+00
 0.175200E+01   0.115662E+01   0.131750E+02   0.125552E+01   0.348239E+00
 0.178150E+01   0.118408E+01   0.131608E+02   0.128792E+01   0.353560E+00
 0.181100E+01   0.121139E+01   0.131581E+02   0.132029E+01   0.358857E+00
 0.184050E+01   0.123852E+01   0.131461E+02   0.135257E+01   0.364129E+00
 0.187000E+01   0.126541E+01   0.131367E+02   0.138472E+01   0.369377E+00
 0.189950E+01   0.129206E+01   0.131313E+02   0.141671E+01   0.374600E+00
 0.192900E+01   0.131841E+01   0.131142E+02   0.144849E+01   0.379799E+00
 0.195850E+01   0.134444E+01   0.131075E+02   0.148002E+01   0.384974E+00
 0.198800E+01   0.137013E+01   0.131024E+02   0.151126E+01   0.390123E+00
 0.201750E+01   0.139544E+01   0.130909E+02   0.154218E+01   0.395248E+00
 0.204700E+01   0.142036E+01   0.130809E+02   0.157275E+01   0.400348E+00
 0.207650E+01   0.144485E+01   0.130733E+02   0.160293E+01   0.405423E+00
 0.210600E+01   0.146891E+01   0.130608E+02   0.163270E+01   0.410473E+00
 0.213550E+01   0.149251E+01   0.130506E+02   0.166202E+01   0.415499E+00
 0.216500E+01   0.151565E+01   0.130448E+02   0.169089E+01   0.420500E+00
 0.219450E+01   0.153830E+01   0.130349E+02   0.171927E+01   0.425477E+00
 0.222400E+01   0.156046E+01   0.130147E+02   0.174715E+01   0.430429E+00
 0.225350E+01   0.158213E+01   0.130077E+02   0.177452E+01   0.435357E+00
 0.228300E+01   0.160329E+01   0.129940E+02   0.180136E+01   0.440260E+00
 0.231250E+01   0.162394E+01   0.129895E+02   0.182766E+01   0.445140E+00
 0.234200E+01   0.164409E+01   0.129760E+02   0.185342E+01   0.449996E+00
 0.237150E+01   0.166373E+01   0.129593E+02   0.187862E+01   0.454828E+00
 0.240100E+01   0.168286E+01   0.129545E+02   0.190326E+01   0.459636E+00
 0.243050E+01   0.170148E+01   0.129391E+02   0.192735E+01   0.464421E+00
 0.246000E+01   0.171961E+01   0.129293E+02   0.195087E+01   0.469183E+00
 0.248950E+01   0.173724E+01   0.129207E+02   0.197384E+01   0.473922E+00
 0.251900E+01   0.175438E+01   0.129051E+02   0.199624E+01   0.478638E+00
 0.254850E+01   0.177103E+01   0.128884E+02   0.201809E+01   0.483331E+00
 0.257800E+01   0.178721E+01   0.128820E+02   0.203940E+01   0.488002E+00
 0.260750E+01   0.180292E+01   0.128657E+02   0.206016E+01   0.492651E+00
 0.263700E+01   0.181818E+01   0.128554E+02   0.208038E+01   0.497278E+00
 0.266650E+01   0.183298E+01   0.128423E+02   0.210006E+01   0.501884E+00
 0.269600E+01   0.184734E+01   0.128235E+02   0.211923E+01   0.506468E+00
 0.272550E+01   0.186128E+01   0.128190E+02   0.213788E+01   0.511030E+00
 0.275500E+01   0.187479E+01   0.128035E+02   0.215602E+01   0.515572E+00
 0.278450E+01   0.188789E+01   0.127901E+02   0.217367E+01   0.520093E+00
 0.281400E+01   0.190059E+01   0.127773E+02   0.219083E+01   0.524593E+00
 0.284350E+01   0.191290E+01   0.127619E+02   0.220751E+01   0.529073E+00
 0.287300E+01   0.192483E+01   0.127492E+02   0.222372E+01   0.533533E+00
 0.290250E+01   0.193638E+01   0.127368E+02   0.223948E+01   0.537974E+00
 0.293200E+01   0.194758E+01   0.127201E+02   0.225478E+01   0.542394E+00
 0.296150E+01   0.195843E+01   0.127081E+02   0.226965E+01   0.546795E+00
 0.299100E+01   0.196894E+01   0.126944E+02   0.228410E+01   0.551177E+00
 0.302050E+01   0.197912E+01   0.126763E+02   0.229812E+01   0.555541E+00
 0.305000E+01   0.198897E+01   0.126709E+02   0.231174E+01   0.559885E+00
 0.307950E+01   0.199852E+01   0.126505E+02   0.232496E+01   0.564211E+00
 0.310900E+01   0.200776E+01   0.126360E+02   0.233780E+01   0.568519E+00
 0.313850E+01   0.201671E+01   0.126257E+02   0.235026E+01   0.572808E+00
 0.316800E+01   0.202538E+01   0.126083E+02   0.236235E+01   0.577080E+00
 0.319750E+01   0.203377E+01   0.125977E+02   0.237409E+01   0.581334E+00
 0.322700E+01   0.204189E+01   0.125814E+02   0.238548E+01   0.585571E+00
 0.325650E+01   0.204975E+01   0.125670E+02   0.239653E+01   0.589791E+00
 0.328600E+01   0.205736E+01   0.125564E+02   0.240725E+01   0.593994E+00
 0.331550E+01   0.206473E+01   0.125484E+02   0.241765E+01   0.598180E+00
 0.334500E+01   0.207187E+01   0.125343E+02   0.242774E+01   0.602349E+00
 0.337450E+01   0.207877E+01   0.125205E+02   0.243753E+01   0.606502E+00
 0.340400E+01   0.208545E+01   0.125082E+02   0.244703E+01   0.610639E+00
 0.343350E+01   0.209192E+01   0.124950E+02   0.245623E+01   0.614760E+00
 0.346300E+01   0.209818E+01   0.124815E+02   0.246516E+01   0.618865E+00
 0.349250E+01   0.210424E+01   0.124621E+02   0.247383E+01   0.622955E+00
 0.352200E+01   0.211010E+01   0.124547E+02   0.248222E+01   0.627029E+00
 0.355150E+01   0.211578E+01   0.124361E+02   0.249037E+01   0.631088E+00
 0.358100E+01   0.212127E+01   0.124265E+02   0.249826E+01   0.635131E+00
 0.361050E+01   0.212659E+01   0.124122E+02   0.250592E+01   0.639160E+00
 0.364000E+01   0.213173E+01   0.123945E+02   0.251334E+01   0.643175E+00
 0.366950E+01   0.213671E+01   0.123815E+02   0.252053E+01   0.647175E+00
 0.369900E+01   0.214152E+01   0.123730E+02   0.252750E+01   0.651160E+00
 0.372850E+01   0.214618E+01   0.123569E+02   0.253426E+01   0.655131E+00
 0.375800E+01   0.215069E+01   0.123432E+02   0.254081E+01   0.659088E+00
 0.378750E+01   0.215505E+01   0.123304E+02   0.254715E+01   0.663032E+00
 0.381700E+01   0.215927E+01   0.123208E+02   0.255330E+01   0.666962E+00
 0.384650E+01   0.216335E+01   0.123078E+02   0.255926E+01   0.670878E+00
 0.387600E+01   0.216730E+01   0.122979E+02   0.256503E+01   0.674781E+00
 0.390550E+01   0.217112E+01   0.122791E+02   0.257063E+01   0.678670E+00
 0.393500E+01   0.217481E+01   0.122695E+02   0.257604E+01   0.682547E+00
 0.396450E+01   0.217839E+01   0.122593E+02   0.258129E+01   0.686410E+00
 0.399400E+01   0.218184E+01   0.122475E+02   0.258637E+01   0.690261E+00
 0.402350E+01   0.218518E+01   0.122343E+02   0.259129E+01   0.694099E+00
 0.405300E+01   0.218841E+01   0.122205E+02   0.259605E+01   0.697925E+00
 0.408250E+01   0.219153E+01   0.122112E+02   0.260066E+01   0.701738E+00
 0.411200E+01   0.219455E+01   0.122012E+02   0.260512E+01   0.705539E+00
 0.414150E+01   0.219746E+01   0.121811E+02   0.260944E+01   0.709328E+00
 0.417100E+01   0.220028E+01   0.121722E+02   0.261362E+01   0.713105E+00
 0.420050E+01   0.220300E+01   0.121598E+02   0.261766E+01   0.716870E+00
 0.423000E+01   0.220564E+01   0.121544E+02   0.262157E+01   0.720623E+00
 0.425950E+01   0.220818E+01   0.121351E+02   0.262535E+01   0.724365E+00
 0.428900E+01   0.221063E+01   0.121311E+02   0.262901E+01   0.728095E+00
 0.431850E+01   0.221300E+01   0.121112E+02   0.263255E+01   0.731815E+00
 0.434800E+01   0.221529E+01   0.120999E+02   0.263596E+01   0.735522E+00
 0.437750E+01   0.221750E+01   0.120881E+02   0.263927E+01   0.739219E+00
 0.440700E+01   0.221963E+01   0.120797E+02   0.264246E+01   0.742905E+00
 0.443650E+01   0.222169E+01   0.120680E+02   0.264554E+01   0.746580E+00
 0.446600E+01   0.222367E+01   0.120536E+02   0.264852E+01   0.750244E+00
 0.449550E+01   0.222558E+01   0.120445E+02   0.265139E+01   0.753897E+00
 0.452500E+01   0.222743E+01   0.120359E+02   0.265416E+01   0.757540E+00
 0.455450E+01   0.222921E+01   0.120294E+02   0.265684E+01   0.761173E+00
 0.458400E+01   0.223092E+01   0.120096E+02   0.265942E+01   0.764795E+00
 0.461350E+01   0.223257E+01   0.119986E+02   0.266191E+01   0.768407E+00
 0.464300E+01   0.223416E+01   0.119969E+02   0.266431E+01   0.772009E+00
 0.467250E+01   0.223569E+01   0.119840E+02   0.266662E+01   0.775601E+00
 0.470200E+01   0.223716E+01   0.119680E+02   0.266885E+01   0.779183E+00
 0.473150E+01   0.223858E+01   0.119651E+02   0.267100E+01   0.782755E+00
 0.476100E+01   0.223994E+01   0.119509E+02   0.267306E+01   0.786317E+00
 0.479050E+01   0.224125E+01   0.119360E+02   0.267505E+01   0.789870E+00
 0.482000E+01   0.224251E+01   0.119326E+02   0.267696E+01   0.793413E+00
 0.484950E+01   0.224371E+01   0.119163E+02   0.267879E+01   0.796947E+00
 0.487900E+01   0.224487E+01   0.119104E+02   0.268055E+01   0.800472E+00
 0.490850E+01   0.224598E+01   0.118990E+02   0.268225E+01   0.803987E+00
 0.493800E+01   0.224705E+01   0.118893E+02   0.268387E+01   0.807493E+00
 0.496750E+01   0.224807E+01   0.118820E+02   0.268543E+01   0.810990E+00
 0.499700E+01   0.224905E+01   0.118663E+02   0.268692E+01   0.814478E+00
 0.502650E+01   0.224998E+01   0.118593E+02   0.268835E+01   0.817957E+00
 0.505600E+01   0.225088E+01   0.118523E+02   0.268971E+01   0.821427E+00
 0.508550E+01   0.225173E+01   0.118431E+02   0.269102E+01   0.824888E+00
 0.511500E+01   0.225255E+01   0.118317E+02   0.269227E+01   0.828341E+00
 0.514450E+01   0.225332E+01   0.118150E+02   0.269346E+01   0.831785E+00
 0.517400E+01   0.225406E+01   0.118090E+02   0.269459E+01   0.835221E+00
 0.520350E+01   0.225477E+01   0.118006E+02   0.269568E+01   0.838648E+00
 0.523300E+01   0.225544E+01   0.117919E+02   0.269670E+01   0.842067E+00
 0.526250E+01   0.225607E+01   0.117833E+02   0.269768E+01   0.845478E+00
 0.529200E+01   0.225668E+01   0.117749E+02   0.269861E+01   0.848880E+00
 0.532150E+01   0.225725E+01   0.117668E+02   0.269948E+01   0.852274E+00
 0.535100E+01   0.225778E+01   0.117532E+02   0.270031E+01   0.855661E+00
 0.538050E+01   0.225829E+01   0.117463E+02   0.270110E+01   0.859039E+00
 0.541000E+01   0.225877E+01   0.117386E+02   0.270183E+01   0.862409E+00
 0.543950E+01   0.225922E+01   0.117220E+02   0.270253E+01   0.865772E+00
 0.546900E+01   0.225964E+01   0.117136E+02   0.270318E+01   0.869126E+00
 0.549850E+01   0.226004E+01   0.117052E+02   0.270379E+01   0.872473E+00
 0.552800E+01   0.226040E+01   0.117014E+02   0.270436E+01   0.875812E+00
 0.555750E+01   0.226074E+01   0.116939E+02   0.270488E+01   0.879144E+00
 0.558700E+01   0.226106E+01   0.116819E+02   0.270537E+01   0.882468E+00
 0.561650E+01   0.226135E+01   0.116692E+02   0.270582E+01   0.885785E+00
 0.564600E+01   0.226162E+01   0.116630E+02   0.270624E+01   0.889094E+00
 0.567550E+01   0.226186E+01   0.116499E+02   0.270661E+01   0.892396E+00
 0.570500E+01   0.226208E+01   0.116449E+02   0.270696E+01   0.895691E+00
 0.573450E+01   0.226228E+01   0.116404E+02   0.270727E+01   0.898978E+00
 0.576400E+01   0.226246E+01   0.116312E+02   0.270754E+01   0.902258E+00
 0.579350E+01   0.226261E+01   0.116165E+02   0.270778E+01   0.905532E+00
 0.582300E+01   0.226275E+01   0.116117E+02   0.270799E+01   0.908798E+00
 0.585250E+01   0.226286E+01   0.116007E+02   0.270817E+01   0.912057E+00
 0.588200E+01   0.226296E+01   0.115999E+02   0.270832E+01   0.915309E+00
 0.591150E+01   0.226304E+01   0.115895E+02   0.270844E+01   0.918555E+00
 0.594100E+01   0.226309E+01   0.115820E+02   0.270853E+01   0.921793E+00
 0.597050E+01   0.226313E+01   0.115682E+02   0.270859E+01   0.925025E+00
