 0.100000E+00   0.327197E+00   0.170940E+03   0.329532E+00   0.209161E-01
 0.129500E+00   0.293492E+00   0.176821E+03   0.295553E+00   0.270697E-01
 0.159000E+00   0.251825E+00   0.181924E+03   0.253533E+00   0.332166E-01
 0.188500E+00   0.183499E+00   0.165603E+03   0.184622E+00   0.393570E-01
 0.218000E+00   0.129507E+00   0.142065E+03   0.130176E+00   0.454912E-01
 0.247500E+00   0.100408E+00   0.116176E+03   0.100832E+00   0.516192E-01
 0.277000E+00   0.906851E-01   0.992173E+02   0.910244E-01   0.577413E-01
 0.306500E+00   0.882682E-01   0.811796E+02   0.885847E-01   0.638576E-01
 0.336000E+00   0.886106E-01   0.683632E+02   0.889372E-01   0.702733E-01
 0.365500E+00   0.939291E-01   0.462441E+02   0.943421E-01   0.764048E-01
 0.395000E+00   0.103444E+00   0.406242E+02   0.104013E+00   0.825264E-01
 0.424500E+00   0.115596E+00   0.355422E+02   0.116381E+00   0.886375E-01
 0.454000E+00   0.129704E+00   0.279540E+02   0.130766E+00   0.947377E-01
 0.483500E+00   0.145310E+00   0.237171E+02   0.146712E+00   0.100826E+00
 0.513000E+00   0.162108E+00   0.210773E+02   0.163915E+00   0.106903E+00
 0.542500E+00   0.179872E+00   0.193143E+02   0.182151E+00   0.112968E+00
 0.572000E+00   0.198437E+00   0.180837E+02   0.201256E+00   0.119020E+00
 0.601500E+00   0.217673E+00   0.171794E+02   0.221103E+00   0.125060E+00
 0.631000E+00   0.237472E+00   0.164937E+02   0.241584E+00   0.131086E+00
 0.660500E+00   0.257298E+00   0.159777E+02   0.262146E+00   0.137100E+00
 0.690000E+00   0.277194E+00   0.155761E+02   0.282835E+00   0.143100E+00
 0.719500E+00   0.297245E+00   0.152526E+02   0.303742E+00   0.149086E+00
 0.749000E+00   0.317474E+00   0.149865E+02   0.324889E+00   0.155060E+00
 0.778500E+00   0.337892E+00   0.147659E+02   0.346291E+00   0.161019E+00
 0.808000E+00   0.358510E+00   0.145870E+02   0.367961E+00   0.166965E+00
 0.837500E+00   0.379338E+00   0.144217E+02   0.389911E+00   0.172897E+00
 0.867000E+00   0.400387E+00   0.142946E+02   0.412154E+00   0.178814E+00
 0.896500E+00   0.421667E+00   0.141716E+02   0.434704E+00   0.184717E+00
 0.926000E+00   0.443188E+00   0.140742E+02   0.457575E+00   0.190605E+00
 0.955500E+00   0.464962E+00   0.139793E+02   0.480780E+00   0.196478E+00
 0.985000E+00   0.487000E+00   0.138956E+02   0.504334E+00   0.202336E+00
 0.101450E+01   0.509311E+00   0.138295E+02   0.528251E+00   0.208178E+00
 0.104400E+01   0.531906E+00   0.137647E+02   0.552543E+00   0.214004E+00
 0.107350E+01   0.554792E+00   0.137027E+02   0.577224E+00   0.219814E+00
 0.110300E+01   0.577979E+00   0.136546E+02   0.602306E+00   0.225608E+00
 0.113250E+01   0.601472E+00   0.136136E+02   0.627799E+00   0.231385E+00
 0.116200E+01   0.625277E+00   0.135688E+02   0.653713E+00   0.237144E+00
 0.119150E+01   0.649397E+00   0.135321E+02   0.680055E+00   0.242886E+00
 0.122100E+01   0.673834E+00   0.134984E+02   0.706831E+00   0.248611E+00
 0.125050E+01   0.698586E+00   0.134628E+02   0.734045E+00   0.254317E+00
 0.128000E+01   0.723653E+00   0.134324E+02   0.761698E+00   0.260005E+00
 0.130950E+01   0.749027E+00   0.134100E+02   0.789789E+00   0.265673E+00
 0.133900E+01   0.774702E+00   0.133799E+02   0.818314E+00   0.271323E+00
 0.136850E+01   0.800667E+00   0.133581E+02   0.847265E+00   0.276953E+00
 0.139800E+01   0.826909E+00   0.133423E+02   0.876633E+00   0.282563E+00
 0.142750E+01   0.853411E+00   0.133212E+02   0.906402E+00   0.288153E+00
 0.145700E+01   0.880154E+00   0.133050E+02   0.936557E+00   0.293722E+00
 0.148650E+01   0.907118E+00   0.132808E+02   0.967078E+00   0.299270E+00
 0.151600E+01   0.934276E+00   0.132685E+02   0.997939E+00   0.304796E+00
 0.154550E+01   0.961602E+00   0.132564E+02   0.102912E+01   0.310301E+00
 0.157500E+01   0.989067E+00   0.132447E+02   0.106058E+01   0.315784E+00
 0.160450E+01   0.101664E+01   0.132281E+02   0.109229E+01   0.321245E+00
 0.163400E+01   0.104428E+01   0.132189E+02   0.112421E+01   0.326683E+00
 0.166350E+01   0.107196E+01   0.132049E+02   0.115632E+01   0.332098E+00
 0.169300E+01   0.109965E+01   0.131917E+02   0.118856E+01   0.337490E+00
 0.172250E+01   0.112730E+01   0.131878E+02   0.122089E+01   0.342858E+00
 0.175200E+01   0.115487E+01   0.131789E+02   0.125328E+01   0.348203E+00
 0.178150E+01   0.118234E+01   0.131612E+02   0.128567E+01   0.353524E+00
 0.181100E+01   0.120965E+01   0.131559E+02   0.131803E+01   0.358821E+00
 0.184050E+01   0.123678E+01   0.131406E+02   0.135031E+01   0.364093E+00
 0.187000E+01   0.126369E+01   0.131398E+02   0.138247E+01   0.369342E+00
 0.189950E+01   0.129035E+01   0.131244E+02   0.141446E+01   0.374565E+00
 0.192900E+01   0.131672E+01   0.131183E+02   0.144625E+01   0.379764E+00
 0.195850E+01   0.134277E+01   0.131054E+02   0.147778E+01   0.384939E+00
 0.198800E+01   0.136847E+01   0.131023E+02   0.150904E+01   0.390088E+00
 0.201750E+01   0.139381E+01   0.130885E+02   0.153997E+01   0.395213E+00
 0.204700E+01   0.141874E+01   0.130816E+02   0.157055E+01   0.400313E+00
 0.207650E+01   0.144326E+01   0.130677E+02   0.160075E+01   0.405389E+00
 0.210600E+01   0.146734E+01   0.130586E+02   0.163053E+01   0.410439E+00
 0.213550E+01   0.149096E+01   0.130519E+02   0.165988E+01   0.415465E+00
 0.216500E+01   0.151412E+01   0.130439E+02   0.168876E+01   0.420467E+00
 0.219450E+01   0.153679E+01   0.130241E+02   0.171716E+01   0.425444E+00
 0.222400E+01   0.155898E+01   0.130190E+02   0.174506E+01   0.430396E+00
 0.225350E+01   0.158067E+01   0.130077E+02   0.177245E+01   0.435324E+00
 0.228300E+01   0.160185E+01   0.129981E+02   0.179931E+01   0.440228E+00
 0.231250E+01   0.162253E+01   0.129887E+02   0.182563E+01   0.445107E+00
 0.234200E+01   0.164270E+01   0.129737E+02   0.185141E+01   0.449963E+00
 0.237150E+01   0.166236E+01   0.129677E+02   0.187663E+01   0.454795E+00
 0.240100E+01   0.168151E+01   0.129496E+02   0.190129E+01   0.459604E+00
 0.243050E+01   0.170016E+01   0.129410E+02   0.192540E+01   0.464389E+00
 0.246000E+01   0.171831E+01   0.129248E+02   0.194895E+01   0.469151E+00
 0.248950E+01   0.173596E+01   0.129117E+02   0.197193E+01   0.473890E+00
 0.251900E+01   0.175312E+01   0.129025E+02   0.199436E+01   0.478606E+00
 0.254850E+01   0.176979E+01   0.128945E+02   0.201623E+01   0.483300E+00
 0.257800E+01   0.178599E+01   0.128773E+02   0.203755E+01   0.487971E+00
 0.260750E+01   0.180173E+01   0.128676E+02   0.205833E+01   0.492620E+00
 0.263700E+01   0.181700E+01   0.128506E+02   0.207857E+01   0.497248E+00
 0.266650E+01   0.183182E+01   0.128372E+02   0.209828E+01   0.501853E+00
 0.269600E+01   0.184620E+01   0.128301E+02   0.211746E+01   0.506437E+00
 0.272550E+01   0.186015E+01   0.128181E+02   0.213613E+01   0.511000E+00
 0.275500E+01   0.187368E+01   0.127974E+02   0.215429E+01   0.515542E+00
 0.278450E+01   0.188680E+01   0.127900E+02   0.217195E+01   0.520063E+00
 0.281400E+01   0.189951E+01   0.127773E+02   0.218913E+01   0.524563E+00
 0.284350E+01   0.191184E+01   0.127607E+02   0.220583E+01   0.529044E+00
 0.287300E+01   0.192378E+01   0.127473E+02   0.222206E+01   0.533504E+00
 0.290250E+01   0.193536E+01   0.127378E+02   0.223783E+01   0.537944E+00
 0.293200E+01   0.194657E+01   0.127236E+02   0.225315E+01   0.542365E+00
 0.296150E+01   0.195743E+01   0.127050E+02   0.226804E+01   0.546766E+00
 0.299100E+01   0.196796E+01   0.126958E+02   0.228250E+01   0.551148E+00
 0.302050E+01   0.197815E+01   0.126757E+02   0.229654E+01   0.555511E+00
 0.305000E+01   0.198802E+01   0.126629E+02   0.231017E+01   0.559856E+00
 0.307950E+01   0.199757E+01   0.126466E+02   0.232341E+01   0.564182E+00
 0.310900E+01   0.200683E+01   0.126342E+02   0.233626E+01   0.568490E+00
 0.313850E+01   0.201579E+01   0.126233E+02   0.234873E+01   0.572780E+00
 0.316800E+01   0.202447E+01   0.126111E+02   0.236084E+01   0.577052E+00
 0.319750E+01   0.203287E+01   0.125948E+02   0.237259E+01   0.581306E+00
 0.322700E+01   0.204100E+01   0.125881E+02   0.238399E+01   0.585543E+00
 0.325650E+01   0.204888E+01   0.125663E+02   0.239505E+01   0.589763E+00
 0.328600E+01   0.205650E+01   0.125517E+02   0.240579E+01   0.593966E+00
 0.331550E+01   0.206388E+01   0.125469E+02   0.241620E+01   0.598152E+00
 0.334500E+01   0.207102E+01   0.125265E+02   0.242630E+01   0.602321E+00
 0.337450E+01   0.207794E+01   0.125116E+02   0.243610E+01   0.606474E+00
 0.340400E+01   0.208463E+01   0.124982E+02   0.244561E+01   0.610611E+00
 0.343350E+01   0.209111E+01   0.124844E+02   0.245483E+01   0.614732E+00
 0.346300E+01   0.209737E+01   0.124716E+02   0.246377E+01   0.618837E+00
 0.349250E+01   0.210344E+01   0.124625E+02   0.247244E+01   0.622927E+00
 0.352200E+01   0.210932E+01   0.124520E+02   0.248085E+01   0.627001E+00
 0.355150E+01   0.211500E+01   0.124315E+02   0.248900E+01   0.631060E+00
 0.358100E+01   0.212050E+01   0.124235E+02   0.249691E+01   0.635104E+00
 0.361050E+01   0.212582E+01   0.124107E+02   0.250457E+01   0.639133E+00
 0.364000E+01   0.213097E+01   0.123920E+02   0.251200E+01   0.643148E+00
 0.366950E+01   0.213596E+01   0.123863E+02   0.251920E+01   0.647148E+00
 0.369900E+01   0.214078E+01   0.123662E+02   0.252618E+01   0.651133E+00
 0.372850E+01   0.214545E+01   0.123586E+02   0.253295E+01   0.655104E+00
 0.375800E+01   0.214996E+01   0.123417E+02   0.253951E+01   0.659062E+00
 0.378750E+01   0.215433E+01   0.123318E+02   0.254586E+01   0.663005E+00
 0.381700E+01   0.215856E+01   0.123166E+02   0.255202E+01   0.666935E+00
 0.384650E+01   0.216265E+01   0.123099E+02   0.255799E+01   0.670851E+00
 0.387600E+01   0.216660E+01   0.122898E+02   0.256377E+01   0.674754E+00
 0.390550E+01   0.217043E+01   0.122789E+02   0.256937E+01   0.678644E+00
 0.393500E+01   0.217412E+01   0.122690E+02   0.257479E+01   0.682520E+00
 0.396450E+01   0.217770E+01   0.122541E+02   0.258004E+01   0.686384E+00
 0.399400E+01   0.218116E+01   0.122435E+02   0.258513E+01   0.690235E+00
 0.402350E+01   0.218451E+01   0.122348E+02   0.259006E+01   0.694073E+00
 0.405300E+01   0.218774E+01   0.122208E+02   0.259483E+01   0.697898E+00
 0.408250E+01   0.219087E+01   0.122058E+02   0.259944E+01   0.701712E+00
 0.411200E+01   0.219389E+01   0.122007E+02   0.260391E+01   0.705513E+00
 0.414150E+01   0.219681E+01   0.121846E+02   0.260824E+01   0.709302E+00
 0.417100E+01   0.219964E+01   0.121732E+02   0.261242E+01   0.713079E+00
 0.420050E+01   0.220236E+01   0.121635E+02   0.261647E+01   0.716844E+00
 0.423000E+01   0.220500E+01   0.121468E+02   0.262039E+01   0.720598E+00
 0.425950E+01   0.220755E+01   0.121353E+02   0.262418E+01   0.724339E+00
 0.428900E+01   0.221001E+01   0.121270E+02   0.262784E+01   0.728070E+00
 0.431850E+01   0.221238E+01   0.121167E+02   0.263138E+01   0.731789E+00
 0.434800E+01   0.221467E+01   0.120974E+02   0.263481E+01   0.735497E+00
 0.437750E+01   0.221689E+01   0.120884E+02   0.263812E+01   0.739194E+00
 0.440700E+01   0.221902E+01   0.120839E+02   0.264131E+01   0.742879E+00
 0.443650E+01   0.222108E+01   0.120678E+02   0.264440E+01   0.746554E+00
 0.446600E+01   0.222307E+01   0.120528E+02   0.264738E+01   0.750219E+00
 0.449550E+01   0.222499E+01   0.120461E+02   0.265026E+01   0.753872E+00
 0.452500E+01   0.222684E+01   0.120388E+02   0.265304E+01   0.757515E+00
 0.455450E+01   0.222862E+01   0.120281E+02   0.265572E+01   0.761148E+00
 0.458400E+01   0.223034E+01   0.120089E+02   0.265831E+01   0.764770E+00
 0.461350E+01   0.223199E+01   0.120057E+02   0.266080E+01   0.768382E+00
 0.464300E+01   0.223358E+01   0.119892E+02   0.266321E+01   0.771984E+00
 0.467250E+01   0.223512E+01   0.119823E+02   0.266553E+01   0.775576E+00
 0.470200E+01   0.223659E+01   0.119728E+02   0.266776E+01   0.779158E+00
 0.473150E+01   0.223801E+01   0.119573E+02   0.266991E+01   0.782730E+00
 0.476100E+01   0.223938E+01   0.119452E+02   0.267198E+01   0.786292E+00
 0.479050E+01   0.224069E+01   0.119378E+02   0.267397E+01   0.789845E+00
 0.482000E+01   0.224195E+01   0.119324E+02   0.267588E+01   0.793388E+00
 0.484950E+01   0.224316E+01   0.119165E+02   0.267772E+01   0.796922E+00
 0.487900E+01   0.224432E+01   0.119057E+02   0.267949E+01   0.800447E+00
 0.490850E+01   0.224544E+01   0.119010E+02   0.268119E+01   0.803962E+00
 0.493800E+01   0.224651E+01   0.118856E+02   0.268281E+01   0.807468E+00
 0.496750E+01   0.224753E+01   0.118811E+02   0.268438E+01   0.810965E+00
 0.499700E+01   0.224851E+01   0.118683E+02   0.268587E+01   0.814453E+00
 0.502650E+01   0.224945E+01   0.118574E+02   0.268730E+01   0.817932E+00
 0.505600E+01   0.225035E+01   0.118447E+02   0.268867E+01   0.821402E+00
 0.508550E+01   0.225120E+01   0.118354E+02   0.268999E+01   0.824864E+00
 0.511500E+01   0.225202E+01   0.118229E+02   0.269124E+01   0.828317E+00
 0.514450E+01   0.225280E+01   0.118171E+02   0.269243E+01   0.831761E+00
 0.517400E+01   0.225354E+01   0.118070E+02   0.269357E+01   0.835197E+00
 0.520350E+01   0.225425E+01   0.117943E+02   0.269465E+01   0.838624E+00
 0.523300E+01   0.225492E+01   0.117915E+02   0.269569E+01   0.842043E+00
 0.526250E+01   0.225556E+01   0.117788E+02   0.269667E+01   0.845453E+00
 0.529200E+01   0.225617E+01   0.117707E+02   0.269760E+01   0.848856E+00
 0.532150E+01   0.225674E+01   0.117559E+02   0.269848E+01   0.852250E+00
 0.535100E+01   0.225728E+01   0.117468E+02   0.269931E+01   0.855636E+00
 0.538050E+01   0.225779E+01   0.117428E+02   0.270010E+01   0.859015E+00
 0.541000E+01   0.225827E+01   0.117364E+02   0.270084E+01   0.862385E+00
 0.543950E+01   0.225872E+01   0.117279E+02   0.270154E+01   0.865747E+00
 0.546900E+01   0.225915E+01   0.117193E+02   0.270219E+01   0.869102E+00
 0.549850E+01   0.225954E+01   0.117045E+02   0.270280E+01   0.872449E+00
 0.552800E+01   0.225991E+01   0.116966E+02   0.270337E+01   0.875788E+00
 0.555750E+01   0.226025E+01   0.116921E+02   0.270390E+01   0.879120E+00
 0.558700E+01   0.226057E+01   0.116834E+02   0.270440E+01   0.882444E+00
 0.561650E+01   0.226086E+01   0.116656E+02   0.270485E+01   0.885761E+00
 0.564600E+01   0.226113E+01   0.116605E+02   0.270527E+01   0.889070E+00
 0.567550E+01   0.226138E+01   0.116520E+02   0.270565E+01   0.892372E+00
 0.570500E+01   0.226160E+01   0.116489E+02   0.270599E+01   0.895667E+00
 0.573450E+01   0.226180E+01   0.116390E+02   0.270631E+01   0.898954E+00
 0.576400E+01   0.226198E+01   0.116295E+02   0.270658E+01   0.902234E+00
 0.579350E+01   0.226214E+01   0.116225E+02   0.270683E+01   0.905508E+00
 0.582300E+01   0.226228E+01   0.116146E+02   0.270704E+01   0.908774E+00
 0.585250E+01   0.226239E+01   0.116040E+02   0.270722E+01   0.912033E+00
 0.588200E+01   0.226249E+01   0.115983E+02   0.270738E+01   0.915285E+00
 0.591150E+01   0.226257E+01   0.115897E+02   0.270750E+01   0.918531E+00
 0.594100E+01   0.226263E+01   0.115748E+02   0.270759E+01   0.921769E+00
 0.597050E+01   0.226267E+01   0.115742E+02   0.270766E+01   0.925001E+00
