 0.100000E+00   0.327197E+00   0.170940E+03   0.329532E+00   0.209161E-01
 0.129500E+00   0.293492E+00   0.176821E+03   0.295553E+00   0.270697E-01
 0.159000E+00   0.251149E+00   0.181454E+03   0.252851E+00   0.332166E-01
 0.188500E+00   0.182633E+00   0.164795E+03   0.183749E+00   0.393570E-01
 0.218000E+00   0.128445E+00   0.140436E+03   0.129105E+00   0.454912E-01
 0.247500E+00   0.100267E+00   0.115751E+03   0.100689E+00   0.516192E-01
 0.277000E+00   0.906462E-01   0.989564E+02   0.909852E-01   0.577413E-01
 0.306500E+00   0.882622E-01   0.809395E+02   0.885785E-01   0.638576E-01
 0.336000E+00   0.886743E-01   0.678669E+02   0.890014E-01   0.702706E-01
 0.365500E+00   0.941084E-01   0.462079E+02   0.945228E-01   0.764018E-01
 0.395000E+00   0.103672E+00   0.405901E+02   0.104242E+00   0.825231E-01
 0.424500E+00   0.115841E+00   0.353981E+02   0.116628E+00   0.886339E-01
 0.454000E+00   0.129942E+00   0.279006E+02   0.131005E+00   0.947337E-01
 0.483500E+00   0.145524E+00   0.236896E+02   0.146927E+00   0.100822E+00
 0.513000E+00   0.162283E+00   0.210675E+02   0.164090E+00   0.106899E+00
 0.542500E+00   0.179999E+00   0.193166E+02   0.182275E+00   0.112963E+00
 0.572000E+00   0.198505E+00   0.180882E+02   0.201320E+00   0.119015E+00
 0.601500E+00   0.217678E+00   0.171836E+02   0.221100E+00   0.125055E+00
 0.631000E+00   0.237399E+00   0.165026E+02   0.241500E+00   0.131081E+00
 0.660500E+00   0.257131E+00   0.159858E+02   0.261964E+00   0.137094E+00
 0.690000E+00   0.276941E+00   0.155842E+02   0.282563E+00   0.143094E+00
 0.719500E+00   0.296909E+00   0.152589E+02   0.303380E+00   0.149081E+00
 0.749000E+00   0.317056E+00   0.149986E+02   0.324439E+00   0.155054E+00
 0.778500E+00   0.337394E+00   0.147724E+02   0.345755E+00   0.161013E+00
 0.808000E+00   0.357935E+00   0.145895E+02   0.367342E+00   0.166959E+00
 0.837500E+00   0.378689E+00   0.144321E+02   0.389211E+00   0.172891E+00
 0.867000E+00   0.399666E+00   0.142974E+02   0.411377E+00   0.178809E+00
 0.896500E+00   0.420879E+00   0.141715E+02   0.433853E+00   0.184712E+00
 0.926000E+00   0.442337E+00   0.140753E+02   0.456653E+00   0.190600E+00
 0.955500E+00   0.464053E+00   0.139786E+02   0.479792E+00   0.196473E+00
 0.985000E+00   0.486036E+00   0.139001E+02   0.503284E+00   0.202331E+00
 0.101450E+01   0.508297E+00   0.138283E+02   0.527143E+00   0.208173E+00
 0.104400E+01   0.530846E+00   0.137614E+02   0.551383E+00   0.214000E+00
 0.107350E+01   0.553692E+00   0.137100E+02   0.576016E+00   0.219810E+00
 0.110300E+01   0.576842E+00   0.136533E+02   0.601054E+00   0.225604E+00
 0.113250E+01   0.600304E+00   0.136112E+02   0.626508E+00   0.231381E+00
 0.116200E+01   0.624082E+00   0.135667E+02   0.652388E+00   0.237141E+00
 0.119150E+01   0.648179E+00   0.135292E+02   0.678701E+00   0.242884E+00
 0.122100E+01   0.672597E+00   0.134942E+02   0.705452E+00   0.248608E+00
 0.125050E+01   0.697336E+00   0.134572E+02   0.732646E+00   0.254315E+00
 0.128000E+01   0.722392E+00   0.134320E+02   0.760283E+00   0.260003E+00
 0.130950E+01   0.747761E+00   0.134086E+02   0.788362E+00   0.265672E+00
 0.133900E+01   0.773433E+00   0.133829E+02   0.816878E+00   0.271322E+00
 0.136850E+01   0.799399E+00   0.133601E+02   0.845825E+00   0.276953E+00
 0.139800E+01   0.825645E+00   0.133339E+02   0.875192E+00   0.282563E+00
 0.142750E+01   0.852154E+00   0.133189E+02   0.904964E+00   0.288153E+00
 0.145700E+01   0.878908E+00   0.132944E+02   0.935125E+00   0.293723E+00
 0.148650E+01   0.905883E+00   0.132800E+02   0.965654E+00   0.299271E+00
 0.151600E+01   0.933057E+00   0.132635E+02   0.996528E+00   0.304798E+00
 0.154550E+01   0.960400E+00   0.132522E+02   0.102772E+01   0.310303E+00
 0.157500E+01   0.987883E+00   0.132399E+02   0.105919E+01   0.315787E+00
 0.160450E+01   0.101547E+01   0.132236E+02   0.109092E+01   0.321248E+00
 0.163400E+01   0.104314E+01   0.132146E+02   0.112287E+01   0.326686E+00
 0.166350E+01   0.107085E+01   0.131978E+02   0.115499E+01   0.332102E+00
 0.169300E+01   0.109855E+01   0.131946E+02   0.118726E+01   0.337494E+00
 0.172250E+01   0.112623E+01   0.131787E+02   0.121962E+01   0.342863E+00
 0.175200E+01   0.115383E+01   0.131678E+02   0.125203E+01   0.348208E+00
 0.178150E+01   0.118132E+01   0.131601E+02   0.128445E+01   0.353529E+00
 0.181100E+01   0.120866E+01   0.131468E+02   0.131683E+01   0.358826E+00
 0.184050E+01   0.123582E+01   0.131418E+02   0.134914E+01   0.364099E+00
 0.187000E+01   0.126275E+01   0.131309E+02   0.138133E+01   0.369348E+00
 0.189950E+01   0.128943E+01   0.131243E+02   0.141334E+01   0.374572E+00
 0.192900E+01   0.131583E+01   0.131162E+02   0.144515E+01   0.379771E+00
 0.195850E+01   0.134190E+01   0.130998E+02   0.147672E+01   0.384946E+00
 0.198800E+01   0.136763E+01   0.130908E+02   0.150800E+01   0.390096E+00
 0.201750E+01   0.139299E+01   0.130848E+02   0.153896E+01   0.395221E+00
 0.204700E+01   0.141795E+01   0.130801E+02   0.156957E+01   0.400321E+00
 0.207650E+01   0.144249E+01   0.130664E+02   0.159979E+01   0.405397E+00
 0.210600E+01   0.146659E+01   0.130557E+02   0.162960E+01   0.410448E+00
 0.213550E+01   0.149024E+01   0.130491E+02   0.165896E+01   0.415474E+00
 0.216500E+01   0.151342E+01   0.130402E+02   0.168787E+01   0.420476E+00
 0.219450E+01   0.153611E+01   0.130230E+02   0.171630E+01   0.425453E+00
 0.222400E+01   0.155832E+01   0.130147E+02   0.174422E+01   0.430405E+00
 0.225350E+01   0.158003E+01   0.130065E+02   0.177163E+01   0.435334E+00
 0.228300E+01   0.160123E+01   0.129934E+02   0.179851E+01   0.440238E+00
 0.231250E+01   0.162193E+01   0.129836E+02   0.182486E+01   0.445118E+00
 0.234200E+01   0.164211E+01   0.129707E+02   0.185065E+01   0.449974E+00
 0.237150E+01   0.166179E+01   0.129613E+02   0.187589E+01   0.454806E+00
 0.240100E+01   0.168096E+01   0.129490E+02   0.190058E+01   0.459615E+00
 0.243050E+01   0.169962E+01   0.129374E+02   0.192470E+01   0.464400E+00
 0.246000E+01   0.171778E+01   0.129219E+02   0.194826E+01   0.469162E+00
 0.248950E+01   0.173545E+01   0.129109E+02   0.197127E+01   0.473902E+00
 0.251900E+01   0.175262E+01   0.129035E+02   0.199371E+01   0.478618E+00
 0.254850E+01   0.176931E+01   0.128873E+02   0.201560E+01   0.483312E+00
 0.257800E+01   0.178553E+01   0.128712E+02   0.203694E+01   0.487983E+00
 0.260750E+01   0.180127E+01   0.128654E+02   0.205773E+01   0.492633E+00
 0.263700E+01   0.181655E+01   0.128510E+02   0.207798E+01   0.497260E+00
 0.266650E+01   0.183139E+01   0.128395E+02   0.209770E+01   0.501866E+00
 0.269600E+01   0.184578E+01   0.128255E+02   0.211690E+01   0.506450E+00
 0.272550E+01   0.185974E+01   0.128127E+02   0.213558E+01   0.511013E+00
 0.275500E+01   0.187328E+01   0.127989E+02   0.215376E+01   0.515555E+00
 0.278450E+01   0.188641E+01   0.127801E+02   0.217143E+01   0.520076E+00
 0.281400E+01   0.189913E+01   0.127678E+02   0.218862E+01   0.524577E+00
 0.284350E+01   0.191147E+01   0.127585E+02   0.220533E+01   0.529057E+00
 0.287300E+01   0.192342E+01   0.127452E+02   0.222157E+01   0.533517E+00
 0.290250E+01   0.193500E+01   0.127337E+02   0.223735E+01   0.537958E+00
 0.293200E+01   0.194622E+01   0.127125E+02   0.225269E+01   0.542379E+00
 0.296150E+01   0.195709E+01   0.127046E+02   0.226758E+01   0.546780E+00
 0.299100E+01   0.196762E+01   0.126931E+02   0.228205E+01   0.551163E+00
 0.302050E+01   0.197782E+01   0.126800E+02   0.229610E+01   0.555526E+00
 0.305000E+01   0.198770E+01   0.126612E+02   0.230974E+01   0.559871E+00
 0.307950E+01   0.199726E+01   0.126540E+02   0.232299E+01   0.564197E+00
 0.310900E+01   0.200653E+01   0.126314E+02   0.233585E+01   0.568505E+00
 0.313850E+01   0.201549E+01   0.126238E+02   0.234833E+01   0.572795E+00
 0.316800E+01   0.202418E+01   0.126060E+02   0.236044E+01   0.577067E+00
 0.319750E+01   0.203258E+01   0.125947E+02   0.237220E+01   0.581321E+00
 0.322700E+01   0.204072E+01   0.125806E+02   0.238361E+01   0.585558E+00
 0.325650E+01   0.204860E+01   0.125629E+02   0.239468E+01   0.589778E+00
 0.328600E+01   0.205623E+01   0.125588E+02   0.240542E+01   0.593981E+00
 0.331550E+01   0.206361E+01   0.125431E+02   0.241584E+01   0.598167E+00
 0.334500E+01   0.207076E+01   0.125282E+02   0.242595E+01   0.602337E+00
 0.337450E+01   0.207768E+01   0.125112E+02   0.243576E+01   0.606490E+00
 0.340400E+01   0.208438E+01   0.125001E+02   0.244527E+01   0.610627E+00
 0.343350E+01   0.209086E+01   0.124837E+02   0.245450E+01   0.614748E+00
 0.346300E+01   0.209713E+01   0.124748E+02   0.246344E+01   0.618854E+00
 0.349250E+01   0.210320E+01   0.124613E+02   0.247212E+01   0.622943E+00
 0.352200E+01   0.210908E+01   0.124459E+02   0.248053E+01   0.627018E+00
 0.355150E+01   0.211477E+01   0.124367E+02   0.248869E+01   0.631077E+00
 0.358100E+01   0.212027E+01   0.124215E+02   0.249660E+01   0.635121E+00
 0.361050E+01   0.212560E+01   0.124054E+02   0.250427E+01   0.639150E+00
 0.364000E+01   0.213075E+01   0.123909E+02   0.251171E+01   0.643165E+00
 0.366950E+01   0.213574E+01   0.123800E+02   0.251891E+01   0.647165E+00
 0.369900E+01   0.214057E+01   0.123640E+02   0.252590E+01   0.651150E+00
 0.372850E+01   0.214524E+01   0.123531E+02   0.253267E+01   0.655122E+00
 0.375800E+01   0.214976E+01   0.123445E+02   0.253923E+01   0.659079E+00
 0.378750E+01   0.215413E+01   0.123274E+02   0.254559E+01   0.663023E+00
 0.381700E+01   0.215836E+01   0.123203E+02   0.255175E+01   0.666952E+00
 0.384650E+01   0.216245E+01   0.123073E+02   0.255772E+01   0.670869E+00
 0.387600E+01   0.216640E+01   0.122890E+02   0.256351E+01   0.674772E+00
 0.390550E+01   0.217023E+01   0.122822E+02   0.256911E+01   0.678661E+00
 0.393500E+01   0.217393E+01   0.122634E+02   0.257454E+01   0.682538E+00
 0.396450E+01   0.217751E+01   0.122527E+02   0.257979E+01   0.686402E+00
 0.399400E+01   0.218098E+01   0.122457E+02   0.258488E+01   0.690253E+00
 0.402350E+01   0.218432E+01   0.122335E+02   0.258981E+01   0.694091E+00
 0.405300E+01   0.218756E+01   0.122138E+02   0.259459E+01   0.697917E+00
 0.408250E+01   0.219069E+01   0.122040E+02   0.259921E+01   0.701730E+00
 0.411200E+01   0.219372E+01   0.121955E+02   0.260368E+01   0.705531E+00
 0.414150E+01   0.219664E+01   0.121816E+02   0.260801E+01   0.709320E+00
 0.417100E+01   0.219946E+01   0.121689E+02   0.261220E+01   0.713097E+00
 0.420050E+01   0.220219E+01   0.121621E+02   0.261625E+01   0.716862E+00
 0.423000E+01   0.220483E+01   0.121477E+02   0.262017E+01   0.720616E+00
 0.425950E+01   0.220738E+01   0.121397E+02   0.262396E+01   0.724358E+00
 0.428900E+01   0.220984E+01   0.121230E+02   0.262763E+01   0.728088E+00
 0.431850E+01   0.221222E+01   0.121077E+02   0.263117E+01   0.731808E+00
 0.434800E+01   0.221451E+01   0.120959E+02   0.263460E+01   0.735516E+00
 0.437750E+01   0.221673E+01   0.120868E+02   0.263791E+01   0.739212E+00
 0.440700E+01   0.221886E+01   0.120811E+02   0.264111E+01   0.742898E+00
 0.443650E+01   0.222093E+01   0.120682E+02   0.264420E+01   0.746573E+00
 0.446600E+01   0.222292E+01   0.120534E+02   0.264718E+01   0.750238E+00
 0.449550E+01   0.222483E+01   0.120436E+02   0.265006E+01   0.753891E+00
 0.452500E+01   0.222668E+01   0.120352E+02   0.265285E+01   0.757534E+00
 0.455450E+01   0.222847E+01   0.120191E+02   0.265553E+01   0.761167E+00
 0.458400E+01   0.223019E+01   0.120136E+02   0.265812E+01   0.764789E+00
 0.461350E+01   0.223184E+01   0.120045E+02   0.266062E+01   0.768401E+00
 0.464300E+01   0.223344E+01   0.119867E+02   0.266302E+01   0.772003E+00
 0.467250E+01   0.223497E+01   0.119802E+02   0.266534E+01   0.775595E+00
 0.470200E+01   0.223645E+01   0.119653E+02   0.266758E+01   0.779177E+00
 0.473150E+01   0.223787E+01   0.119550E+02   0.266973E+01   0.782750E+00
 0.476100E+01   0.223924E+01   0.119504E+02   0.267180E+01   0.786312E+00
 0.479050E+01   0.224055E+01   0.119416E+02   0.267379E+01   0.789865E+00
 0.482000E+01   0.224181E+01   0.119307E+02   0.267571E+01   0.793408E+00
 0.484950E+01   0.224303E+01   0.119133E+02   0.267755E+01   0.796942E+00
 0.487900E+01   0.224419E+01   0.119089E+02   0.267932E+01   0.800467E+00
 0.490850E+01   0.224530E+01   0.118968E+02   0.268102E+01   0.803982E+00
 0.493800E+01   0.224637E+01   0.118895E+02   0.268265E+01   0.807488E+00
 0.496750E+01   0.224740E+01   0.118772E+02   0.268421E+01   0.810985E+00
 0.499700E+01   0.224838E+01   0.118674E+02   0.268571E+01   0.814473E+00
 0.502650E+01   0.224932E+01   0.118537E+02   0.268714E+01   0.817952E+00
 0.505600E+01   0.225022E+01   0.118434E+02   0.268851E+01   0.821423E+00
 0.508550E+01   0.225108E+01   0.118331E+02   0.268983E+01   0.824884E+00
 0.511500E+01   0.225189E+01   0.118268E+02   0.269108E+01   0.828337E+00
 0.514450E+01   0.225268E+01   0.118117E+02   0.269228E+01   0.831781E+00
 0.517400E+01   0.225342E+01   0.118019E+02   0.269342E+01   0.835217E+00
 0.520350E+01   0.225413E+01   0.117971E+02   0.269450E+01   0.838644E+00
 0.523300E+01   0.225480E+01   0.117856E+02   0.269553E+01   0.842063E+00
 0.526250E+01   0.225544E+01   0.117767E+02   0.269652E+01   0.845474E+00
 0.529200E+01   0.225604E+01   0.117645E+02   0.269745E+01   0.848877E+00
 0.532150E+01   0.225662E+01   0.117627E+02   0.269833E+01   0.852271E+00
 0.535100E+01   0.225716E+01   0.117490E+02   0.269916E+01   0.855657E+00
 0.538050E+01   0.225767E+01   0.117410E+02   0.269995E+01   0.859035E+00
 0.541000E+01   0.225815E+01   0.117338E+02   0.270070E+01   0.862406E+00
 0.543950E+01   0.225861E+01   0.117263E+02   0.270139E+01   0.865768E+00
 0.546900E+01   0.225903E+01   0.117156E+02   0.270205E+01   0.869123E+00
 0.549850E+01   0.225943E+01   0.117094E+02   0.270266E+01   0.872470E+00
 0.552800E+01   0.225980E+01   0.116984E+02   0.270323E+01   0.875809E+00
 0.555750E+01   0.226014E+01   0.116914E+02   0.270377E+01   0.879141E+00
 0.558700E+01   0.226046E+01   0.116761E+02   0.270426E+01   0.882465E+00
 0.561650E+01   0.226075E+01   0.116660E+02   0.270472E+01   0.885782E+00
 0.564600E+01   0.226102E+01   0.116565E+02   0.270513E+01   0.889091E+00
 0.567550E+01   0.226127E+01   0.116502E+02   0.270552E+01   0.892393E+00
 0.570500E+01   0.226149E+01   0.116446E+02   0.270586E+01   0.895688E+00
 0.573450E+01   0.226169E+01   0.116364E+02   0.270617E+01   0.898975E+00
 0.576400E+01   0.226187E+01   0.116227E+02   0.270645E+01   0.902256E+00
 0.579350E+01   0.226203E+01   0.116202E+02   0.270670E+01   0.905529E+00
 0.582300E+01   0.226217E+01   0.116080E+02   0.270691E+01   0.908795E+00
 0.585250E+01   0.226229E+01   0.116024E+02   0.270710E+01   0.912055E+00
 0.588200E+01   0.226238E+01   0.115939E+02   0.270725E+01   0.915307E+00
 0.591150E+01   0.226246E+01   0.115891E+02   0.270737E+01   0.918552E+00
 0.594100E+01   0.226252E+01   0.115731E+02   0.270747E+01   0.921791E+00
 0.597050E+01   0.226257E+01   0.115712E+02   0.270753E+01   0.925023E+00
