 0.100000E+00   0.327197E+00   0.170940E+03   0.329532E+00   0.209161E-01
 0.129500E+00   0.293492E+00   0.176821E+03   0.295553E+00   0.270697E-01
 0.159000E+00   0.251149E+00   0.181454E+03   0.252851E+00   0.332166E-01
 0.188500E+00   0.182618E+00   0.164781E+03   0.183734E+00   0.393570E-01
 0.218000E+00   0.129029E+00   0.141333E+03   0.129694E+00   0.454912E-01
 0.247500E+00   0.100343E+00   0.115981E+03   0.100766E+00   0.516192E-01
 0.277000E+00   0.906156E-01   0.987504E+02   0.909543E-01   0.577413E-01
 0.306500E+00   0.882952E-01   0.814466E+02   0.886118E-01   0.638576E-01
 0.336000E+00   0.886587E-01   0.679928E+02   0.889856E-01   0.702692E-01
 0.365500E+00   0.940194E-01   0.461690E+02   0.944323E-01   0.764003E-01
 0.395000E+00   0.103486E+00   0.406648E+02   0.104053E+00   0.825215E-01
 0.424500E+00   0.115533E+00   0.356196E+02   0.116313E+00   0.886324E-01
 0.454000E+00   0.129492E+00   0.280439E+02   0.130546E+00   0.947323E-01
 0.483500E+00   0.144919E+00   0.237958E+02   0.146307E+00   0.100821E+00
 0.513000E+00   0.161511E+00   0.211541E+02   0.163297E+00   0.106898E+00
 0.542500E+00   0.179050E+00   0.193779E+02   0.181299E+00   0.112963E+00
 0.572000E+00   0.197375E+00   0.181389E+02   0.200154E+00   0.119015E+00
 0.601500E+00   0.216361E+00   0.172197E+02   0.219739E+00   0.125055E+00
 0.631000E+00   0.235897E+00   0.165354E+02   0.239942E+00   0.131082E+00
 0.660500E+00   0.255451E+00   0.160104E+02   0.260217E+00   0.137095E+00
 0.690000E+00   0.275089E+00   0.156037E+02   0.280633E+00   0.143096E+00
 0.719500E+00   0.294892E+00   0.152721E+02   0.301274E+00   0.149084E+00
 0.749000E+00   0.314883E+00   0.150035E+02   0.322165E+00   0.155058E+00
 0.778500E+00   0.335075E+00   0.147859E+02   0.343322E+00   0.161018E+00
 0.808000E+00   0.355479E+00   0.145934E+02   0.364758E+00   0.166965E+00
 0.837500E+00   0.376107E+00   0.144330E+02   0.386488E+00   0.172898E+00
 0.867000E+00   0.396970E+00   0.142898E+02   0.408525E+00   0.178817E+00
 0.896500E+00   0.418079E+00   0.141697E+02   0.430884E+00   0.184721E+00
 0.926000E+00   0.439445E+00   0.140629E+02   0.453580E+00   0.190610E+00
 0.955500E+00   0.461081E+00   0.139793E+02   0.476626E+00   0.196485E+00
 0.985000E+00   0.482996E+00   0.138959E+02   0.500037E+00   0.202344E+00
 0.101450E+01   0.505202E+00   0.138168E+02   0.523828E+00   0.208188E+00
 0.104400E+01   0.527707E+00   0.137564E+02   0.548012E+00   0.214016E+00
 0.107350E+01   0.550520E+00   0.136955E+02   0.572601E+00   0.219827E+00
 0.110300E+01   0.573649E+00   0.136482E+02   0.597608E+00   0.225623E+00
 0.113250E+01   0.597101E+00   0.135911E+02   0.623042E+00   0.231401E+00
 0.116200E+01   0.620879E+00   0.135541E+02   0.648914E+00   0.237163E+00
 0.119150E+01   0.644987E+00   0.135158E+02   0.675229E+00   0.242907E+00
 0.122100E+01   0.669426E+00   0.134819E+02   0.701993E+00   0.248633E+00
 0.125050E+01   0.694194E+00   0.134456E+02   0.729210E+00   0.254341E+00
 0.128000E+01   0.719288E+00   0.134193E+02   0.756880E+00   0.260030E+00
 0.130950E+01   0.744702E+00   0.133874E+02   0.785000E+00   0.265701E+00
 0.133900E+01   0.770428E+00   0.133632E+02   0.813567E+00   0.271352E+00
 0.136850E+01   0.796453E+00   0.133412E+02   0.842571E+00   0.276984E+00
 0.139800E+01   0.822764E+00   0.133163E+02   0.872001E+00   0.282596E+00
 0.142750E+01   0.849343E+00   0.133067E+02   0.901844E+00   0.288187E+00
 0.145700E+01   0.876171E+00   0.132882E+02   0.932080E+00   0.293758E+00
 0.148650E+01   0.903225E+00   0.132649E+02   0.962690E+00   0.299308E+00
 0.151600E+01   0.930479E+00   0.132499E+02   0.993647E+00   0.304836E+00
 0.154550E+01   0.957906E+00   0.132423E+02   0.102492E+01   0.310343E+00
 0.157500E+01   0.985474E+00   0.132270E+02   0.105649E+01   0.315827E+00
 0.160450E+01   0.101315E+01   0.132111E+02   0.108831E+01   0.321290E+00
 0.163400E+01   0.104090E+01   0.131984E+02   0.112035E+01   0.326729E+00
 0.166350E+01   0.106870E+01   0.131943E+02   0.115257E+01   0.332146E+00
 0.169300E+01   0.109649E+01   0.131819E+02   0.118493E+01   0.337539E+00
 0.172250E+01   0.112425E+01   0.131733E+02   0.121738E+01   0.342909E+00
 0.175200E+01   0.115193E+01   0.131596E+02   0.124989E+01   0.348255E+00
 0.178150E+01   0.117951E+01   0.131468E+02   0.128240E+01   0.353577E+00
 0.181100E+01   0.120693E+01   0.131399E+02   0.131488E+01   0.358876E+00
 0.184050E+01   0.123417E+01   0.131283E+02   0.134728E+01   0.364149E+00
 0.187000E+01   0.126118E+01   0.131195E+02   0.137955E+01   0.369399E+00
 0.189950E+01   0.128794E+01   0.131086E+02   0.141165E+01   0.374624E+00
 0.192900E+01   0.131440E+01   0.130992E+02   0.144355E+01   0.379824E+00
 0.195850E+01   0.134055E+01   0.130943E+02   0.147520E+01   0.385000E+00
 0.198800E+01   0.136634E+01   0.130843E+02   0.150656E+01   0.390151E+00
 0.201750E+01   0.139176E+01   0.130743E+02   0.153759E+01   0.395277E+00
 0.204700E+01   0.141678E+01   0.130628E+02   0.156827E+01   0.400378E+00
 0.207650E+01   0.144138E+01   0.130591E+02   0.159856E+01   0.405454E+00
 0.210600E+01   0.146554E+01   0.130503E+02   0.162844E+01   0.410506E+00
 0.213550E+01   0.148924E+01   0.130332E+02   0.165788E+01   0.415533E+00
 0.216500E+01   0.151247E+01   0.130308E+02   0.168685E+01   0.420535E+00
 0.219450E+01   0.153522E+01   0.130127E+02   0.171533E+01   0.425513E+00
 0.222400E+01   0.155747E+01   0.130108E+02   0.174332E+01   0.430466E+00
 0.225350E+01   0.157922E+01   0.129929E+02   0.177078E+01   0.435395E+00
 0.228300E+01   0.160047E+01   0.129874E+02   0.179772E+01   0.440300E+00
 0.231250E+01   0.162120E+01   0.129784E+02   0.182411E+01   0.445180E+00
 0.234200E+01   0.164143E+01   0.129679E+02   0.184996E+01   0.450037E+00
 0.237150E+01   0.166114E+01   0.129569E+02   0.187524E+01   0.454870E+00
 0.240100E+01   0.168034E+01   0.129400E+02   0.189997E+01   0.459679E+00
 0.243050E+01   0.169904E+01   0.129323E+02   0.192414E+01   0.464465E+00
 0.246000E+01   0.171723E+01   0.129152E+02   0.194774E+01   0.469228E+00
 0.248950E+01   0.173492E+01   0.129100E+02   0.197078E+01   0.473968E+00
 0.251900E+01   0.175212E+01   0.128952E+02   0.199327E+01   0.478685E+00
 0.254850E+01   0.176884E+01   0.128828E+02   0.201519E+01   0.483379E+00
 0.257800E+01   0.178508E+01   0.128686E+02   0.203656E+01   0.488051E+00
 0.260750E+01   0.180085E+01   0.128547E+02   0.205739E+01   0.492701E+00
 0.263700E+01   0.181615E+01   0.128453E+02   0.207767E+01   0.497329E+00
 0.266650E+01   0.183101E+01   0.128322E+02   0.209742E+01   0.501935E+00
 0.269600E+01   0.184542E+01   0.128179E+02   0.211665E+01   0.506519E+00
 0.272550E+01   0.185940E+01   0.128070E+02   0.213536E+01   0.511083E+00
 0.275500E+01   0.187296E+01   0.127929E+02   0.215356E+01   0.515625E+00
 0.278450E+01   0.188610E+01   0.127813E+02   0.217126E+01   0.520147E+00
 0.281400E+01   0.189884E+01   0.127635E+02   0.218847E+01   0.524648E+00
 0.284350E+01   0.191119E+01   0.127562E+02   0.220520E+01   0.529129E+00
 0.287300E+01   0.192316E+01   0.127385E+02   0.222146E+01   0.533589E+00
 0.290250E+01   0.193476E+01   0.127225E+02   0.223727E+01   0.538030E+00
 0.293200E+01   0.194599E+01   0.127085E+02   0.225262E+01   0.542451E+00
 0.296150E+01   0.195687E+01   0.126980E+02   0.226753E+01   0.546853E+00
 0.299100E+01   0.196741E+01   0.126836E+02   0.228202E+01   0.551236E+00
 0.302050E+01   0.197762E+01   0.126756E+02   0.229609E+01   0.555600E+00
 0.305000E+01   0.198751E+01   0.126543E+02   0.230975E+01   0.559945E+00
 0.307950E+01   0.199709E+01   0.126445E+02   0.232301E+01   0.564271E+00
 0.310900E+01   0.200636E+01   0.126286E+02   0.233588E+01   0.568580E+00
 0.313850E+01   0.201534E+01   0.126162E+02   0.234838E+01   0.572870E+00
 0.316800E+01   0.202403E+01   0.126022E+02   0.236051E+01   0.577142E+00
 0.319750E+01   0.203244E+01   0.125881E+02   0.237228E+01   0.581397E+00
 0.322700E+01   0.204059E+01   0.125789E+02   0.238370E+01   0.585634E+00
 0.325650E+01   0.204848E+01   0.125615E+02   0.239478E+01   0.589855E+00
 0.328600E+01   0.205611E+01   0.125461E+02   0.240554E+01   0.594058E+00
 0.331550E+01   0.206351E+01   0.125382E+02   0.241597E+01   0.598244E+00
 0.334500E+01   0.207066E+01   0.125229E+02   0.242609E+01   0.602414E+00
 0.337450E+01   0.207759E+01   0.125139E+02   0.243591E+01   0.606568E+00
 0.340400E+01   0.208429E+01   0.124944E+02   0.244543E+01   0.610705E+00
 0.343350E+01   0.209078E+01   0.124838E+02   0.245466E+01   0.614826E+00
 0.346300E+01   0.209706E+01   0.124674E+02   0.246362E+01   0.618932E+00
 0.349250E+01   0.210313E+01   0.124550E+02   0.247231E+01   0.623022E+00
 0.352200E+01   0.210902E+01   0.124413E+02   0.248073E+01   0.627097E+00
 0.355150E+01   0.211471E+01   0.124341E+02   0.248890E+01   0.631156E+00
 0.358100E+01   0.212022E+01   0.124121E+02   0.249682E+01   0.635200E+00
 0.361050E+01   0.212555E+01   0.124024E+02   0.250449E+01   0.639230E+00
 0.364000E+01   0.213071E+01   0.123943E+02   0.251193E+01   0.643244E+00
 0.366950E+01   0.213570E+01   0.123819E+02   0.251915E+01   0.647245E+00
 0.369900E+01   0.214053E+01   0.123693E+02   0.252614E+01   0.651230E+00
 0.372850E+01   0.214520E+01   0.123550E+02   0.253292E+01   0.655202E+00
 0.375800E+01   0.214973E+01   0.123389E+02   0.253949E+01   0.659160E+00
 0.378750E+01   0.215410E+01   0.123268E+02   0.254585E+01   0.663103E+00
 0.381700E+01   0.215833E+01   0.123111E+02   0.255202E+01   0.667033E+00
 0.384650E+01   0.216243E+01   0.122986E+02   0.255800E+01   0.670950E+00
 0.387600E+01   0.216639E+01   0.122858E+02   0.256379E+01   0.674853E+00
 0.390550E+01   0.217022E+01   0.122726E+02   0.256940E+01   0.678743E+00
 0.393500E+01   0.217393E+01   0.122600E+02   0.257483E+01   0.682620E+00
 0.396450E+01   0.217751E+01   0.122516E+02   0.258009E+01   0.686484E+00
 0.399400E+01   0.218097E+01   0.122421E+02   0.258519E+01   0.690335E+00
 0.402350E+01   0.218432E+01   0.122222E+02   0.259012E+01   0.694173E+00
 0.405300E+01   0.218756E+01   0.122166E+02   0.259490E+01   0.697999E+00
 0.408250E+01   0.219070E+01   0.122006E+02   0.259952E+01   0.701813E+00
 0.411200E+01   0.219372E+01   0.121876E+02   0.260400E+01   0.705614E+00
 0.414150E+01   0.219665E+01   0.121766E+02   0.260833E+01   0.709404E+00
 0.417100E+01   0.219948E+01   0.121629E+02   0.261253E+01   0.713181E+00
 0.420050E+01   0.220221E+01   0.121529E+02   0.261658E+01   0.716946E+00
 0.423000E+01   0.220485E+01   0.121421E+02   0.262051E+01   0.720700E+00
 0.425950E+01   0.220740E+01   0.121287E+02   0.262430E+01   0.724442E+00
 0.428900E+01   0.220986E+01   0.121181E+02   0.262797E+01   0.728173E+00
 0.431850E+01   0.221224E+01   0.121123E+02   0.263152E+01   0.731892E+00
 0.434800E+01   0.221454E+01   0.121013E+02   0.263495E+01   0.735600E+00
 0.437750E+01   0.221675E+01   0.120890E+02   0.263826E+01   0.739297E+00
 0.440700E+01   0.221889E+01   0.120788E+02   0.264146E+01   0.742983E+00
 0.443650E+01   0.222096E+01   0.120678E+02   0.264456E+01   0.746659E+00
 0.446600E+01   0.222295E+01   0.120497E+02   0.264755E+01   0.750323E+00
 0.449550E+01   0.222487E+01   0.120419E+02   0.265043E+01   0.753977E+00
 0.452500E+01   0.222672E+01   0.120330E+02   0.265322E+01   0.757620E+00
 0.455450E+01   0.222850E+01   0.120149E+02   0.265590E+01   0.761253E+00
 0.458400E+01   0.223022E+01   0.120032E+02   0.265849E+01   0.764875E+00
 0.461350E+01   0.223188E+01   0.119964E+02   0.266099E+01   0.768487E+00
 0.464300E+01   0.223348E+01   0.119890E+02   0.266340E+01   0.772090E+00
 0.467250E+01   0.223501E+01   0.119720E+02   0.266572E+01   0.775682E+00
 0.470200E+01   0.223649E+01   0.119651E+02   0.266796E+01   0.779264E+00
 0.473150E+01   0.223792E+01   0.119521E+02   0.267011E+01   0.782836E+00
 0.476100E+01   0.223928E+01   0.119478E+02   0.267219E+01   0.786399E+00
 0.479050E+01   0.224060E+01   0.119306E+02   0.267418E+01   0.789952E+00
 0.482000E+01   0.224186E+01   0.119221E+02   0.267610E+01   0.793495E+00
 0.484950E+01   0.224307E+01   0.119148E+02   0.267794E+01   0.797030E+00
 0.487900E+01   0.224424E+01   0.118989E+02   0.267972E+01   0.800554E+00
 0.490850E+01   0.224536E+01   0.118929E+02   0.268142E+01   0.804070E+00
 0.493800E+01   0.224643E+01   0.118872E+02   0.268305E+01   0.807576E+00
 0.496750E+01   0.224745E+01   0.118683E+02   0.268461E+01   0.811073E+00
 0.499700E+01   0.224844E+01   0.118576E+02   0.268611E+01   0.814561E+00
 0.502650E+01   0.224938E+01   0.118544E+02   0.268755E+01   0.818041E+00
 0.505600E+01   0.225027E+01   0.118447E+02   0.268892E+01   0.821511E+00
 0.508550E+01   0.225113E+01   0.118335E+02   0.269023E+01   0.824973E+00
 0.511500E+01   0.225195E+01   0.118250E+02   0.269149E+01   0.828426E+00
 0.514450E+01   0.225273E+01   0.118168E+02   0.269269E+01   0.831870E+00
 0.517400E+01   0.225348E+01   0.118011E+02   0.269383E+01   0.835306E+00
 0.520350E+01   0.225419E+01   0.117911E+02   0.269492E+01   0.838733E+00
 0.523300E+01   0.225486E+01   0.117856E+02   0.269595E+01   0.842153E+00
 0.526250E+01   0.225550E+01   0.117754E+02   0.269693E+01   0.845563E+00
 0.529200E+01   0.225611E+01   0.117645E+02   0.269787E+01   0.848966E+00
 0.532150E+01   0.225668E+01   0.117541E+02   0.269875E+01   0.852360E+00
 0.535100E+01   0.225722E+01   0.117491E+02   0.269959E+01   0.855747E+00
 0.538050E+01   0.225774E+01   0.117365E+02   0.270038E+01   0.859125E+00
 0.541000E+01   0.225822E+01   0.117306E+02   0.270112E+01   0.862496E+00
 0.543950E+01   0.225867E+01   0.117161E+02   0.270182E+01   0.865858E+00
 0.546900E+01   0.225910E+01   0.117119E+02   0.270248E+01   0.869213E+00
 0.549850E+01   0.225949E+01   0.116981E+02   0.270309E+01   0.872560E+00
 0.552800E+01   0.225986E+01   0.116967E+02   0.270366E+01   0.875900E+00
 0.555750E+01   0.226021E+01   0.116883E+02   0.270420E+01   0.879232E+00
 0.558700E+01   0.226053E+01   0.116760E+02   0.270469E+01   0.882556E+00
 0.561650E+01   0.226082E+01   0.116636E+02   0.270515E+01   0.885873E+00
 0.564600E+01   0.226109E+01   0.116612E+02   0.270557E+01   0.889182E+00
 0.567550E+01   0.226134E+01   0.116479E+02   0.270595E+01   0.892484E+00
 0.570500E+01   0.226156E+01   0.116435E+02   0.270630E+01   0.895779E+00
 0.573450E+01   0.226177E+01   0.116356E+02   0.270661E+01   0.899067E+00
 0.576400E+01   0.226195E+01   0.116270E+02   0.270689E+01   0.902347E+00
 0.579350E+01   0.226210E+01   0.116177E+02   0.270714E+01   0.905621E+00
 0.582300E+01   0.226224E+01   0.116056E+02   0.270735E+01   0.908887E+00
 0.585250E+01   0.226236E+01   0.115978E+02   0.270754E+01   0.912146E+00
 0.588200E+01   0.226246E+01   0.115931E+02   0.270769E+01   0.915399E+00
 0.591150E+01   0.226254E+01   0.115855E+02   0.270781E+01   0.918644E+00
 0.594100E+01   0.226260E+01   0.115766E+02   0.270791E+01   0.921883E+00
 0.597050E+01   0.226264E+01   0.115626E+02   0.270797E+01   0.925115E+00
