 0.100000E+00   0.327197E+00   0.170940E+03   0.329532E+00   0.209161E-01
 0.129500E+00   0.293492E+00   0.176821E+03   0.295553E+00   0.270697E-01
 0.159000E+00   0.251149E+00   0.181454E+03   0.252851E+00   0.332166E-01
 0.188500E+00   0.181209E+00   0.163465E+03   0.182312E+00   0.393570E-01
 0.218000E+00   0.128520E+00   0.140551E+03   0.129180E+00   0.454912E-01
 0.247500E+00   0.999871E-01   0.114907E+03   0.100407E+00   0.516192E-01
 0.277000E+00   0.905985E-01   0.986357E+02   0.909371E-01   0.577413E-01
 0.306500E+00   0.882720E-01   0.810546E+02   0.885884E-01   0.638576E-01
 0.336000E+00   0.886762E-01   0.677557E+02   0.890032E-01   0.702681E-01
 0.365500E+00   0.940727E-01   0.461868E+02   0.944860E-01   0.763991E-01
 0.395000E+00   0.103545E+00   0.406643E+02   0.104112E+00   0.825202E-01
 0.424500E+00   0.115584E+00   0.355842E+02   0.116364E+00   0.886309E-01
 0.454000E+00   0.129526E+00   0.280418E+02   0.130579E+00   0.947307E-01
 0.483500E+00   0.144928E+00   0.237975E+02   0.146314E+00   0.100819E+00
 0.513000E+00   0.161488E+00   0.211606E+02   0.163272E+00   0.106896E+00
 0.542500E+00   0.178991E+00   0.193842E+02   0.181236E+00   0.112961E+00
 0.572000E+00   0.197276E+00   0.181455E+02   0.200050E+00   0.119013E+00
 0.601500E+00   0.216220E+00   0.172262E+02   0.219590E+00   0.125053E+00
 0.631000E+00   0.235708E+00   0.165409E+02   0.239744E+00   0.131080E+00
 0.660500E+00   0.255211E+00   0.160233E+02   0.259965E+00   0.137094E+00
 0.690000E+00   0.274801E+00   0.156116E+02   0.280330E+00   0.143094E+00
 0.719500E+00   0.294558E+00   0.152851E+02   0.300921E+00   0.149082E+00
 0.749000E+00   0.314503E+00   0.150150E+02   0.321764E+00   0.155056E+00
 0.778500E+00   0.334652E+00   0.147865E+02   0.342874E+00   0.161017E+00
 0.808000E+00   0.355015E+00   0.145947E+02   0.364265E+00   0.166964E+00
 0.837500E+00   0.375604E+00   0.144343E+02   0.385953E+00   0.172897E+00
 0.867000E+00   0.396430E+00   0.142980E+02   0.407950E+00   0.178815E+00
 0.896500E+00   0.417505E+00   0.141695E+02   0.430271E+00   0.184720E+00
 0.926000E+00   0.438840E+00   0.140723E+02   0.452931E+00   0.190609E+00
 0.955500E+00   0.460447E+00   0.139711E+02   0.475945E+00   0.196484E+00
 0.985000E+00   0.482337E+00   0.138948E+02   0.499327E+00   0.202344E+00
 0.101450E+01   0.504520E+00   0.138213E+02   0.523091E+00   0.208188E+00
 0.104400E+01   0.527005E+00   0.137549E+02   0.547251E+00   0.214016E+00
 0.107350E+01   0.549801E+00   0.136941E+02   0.571819E+00   0.219828E+00
 0.110300E+01   0.572916E+00   0.136432E+02   0.596808E+00   0.225623E+00
 0.113250E+01   0.596356E+00   0.135914E+02   0.622228E+00   0.231402E+00
 0.116200E+01   0.620126E+00   0.135504E+02   0.648087E+00   0.237164E+00
 0.119150E+01   0.644228E+00   0.135154E+02   0.674393E+00   0.242908E+00
 0.122100E+01   0.668663E+00   0.134736E+02   0.701151E+00   0.248634E+00
 0.125050E+01   0.693430E+00   0.134483E+02   0.728364E+00   0.254343E+00
 0.128000E+01   0.718525E+00   0.134166E+02   0.756032E+00   0.260032E+00
 0.130950E+01   0.743943E+00   0.133824E+02   0.784153E+00   0.265703E+00
 0.133900E+01   0.769673E+00   0.133646E+02   0.812722E+00   0.271355E+00
 0.136850E+01   0.795706E+00   0.133363E+02   0.841732E+00   0.276987E+00
 0.139800E+01   0.822025E+00   0.133234E+02   0.871169E+00   0.282599E+00
 0.142750E+01   0.848615E+00   0.133011E+02   0.901021E+00   0.288191E+00
 0.145700E+01   0.875455E+00   0.132865E+02   0.931268E+00   0.293762E+00
 0.148650E+01   0.902522E+00   0.132668E+02   0.961890E+00   0.299312E+00
 0.151600E+01   0.929790E+00   0.132455E+02   0.992861E+00   0.304841E+00
 0.154550E+01   0.957232E+00   0.132320E+02   0.102415E+01   0.310348E+00
 0.157500E+01   0.984816E+00   0.132266E+02   0.105573E+01   0.315832E+00
 0.160450E+01   0.101251E+01   0.132112E+02   0.108757E+01   0.321295E+00
 0.163400E+01   0.104028E+01   0.131994E+02   0.111963E+01   0.326735E+00
 0.166350E+01   0.106809E+01   0.131907E+02   0.115187E+01   0.332152E+00
 0.169300E+01   0.109590E+01   0.131802E+02   0.118424E+01   0.337545E+00
 0.172250E+01   0.112368E+01   0.131643E+02   0.121671E+01   0.342915E+00
 0.175200E+01   0.115138E+01   0.131516E+02   0.124924E+01   0.348262E+00
 0.178150E+01   0.117897E+01   0.131512E+02   0.128177E+01   0.353584E+00
 0.181100E+01   0.120641E+01   0.131354E+02   0.131427E+01   0.358883E+00
 0.184050E+01   0.123366E+01   0.131241E+02   0.134669E+01   0.364157E+00
 0.187000E+01   0.126070E+01   0.131223E+02   0.137898E+01   0.369406E+00
 0.189950E+01   0.128747E+01   0.131106E+02   0.141110E+01   0.374631E+00
 0.192900E+01   0.131395E+01   0.130970E+02   0.144301E+01   0.379832E+00
 0.195850E+01   0.134011E+01   0.130921E+02   0.147468E+01   0.385008E+00
 0.198800E+01   0.136593E+01   0.130826E+02   0.150605E+01   0.390159E+00
 0.201750E+01   0.139136E+01   0.130727E+02   0.153711E+01   0.395285E+00
 0.204700E+01   0.141640E+01   0.130645E+02   0.156780E+01   0.400386E+00
 0.207650E+01   0.144101E+01   0.130544E+02   0.159811E+01   0.405463E+00
 0.210600E+01   0.146518E+01   0.130469E+02   0.162801E+01   0.410515E+00
 0.213550E+01   0.148890E+01   0.130393E+02   0.165746E+01   0.415542E+00
 0.216500E+01   0.151214E+01   0.130240E+02   0.168644E+01   0.420544E+00
 0.219450E+01   0.153490E+01   0.130193E+02   0.171494E+01   0.425522E+00
 0.222400E+01   0.155716E+01   0.130052E+02   0.174294E+01   0.430476E+00
 0.225350E+01   0.157892E+01   0.129978E+02   0.177042E+01   0.435405E+00
 0.228300E+01   0.160018E+01   0.129886E+02   0.179737E+01   0.440310E+00
 0.231250E+01   0.162092E+01   0.129761E+02   0.182377E+01   0.445190E+00
 0.234200E+01   0.164116E+01   0.129595E+02   0.184963E+01   0.450047E+00
 0.237150E+01   0.166088E+01   0.129461E+02   0.187493E+01   0.454880E+00
 0.240100E+01   0.168009E+01   0.129401E+02   0.189967E+01   0.459690E+00
 0.243050E+01   0.169880E+01   0.129303E+02   0.192385E+01   0.464476E+00
 0.246000E+01   0.171700E+01   0.129182E+02   0.194746E+01   0.469239E+00
 0.248950E+01   0.173470E+01   0.129041E+02   0.197051E+01   0.473978E+00
 0.251900E+01   0.175191E+01   0.128923E+02   0.199300E+01   0.478695E+00
 0.254850E+01   0.176863E+01   0.128788E+02   0.201494E+01   0.483390E+00
 0.257800E+01   0.178487E+01   0.128645E+02   0.203632E+01   0.488062E+00
 0.260750E+01   0.180065E+01   0.128539E+02   0.205715E+01   0.492712E+00
 0.263700E+01   0.181596E+01   0.128401E+02   0.207744E+01   0.497340E+00
 0.266650E+01   0.183082E+01   0.128325E+02   0.209720E+01   0.501946E+00
 0.269600E+01   0.184524E+01   0.128139E+02   0.211644E+01   0.506531E+00
 0.272550E+01   0.185923E+01   0.128025E+02   0.213515E+01   0.511094E+00
 0.275500E+01   0.187279E+01   0.127940E+02   0.215336E+01   0.515637E+00
 0.278450E+01   0.188594E+01   0.127758E+02   0.217107E+01   0.520159E+00
 0.281400E+01   0.189868E+01   0.127601E+02   0.218829E+01   0.524660E+00
 0.284350E+01   0.191104E+01   0.127463E+02   0.220502E+01   0.529141E+00
 0.287300E+01   0.192301E+01   0.127373E+02   0.222129E+01   0.533601E+00
 0.290250E+01   0.193461E+01   0.127277E+02   0.223710E+01   0.538042E+00
 0.293200E+01   0.194585E+01   0.127078E+02   0.225246E+01   0.542464E+00
 0.296150E+01   0.195674E+01   0.126985E+02   0.226738E+01   0.546866E+00
 0.299100E+01   0.196728E+01   0.126881E+02   0.228187E+01   0.551248E+00
 0.302050E+01   0.197750E+01   0.126750E+02   0.229594E+01   0.555612E+00
 0.305000E+01   0.198739E+01   0.126560E+02   0.230961E+01   0.559957E+00
 0.307950E+01   0.199697E+01   0.126448E+02   0.232287E+01   0.564284E+00
 0.310900E+01   0.200624E+01   0.126265E+02   0.233575E+01   0.568592E+00
 0.313850E+01   0.201522E+01   0.126135E+02   0.234825E+01   0.572883E+00
 0.316800E+01   0.202392E+01   0.126057E+02   0.236039E+01   0.577155E+00
 0.319750E+01   0.203234E+01   0.125847E+02   0.237216E+01   0.581410E+00
 0.322700E+01   0.204049E+01   0.125759E+02   0.238359E+01   0.585647E+00
 0.325650E+01   0.204838E+01   0.125620E+02   0.239467E+01   0.589868E+00
 0.328600E+01   0.205601E+01   0.125528E+02   0.240543E+01   0.594071E+00
 0.331550E+01   0.206341E+01   0.125351E+02   0.241587E+01   0.598257E+00
 0.334500E+01   0.207056E+01   0.125261E+02   0.242599E+01   0.602427E+00
 0.337450E+01   0.207749E+01   0.125115E+02   0.243581E+01   0.606581E+00
 0.340400E+01   0.208420E+01   0.124993E+02   0.244534E+01   0.610718E+00
 0.343350E+01   0.209069E+01   0.124856E+02   0.245457E+01   0.614840E+00
 0.346300E+01   0.209697E+01   0.124694E+02   0.246353E+01   0.618946E+00
 0.349250E+01   0.210305E+01   0.124524E+02   0.247222E+01   0.623036E+00
 0.352200E+01   0.210893E+01   0.124385E+02   0.248065E+01   0.627110E+00
 0.355150E+01   0.211463E+01   0.124308E+02   0.248882E+01   0.631170E+00
 0.358100E+01   0.212014E+01   0.124109E+02   0.249674E+01   0.635214E+00
 0.361050E+01   0.212547E+01   0.124021E+02   0.250442E+01   0.639243E+00
 0.364000E+01   0.213063E+01   0.123897E+02   0.251186E+01   0.643258E+00
 0.366950E+01   0.213562E+01   0.123753E+02   0.251908E+01   0.647258E+00
 0.369900E+01   0.214046E+01   0.123649E+02   0.252607E+01   0.651244E+00
 0.372850E+01   0.214513E+01   0.123497E+02   0.253285E+01   0.655216E+00
 0.375800E+01   0.214966E+01   0.123401E+02   0.253942E+01   0.659174E+00
 0.378750E+01   0.215403E+01   0.123211E+02   0.254579E+01   0.663118E+00
 0.381700E+01   0.215827E+01   0.123102E+02   0.255196E+01   0.667048E+00
 0.384650E+01   0.216236E+01   0.122995E+02   0.255794E+01   0.670964E+00
 0.387600E+01   0.216632E+01   0.122911E+02   0.256373E+01   0.674867E+00
 0.390550E+01   0.217016E+01   0.122733E+02   0.256934E+01   0.678757E+00
 0.393500E+01   0.217386E+01   0.122672E+02   0.257478E+01   0.682634E+00
 0.396450E+01   0.217745E+01   0.122499E+02   0.258004E+01   0.686498E+00
 0.399400E+01   0.218091E+01   0.122401E+02   0.258514E+01   0.690349E+00
 0.402350E+01   0.218426E+01   0.122280E+02   0.259007E+01   0.694188E+00
 0.405300E+01   0.218750E+01   0.122165E+02   0.259485E+01   0.698014E+00
 0.408250E+01   0.219064E+01   0.122023E+02   0.259948E+01   0.701828E+00
 0.411200E+01   0.219367E+01   0.121890E+02   0.260396E+01   0.705629E+00
 0.414150E+01   0.219659E+01   0.121737E+02   0.260829E+01   0.709418E+00
 0.417100E+01   0.219942E+01   0.121678E+02   0.261249E+01   0.713196E+00
 0.420050E+01   0.220215E+01   0.121580E+02   0.261654E+01   0.716961E+00
 0.423000E+01   0.220480E+01   0.121472E+02   0.262047E+01   0.720715E+00
 0.425950E+01   0.220735E+01   0.121336E+02   0.262426E+01   0.724457E+00
 0.428900E+01   0.220981E+01   0.121179E+02   0.262794E+01   0.728188E+00
 0.431850E+01   0.221219E+01   0.121046E+02   0.263148E+01   0.731907E+00
 0.434800E+01   0.221449E+01   0.120936E+02   0.263492E+01   0.735615E+00
 0.437750E+01   0.221670E+01   0.120820E+02   0.263823E+01   0.739312E+00
 0.440700E+01   0.221884E+01   0.120763E+02   0.264144E+01   0.742998E+00
 0.443650E+01   0.222091E+01   0.120651E+02   0.264453E+01   0.746674E+00
 0.446600E+01   0.222290E+01   0.120498E+02   0.264752E+01   0.750338E+00
 0.449550E+01   0.222482E+01   0.120383E+02   0.265040E+01   0.753992E+00
 0.452500E+01   0.222667E+01   0.120316E+02   0.265319E+01   0.757635E+00
 0.455450E+01   0.222846E+01   0.120168E+02   0.265588E+01   0.761268E+00
 0.458400E+01   0.223018E+01   0.120049E+02   0.265847E+01   0.764890E+00
 0.461350E+01   0.223184E+01   0.119994E+02   0.266097E+01   0.768503E+00
 0.464300E+01   0.223343E+01   0.119812E+02   0.266338E+01   0.772105E+00
 0.467250E+01   0.223497E+01   0.119786E+02   0.266570E+01   0.775697E+00
 0.470200E+01   0.223645E+01   0.119646E+02   0.266794E+01   0.779279E+00
 0.473150E+01   0.223787E+01   0.119496E+02   0.267010E+01   0.782852E+00
 0.476100E+01   0.223924E+01   0.119384E+02   0.267217E+01   0.786414E+00
 0.479050E+01   0.224056E+01   0.119353E+02   0.267417E+01   0.789967E+00
 0.482000E+01   0.224182E+01   0.119210E+02   0.267608E+01   0.793511E+00
 0.484950E+01   0.224304E+01   0.119100E+02   0.267793E+01   0.797045E+00
 0.487900E+01   0.224420E+01   0.119014E+02   0.267970E+01   0.800570E+00
 0.490850E+01   0.224532E+01   0.118956E+02   0.268140E+01   0.804085E+00
 0.493800E+01   0.224639E+01   0.118776E+02   0.268303E+01   0.807592E+00
 0.496750E+01   0.224742E+01   0.118706E+02   0.268460E+01   0.811089E+00
 0.499700E+01   0.224840E+01   0.118622E+02   0.268610E+01   0.814577E+00
 0.502650E+01   0.224934E+01   0.118504E+02   0.268754E+01   0.818056E+00
 0.505600E+01   0.225024E+01   0.118372E+02   0.268891E+01   0.821527E+00
 0.508550E+01   0.225110E+01   0.118349E+02   0.269023E+01   0.824988E+00
 0.511500E+01   0.225192E+01   0.118171E+02   0.269148E+01   0.828442E+00
 0.514450E+01   0.225270E+01   0.118155E+02   0.269268E+01   0.831886E+00
 0.517400E+01   0.225344E+01   0.118013E+02   0.269382E+01   0.835322E+00
 0.520350E+01   0.225415E+01   0.117908E+02   0.269491E+01   0.838749E+00
 0.523300E+01   0.225483E+01   0.117834E+02   0.269595E+01   0.842169E+00
 0.526250E+01   0.225547E+01   0.117767E+02   0.269693E+01   0.845579E+00
 0.529200E+01   0.225607E+01   0.117669E+02   0.269786E+01   0.848982E+00
 0.532150E+01   0.225665E+01   0.117570E+02   0.269875E+01   0.852376E+00
 0.535100E+01   0.225719E+01   0.117414E+02   0.269958E+01   0.855763E+00
 0.538050E+01   0.225770E+01   0.117401E+02   0.270037E+01   0.859141E+00
 0.541000E+01   0.225819E+01   0.117317E+02   0.270112E+01   0.862512E+00
 0.543950E+01   0.225864E+01   0.117145E+02   0.270182E+01   0.865874E+00
 0.546900E+01   0.225907E+01   0.117083E+02   0.270247E+01   0.869229E+00
 0.549850E+01   0.225946E+01   0.116989E+02   0.270309E+01   0.872576E+00
 0.552800E+01   0.225984E+01   0.116950E+02   0.270366E+01   0.875916E+00
 0.555750E+01   0.226018E+01   0.116804E+02   0.270420E+01   0.879248E+00
 0.558700E+01   0.226050E+01   0.116720E+02   0.270469E+01   0.882572E+00
 0.561650E+01   0.226079E+01   0.116649E+02   0.270515E+01   0.885889E+00
 0.564600E+01   0.226107E+01   0.116557E+02   0.270557E+01   0.889199E+00
 0.567550E+01   0.226131E+01   0.116460E+02   0.270595E+01   0.892501E+00
 0.570500E+01   0.226154E+01   0.116366E+02   0.270630E+01   0.895796E+00
 0.573450E+01   0.226174E+01   0.116361E+02   0.270661E+01   0.899083E+00
 0.576400E+01   0.226192E+01   0.116272E+02   0.270689E+01   0.902364E+00
 0.579350E+01   0.226208E+01   0.116130E+02   0.270714E+01   0.905637E+00
 0.582300E+01   0.226222E+01   0.116100E+02   0.270736E+01   0.908903E+00
 0.585250E+01   0.226233E+01   0.115968E+02   0.270754E+01   0.912163E+00
 0.588200E+01   0.226243E+01   0.115896E+02   0.270769E+01   0.915415E+00
 0.591150E+01   0.226251E+01   0.115829E+02   0.270782E+01   0.918661E+00
 0.594100E+01   0.226257E+01   0.115697E+02   0.270791E+01   0.921900E+00
 0.597050E+01   0.226262E+01   0.115596E+02   0.270798E+01   0.925132E+00
