 0.100000E+00   0.327197E+00   0.170940E+03   0.329532E+00   0.209161E-01
 0.129500E+00   0.293492E+00   0.176821E+03   0.295553E+00   0.270697E-01
 0.159000E+00   0.251149E+00   0.181454E+03   0.252851E+00   0.332166E-01
 0.188500E+00   0.181209E+00   0.163465E+03   0.182312E+00   0.393570E-01
 0.218000E+00   0.128445E+00   0.140437E+03   0.129105E+00   0.454912E-01
 0.247500E+00   0.999920E-01   0.114921E+03   0.100412E+00   0.516192E-01
 0.277000E+00   0.906472E-01   0.989628E+02   0.909862E-01   0.577413E-01
 0.306500E+00   0.882692E-01   0.810512E+02   0.885856E-01   0.638576E-01
 0.336000E+00   0.886517E-01   0.679483E+02   0.889784E-01   0.702667E-01
 0.365500E+00   0.939541E-01   0.462096E+02   0.943657E-01   0.763977E-01
 0.395000E+00   0.103310E+00   0.406240E+02   0.103873E+00   0.825188E-01
 0.424500E+00   0.115209E+00   0.358526E+02   0.115982E+00   0.886296E-01
 0.454000E+00   0.128993E+00   0.282102E+02   0.130034E+00   0.947296E-01
 0.483500E+00   0.144221E+00   0.239227E+02   0.145591E+00   0.100818E+00
 0.513000E+00   0.160597E+00   0.212460E+02   0.162358E+00   0.106895E+00
 0.542500E+00   0.177908E+00   0.194594E+02   0.180123E+00   0.112961E+00
 0.572000E+00   0.195994E+00   0.182000E+02   0.198729E+00   0.119013E+00
 0.601500E+00   0.214737E+00   0.172709E+02   0.218058E+00   0.125054E+00
 0.631000E+00   0.234026E+00   0.165753E+02   0.238001E+00   0.131081E+00
 0.660500E+00   0.253339E+00   0.160466E+02   0.258021E+00   0.137096E+00
 0.690000E+00   0.272747E+00   0.156251E+02   0.278192E+00   0.143097E+00
 0.719500E+00   0.292330E+00   0.152913E+02   0.298597E+00   0.149086E+00
 0.749000E+00   0.312112E+00   0.150243E+02   0.319262E+00   0.155061E+00
 0.778500E+00   0.332106E+00   0.147956E+02   0.340204E+00   0.161023E+00
 0.808000E+00   0.352327E+00   0.145983E+02   0.361440E+00   0.166971E+00
 0.837500E+00   0.372785E+00   0.144343E+02   0.382982E+00   0.172905E+00
 0.867000E+00   0.393493E+00   0.142969E+02   0.404847E+00   0.178825E+00
 0.896500E+00   0.414462E+00   0.141703E+02   0.427048E+00   0.184731E+00
 0.926000E+00   0.435705E+00   0.140604E+02   0.449602E+00   0.190622E+00
 0.955500E+00   0.457232E+00   0.139718E+02   0.472523E+00   0.196498E+00
 0.985000E+00   0.479055E+00   0.138859E+02   0.495825E+00   0.202359E+00
 0.101450E+01   0.501184E+00   0.138071E+02   0.519523E+00   0.208204E+00
 0.104400E+01   0.523629E+00   0.137382E+02   0.543630E+00   0.214034E+00
 0.107350E+01   0.546398E+00   0.136811E+02   0.568160E+00   0.219847E+00
 0.110300E+01   0.569497E+00   0.136320E+02   0.593122E+00   0.225644E+00
 0.113250E+01   0.592933E+00   0.135759E+02   0.618528E+00   0.231425E+00
 0.116200E+01   0.616711E+00   0.135413E+02   0.644386E+00   0.237188E+00
 0.119150E+01   0.640831E+00   0.134986E+02   0.670702E+00   0.242934E+00
 0.122100E+01   0.665295E+00   0.134614E+02   0.697482E+00   0.248662E+00
 0.125050E+01   0.690100E+00   0.134311E+02   0.724727E+00   0.254371E+00
 0.128000E+01   0.715242E+00   0.133977E+02   0.752438E+00   0.260063E+00
 0.130950E+01   0.740715E+00   0.133701E+02   0.780611E+00   0.265735E+00
 0.133900E+01   0.766508E+00   0.133445E+02   0.809240E+00   0.271388E+00
 0.136850E+01   0.792610E+00   0.133247E+02   0.838317E+00   0.277022E+00
 0.139800E+01   0.819004E+00   0.133012E+02   0.867830E+00   0.282636E+00
 0.142750E+01   0.845675E+00   0.132837E+02   0.897763E+00   0.288229E+00
 0.145700E+01   0.872599E+00   0.132647E+02   0.928097E+00   0.293801E+00
 0.148650E+01   0.899754E+00   0.132449E+02   0.958810E+00   0.299353E+00
 0.151600E+01   0.927113E+00   0.132299E+02   0.989877E+00   0.304883E+00
 0.154550E+01   0.954648E+00   0.132170E+02   0.102127E+01   0.310391E+00
 0.157500E+01   0.982327E+00   0.132089E+02   0.105295E+01   0.315877E+00
 0.160450E+01   0.101012E+01   0.131924E+02   0.108489E+01   0.321341E+00
 0.163400E+01   0.103798E+01   0.131830E+02   0.111705E+01   0.326782E+00
 0.166350E+01   0.106589E+01   0.131694E+02   0.114939E+01   0.332200E+00
 0.169300E+01   0.109379E+01   0.131580E+02   0.118187E+01   0.337595E+00
 0.172250E+01   0.112166E+01   0.131503E+02   0.121445E+01   0.342966E+00
 0.175200E+01   0.114946E+01   0.131436E+02   0.124708E+01   0.348313E+00
 0.178150E+01   0.117714E+01   0.131362E+02   0.127971E+01   0.353637E+00
 0.181100E+01   0.120467E+01   0.131234E+02   0.131231E+01   0.358936E+00
 0.184050E+01   0.123201E+01   0.131135E+02   0.134482E+01   0.364211E+00
 0.187000E+01   0.125912E+01   0.131112E+02   0.137721E+01   0.369462E+00
 0.189950E+01   0.128597E+01   0.130959E+02   0.140943E+01   0.374688E+00
 0.192900E+01   0.131253E+01   0.130871E+02   0.144143E+01   0.379890E+00
 0.195850E+01   0.133877E+01   0.130819E+02   0.147318E+01   0.385066E+00
 0.198800E+01   0.136465E+01   0.130682E+02   0.150464E+01   0.390218E+00
 0.201750E+01   0.139015E+01   0.130605E+02   0.153578E+01   0.395345E+00
 0.204700E+01   0.141525E+01   0.130511E+02   0.156656E+01   0.400447E+00
 0.207650E+01   0.143993E+01   0.130495E+02   0.159694E+01   0.405525E+00
 0.210600E+01   0.146416E+01   0.130393E+02   0.162691E+01   0.410577E+00
 0.213550E+01   0.148793E+01   0.130305E+02   0.165643E+01   0.415605E+00
 0.216500E+01   0.151123E+01   0.130150E+02   0.168548E+01   0.420608E+00
 0.219450E+01   0.153403E+01   0.130069E+02   0.171404E+01   0.425587E+00
 0.222400E+01   0.155635E+01   0.129924E+02   0.174210E+01   0.430541E+00
 0.225350E+01   0.157816E+01   0.129905E+02   0.176964E+01   0.435471E+00
 0.228300E+01   0.159946E+01   0.129762E+02   0.179664E+01   0.440376E+00
 0.231250E+01   0.162024E+01   0.129696E+02   0.182310E+01   0.445258E+00
 0.234200E+01   0.164052E+01   0.129558E+02   0.184901E+01   0.450115E+00
 0.237150E+01   0.166028E+01   0.129390E+02   0.187436E+01   0.454949E+00
 0.240100E+01   0.167952E+01   0.129363E+02   0.189915E+01   0.459759E+00
 0.243050E+01   0.169826E+01   0.129235E+02   0.192337E+01   0.464545E+00
 0.246000E+01   0.171649E+01   0.129094E+02   0.194703E+01   0.469309E+00
 0.248950E+01   0.173422E+01   0.129010E+02   0.197012E+01   0.474049E+00
 0.251900E+01   0.175146E+01   0.128864E+02   0.199265E+01   0.478767E+00
 0.254850E+01   0.176821E+01   0.128703E+02   0.201462E+01   0.483462E+00
 0.257800E+01   0.178448E+01   0.128557E+02   0.203603E+01   0.488134E+00
 0.260750E+01   0.180028E+01   0.128441E+02   0.205690E+01   0.492785E+00
 0.263700E+01   0.181561E+01   0.128393E+02   0.207722E+01   0.497413E+00
 0.266650E+01   0.183049E+01   0.128275E+02   0.209701E+01   0.502020E+00
 0.269600E+01   0.184493E+01   0.128111E+02   0.211628E+01   0.506605E+00
 0.272550E+01   0.185894E+01   0.127937E+02   0.213502E+01   0.511169E+00
 0.275500E+01   0.187252E+01   0.127832E+02   0.215325E+01   0.515712E+00
 0.278450E+01   0.188568E+01   0.127711E+02   0.217099E+01   0.520234E+00
 0.281400E+01   0.189845E+01   0.127602E+02   0.218823E+01   0.524736E+00
 0.284350E+01   0.191082E+01   0.127458E+02   0.220499E+01   0.529217E+00
 0.287300E+01   0.192280E+01   0.127328E+02   0.222128E+01   0.533678E+00
 0.290250E+01   0.193442E+01   0.127158E+02   0.223711E+01   0.538119E+00
 0.293200E+01   0.194567E+01   0.127069E+02   0.225249E+01   0.542541E+00
 0.296150E+01   0.195657E+01   0.126873E+02   0.226743E+01   0.546943E+00
 0.299100E+01   0.196713E+01   0.126828E+02   0.228194E+01   0.551326E+00
 0.302050E+01   0.197735E+01   0.126669E+02   0.229603E+01   0.555690E+00
 0.305000E+01   0.198725E+01   0.126542E+02   0.230971E+01   0.560036E+00
 0.307950E+01   0.199684E+01   0.126368E+02   0.232299E+01   0.564363E+00
 0.310900E+01   0.200613E+01   0.126285E+02   0.233588E+01   0.568671E+00
 0.313850E+01   0.201512E+01   0.126118E+02   0.234840E+01   0.572962E+00
 0.316800E+01   0.202382E+01   0.125985E+02   0.236055E+01   0.577235E+00
 0.319750E+01   0.203225E+01   0.125876E+02   0.237233E+01   0.581490E+00
 0.322700E+01   0.204041E+01   0.125749E+02   0.238377E+01   0.585728E+00
 0.325650E+01   0.204830E+01   0.125542E+02   0.239487E+01   0.589948E+00
 0.328600E+01   0.205595E+01   0.125453E+02   0.240564E+01   0.594152E+00
 0.331550E+01   0.206335E+01   0.125270E+02   0.241609E+01   0.598339E+00
 0.334500E+01   0.207051E+01   0.125205E+02   0.242622E+01   0.602509E+00
 0.337450E+01   0.207745E+01   0.125010E+02   0.243605E+01   0.606663E+00
 0.340400E+01   0.208416E+01   0.124914E+02   0.244559E+01   0.610801E+00
 0.343350E+01   0.209065E+01   0.124722E+02   0.245484E+01   0.614922E+00
 0.346300E+01   0.209694E+01   0.124622E+02   0.246381E+01   0.619028E+00
 0.349250E+01   0.210303E+01   0.124547E+02   0.247251E+01   0.623119E+00
 0.352200E+01   0.210892E+01   0.124383E+02   0.248094E+01   0.627193E+00
 0.355150E+01   0.211461E+01   0.124259E+02   0.248912E+01   0.631253E+00
 0.358100E+01   0.212013E+01   0.124080E+02   0.249705E+01   0.635298E+00
 0.361050E+01   0.212547E+01   0.123981E+02   0.250473E+01   0.639327E+00
 0.364000E+01   0.213063E+01   0.123820E+02   0.251219E+01   0.643342E+00
 0.366950E+01   0.213563E+01   0.123675E+02   0.251941E+01   0.647343E+00
 0.369900E+01   0.214047E+01   0.123637E+02   0.252641E+01   0.651329E+00
 0.372850E+01   0.214514E+01   0.123447E+02   0.253320E+01   0.655301E+00
 0.375800E+01   0.214967E+01   0.123365E+02   0.253977E+01   0.659259E+00
 0.378750E+01   0.215405E+01   0.123251E+02   0.254615E+01   0.663203E+00
 0.381700E+01   0.215829E+01   0.123044E+02   0.255232E+01   0.667133E+00
 0.384650E+01   0.216239E+01   0.122958E+02   0.255831E+01   0.671050E+00
 0.387600E+01   0.216635E+01   0.122876E+02   0.256411E+01   0.674953E+00
 0.390550E+01   0.217019E+01   0.122747E+02   0.256972E+01   0.678844E+00
 0.393500E+01   0.217390E+01   0.122625E+02   0.257516E+01   0.682721E+00
 0.396450E+01   0.217748E+01   0.122416E+02   0.258043E+01   0.686585E+00
 0.399400E+01   0.218095E+01   0.122315E+02   0.258553E+01   0.690436E+00
 0.402350E+01   0.218431E+01   0.122215E+02   0.259047E+01   0.694275E+00
 0.405300E+01   0.218755E+01   0.122143E+02   0.259526E+01   0.698101E+00
 0.408250E+01   0.219069E+01   0.121958E+02   0.259989E+01   0.701915E+00
 0.411200E+01   0.219372E+01   0.121834E+02   0.260437E+01   0.705716E+00
 0.414150E+01   0.219665E+01   0.121710E+02   0.260871E+01   0.709506E+00
 0.417100E+01   0.219948E+01   0.121654E+02   0.261290E+01   0.713283E+00
 0.420050E+01   0.220221E+01   0.121489E+02   0.261697E+01   0.717049E+00
 0.423000E+01   0.220485E+01   0.121393E+02   0.262089E+01   0.720803E+00
 0.425950E+01   0.220741E+01   0.121243E+02   0.262469E+01   0.724545E+00
 0.428900E+01   0.220987E+01   0.121171E+02   0.262837E+01   0.728276E+00
 0.431850E+01   0.221225E+01   0.121079E+02   0.263192E+01   0.731996E+00
 0.434800E+01   0.221455E+01   0.120920E+02   0.263535E+01   0.735704E+00
 0.437750E+01   0.221677E+01   0.120841E+02   0.263867E+01   0.739401E+00
 0.440700E+01   0.221891E+01   0.120709E+02   0.264188E+01   0.743088E+00
 0.443650E+01   0.222098E+01   0.120564E+02   0.264498E+01   0.746763E+00
 0.446600E+01   0.222297E+01   0.120510E+02   0.264797E+01   0.750428E+00
 0.449550E+01   0.222490E+01   0.120324E+02   0.265086E+01   0.754082E+00
 0.452500E+01   0.222675E+01   0.120221E+02   0.265365E+01   0.757725E+00
 0.455450E+01   0.222854E+01   0.120161E+02   0.265634E+01   0.761358E+00
 0.458400E+01   0.223026E+01   0.120006E+02   0.265893E+01   0.764981E+00
 0.461350E+01   0.223192E+01   0.119953E+02   0.266143E+01   0.768593E+00
 0.464300E+01   0.223352E+01   0.119856E+02   0.266385E+01   0.772195E+00
 0.467250E+01   0.223505E+01   0.119716E+02   0.266617E+01   0.775788E+00
 0.470200E+01   0.223653E+01   0.119615E+02   0.266841E+01   0.779370E+00
 0.473150E+01   0.223796E+01   0.119546E+02   0.267057E+01   0.782943E+00
 0.476100E+01   0.223933E+01   0.119356E+02   0.267264E+01   0.786506E+00
 0.479050E+01   0.224064E+01   0.119249E+02   0.267464E+01   0.790059E+00
 0.482000E+01   0.224191E+01   0.119172E+02   0.267656E+01   0.793602E+00
 0.484950E+01   0.224312E+01   0.119096E+02   0.267841E+01   0.797137E+00
 0.487900E+01   0.224429E+01   0.118983E+02   0.268018E+01   0.800662E+00
 0.490850E+01   0.224541E+01   0.118843E+02   0.268189E+01   0.804177E+00
 0.493800E+01   0.224648E+01   0.118820E+02   0.268352E+01   0.807684E+00
 0.496750E+01   0.224751E+01   0.118684E+02   0.268509E+01   0.811181E+00
 0.499700E+01   0.224849E+01   0.118532E+02   0.268659E+01   0.814669E+00
 0.502650E+01   0.224943E+01   0.118522E+02   0.268803E+01   0.818149E+00
 0.505600E+01   0.225033E+01   0.118344E+02   0.268940E+01   0.821619E+00
 0.508550E+01   0.225119E+01   0.118270E+02   0.269072E+01   0.825081E+00
 0.511500E+01   0.225201E+01   0.118217E+02   0.269197E+01   0.828534E+00
 0.514450E+01   0.225280E+01   0.118122E+02   0.269317E+01   0.831979E+00
 0.517400E+01   0.225354E+01   0.118033E+02   0.269432E+01   0.835415E+00
 0.520350E+01   0.225425E+01   0.117900E+02   0.269541E+01   0.838843E+00
 0.523300E+01   0.225493E+01   0.117809E+02   0.269644E+01   0.842262E+00
 0.526250E+01   0.225557E+01   0.117685E+02   0.269743E+01   0.845673E+00
 0.529200E+01   0.225617E+01   0.117617E+02   0.269836E+01   0.849076E+00
 0.532150E+01   0.225675E+01   0.117532E+02   0.269925E+01   0.852470E+00
 0.535100E+01   0.225729E+01   0.117470E+02   0.270009E+01   0.855857E+00
 0.538050E+01   0.225781E+01   0.117372E+02   0.270088E+01   0.859235E+00
 0.541000E+01   0.225829E+01   0.117218E+02   0.270162E+01   0.862606E+00
 0.543950E+01   0.225874E+01   0.117197E+02   0.270232E+01   0.865969E+00
 0.546900E+01   0.225917E+01   0.117033E+02   0.270298E+01   0.869324E+00
 0.549850E+01   0.225957E+01   0.116955E+02   0.270360E+01   0.872671E+00
 0.552800E+01   0.225994E+01   0.116848E+02   0.270417E+01   0.876010E+00
 0.555750E+01   0.226028E+01   0.116769E+02   0.270471E+01   0.879342E+00
 0.558700E+01   0.226061E+01   0.116711E+02   0.270520E+01   0.882667E+00
 0.561650E+01   0.226090E+01   0.116604E+02   0.270566E+01   0.885984E+00
 0.564600E+01   0.226117E+01   0.116532E+02   0.270608E+01   0.889294E+00
 0.567550E+01   0.226142E+01   0.116461E+02   0.270646E+01   0.892596E+00
 0.570500E+01   0.226164E+01   0.116343E+02   0.270681E+01   0.895891E+00
 0.573450E+01   0.226185E+01   0.116298E+02   0.270713E+01   0.899179E+00
 0.576400E+01   0.226203E+01   0.116181E+02   0.270741E+01   0.902459E+00
 0.579350E+01   0.226219E+01   0.116138E+02   0.270766E+01   0.905733E+00
 0.582300E+01   0.226233E+01   0.116072E+02   0.270787E+01   0.908999E+00
 0.585250E+01   0.226244E+01   0.115964E+02   0.270806E+01   0.912259E+00
 0.588200E+01   0.226254E+01   0.115814E+02   0.270821E+01   0.915511E+00
 0.591150E+01   0.226262E+01   0.115803E+02   0.270834E+01   0.918757E+00
 0.594100E+01   0.226268E+01   0.115734E+02   0.270843E+01   0.921996E+00
 0.597050E+01   0.226273E+01   0.115637E+02   0.270850E+01   0.925228E+00
