 0.100000E+00   0.327197E+00   0.170940E+03   0.329532E+00   0.209161E-01
 0.129500E+00   0.293492E+00   0.176821E+03   0.295553E+00   0.270697E-01
 0.159000E+00   0.251584E+00   0.181756E+03   0.253289E+00   0.332166E-01
 0.188500E+00   0.181812E+00   0.164028E+03   0.182920E+00   0.393570E-01
 0.218000E+00   0.128848E+00   0.141055E+03   0.129511E+00   0.454912E-01
 0.247500E+00   0.999238E-01   0.114715E+03   0.100343E+00   0.516192E-01
 0.277000E+00   0.906300E-01   0.988476E+02   0.909689E-01   0.577413E-01
 0.306500E+00   0.882734E-01   0.810540E+02   0.885897E-01   0.638576E-01
 0.336000E+00   0.886829E-01   0.678527E+02   0.890098E-01   0.702659E-01
 0.365500E+00   0.940345E-01   0.462271E+02   0.944468E-01   0.763967E-01
 0.395000E+00   0.103422E+00   0.406653E+02   0.103986E+00   0.825177E-01
 0.424500E+00   0.115344E+00   0.357696E+02   0.116119E+00   0.886284E-01
 0.454000E+00   0.129145E+00   0.281678E+02   0.130189E+00   0.947282E-01
 0.483500E+00   0.144386E+00   0.239036E+02   0.145758E+00   0.100817E+00
 0.513000E+00   0.160771E+00   0.212371E+02   0.162534E+00   0.106894E+00
 0.542500E+00   0.178087E+00   0.194540E+02   0.180305E+00   0.112959E+00
 0.572000E+00   0.196177E+00   0.181934E+02   0.198915E+00   0.119012E+00
 0.601500E+00   0.214921E+00   0.172660E+02   0.218246E+00   0.125052E+00
 0.631000E+00   0.234207E+00   0.165686E+02   0.238186E+00   0.131079E+00
 0.660500E+00   0.253510E+00   0.160446E+02   0.258195E+00   0.137093E+00
 0.690000E+00   0.272910E+00   0.156349E+02   0.278357E+00   0.143095E+00
 0.719500E+00   0.292484E+00   0.153016E+02   0.298753E+00   0.149083E+00
 0.749000E+00   0.312257E+00   0.150202E+02   0.319409E+00   0.155058E+00
 0.778500E+00   0.332242E+00   0.147985E+02   0.340342E+00   0.161020E+00
 0.808000E+00   0.352452E+00   0.145983E+02   0.361567E+00   0.166968E+00
 0.837500E+00   0.372900E+00   0.144319E+02   0.383098E+00   0.172902E+00
 0.867000E+00   0.393598E+00   0.142906E+02   0.404952E+00   0.178822E+00
 0.896500E+00   0.414556E+00   0.141727E+02   0.427142E+00   0.184727E+00
 0.926000E+00   0.435788E+00   0.140672E+02   0.449684E+00   0.190618E+00
 0.955500E+00   0.457305E+00   0.139706E+02   0.472593E+00   0.196494E+00
 0.985000E+00   0.479117E+00   0.138880E+02   0.495883E+00   0.202355E+00
 0.101450E+01   0.501235E+00   0.138132E+02   0.519570E+00   0.208200E+00
 0.104400E+01   0.523669E+00   0.137424E+02   0.543665E+00   0.214030E+00
 0.107350E+01   0.546427E+00   0.136836E+02   0.568182E+00   0.219843E+00
 0.110300E+01   0.569516E+00   0.136327E+02   0.593133E+00   0.225640E+00
 0.113250E+01   0.592942E+00   0.135788E+02   0.618527E+00   0.231421E+00
 0.116200E+01   0.616709E+00   0.135415E+02   0.644374E+00   0.237184E+00
 0.119150E+01   0.640819E+00   0.134997E+02   0.670679E+00   0.242929E+00
 0.122100E+01   0.665273E+00   0.134627E+02   0.697447E+00   0.248657E+00
 0.125050E+01   0.690069E+00   0.134272E+02   0.724682E+00   0.254367E+00
 0.128000E+01   0.715203E+00   0.133971E+02   0.752382E+00   0.260058E+00
 0.130950E+01   0.740667E+00   0.133701E+02   0.780544E+00   0.265731E+00
 0.133900E+01   0.766452E+00   0.133482E+02   0.809164E+00   0.271384E+00
 0.136850E+01   0.792545E+00   0.133254E+02   0.838232E+00   0.277017E+00
 0.139800E+01   0.818933E+00   0.132990E+02   0.867736E+00   0.282631E+00
 0.142750E+01   0.845596E+00   0.132877E+02   0.897660E+00   0.288224E+00
 0.145700E+01   0.872514E+00   0.132687E+02   0.927986E+00   0.293796E+00
 0.148650E+01   0.899663E+00   0.132507E+02   0.958691E+00   0.299348E+00
 0.151600E+01   0.927017E+00   0.132321E+02   0.989750E+00   0.304878E+00
 0.154550E+01   0.954546E+00   0.132168E+02   0.102113E+01   0.310386E+00
 0.157500E+01   0.982221E+00   0.132087E+02   0.105281E+01   0.315872E+00
 0.160450E+01   0.101001E+01   0.131908E+02   0.108475E+01   0.321336E+00
 0.163400E+01   0.103787E+01   0.131887E+02   0.111690E+01   0.326777E+00
 0.166350E+01   0.106577E+01   0.131723E+02   0.114924E+01   0.332195E+00
 0.169300E+01   0.109367E+01   0.131594E+02   0.118171E+01   0.337590E+00
 0.172250E+01   0.112154E+01   0.131562E+02   0.121429E+01   0.342961E+00
 0.175200E+01   0.114933E+01   0.131481E+02   0.124691E+01   0.348308E+00
 0.178150E+01   0.117701E+01   0.131386E+02   0.127954E+01   0.353632E+00
 0.181100E+01   0.120454E+01   0.131221E+02   0.131214E+01   0.358931E+00
 0.184050E+01   0.123187E+01   0.131172E+02   0.134465E+01   0.364206E+00
 0.187000E+01   0.125899E+01   0.131068E+02   0.137703E+01   0.369457E+00
 0.189950E+01   0.128584E+01   0.130987E+02   0.140925E+01   0.374683E+00
 0.192900E+01   0.131240E+01   0.130938E+02   0.144125E+01   0.379885E+00
 0.195850E+01   0.133863E+01   0.130762E+02   0.147300E+01   0.385061E+00
 0.198800E+01   0.136452E+01   0.130753E+02   0.150446E+01   0.390213E+00
 0.201750E+01   0.139002E+01   0.130664E+02   0.153559E+01   0.395340E+00
 0.204700E+01   0.141512E+01   0.130529E+02   0.156637E+01   0.400442E+00
 0.207650E+01   0.143980E+01   0.130409E+02   0.159675E+01   0.405520E+00
 0.210600E+01   0.146403E+01   0.130378E+02   0.162672E+01   0.410572E+00
 0.213550E+01   0.148780E+01   0.130255E+02   0.165624E+01   0.415600E+00
 0.216500E+01   0.151110E+01   0.130203E+02   0.168529E+01   0.420603E+00
 0.219450E+01   0.153391E+01   0.130049E+02   0.171386E+01   0.425582E+00
 0.222400E+01   0.155622E+01   0.129957E+02   0.174192E+01   0.430536E+00
 0.225350E+01   0.157803E+01   0.129897E+02   0.176945E+01   0.435466E+00
 0.228300E+01   0.159933E+01   0.129760E+02   0.179646E+01   0.440371E+00
 0.231250E+01   0.162012E+01   0.129679E+02   0.182292E+01   0.445253E+00
 0.234200E+01   0.164039E+01   0.129566E+02   0.184883E+01   0.450110E+00
 0.237150E+01   0.166015E+01   0.129449E+02   0.187418E+01   0.454944E+00
 0.240100E+01   0.167940E+01   0.129302E+02   0.189896E+01   0.459754E+00
 0.243050E+01   0.169814E+01   0.129171E+02   0.192319E+01   0.464540E+00
 0.246000E+01   0.171637E+01   0.129101E+02   0.194684E+01   0.469304E+00
 0.248950E+01   0.173411E+01   0.128967E+02   0.196994E+01   0.474044E+00
 0.251900E+01   0.175134E+01   0.128883E+02   0.199247E+01   0.478762E+00
 0.254850E+01   0.176810E+01   0.128683E+02   0.201444E+01   0.483457E+00
 0.257800E+01   0.178437E+01   0.128606E+02   0.203586E+01   0.488129E+00
 0.260750E+01   0.180017E+01   0.128495E+02   0.205672E+01   0.492779E+00
 0.263700E+01   0.181550E+01   0.128315E+02   0.207705E+01   0.497408E+00
 0.266650E+01   0.183039E+01   0.128205E+02   0.209684E+01   0.502015E+00
 0.269600E+01   0.184483E+01   0.128113E+02   0.211610E+01   0.506600E+00
 0.272550E+01   0.185883E+01   0.127972E+02   0.213485E+01   0.511164E+00
 0.275500E+01   0.187241E+01   0.127798E+02   0.215308E+01   0.515707E+00
 0.278450E+01   0.188558E+01   0.127721E+02   0.217082E+01   0.520229E+00
 0.281400E+01   0.189835E+01   0.127540E+02   0.218806E+01   0.524730E+00
 0.284350E+01   0.191072E+01   0.127488E+02   0.220482E+01   0.529212E+00
 0.287300E+01   0.192270E+01   0.127336E+02   0.222111E+01   0.533673E+00
 0.290250E+01   0.193432E+01   0.127152E+02   0.223694E+01   0.538114E+00
 0.293200E+01   0.194557E+01   0.127080E+02   0.225232E+01   0.542536E+00
 0.296150E+01   0.195647E+01   0.126952E+02   0.226726E+01   0.546938E+00
 0.299100E+01   0.196703E+01   0.126816E+02   0.228177E+01   0.551321E+00
 0.302050E+01   0.197726E+01   0.126598E+02   0.229587E+01   0.555685E+00
 0.305000E+01   0.198716E+01   0.126546E+02   0.230955E+01   0.560031E+00
 0.307950E+01   0.199675E+01   0.126370E+02   0.232283E+01   0.564358E+00
 0.310900E+01   0.200604E+01   0.126266E+02   0.233573E+01   0.568666E+00
 0.313850E+01   0.201503E+01   0.126156E+02   0.234824E+01   0.572957E+00
 0.316800E+01   0.202373E+01   0.125981E+02   0.236039E+01   0.577230E+00
 0.319750E+01   0.203216E+01   0.125866E+02   0.237218E+01   0.581485E+00
 0.322700E+01   0.204032E+01   0.125685E+02   0.238362E+01   0.585723E+00
 0.325650E+01   0.204822E+01   0.125560E+02   0.239472E+01   0.589943E+00
 0.328600E+01   0.205586E+01   0.125442E+02   0.240549E+01   0.594147E+00
 0.331550E+01   0.206327E+01   0.125288E+02   0.241594E+01   0.598334E+00
 0.334500E+01   0.207043E+01   0.125188E+02   0.242607E+01   0.602504E+00
 0.337450E+01   0.207736E+01   0.125021E+02   0.243591E+01   0.606658E+00
 0.340400E+01   0.208408E+01   0.124902E+02   0.244544E+01   0.610796E+00
 0.343350E+01   0.209057E+01   0.124736E+02   0.245469E+01   0.614917E+00
 0.346300E+01   0.209686E+01   0.124595E+02   0.246366E+01   0.619023E+00
 0.349250E+01   0.210295E+01   0.124541E+02   0.247236E+01   0.623113E+00
 0.352200E+01   0.210884E+01   0.124321E+02   0.248079E+01   0.627188E+00
 0.355150E+01   0.211454E+01   0.124250E+02   0.248897E+01   0.631248E+00
 0.358100E+01   0.212005E+01   0.124152E+02   0.249690E+01   0.635293E+00
 0.361050E+01   0.212539E+01   0.123978E+02   0.250459E+01   0.639322E+00
 0.364000E+01   0.213056E+01   0.123873E+02   0.251204E+01   0.643337E+00
 0.366950E+01   0.213556E+01   0.123669E+02   0.251927E+01   0.647338E+00
 0.369900E+01   0.214039E+01   0.123639E+02   0.252627E+01   0.651324E+00
 0.372850E+01   0.214507E+01   0.123469E+02   0.253306E+01   0.655296E+00
 0.375800E+01   0.214960E+01   0.123327E+02   0.253963E+01   0.659254E+00
 0.378750E+01   0.215398E+01   0.123255E+02   0.254601E+01   0.663198E+00
 0.381700E+01   0.215822E+01   0.123049E+02   0.255219E+01   0.667128E+00
 0.384650E+01   0.216232E+01   0.122965E+02   0.255817E+01   0.671045E+00
 0.387600E+01   0.216628E+01   0.122799E+02   0.256397E+01   0.674948E+00
 0.390550E+01   0.217012E+01   0.122740E+02   0.256958E+01   0.678839E+00
 0.393500E+01   0.217383E+01   0.122557E+02   0.257503E+01   0.682716E+00
 0.396450E+01   0.217742E+01   0.122429E+02   0.258029E+01   0.686580E+00
 0.399400E+01   0.218089E+01   0.122307E+02   0.258540E+01   0.690431E+00
 0.402350E+01   0.218424E+01   0.122220E+02   0.259034E+01   0.694270E+00
 0.405300E+01   0.218748E+01   0.122049E+02   0.259512E+01   0.698096E+00
 0.408250E+01   0.219062E+01   0.121943E+02   0.259975E+01   0.701910E+00
 0.411200E+01   0.219365E+01   0.121848E+02   0.260424E+01   0.705711E+00
 0.414150E+01   0.219658E+01   0.121701E+02   0.260858E+01   0.709501E+00
 0.417100E+01   0.219941E+01   0.121586E+02   0.261277E+01   0.713278E+00
 0.420050E+01   0.220215E+01   0.121513E+02   0.261684E+01   0.717044E+00
 0.423000E+01   0.220479E+01   0.121388E+02   0.262076E+01   0.720798E+00
 0.425950E+01   0.220734E+01   0.121227E+02   0.262456E+01   0.724540E+00
 0.428900E+01   0.220981E+01   0.121164E+02   0.262824E+01   0.728271E+00
 0.431850E+01   0.221219E+01   0.121008E+02   0.263179E+01   0.731991E+00
 0.434800E+01   0.221449E+01   0.120973E+02   0.263523E+01   0.735699E+00
 0.437750E+01   0.221671E+01   0.120818E+02   0.263855E+01   0.739396E+00
 0.440700E+01   0.221885E+01   0.120653E+02   0.264175E+01   0.743083E+00
 0.443650E+01   0.222092E+01   0.120607E+02   0.264485E+01   0.746758E+00
 0.446600E+01   0.222291E+01   0.120431E+02   0.264784E+01   0.750423E+00
 0.449550E+01   0.222483E+01   0.120316E+02   0.265073E+01   0.754077E+00
 0.452500E+01   0.222669E+01   0.120207E+02   0.265352E+01   0.757720E+00
 0.455450E+01   0.222848E+01   0.120193E+02   0.265621E+01   0.761353E+00
 0.458400E+01   0.223020E+01   0.119985E+02   0.265881E+01   0.764976E+00
 0.461350E+01   0.223186E+01   0.119909E+02   0.266131E+01   0.768588E+00
 0.464300E+01   0.223346E+01   0.119838E+02   0.266372E+01   0.772190E+00
 0.467250E+01   0.223499E+01   0.119682E+02   0.266605E+01   0.775783E+00
 0.470200E+01   0.223647E+01   0.119635E+02   0.266829E+01   0.779365E+00
 0.473150E+01   0.223790E+01   0.119490E+02   0.267045E+01   0.782938E+00
 0.476100E+01   0.223927E+01   0.119393E+02   0.267252E+01   0.786501E+00
 0.479050E+01   0.224059E+01   0.119243E+02   0.267452E+01   0.790054E+00
 0.482000E+01   0.224185E+01   0.119154E+02   0.267644E+01   0.793597E+00
 0.484950E+01   0.224307E+01   0.119097E+02   0.267829E+01   0.797132E+00
 0.487900E+01   0.224423E+01   0.118950E+02   0.268006E+01   0.800657E+00
 0.490850E+01   0.224535E+01   0.118832E+02   0.268177E+01   0.804172E+00
 0.493800E+01   0.224642E+01   0.118736E+02   0.268340E+01   0.807679E+00
 0.496750E+01   0.224745E+01   0.118682E+02   0.268497E+01   0.811176E+00
 0.499700E+01   0.224843E+01   0.118563E+02   0.268647E+01   0.814664E+00
 0.502650E+01   0.224938E+01   0.118477E+02   0.268791E+01   0.818144E+00
 0.505600E+01   0.225028E+01   0.118398E+02   0.268929E+01   0.821614E+00
 0.508550E+01   0.225114E+01   0.118306E+02   0.269060E+01   0.825076E+00
 0.511500E+01   0.225196E+01   0.118140E+02   0.269186E+01   0.828529E+00
 0.514450E+01   0.225274E+01   0.118127E+02   0.269306E+01   0.831974E+00
 0.517400E+01   0.225349E+01   0.117950E+02   0.269420E+01   0.835410E+00
 0.520350E+01   0.225420E+01   0.117885E+02   0.269529E+01   0.838838E+00
 0.523300E+01   0.225487E+01   0.117816E+02   0.269633E+01   0.842257E+00
 0.526250E+01   0.225551E+01   0.117718E+02   0.269731E+01   0.845668E+00
 0.529200E+01   0.225612E+01   0.117595E+02   0.269825E+01   0.849071E+00
 0.532150E+01   0.225670E+01   0.117538E+02   0.269913E+01   0.852465E+00
 0.535100E+01   0.225724E+01   0.117420E+02   0.269997E+01   0.855852E+00
 0.538050E+01   0.225775E+01   0.117385E+02   0.270076E+01   0.859230E+00
 0.541000E+01   0.225824E+01   0.117284E+02   0.270151E+01   0.862601E+00
 0.543950E+01   0.225869E+01   0.117126E+02   0.270221E+01   0.865964E+00
 0.546900E+01   0.225912E+01   0.117035E+02   0.270287E+01   0.869319E+00
 0.549850E+01   0.225952E+01   0.117010E+02   0.270348E+01   0.872666E+00
 0.552800E+01   0.225989E+01   0.116859E+02   0.270406E+01   0.876005E+00
 0.555750E+01   0.226023E+01   0.116799E+02   0.270459E+01   0.879337E+00
 0.558700E+01   0.226055E+01   0.116676E+02   0.270509E+01   0.882662E+00
 0.561650E+01   0.226085E+01   0.116664E+02   0.270555E+01   0.885979E+00
 0.564600E+01   0.226112E+01   0.116565E+02   0.270597E+01   0.889289E+00
 0.567550E+01   0.226137E+01   0.116484E+02   0.270635E+01   0.892591E+00
 0.570500E+01   0.226159E+01   0.116410E+02   0.270670E+01   0.895886E+00
 0.573450E+01   0.226180E+01   0.116319E+02   0.270702E+01   0.899174E+00
 0.576400E+01   0.226198E+01   0.116239E+02   0.270730E+01   0.902454E+00
 0.579350E+01   0.226214E+01   0.116082E+02   0.270755E+01   0.905728E+00
 0.582300E+01   0.226227E+01   0.116021E+02   0.270776E+01   0.908994E+00
 0.585250E+01   0.226239E+01   0.115896E+02   0.270795E+01   0.912254E+00
 0.588200E+01   0.226249E+01   0.115874E+02   0.270810E+01   0.915506E+00
 0.591150E+01   0.226257E+01   0.115731E+02   0.270823E+01   0.918752E+00
 0.594100E+01   0.226263E+01   0.115696E+02   0.270833E+01   0.921991E+00
 0.597050E+01   0.226268E+01   0.115642E+02   0.270839E+01   0.925223E+00
