 0.100000E+00   0.327197E+00   0.170940E+03   0.329532E+00   0.209161E-01
 0.129500E+00   0.293492E+00   0.176821E+03   0.295553E+00   0.270697E-01
 0.159000E+00   0.252117E+00   0.182127E+03   0.253828E+00   0.332166E-01
 0.188500E+00   0.181796E+00   0.164013E+03   0.182904E+00   0.393570E-01
 0.218000E+00   0.129198E+00   0.141592E+03   0.129864E+00   0.454912E-01
 0.247500E+00   0.997822E-01   0.114287E+03   0.100200E+00   0.516192E-01
 0.277000E+00   0.905754E-01   0.984809E+02   0.909138E-01   0.577413E-01
 0.306500E+00   0.882475E-01   0.801621E+02   0.885631E-01   0.638576E-01
 0.336000E+00   0.891662E-01   0.639129E+02   0.894970E-01   0.702514E-01
 0.365500E+00   0.953835E-01   0.447927E+02   0.958082E-01   0.763800E-01
 0.395000E+00   0.105296E+00   0.406756E+02   0.105879E+00   0.824987E-01
 0.424500E+00   0.117579E+00   0.343938E+02   0.118379E+00   0.886070E-01
 0.454000E+00   0.131626E+00   0.274804E+02   0.132699E+00   0.947044E-01
 0.483500E+00   0.147027E+00   0.235190E+02   0.148434E+00   0.100791E+00
 0.513000E+00   0.163506E+00   0.210201E+02   0.165308E+00   0.106865E+00
 0.542500E+00   0.180864E+00   0.193271E+02   0.183123E+00   0.112928E+00
 0.572000E+00   0.198951E+00   0.181249E+02   0.201732E+00   0.118978E+00
 0.601500E+00   0.217656E+00   0.172416E+02   0.221023E+00   0.125016E+00
 0.631000E+00   0.236791E+00   0.165657E+02   0.240809E+00   0.131041E+00
 0.660500E+00   0.255868E+00   0.160505E+02   0.260586E+00   0.137053E+00
 0.690000E+00   0.275067E+00   0.156496E+02   0.280539E+00   0.143052E+00
 0.719500E+00   0.294437E+00   0.153245E+02   0.300721E+00   0.149038E+00
 0.749000E+00   0.313998E+00   0.150495E+02   0.321155E+00   0.155011E+00
 0.778500E+00   0.333768E+00   0.148284E+02   0.341861E+00   0.160971E+00
 0.808000E+00   0.353761E+00   0.146346E+02   0.362854E+00   0.166917E+00
 0.837500E+00   0.373989E+00   0.144738E+02   0.384150E+00   0.172849E+00
 0.867000E+00   0.394465E+00   0.143308E+02   0.405767E+00   0.178768E+00
 0.896500E+00   0.415204E+00   0.142075E+02   0.427720E+00   0.184672E+00
 0.926000E+00   0.436219E+00   0.140934E+02   0.450026E+00   0.190561E+00
 0.955500E+00   0.457520E+00   0.140027E+02   0.472700E+00   0.196436E+00
 0.985000E+00   0.479122E+00   0.139095E+02   0.495758E+00   0.202295E+00
 0.101450E+01   0.501034E+00   0.138363E+02   0.519216E+00   0.208139E+00
 0.104400E+01   0.523266E+00   0.137698E+02   0.543088E+00   0.213968E+00
 0.107350E+01   0.545829E+00   0.137060E+02   0.567386E+00   0.219780E+00
 0.110300E+01   0.568730E+00   0.136508E+02   0.592123E+00   0.225576E+00
 0.113250E+01   0.591975E+00   0.136064E+02   0.617311E+00   0.231355E+00
 0.116200E+01   0.615568E+00   0.135581E+02   0.642957E+00   0.237118E+00
 0.119150E+01   0.639513E+00   0.135208E+02   0.669069E+00   0.242863E+00
 0.122100E+01   0.663809E+00   0.134806E+02   0.695653E+00   0.248590E+00
 0.125050E+01   0.688456E+00   0.134411E+02   0.722710E+00   0.254299E+00
 0.128000E+01   0.713450E+00   0.134110E+02   0.750241E+00   0.259990E+00
 0.130950E+01   0.738782E+00   0.133874E+02   0.778244E+00   0.265662E+00
 0.133900E+01   0.764445E+00   0.133568E+02   0.806712E+00   0.271314E+00
 0.136850E+01   0.790426E+00   0.133363E+02   0.835638E+00   0.276947E+00
 0.139800E+01   0.816709E+00   0.133184E+02   0.865009E+00   0.282561E+00
 0.142750E+01   0.843277E+00   0.132947E+02   0.894809E+00   0.288154E+00
 0.145700E+01   0.870110E+00   0.132796E+02   0.925020E+00   0.293726E+00
 0.148650E+01   0.897182E+00   0.132629E+02   0.955620E+00   0.299277E+00
 0.151600E+01   0.924467E+00   0.132395E+02   0.986582E+00   0.304807E+00
 0.154550E+01   0.951937E+00   0.132310E+02   0.101788E+01   0.310315E+00
 0.157500E+01   0.979560E+00   0.132120E+02   0.104948E+01   0.315801E+00
 0.160450E+01   0.100730E+01   0.132004E+02   0.108134E+01   0.321265E+00
 0.163400E+01   0.103513E+01   0.131915E+02   0.111343E+01   0.326706E+00
 0.166350E+01   0.106300E+01   0.131798E+02   0.114572E+01   0.332124E+00
 0.169300E+01   0.109088E+01   0.131697E+02   0.117815E+01   0.337518E+00
 0.172250E+01   0.111873E+01   0.131579E+02   0.121068E+01   0.342890E+00
 0.175200E+01   0.114652E+01   0.131500E+02   0.124327E+01   0.348237E+00
 0.178150E+01   0.117419E+01   0.131326E+02   0.127588E+01   0.353561E+00
 0.181100E+01   0.120172E+01   0.131228E+02   0.130845E+01   0.358860E+00
 0.184050E+01   0.122906E+01   0.131202E+02   0.134095E+01   0.364136E+00
 0.187000E+01   0.125618E+01   0.131103E+02   0.137332E+01   0.369387E+00
 0.189950E+01   0.128305E+01   0.130981E+02   0.140553E+01   0.374613E+00
 0.192900E+01   0.130963E+01   0.130933E+02   0.143754E+01   0.379814E+00
 0.195850E+01   0.133588E+01   0.130762E+02   0.146929E+01   0.384991E+00
 0.198800E+01   0.136179E+01   0.130733E+02   0.150076E+01   0.390143E+00
 0.201750E+01   0.138732E+01   0.130673E+02   0.153191E+01   0.395270E+00
 0.204700E+01   0.141245E+01   0.130510E+02   0.156270E+01   0.400373E+00
 0.207650E+01   0.143716E+01   0.130424E+02   0.159310E+01   0.405450E+00
 0.210600E+01   0.146142E+01   0.130359E+02   0.162308E+01   0.410503E+00
 0.213550E+01   0.148522E+01   0.130241E+02   0.165263E+01   0.415531E+00
 0.216500E+01   0.150855E+01   0.130115E+02   0.168170E+01   0.420535E+00
 0.219450E+01   0.153139E+01   0.130010E+02   0.171029E+01   0.425513E+00
 0.222400E+01   0.155374E+01   0.129959E+02   0.173838E+01   0.430468E+00
 0.225350E+01   0.157559E+01   0.129884E+02   0.176594E+01   0.435398E+00
 0.228300E+01   0.159692E+01   0.129749E+02   0.179298E+01   0.440303E+00
 0.231250E+01   0.161775E+01   0.129647E+02   0.181947E+01   0.445185E+00
 0.234200E+01   0.163806E+01   0.129574E+02   0.184540E+01   0.450043E+00
 0.237150E+01   0.165785E+01   0.129423E+02   0.187078E+01   0.454876E+00
 0.240100E+01   0.167713E+01   0.129339E+02   0.189560E+01   0.459687E+00
 0.243050E+01   0.169591E+01   0.129138E+02   0.191985E+01   0.464473E+00
 0.246000E+01   0.171417E+01   0.129040E+02   0.194354E+01   0.469237E+00
 0.248950E+01   0.173194E+01   0.128936E+02   0.196666E+01   0.473978E+00
 0.251900E+01   0.174921E+01   0.128823E+02   0.198922E+01   0.478695E+00
 0.254850E+01   0.176599E+01   0.128741E+02   0.201123E+01   0.483390E+00
 0.257800E+01   0.178230E+01   0.128542E+02   0.203267E+01   0.488063E+00
 0.260750E+01   0.179813E+01   0.128459E+02   0.205357E+01   0.492714E+00
 0.263700E+01   0.181349E+01   0.128342E+02   0.207393E+01   0.497342E+00
 0.266650E+01   0.182841E+01   0.128194E+02   0.209375E+01   0.501949E+00
 0.269600E+01   0.184288E+01   0.128113E+02   0.211304E+01   0.506535E+00
 0.272550E+01   0.185691E+01   0.127924E+02   0.213181E+01   0.511099E+00
 0.275500E+01   0.187052E+01   0.127854E+02   0.215007E+01   0.515642E+00
 0.278450E+01   0.188371E+01   0.127654E+02   0.216783E+01   0.520164E+00
 0.281400E+01   0.189651E+01   0.127588E+02   0.218510E+01   0.524666E+00
 0.284350E+01   0.190890E+01   0.127466E+02   0.220189E+01   0.529147E+00
 0.287300E+01   0.192092E+01   0.127305E+02   0.221821E+01   0.533609E+00
 0.290250E+01   0.193256E+01   0.127209E+02   0.223407E+01   0.538050E+00
 0.293200E+01   0.194383E+01   0.127014E+02   0.224947E+01   0.542472E+00
 0.296150E+01   0.195476E+01   0.126861E+02   0.226444E+01   0.546874E+00
 0.299100E+01   0.196534E+01   0.126806E+02   0.227897E+01   0.551258E+00
 0.302050E+01   0.197559E+01   0.126614E+02   0.229308E+01   0.555622E+00
 0.305000E+01   0.198551E+01   0.126531E+02   0.230679E+01   0.559968E+00
 0.307950E+01   0.199512E+01   0.126381E+02   0.232010E+01   0.564295E+00
 0.310900E+01   0.200443E+01   0.126219E+02   0.233301E+01   0.568603E+00
 0.313850E+01   0.201344E+01   0.126064E+02   0.234555E+01   0.572894E+00
 0.316800E+01   0.202216E+01   0.125983E+02   0.235772E+01   0.577167E+00
 0.319750E+01   0.203061E+01   0.125833E+02   0.236953E+01   0.581422E+00
 0.322700E+01   0.203879E+01   0.125653E+02   0.238099E+01   0.585660E+00
 0.325650E+01   0.204670E+01   0.125592E+02   0.239211E+01   0.589881E+00
 0.328600E+01   0.205437E+01   0.125434E+02   0.240290E+01   0.594085E+00
 0.331550E+01   0.206179E+01   0.125300E+02   0.241337E+01   0.598272E+00
 0.334500E+01   0.206897E+01   0.125128E+02   0.242352E+01   0.602442E+00
 0.337450E+01   0.207592E+01   0.124978E+02   0.243337E+01   0.606596E+00
 0.340400E+01   0.208265E+01   0.124844E+02   0.244293E+01   0.610734E+00
 0.343350E+01   0.208916E+01   0.124711E+02   0.245220E+01   0.614856E+00
 0.346300E+01   0.209546E+01   0.124655E+02   0.246118E+01   0.618962E+00
 0.349250E+01   0.210156E+01   0.124476E+02   0.246990E+01   0.623052E+00
 0.352200E+01   0.210747E+01   0.124357E+02   0.247835E+01   0.627127E+00
 0.355150E+01   0.211318E+01   0.124176E+02   0.248655E+01   0.631187E+00
 0.358100E+01   0.211871E+01   0.124126E+02   0.249449E+01   0.635231E+00
 0.361050E+01   0.212406E+01   0.123924E+02   0.250219E+01   0.639261E+00
 0.364000E+01   0.212924E+01   0.123850E+02   0.250966E+01   0.643276E+00
 0.366950E+01   0.213425E+01   0.123660E+02   0.251690E+01   0.647277E+00
 0.369900E+01   0.213910E+01   0.123603E+02   0.252392E+01   0.651263E+00
 0.372850E+01   0.214379E+01   0.123456E+02   0.253072E+01   0.655235E+00
 0.375800E+01   0.214833E+01   0.123309E+02   0.253731E+01   0.659193E+00
 0.378750E+01   0.215272E+01   0.123156E+02   0.254370E+01   0.663137E+00
 0.381700E+01   0.215697E+01   0.123078E+02   0.254989E+01   0.667068E+00
 0.384650E+01   0.216108E+01   0.122917E+02   0.255589E+01   0.670984E+00
 0.387600E+01   0.216506E+01   0.122798E+02   0.256170E+01   0.674888E+00
 0.390550E+01   0.216890E+01   0.122722E+02   0.256733E+01   0.678778E+00
 0.393500E+01   0.217262E+01   0.122586E+02   0.257278E+01   0.682655E+00
 0.396450E+01   0.217622E+01   0.122461E+02   0.257807E+01   0.686520E+00
 0.399400E+01   0.217970E+01   0.122275E+02   0.258318E+01   0.690371E+00
 0.402350E+01   0.218306E+01   0.122175E+02   0.258813E+01   0.694210E+00
 0.405300E+01   0.218632E+01   0.122108E+02   0.259293E+01   0.698036E+00
 0.408250E+01   0.218946E+01   0.121946E+02   0.259757E+01   0.701850E+00
 0.411200E+01   0.219250E+01   0.121852E+02   0.260207E+01   0.705652E+00
 0.414150E+01   0.219544E+01   0.121746E+02   0.260642E+01   0.709441E+00
 0.417100E+01   0.219828E+01   0.121583E+02   0.261063E+01   0.713219E+00
 0.420050E+01   0.220102E+01   0.121527E+02   0.261470E+01   0.716984E+00
 0.423000E+01   0.220368E+01   0.121383E+02   0.261864E+01   0.720738E+00
 0.425950E+01   0.220624E+01   0.121284E+02   0.262245E+01   0.724481E+00
 0.428900E+01   0.220871E+01   0.121104E+02   0.262613E+01   0.728212E+00
 0.431850E+01   0.221110E+01   0.121012E+02   0.262970E+01   0.731931E+00
 0.434800E+01   0.221341E+01   0.120930E+02   0.263314E+01   0.735640E+00
 0.437750E+01   0.221563E+01   0.120748E+02   0.263647E+01   0.739337E+00
 0.440700E+01   0.221778E+01   0.120651E+02   0.263969E+01   0.743023E+00
 0.443650E+01   0.221986E+01   0.120515E+02   0.264280E+01   0.746699E+00
 0.446600E+01   0.222186E+01   0.120487E+02   0.264580E+01   0.750363E+00
 0.449550E+01   0.222379E+01   0.120376E+02   0.264869E+01   0.754017E+00
 0.452500E+01   0.222565E+01   0.120183E+02   0.265149E+01   0.757661E+00
 0.455450E+01   0.222744E+01   0.120173E+02   0.265419E+01   0.761294E+00
 0.458400E+01   0.222917E+01   0.120043E+02   0.265680E+01   0.764917E+00
 0.461350E+01   0.223084E+01   0.119914E+02   0.265931E+01   0.768529E+00
 0.464300E+01   0.223244E+01   0.119769E+02   0.266173E+01   0.772132E+00
 0.467250E+01   0.223398E+01   0.119688E+02   0.266406E+01   0.775724E+00
 0.470200E+01   0.223547E+01   0.119545E+02   0.266631E+01   0.779306E+00
 0.473150E+01   0.223690E+01   0.119483E+02   0.266848E+01   0.782879E+00
 0.476100E+01   0.223828E+01   0.119353E+02   0.267056E+01   0.786442E+00
 0.479050E+01   0.223960E+01   0.119232E+02   0.267257E+01   0.789995E+00
 0.482000E+01   0.224087E+01   0.119172E+02   0.267450E+01   0.793539E+00
 0.484950E+01   0.224209E+01   0.119070E+02   0.267635E+01   0.797073E+00
 0.487900E+01   0.224326E+01   0.118932E+02   0.267813E+01   0.800598E+00
 0.490850E+01   0.224439E+01   0.118862E+02   0.267984E+01   0.804114E+00
 0.493800E+01   0.224546E+01   0.118738E+02   0.268148E+01   0.807620E+00
 0.496750E+01   0.224650E+01   0.118641E+02   0.268306E+01   0.811117E+00
 0.499700E+01   0.224749E+01   0.118566E+02   0.268457E+01   0.814606E+00
 0.502650E+01   0.224843E+01   0.118507E+02   0.268601E+01   0.818085E+00
 0.505600E+01   0.224934E+01   0.118376E+02   0.268740E+01   0.821556E+00
 0.508550E+01   0.225020E+01   0.118296E+02   0.268872E+01   0.825018E+00
 0.511500E+01   0.225103E+01   0.118149E+02   0.268998E+01   0.828471E+00
 0.514450E+01   0.225182E+01   0.118028E+02   0.269119E+01   0.831916E+00
 0.517400E+01   0.225257E+01   0.118000E+02   0.269234E+01   0.835352E+00
 0.520350E+01   0.225328E+01   0.117863E+02   0.269344E+01   0.838779E+00
 0.523300E+01   0.225396E+01   0.117795E+02   0.269448E+01   0.842199E+00
 0.526250E+01   0.225460E+01   0.117720E+02   0.269547E+01   0.845610E+00
 0.529200E+01   0.225522E+01   0.117595E+02   0.269641E+01   0.849012E+00
 0.532150E+01   0.225580E+01   0.117512E+02   0.269730E+01   0.852407E+00
 0.535100E+01   0.225634E+01   0.117399E+02   0.269815E+01   0.855794E+00
 0.538050E+01   0.225686E+01   0.117346E+02   0.269894E+01   0.859172E+00
 0.541000E+01   0.225735E+01   0.117254E+02   0.269970E+01   0.862543E+00
 0.543950E+01   0.225781E+01   0.117156E+02   0.270040E+01   0.865906E+00
 0.546900E+01   0.225824E+01   0.117007E+02   0.270107E+01   0.869261E+00
 0.549850E+01   0.225864E+01   0.116949E+02   0.270169E+01   0.872608E+00
 0.552800E+01   0.225901E+01   0.116886E+02   0.270227E+01   0.875948E+00
 0.555750E+01   0.225936E+01   0.116813E+02   0.270281E+01   0.879280E+00
 0.558700E+01   0.225969E+01   0.116700E+02   0.270331E+01   0.882604E+00
 0.561650E+01   0.225999E+01   0.116604E+02   0.270377E+01   0.885921E+00
 0.564600E+01   0.226026E+01   0.116520E+02   0.270420E+01   0.889231E+00
 0.567550E+01   0.226051E+01   0.116409E+02   0.270459E+01   0.892533E+00
 0.570500E+01   0.226074E+01   0.116367E+02   0.270494E+01   0.895828E+00
 0.573450E+01   0.226095E+01   0.116282E+02   0.270526E+01   0.899116E+00
 0.576400E+01   0.226113E+01   0.116212E+02   0.270555E+01   0.902396E+00
 0.579350E+01   0.226129E+01   0.116135E+02   0.270580E+01   0.905670E+00
 0.582300E+01   0.226144E+01   0.116005E+02   0.270602E+01   0.908936E+00
 0.585250E+01   0.226156E+01   0.115946E+02   0.270621E+01   0.912196E+00
 0.588200E+01   0.226166E+01   0.115847E+02   0.270637E+01   0.915448E+00
 0.591150E+01   0.226174E+01   0.115724E+02   0.270650E+01   0.918694E+00
 0.594100E+01   0.226181E+01   0.115681E+02   0.270660E+01   0.921933E+00
 0.597050E+01   0.226185E+01   0.115598E+02   0.270668E+01   0.925165E+00
